86.94230773233413 100.61386199972192
61.935370081860256 82.15414786897055
92.60039855968702 103.71687173533704
3.9679423687533446 102.88566164859108
18.99191485203498 49.34452674704164
128.00339718389628 126.07182324918779
96.78331829609832 63.52676602444118
96.48387673328982 72.37488319520337
80.08873854491898 29.992946111110562
139.74279885315684 114.63391077665051
15.15716936137722 1.7550332619247229
67.79993486832556 14.24873157524453
115.95864867344525 100.89033733386839
10.590558542950058 128.04813576784792
147.58858523876532 89.00099522820392
132.95687724582461 4.583492540873437
15.024597200413616 53.927080157855094
91.1890815769036 115.98221295529584
2.0729225684957946 78.07724556287228
34.54980579374038 132.37636900464628
123.33178146461567 114.2155173917516
143.54970130392977 56.9901848509936
136.67670734770914 66.70486121733212
87.76344690081187 70.72588983362476
86.63819142262903 83.05781934666868
49.18434645004433 79.53088983373229
14.59465612982834 85.18163196688778
111.5122973272802 102.95994901693798
6.944005272791791 137.429809842066
108.85377671174295 39.664558113451164
141.8448002860154 89.4842674278689
123.58406037278728 8.0474193917148
59.233257443093784 148.1917688938831
14.080826760920603 65.01342464934072
18.62507194277716 110.26547307605789
58.18481306376316 144.62927380232279
145.70123960392948 85.23705064105569
85.57712004312224 3.0723364771764556
56.854853395044785 119.20688502095174
72.28435936066785 29.50513874473935
26.24103781092172 96.7895395131633
59.231651836588775 94.95526234274782
8.924895413343574 24.688760195384592
146.6601706742185 15.911256755722002
36.96268528127968 32.060840326434054
129.3097082288972 139.16364264604283
38.179032617739196 49.737402193199394
143.03839081919227 80.4257281721121
92.0183282986132 79.97812993597088
54.51055275457393 150.462562940774
3.151161083382344 17.211197800360647
13.230309131275114 72.83704743432135
4.006852451399868 137.6936592487801
63.03231751090565 150.45061161217603
75.58090762438849 129.18627228011502
37.66276696206901 149.3118100578642
75.2314459593033 75.08676047054794
41.79251791129524 54.90941740522948
91.23140060031257 36.00264022337956
127.70091374999949 116.69756896894256
135.08347234714884 103.46940073852535
57.4526671206945 87.51880210340985
96.53263134875485 53.931847150360866
89.6617721154865 83.29673490224337
91.82613948020487 39.70612496587718
132.8953815939495 63.023446978854054
22.573794720092337 48.92696843748746
96.41700667574527 27.94751860063951
114.0513920046945 35.45937209761856
9.302463194025275 120.43705207875375
98.96806563136396 89.91598502965016
54.48340698955088 3.247786380902202
115.58343877005791 10.27111571886928
4.982351233195432 143.86989863647634
47.11326104615187 93.0993963427518
37.49944175405577 147.75780756026495
38.60239330591616 101.69170713418261
72.59540610955855 79.56576642545073
66.37181023343274 90.21307289629274
88.48637363100485 69.01782874219109
104.76143539868181 79.16694253488694
12.425467614592467 101.2341417806001
86.6934634003364 82.21722859406411
147.29236053369132 133.71640379061424
25.57093882724455 93.39421525176238
128.84610711579847 51.26364434545762
68.70420509297858 107.87249825005513
120.11797483863515 101.84539732486627
21.32300674088243 19.358726899614915
106.63001693601626 51.40261879741768
17.784772576026786 36.16403677804011
33.02157938439295 126.67765413291606
46.329857570708725 28.760697603291636
114.7499796921973 133.99283630600948
145.66225320710947 96.03455811734037
61.30299473896588 58.40320928567798
102.74947580043812 130.04450349179456
66.31986042347873 92.84221905253027
83.03816202255622 38.387295759126246
133.66391103743987 85.76002504682319
76.27199140901281 66.74066899895065
34.32402873207675 50.82255223545745
60.77647708215415 7.819788439473697
56.54346709195694 48.49514675050738
132.4402121903421 82.8316815634163
88.7837114790384 13.778108892862532
8.175032738876718 26.049436452554026
58.52743042847044 79.992273620918
142.87774305723087 104.35253080784027
84.50861021287845 22.331101428957716
52.84372918112352 36.491768359992314
84.22942245475902 14.901626290142818
18.698153057497507 43.436933419716475
141.58235676217083 11.169974068875257
55.21299312568242 57.95235411733828
67.0426595180434 110.10806836445299
101.36858719487128 35.52017891668052
13.730104222691432 145.9063589113523
108.1959223268014 38.89331391552722
30.660549808156933 17.373454253001924
110.30129444445075 93.90951826912296
116.21680287617048 90.08673832424351
23.52755454633071 115.23533332199237
67.76472091197202 120.48904943146887
67.94650980253917 9.933053808684006
86.42453849165183 135.4446906449155
69.80470323922009 23.156148771456287
29.778796807934242 150.27409553515574
129.66008927393915 124.37805127791627
110.25736895496613 21.479671897628936
47.74978202503393 90.34643028548196
104.08640831363084 4.756309233606682
114.11939066651111 123.4296207597189
91.0221497324251 115.94829158208162
74.72207477310512 103.1839954971257
69.6119160372339 38.37037887700439
88.06079312816246 126.82070316686298
141.93370934766756 86.35397181097596
88.99987621066137 30.28729216392553
7.662183173615613 101.51032386233449
27.612314030852403 133.90429508272487
102.39287758181518 131.5209892462087
29.856936993361497 20.409101752809335
6.927949593267486 64.77165562922471
121.49475695105937 61.35884753831147
6.685778001398513 119.33877442645294
15.456681375843791 146.63138489632948
91.54314183790811 18.719331856068383
134.36482670898152 101.23779695297694
27.252798810147922 109.76245803390829
10.087579051592861 85.32221126787638
63.600644140559986 60.517370704322204
57.073647629905764 120.07412958104601
63.1757403985714 103.65558189890605
30.763164959527163 19.31570658875633
118.52289340363662 67.75612106252977
87.11412264404437 143.75095143806448
11.531496031679307 30.560887869540508
146.2101053680676 33.275969820103924
72.1857975259654 38.31309370297756
145.5305907565399 125.34898053864967
53.76079632469248 103.4851698696243
47.767782889341966 114.20588963153291
47.19437662444101 115.58328957867991
54.564174280535326 83.68191603000578
94.20036022312478 110.28408358608388
88.22279290048128 56.06177399454078
103.20856520805485 45.414982275510276
34.80729705785668 57.73058234466921
64.92696997190056 91.73288670387551
10.101836675747862 101.93477722372408
97.217636719617 142.0868973291805
48.14080180646824 147.18685972997295
93.06185235248088 138.8690097845289
62.946402477106204 41.76003223414693
143.1616732590281 92.66267429864266
103.72707770183385 25.818246795905445
117.6838243958399 37.69242523022224
45.59272511493201 80.01441762085531
69.29851219795243 29.05861606347834
132.83267617572855 59.36407457488704
109.4996650871898 27.809748672363522
141.9804013013351 82.86391361933683
105.71460472615325 113.16062353030716
129.25382087638167 30.67424739590056
99.42009654842288 20.60799927819191
78.01315642634083 105.22149707181782
64.87827045417532 143.82625863673127
125.61825711760083 92.30150259620872
62.18986390797761 115.5439410432672
65.99515279754648 113.6764754116855
92.13369276689556 1.6078774907993525
31.83689271593907 42.25807639833183
118.22030999518252 3.1349970986679465
23.666299769504164 76.25622378311762
3.0341979941704027 107.5327778979629
38.47866085846046 61.147746763715844
135.27293038074757 133.73761365967582
129.3600199529455 52.48127137514702
80.41316456831494 115.2762833098652
34.842006631098734 44.384168445737465
9.142286057938904 98.69904420944569
40.30685707411636 29.67463298148637
105.09108364286031 5.0637052341131765
148.4965052765982 111.20647038292432
102.48676936674173 26.46848096996918
62.10742046626583 115.4863772840798
25.61712335494307 82.63713997990988
62.56798761578993 90.20301326538227
8.4556148053655 32.25349403908461
9.398078451537232 24.09433410784278
20.443698737405587 88.6230004726788
21.540635394211616 71.05426963690093
26.260629477221357 33.30766190581388
35.732812871509076 3.5418700067144813
126.93246560176526 148.1362741718476
62.84949617325586 11.205753087718167
129.84105108979367 138.9353992085743
129.70473395055765 5.673709932667984
115.59015693672787 63.957368195284154
7.036824335575667 136.18195896746974
128.26998290666074 78.29985563613033
104.33061931406435 48.630710342031925
10.432731954740243 85.11757407997871
135.24570528941382 44.252195877019325
104.05085934545338 80.1198795647277
130.72199308709472 2.864527024382898
57.37624665295333 20.22899466346353
34.824403684453685 115.65931813436714
72.95233440254785 69.84193012133758
122.566094657512 34.633111193908775
28.552906409841995 53.894950651655954
121.31487222731053 71.12225061032821
132.53009255246255 135.37293725672004
57.94026715545336 144.93800247537735
10.950707539250875 51.53673289400045
134.5988311532644 16.82325057152003
140.48396017645453 104.95996962422242
54.98311885411406 132.3643023461158
125.27514752325908 55.472721351411614
29.474896784814145 68.59084555791213
90.99880181263832 46.80272900346476
127.94596854478654 124.78431074773303
28.931401480253157 11.585708637051155
69.44018103537339 92.98940042613943
8.217594257790196 79.98474154779467
3.1479424856219316 104.38575149496783
72.52544047688045 7.414461744174882
71.94977676503785 65.02623043525557
5.995180113408835 11.809244902779277
47.85822613159942 121.98550913626512
106.78247256587315 64.50538547853041
73.92760352980028 120.18719714465335
14.081049080359485 123.62562705774319
31.628857601779313 21.089831414286042
110.28122172099813 44.360270426384396
48.30202532308427 116.51175279468048
29.87967503678399 116.23245587547927
116.60152415945764 130.66192331136293
80.90240818381919 21.816048766569327
109.33968865473248 98.91833837901854
29.9367742132786 118.44294845661865
10.31180623938523 13.057891790192034
119.88991128476911 98.19247940209728
126.05101659444236 84.99106969750817
28.299988270734094 123.3988698417336
124.01428402956321 140.0919470311525
41.42305301979443 74.0437352288389
88.4407923279321 21.43870687717285
77.40235231982916 44.718778022844866
148.05194564324958 10.691814985009481
98.0983946639517 2.849802550371508
82.87727339606198 41.93676424604291
38.61706438336077 96.06655199494416
39.293382788413936 76.10530423568824
136.21955801693164 147.98361474039237
96.35328053640153 27.563741921231248
40.13193037729624 30.72615077636613
54.66111945058706 33.61896107064748
55.29343530928786 84.78992289917763
80.91268063863072 15.042444200644388
18.29197326146066 24.268549315186306
9.274614660441207 142.24972741152953
139.63127126820734 75.11176445111755
102.01572465353334 71.49722858951306
77.55858834826097 5.896742749979351
135.2312904276318 23.370587939801915
30.953038726168963 14.6005153754298
64.61665458020124 63.43824793766495
21.73375916956668 145.05480828214198
35.549080292330935 17.23108488259819
69.89355204401996 31.14544175649651
96.22703471621735 116.68351950514356
132.0976588485037 117.8869509968314
15.793901521431936 65.33369157674531
121.3087404247212 103.2587064840001
89.2382375675035 6.429801311796313
129.1082194149831 104.63244774316833
146.4155167847968 108.12694256573863
110.78054293540796 124.75174529173725
33.77651479216797 14.183230220786395
134.81095724310615 4.042450279472321
52.81518254942494 150.9762837656019
22.71883441706228 114.03897163097098
10.864126244513898 62.76060602151365
31.10761152357837 30.40456277765482
124.66857561965978 14.373567723518974
80.45885625879109 120.90473442431892
49.1598811176416 33.57233123775618
60.53196969055536 25.26116720834827
21.027378699835914 36.846118993123504
99.25254317815052 54.069471499286315
125.05265211550304 102.3978588517686
33.68131485435675 124.40738613050331
19.723014485234316 85.52635582705001
27.05222461132147 108.89098612255486
17.381182007641407 39.364693656453106
78.45198038173857 7.254679563437012
136.59592690503064 5.842833978517359
2.485117514375769 145.0368173067582
