104.63400311003304 21.867508537008526
122.25058985252464 -4.010319668320355
88.17839752628265 241.22882128896865
107.79627857768084 29.176023631807936
105.14408176953877 -46.479653326120555
124.25969626773843 30.21704264097763
104.72561139683101 -0.38615731601379544
110.32226052325679 23.376994237425304
50.48905460631059 6.136690723715306
103.13654502909226 23.220059612505988
106.74468709115563 16.017758501775916
81.07833235165468 15.691244694476316
111.75121458944642 2.32880169373543
107.6557055345256 -24.80168560778037
104.71390279767712 -0.3793597139525833
144.40556574485433 34.13413221128429
123.29263586209856 10.679857561055151
112.35190308696052 31.03333125565854
109.13993450138844 139.60365048491977
90.00925661093268 39.38264434857422
124.45787247105902 9.83702818585946
121.337290349006 33.02728902783109
112.92958459865656 34.40695810531329
110.2192065300922 -141.8892157400758
114.31994883896836 -53.58756680341707
111.50281495761267 -11.874907260818203
112.65722990129977 21.1376877424401
109.71246342235354 -19.048339673326748
90.93279383937184 53.489447020520274
109.4729822900551 45.338274508921984
123.87091000197007 100.8658916576036
108.14968250357825 13.532371711047393
125.79100719997095 20.962586115344237
110.95343272957774 -25.993638255178183
79.94476203637355 -49.560899363091124
115.33709231880223 35.462450665377055
119.8161706526612 105.82237376620346
113.55882291806442 12.035436815882402
100.26043596813689 -18.40852431599449
69.82695641392263 12.991058098893879
139.7454922706744 142.8048088098896
103.46504279300159 103.04186103250201
137.12570227843545 68.57698380935747
131.60500277716187 19.318794446149948
110.34250775596985 16.30293497952458
132.72218696393563 171.66467613175934
114.49792432338266 -8.528791079190544
107.68170532459287 43.55281843227634
104.78098823554352 -0.7676586687207455
144.72777493948357 48.00656271534137
90.25165500604497 9.80911842293332
148.0110645219625 93.27205895283859
94.01974108873809 32.63631293656717
114.44955013082695 82.6715675465242
101.02277348623865 93.44770744367578
109.29275444662694 32.21210274752554
89.14662941692838 194.55243472825504
106.45343212907628 27.77492768256837
97.24374675588852 23.70950648653826
121.9300308042548 192.5737748389638
121.94751395435507 92.3085797370567
118.90984682607453 95.88334454278665
107.0985303903416 39.135209903220364
86.45411292203664 53.29181166742454
100.48103021050186 10.921912057912168
103.64008858990334 25.50608680420025
132.38961041722342 4.181430901729646
105.13823235575698 9.697765122565107
112.83156488273227 24.69834572284443
93.96905754060538 12.614364845354906
100.61769180994888 7.589108161216826
103.47749702644649 20.391256737547582
126.21284800535636 21.637311809635168
127.25302138038502 -6.449456760549107
110.3478466383955 -22.013477240410175
122.8466004863685 93.33661774768375
113.89700290292018 26.313280816047886
122.0350061437993 -38.28065828365148
79.61176519393675 79.28264693616595
94.55329776412599 -6.516365150817313
108.2050753527865 -19.868654193003138
108.90832268061052 3.863022807569973
94.4217716893432 138.13353619641543
90.33553165012162 90.10221053138937
115.63509389413257 7.027317012079961
112.23878876234077 12.025599015317189
82.67803713485618 28.50672195132799
107.87869105002518 26.593528409340596
109.96647260641045 19.248456334253586
112.50754888726574 48.10343385748844
103.55374920523806 10.106399794919321
128.28465257824882 25.457259433589144
82.0271198682314 82.94740486468632
108.77343201557878 124.21482849065109
122.81980543944871 72.9932726512678
118.20578793113846 36.52218599322723
109.85307605054682 -1.0500920154128872
79.1390213678571 42.22440260976779
100.81246634615717 27.545705489284163
125.76074893571435 77.98309504691099
98.15035095608252 18.34283237447252
94.22241844682131 65.35847723084248
144.21402638981854 18.216494392372752
127.08560178447962 43.2302881884641
118.18019397015863 45.58327484845245
99.64483938686179 1.6198101172265953
53.047329244449784 15.860934696720735
50.46780969956538 90.71787582176366
148.94005064145054 66.93275284900169
89.63257869421992 19.742644497341765
108.14159169820904 6.053762278229014
93.39234238698813 13.403783511916554
111.97241726740621 22.820888926117874
109.6900678625697 15.531488335490682
141.6803861011681 4.4086426114095945
54.03509059525039 46.229367715152726
103.50755693318321 19.964533525713946
139.74939249000548 83.10853535120245
110.83228278143568 4.4717499476265745
102.69458684132748 10.65118686287057
93.00870459265006 -51.10831779558683
114.6572746995983 -42.28459914904144
98.70723759694387 21.63060491070342
70.74011446850963 46.59437145236601
79.21425545325799 7.648957618389803
93.92114851037451 17.846578290476984
91.9674825781551 19.92593947553229
134.62818492750233 70.59969189780765
102.37689971890788 9.078401220698169
96.09048128565213 24.693590427220816
104.97923446785211 50.4746420091548
95.06193547779561 11.092654095720478
109.62315434446329 13.840768675867018
92.85679271100885 105.5141446069288
65.69590378408711 118.97217486294691
92.12660390561568 22.74101676661733
99.04860687416438 107.25571845201937
115.28620299681873 -15.03890456334893
110.92084858036368 20.611365304131798
113.36617299159936 87.3457808472157
93.1130008366235 58.04252294931421
106.04049329083406 -34.55856376326866
104.81824059171082 19.532847756777333
110.10676987550771 52.26945313541736
107.55768785526193 -35.3766604755086
64.34847446921205 66.31069244329323
131.23560032843417 122.59837611752363
98.76312255877761 10.122113694668025
110.62291827093988 104.36296354706464
106.40712612259303 -54.27268087023425
114.16594838556752 94.43043984036129
116.95767028425466 56.845598161412816
98.58742210379872 -31.88470298430582
107.66570401509452 3.522254538820017
137.069936295829 16.151616690345918
115.70499323949169 67.70622564702684
100.67167746322423 78.79295117573606
120.96328676669563 21.55655618002908
141.58189352156998 11.5977438988219
90.08821655600259 23.59858894713418
112.9206029996239 20.23686898784851
145.83504508179166 62.881252444042914
80.1663019562714 112.18103539756407
121.57096550037332 -112.40929341261875
79.2080109445707 105.8236605296506
106.60576981295054 238.8920165673041
115.08104397155121 24.79418131001741
106.7763335965587 51.51665583401405
102.57343938054225 -2.288013916468949
89.56743284731002 28.780730245022866
95.30864106276555 3.002056326719704
107.03599047965923 2.1554393903353914
114.48029171992602 17.403184531233112
105.18112689300943 1.3673574432302402
109.90880588242395 4.389378556818519
132.1263456447935 29.014143251767116
88.69363866515177 15.900918660624141
113.88525165327782 24.475614907882047
146.441344847059 42.47733708049138
95.89604877030534 20.027471009497503
115.22008100754644 24.420335166332627
107.70338568440312 18.5276333517926
107.46421873481947 16.466494915556254
107.13383423438042 240.74180451499052
122.74339666483527 25.85316268919404
118.42423996117876 8.022642321408497
91.72522153631836 -2.668624096238011
76.15649751782736 72.19877488973493
118.10426833159275 30.107557119651958
110.67502869095682 19.896269652734087
119.01907847373819 16.62576049108271
70.34440419656839 -8.187252784277447
109.05092740514172 19.15086032445952
109.28611286896177 12.598244814251423
109.8003831346879 50.486313446605614
105.87934325413899 48.431868124684804
74.61092826961003 31.032076319206517
107.19874049503132 -7.317716798006004
124.93389278748171 25.152225880692885
77.29672568060842 12.000784091626889
99.78357433725085 28.43162521573403
92.49188767461087 27.300801675908243
122.83416268044029 17.03794090868569
99.22539024606198 11.490864470533808
141.82226289043143 -30.74129712775843
108.50972128519551 16.09700139566254
90.37610897689369 167.29344421094382
97.8163942139554 30.50376003257911
71.46499205815401 150.25032522749441
111.22085324815114 42.983940884846334
110.76329083952106 12.271961058644289
121.32270509477472 18.807781065488307
144.20091959961246 43.2211069619347
101.05381332495016 24.894822470077493
106.09592375953095 -7.362978011610963
112.98145009173585 61.922230947479754
90.01226359986754 9.633048146872422
86.36555996547118 112.06268730349457
110.39636105472877 0.49514706720840074
106.63887849127671 43.61976531224171
125.55148201977556 55.074825660724045
112.33885423547311 19.52088355118998
110.12054647551615 8.40531256126614
124.38167085736671 57.429327141727555
121.35866594275642 39.46753421157175
104.30051732279529 7.966607025023624
111.64625802466718 8.88677444028866
114.95391379664575 21.64321238336999
87.99013440926008 -4.646626494794046
103.56944711787081 102.7329236095006
113.86584768819613 7.053223111750141
141.12300132155627 2.3837942987777065
127.19272769449887 43.46015305411629
117.91186888624819 198.07687955641777
144.22322026316982 24.714672777441162
113.65434477528284 32.9090846217412
83.35173035405323 18.256067970143175
128.77881546091913 15.540476764797635
145.28465473316933 125.58389385291554
109.44930317559275 55.296596121269424
111.01949782932942 21.09191186650618
100.58865960384756 32.97826297241166
95.83205458028254 -22.182203612512186
115.37130132897632 21.625007609328797
116.10711314011732 48.654149493490955
105.11741972423998 -60.307585218900314
106.51986064269784 -30.159304756515525
77.14793821180513 2.137441766854845
98.77633930392003 -1.1791963788135635
78.47493501280218 12.523790811668206
99.5061849699972 37.33287635911912
108.26877167767623 32.809668361834596
87.95472464258646 38.02199857969793
96.37605653951464 43.83144155575429
129.36719821877787 19.35027601244265
108.87786111506553 18.104195801513463
77.4858931994431 62.608511926041224
84.89284801065305 18.483376164322713
107.76208647022281 17.751626821805843
94.93029148401189 9.044541055889537
107.67869212007656 -40.89546818014234
82.82167249318566 -78.92679322254214
68.47554938976191 -0.7873085777060964
116.1483800343755 57.914893348542414
124.85981339460021 -24.62580767532438
116.28479453376274 5.196988248754445
129.0009521638714 6.435447566078898
52.37078338670124 38.9652917074923
106.812104313333 15.208902492988086
109.81262247315286 3.348516110647151
109.83617970368712 11.708405848875204
84.48898840696722 10.044377745527655
103.43843135174792 6.235046710933747
76.39795719961559 32.29061150890599
113.65574645860471 51.48283796648576
166.11772124390262 187.3293564780019
111.54421969658296 36.32460566377437
121.18628840825389 28.556360234474035
109.47510596286027 24.219349519901876
116.76490418976529 48.896147623639884
96.69785100396454 8.49251307610077
-9.763401718779601 -2.325462541160343
99.1621559651173 62.1129996828061
132.13582997962584 82.89116255039706
106.22540977428923 99.37909706778572
96.62253719368697 25.621193700049822
114.14893593406237 19.889240562605877
123.18116804991955 20.22407125487379
121.19271662686644 144.53198428800027
123.64162019012554 23.866836741007887
131.68022789246206 24.494138561384368
80.31585418832884 18.60819944194823
102.62796427964084 152.84606612262348
123.98057766018387 133.95494104833665
119.36179835725652 57.16870976011732
109.85372051052462 10.868518315944858
102.47778226431781 -0.43509402936262637
99.63850847393338 29.43908073848072
102.23154386067631 10.530706298001668
87.3247942019885 -9.24717249725802
113.4242256047479 18.538251645523523
102.42272239724718 21.764915537994952
110.1142927577445 13.128672221115057
113.23150937120974 -1.1788257579926218
73.1226639454628 87.46399027920447
87.46946238325422 14.596608254974749
122.67115275987567 15.171607579786595
101.45144172129928 55.57729229145429
131.22819739569312 15.869086976254279
156.0502687909517 17.68408972849502
115.22766109312872 19.283446278212843
105.94662163828245 47.68382959130915
110.05439555395314 -2.029594895150522
104.87634056069822 162.20321596905896
106.25573388644204 245.39933263619298
94.95388717348304 51.337005882085926
110.65398082276776 41.19106262226998
69.10984245189813 9.512386750961454
127.15574785119864 2.620465683555471
117.3377556995187 -4.117410699259283
