103.94566800285689 22.210555260852235
118.43023538712853 7.162447374032988
87.5816393394948 243.28646362622263
109.24222563936054 11.008553071580389
109.34385228319576 -35.15125562819354
125.94277222822342 58.75648389314404
103.2685500413357 7.123510655848914
108.18104418376294 19.897155773553283
56.475111474714765 7.897460683837043
106.21290019315535 24.129143951150898
107.00167741836769 18.067641018348645
80.92484698603127 15.0212867914847
111.77012157826998 -2.0554875056138577
114.46266326607207 1.193017672411278
112.51039881711031 -8.575395762590404
148.23827723367395 30.17915237529261
124.30366831826673 18.940922613038197
113.44460295026825 34.397986939248774
110.99295319022994 147.53441353924464
88.8789247321635 34.086190904380125
130.1477809166206 7.009987201206073
125.57900808799553 41.973589102664015
117.17653375966015 40.77362747319699
109.26098123622334 -135.19468354415156
111.53217415164545 -25.12421041355144
111.8077529015452 -17.207097536922905
112.6706787479527 22.27359094763951
109.6835938373363 -16.527757661016224
91.20485992285158 54.857547684250825
110.00065738765956 46.2983083475927
125.54734035719517 112.20173984095501
107.8866913595615 14.471523422033954
117.78605179071765 47.34514087396304
105.2774938873559 -24.75774646839126
82.80005221071406 -50.8559214805291
115.2828850077277 28.092230253984525
124.4941059025661 103.26617643757308
108.11274483176264 13.520651320628849
94.1301989351387 5.951824146840227
68.83158648560371 13.603658004667702
141.97375877157987 158.53197625433992
95.62894990445643 121.20229098825865
135.68505859077118 58.4951082071327
134.87263724437403 19.161042581172616
104.87935569968022 18.349794595945042
132.41560584090763 175.9275535923
114.05050709671116 -5.254786524821162
106.50653253426631 43.90169055528427
103.35609310296189 0.16939864070691385
143.56440547278297 74.27414188608556
95.65363185154074 10.077861517324548
151.26766440184466 91.80618240044264
113.67474964796192 33.61930374513864
117.33398357496291 71.74431981560521
100.57547707584104 103.75132133377112
109.9454262243867 33.71974229062016
88.78311378428243 186.95543766255835
101.2305016649345 30.98338319357593
98.6194330385071 25.242343260510925
121.31107447048433 226.5580236844327
126.30046680854029 98.92315672199032
112.22515075547281 94.51139534817953
105.62081046592158 39.60534526942529
80.01821167702829 61.63546227809776
98.88006383602566 12.2640785065473
111.07792096078083 33.01858809208029
119.43491188975389 11.525415923859429
105.9516187177144 9.862489754504875
113.85599111932478 27.6499708397516
96.54259252458043 18.140203334326284
102.69495307501491 7.448191254809721
98.28930183492096 21.776332888006053
130.38474965025753 24.282662277613664
126.73959843579325 -2.915121122707351
110.29345942088163 -18.65159242562596
128.26710881357064 94.72230594681969
107.88607002999032 30.916465996327148
121.51094023819671 -18.160591464244725
76.16604726866609 79.92900715354322
89.70692297847798 -11.183018180364696
108.69063652817006 -7.188015257953602
108.257818179091 7.725889259622337
94.7259178618507 147.47750695874845
93.18658126610185 108.54422830137379
124.61145308093515 14.418988697437804
113.55499976534477 14.38923053010383
76.01774728714038 37.53818742919367
109.08400883657764 29.713556723395197
107.78662559815778 19.12128986188401
111.37090701289546 50.379993417283444
108.22081385134832 11.534044893145214
128.84095911236508 3.8406264915158417
84.19101873005582 77.99344263407234
111.99140408291203 168.54001815907645
121.03029389418953 73.01488310222992
115.30376588201536 35.95418501340636
111.60123189590055 11.332565590743176
78.03640391581095 46.872714593821684
100.31644895315983 30.841560911188086
125.54168866731578 80.64901377440522
94.53102848713324 22.77354943959752
93.94126859536689 69.54697499239046
129.9438119681818 18.1616825117921
128.79686562782592 43.43069458352662
118.35720485876465 44.643100898100556
97.04573481511598 0.48774839752223226
48.90264103121839 15.367128690058
52.460118933303214 88.6288819520827
144.3245396420618 70.02143825605857
90.56523226598858 19.72913003951904
108.56620151530021 9.794019713551549
91.83428188961507 12.988065305972654
107.58661212121756 25.52397283401772
112.87953161461735 15.29694436593505
137.27681198763278 9.037401294688594
51.49384912085128 51.25518771432424
103.04049622571651 20.01136631876654
138.41275810951387 81.26704226456071
112.00888247317772 6.554575170206327
104.52962490778107 15.668327586789857
90.54209412043981 -58.213771718716615
113.96333607383957 -20.756797801187723
96.52006237885962 22.635490326545906
75.4583709962473 46.086366720165906
84.78555792751106 5.377986853352599
95.96865819010662 17.895193505737684
97.18758901891377 19.524831843577665
125.25468411104673 78.2152560352326
107.34584378594195 10.37933828215776
97.01828665731219 23.989871949390157
102.48813290457126 54.91268095580017
95.13653359289628 10.573627564746984
111.84062424961567 17.543850588238787
94.98728625218115 123.85722427370396
61.981177600214046 132.93884035091259
89.3109129448524 23.156617599543385
102.6534692474735 106.33181279899584
117.313628007113 -23.31339094558663
109.18426124194583 21.670565364266107
114.73057208490357 91.9437747524375
91.71678216438781 79.42241843573655
108.64674161831549 -18.66681629432638
103.073737865251 19.691595635917395
110.15473564922827 54.875410038944764
109.75242328872449 -21.403300843792977
64.01520797083735 79.16278839931648
139.83698917236424 123.7648732393691
99.11480492053755 11.64942089552102
117.39301297010498 116.90350343769241
106.81884246596908 -45.40783831516967
110.87007679876497 95.10801867785457
110.97118275220058 54.41298448666426
87.71058932355717 -16.68963822628351
99.93424196803211 4.724939880901942
130.87315212697285 16.791973787250683
115.48640809318984 72.02178610807758
96.08838926507433 80.43422036221527
121.5853336699118 23.108693828099057
151.946014121426 14.72820227644703
88.61929850952197 24.63950535180944
134.79653892264753 13.825544329644845
136.93543119146412 94.19203500103042
78.812740321811 116.9597822092559
129.18767062264132 -129.00057574863678
82.82790856293076 121.6791120141359
107.89228388698135 247.6970895146979
111.55455958883248 29.442645490582617
106.19903166910284 53.19598415280442
112.53266797539435 11.476839588642859
83.99278452350492 23.085821975101958
101.68658711067613 -1.191753222935641
103.42132256064777 12.10276067824337
116.35347753292226 37.038043734257045
104.45197515805185 -0.2514436867470241
109.90433659394975 8.265137634288013
136.46721847837804 34.48992537637296
89.45023184993852 16.233628540783116
115.69339495661566 26.350427267597247
153.39042845903066 46.600355541389426
90.05688364241566 19.86670058040269
114.64344728738877 28.747959419776613
109.6633118695139 20.12969520063847
110.63503932397865 21.499565504284885
106.32207884566229 261.2642327268399
125.95951188074268 29.25768283002708
118.58320436498215 9.545819646086196
94.45946322627935 -2.386009113720527
72.52681930898602 79.12818100258748
120.29254063364868 34.49455445195338
105.24359310232526 24.27210920870315
112.16015812851737 14.432134461637615
62.723459275162796 -9.093293697300783
109.5242115311067 20.99797489906947
109.41821965481685 8.727233162812755
119.17400396702214 50.30555630780129
105.93942679238204 42.060634648004964
70.68879920885307 34.394547329556055
112.11406258456658 4.573795002219798
128.47309512077953 29.503833177609522
77.50746779489324 4.805208259683621
96.7513360283579 30.397419587479646
95.11927312504663 30.578518259530764
124.813071353258 21.811436950664877
98.30347720340271 12.066308527555137
143.25963557569375 -33.22852786192802
108.84148510004285 17.6020670553328
96.57743675064289 178.6997179395854
97.5418898515368 38.69613145658729
70.77995593048301 153.42915107910588
110.37205854714746 51.00685681271543
111.67577539432244 11.62154894664063
123.95649785667001 17.34233267136877
139.63887888643754 35.72243242904839
103.29849878751787 27.777377370508376
102.30052401640087 -9.697381583849491
116.45749634929814 52.958314700307234
90.24735159167467 9.705492992464109
93.98819153648539 136.504084869584
110.3796155721212 0.25710559586094783
106.86253809336046 45.82235048168792
129.95868958607173 56.298122606164426
115.69976636413372 26.261101352762427
110.13268216919533 7.8920900452787315
137.65512509414916 72.95220856484875
124.25414409319518 46.84751222758081
103.56205879548693 4.895979374518143
111.2624474132861 8.645514411777627
118.71181886012772 21.21410864700125
81.39928842124007 -5.310975865125989
101.00548335490734 122.99164172299928
116.7567351487158 12.912388320806919
127.49310499914101 -5.889079889363319
128.81294277345725 53.32172731073653
123.02521466950046 206.2693138760147
144.68012721407501 27.598589739903083
116.41136936656478 35.58304615149169
83.44668072055732 18.03832758425842
131.2106770900936 16.624095308013615
145.4656714373155 137.67062521618885
111.16803651830747 63.96489793147247
111.0694219828635 35.93442767117581
99.55133036004302 33.006331540185734
100.92124251948987 -16.81838314560154
113.18214495427218 24.675742248715203
110.04798374463249 54.7445780928835
107.65630276663289 -66.17568631439114
106.15705004967329 -31.8932827196536
78.59132251498244 1.9653185367869166
96.64851149792393 3.2082998969502414
70.12232371460473 13.280038542181183
95.36680305876193 39.926509198276804
108.80583189467539 49.16084187871941
83.96087644903886 40.98893963999621
102.30585974043261 63.656252782563485
129.10603927616052 19.349713111428844
109.93152528643431 19.490661476775255
72.77647303777616 61.55337686924842
88.08244325084823 18.616770295618466
108.5442355940225 18.53357113217407
93.01355993082508 9.296864861737284
108.18769752289442 -39.876291280748205
83.86317876939525 -49.99510830049946
71.28239478758637 -3.028233128839966
113.87357562700072 59.60887470015763
125.90192738741922 -29.64715880758018
118.30700583760981 -1.564882702420685
132.84211898760597 18.480997284376983
48.887449519112145 40.09132192415341
105.53552917952396 15.068841418461538
109.76187420088776 6.2514991988860364
113.51706972673782 10.591649390580645
88.91723652454509 8.508213554519152
102.82923951497129 16.62776020770261
74.47182589056263 52.263608690589656
119.10445932971382 45.19174669696347
175.60063212523752 176.03667641342994
110.28028331799413 35.51980072977703
117.55218038417901 31.816753723485995
110.05947933240101 26.543486066405006
116.9008142616649 52.73307476329578
103.45898611075009 10.406072007808373
-12.02499928429469 0.7281067365706708
105.07341851612757 74.15330420250571
135.03198844764762 88.49475920727156
105.10619000116662 103.7726299065185
97.36578114818504 18.977859836960253
115.14752721023153 20.11803390042804
120.56171871967157 20.065633913044206
122.80569247730615 153.53356285644176
123.95490656761547 25.169336396938665
124.3520595931169 23.64026354422744
76.55380554420776 20.332141674340807
102.53185812453147 153.6643254083571
127.4310383217338 156.75516665180598
118.71701250908795 60.511166816684586
109.8542264176493 9.580984709353526
99.81079380595848 -1.0382769948610282
103.68603138857048 28.08088965057165
108.42640430695941 19.885306255769116
92.86212459778564 -5.420765587168352
112.18920421671481 18.652114565993582
106.90025553455332 20.98491619278089
111.21498228497667 6.872989754810417
109.83020470192928 7.362678963603699
72.04649333938188 91.6662051462797
90.97052100261952 15.64314030742057
122.32165274975594 15.948260376753282
101.95381957979545 53.02248908894629
133.0775119030734 17.39035048192413
157.08032995206096 17.64646510388499
112.97976095841268 21.941720589924493
106.03183175500935 48.80227815377233
110.08016650816397 -3.4199830835695124
103.84521333934718 165.5423676782046
120.27251789834565 248.88682325315494
88.34420188938111 55.3181585255456
110.73368480257557 43.43075498523154
70.9329560839265 7.540137917300223
124.73235467736595 4.210790783417938
118.00713619037127 -8.940428223464892
