103.52880230979636 22.443647416572038
114.43401333039284 21.732066141183953
87.45881430401991 237.87618047587614
110.715512092979 -6.760641382317745
113.57297923017443 -21.755505533158498
127.0570867483771 88.14509805620509
102.13011741073845 15.085784813012834
106.07606567270659 16.37771172857768
64.52303097446979 10.340252811252801
109.42778457380638 24.88495791615282
107.3666555396314 20.1814064580285
81.8169924322863 14.561518548403212
111.7404080810417 -5.932605958397317
121.18725897246493 28.826460808146944
120.24128723176514 -16.108050039994946
150.7534994602876 25.895542894187106
124.61401105719047 27.226426400127774
114.364613524612 37.01991680630872
112.8038741798298 151.85173361562585
88.68536937493944 30.938066536103904
135.17071753822248 4.717907270604002
129.45968458304975 50.24629658659341
121.24135713458301 46.398621009069494
108.29772203500498 -121.42934038550705
108.65450622629672 4.774597127149756
111.99606915433439 -21.983532265601465
112.58836246034247 23.34179301618475
109.6602983608043 -12.633824521661435
92.1456711691956 54.73011584440834
110.50706626714702 46.172915987241346
126.48521354477458 122.70914838332607
107.70377457441452 15.614472019397498
109.53875655534516 74.21879857697479
99.80719240438066 -21.7338888706513
87.06772513068873 -45.27807705042878
114.93053907801031 20.358796646643096
128.48589980396196 100.21584950936662
102.74003461624474 15.281158403963664
88.43935538422784 32.60972265451307
69.49353798583051 14.40717330778725
143.26936919463387 170.86519997528504
88.48725426498375 137.43368739565295
133.126435639439 47.354116667568924
137.0751883295821 19.009564466631975
99.65927512391183 20.418972983960202
131.37772619657113 176.12886685596968
113.44445277801364 -1.0009334435413662
105.44366423651928 43.35932112309664
102.19135862366014 1.8349503750294314
141.32289832100074 100.0857524714074
101.84332475500345 10.69018273753094
152.8440958863953 87.95052981301104
133.19310881712576 35.69853863966951
120.00494512615053 61.36209016851934
100.466351751819 112.0108031921081
110.59525209911878 34.67390010150847
89.26994788916257 175.3498103834304
96.35125936234202 33.84396497734985
100.51155201390026 26.498078706846858
120.29802293153475 254.85490841535466
129.96239963735675 105.24047342273352
105.51292131850727 91.8804347581537
104.32042879753588 39.2007678959666
74.58837269948245 70.60048162136158
97.55013421653524 13.86801778603252
118.4405843528766 39.82510398037007
106.20221264120948 19.187377689438147
106.94854256692021 10.295527931972153
114.6983507932691 30.21692646958574
99.6877202401971 23.6978580746754
104.95024607561461 10.466299047895841
93.77709459803002 23.098372927207645
134.08657269938766 26.72984469705699
125.77309426244567 1.462952870283471
110.2207091608307 -13.36547097332716
133.28403373469757 95.48096897587567
101.96880732375222 35.02932102211768
120.60716490813951 6.028292575886807
73.70781087231698 80.31977465284089
85.9114168606121 -14.889871157185551
109.23014693181754 7.059536116037232
107.74476606309341 11.97058526063066
95.57285455367229 155.0023133961903
96.86021565730383 125.27150121675292
132.7231764928824 22.036062699016025
114.6872115071893 16.940131406534906
70.3635635145019 47.861823351515085
110.32416828732498 32.46587828324889
105.67383562991388 19.00063741442841
110.16710374009173 51.76805171410378
112.9195406010682 13.361541975042561
128.61355972450255 -14.812092886513108
87.30243966404419 71.03330466542144
115.10457545146119 209.8673536469068
118.82239431011632 73.57204330652453
112.23025372305109 36.551141197746226
113.25956776204262 25.37239623417389
78.22903396652977 52.874832717247195
100.28993948399419 33.83346802128348
124.9495254276552 82.78153886266432
91.39315919561989 27.048960440647498
92.14923624762585 71.81266056171933
114.86555561049438 18.141958008162266
129.42977507291508 42.472371751624095
118.21823570192696 43.09098686007015
94.9723634574382 0.2433554538056454
47.765404728631026 15.016027934805194
56.893210364290404 83.83533346535486
138.0950867483093 70.99223671784534
92.42009239078936 19.702792802790977
109.03606190221745 14.020643529871972
91.27194339184919 12.800086196784628
103.29139580632273 28.03450911673522
115.92537027052134 15.223143072789066
132.22587751916708 15.704441799334404
50.99619919478362 57.00829323938453
102.75660930212413 20.03715067316792
135.91480403623686 79.79491681335243
113.04850556025795 9.25753148858901
106.62823544041525 20.815017748774284
88.56701280454826 -61.38303431414394
113.12773792132735 2.8427530667869263
94.88148524884926 23.470349693676948
81.16584051227139 46.56473656219858
91.41626007624431 3.5292540355076367
98.54300246507214 18.03450476701366
102.68875883018194 19.117533527505316
115.38968909369969 85.30100616801225
112.36299516938156 12.024363587291091
98.28353251998016 23.125511859870674
100.22689218100693 59.49132474531334
95.94150907791261 10.535510428814353
113.99988845951263 21.316411438946158
97.73282182290754 140.00162066237826
60.41163585936897 143.4747128931029
87.4350519046367 23.4479674042494
106.40558131229568 103.63101379441187
119.0270292491129 -29.098979435342727
107.46470179389802 22.618031325887195
115.8765708031607 93.25575322196146
90.94337295604451 100.59334151754577
111.27715190293176 -0.9171198361525938
101.60306308573607 19.83022419204017
110.19291104569852 56.18779277102705
111.93992576176295 -6.070796799587833
64.1436948167412 90.59856630494941
147.85322611647666 122.24846917277479
99.83071842810998 13.501339145374804
123.85368723014896 128.45013693910118
107.360724031885 -33.75350672876996
105.69230082005495 95.88940822089505
104.92947440115064 52.67748551575194
77.63083251281174 0.8103667588966452
92.4734897690919 8.093021044983164
124.11472518048363 17.514674138698144
115.10540674848666 74.50022215213784
92.38424952410759 81.95188507775995
121.8718617807088 24.55053397638452
160.3728219194802 18.181960428122775
87.9206344016322 25.521915772076603
155.52573252200816 8.32709524534876
126.74254631049189 124.39171393367766
79.22681497309857 120.90970412088403
136.11480960480105 -137.96387404516608
87.29462646673895 134.9091193268761
109.27435449952095 249.80753388890182
107.96062141609768 33.81998575198045
105.75613290983273 53.29301626610949
122.37074268927168 25.446930475061926
79.19227269838025 17.241452828504784
108.40211179058534 -2.6701179146693184
100.05935954331706 25.970346799608095
118.0263109218184 58.10232982426054
103.91478379607085 -1.0332040289515259
109.89525906065111 12.633682525181234
139.22367530680012 42.263828504315306
90.86577690373144 16.702507637781515
117.1805912769263 27.8988892717113
158.37079763232737 49.248721833871166
85.17527172978319 19.689298332777394
113.77955177736743 32.68536380606843
111.61222885792161 21.70220675607477
113.76837917703251 26.42913490960568
105.66741563982583 267.77862482575506
128.41553163379797 32.38862978208256
118.4635841295305 11.392195431710032
97.63327317848639 -0.9050564273373927
70.31790511119071 85.36092043748192
122.12062141537865 38.145960311525585
100.01801511386795 28.35221188732227
105.2353295470829 12.577382217284896
56.740226837812706 -9.010848313069458
109.99320720638326 22.784547317101165
109.54995558060665 5.282383780331028
128.2298365262598 50.64197776267956
106.20487091663935 34.79976483345798
68.86491018888994 37.1950763935953
116.97017402663872 19.995353064433772
131.282497834147 33.38159140741678
78.94699020980022 -0.203966529790933
94.02881266047525 32.032347132734394
98.62117853142576 33.44794195309323
126.15740387502237 26.492570712335397
97.75999508762096 12.895651722411996
143.37906164354848 -32.61647474292337
109.21272829309555 19.186751185461556
103.12842734284524 186.01428923940597
97.68729725110266 46.12940094920423
71.76386208423564 154.9544528341229
109.49397145526545 57.64870507196197
112.47231840536101 11.184640059667458
126.06489524459649 15.925204639293652
134.19906497348862 27.36314491603029
105.82866272936941 30.187390940303946
96.45061371668577 -11.187814026549521
119.66009348726428 45.14524350369899
90.91347738424825 10.1118315227935
102.1537347103488 156.62765929461426
110.34064060215242 0.8698336272086906
107.2412786497994 46.742625754764894
133.5334208456534 58.202007002757206
118.82576674787653 33.94061047328532
110.13080538981372 7.822616360936098
149.5389080775463 87.75213759713928
126.6616776253995 53.544615667535204
103.11594597216326 2.5512378048906488
110.83798859875817 8.66348832271144
122.2789461480798 20.686725670098888
75.64731470599976 -3.0728744971440722
98.77342359426518 140.6664639265538
119.4272441955813 19.126690422959552
113.35763050332125 -13.44402261700563
129.40737319147982 63.29504805381512
127.47345359575775 210.32795076846315
144.2501153368925 32.834831451154166
118.8724677157291 37.61176126429599
84.247626300433 17.87127303599306
132.87196698851906 17.780783145684193
144.1522495936346 146.84061147882397
112.84202187734198 71.37587900989686
111.07761768664865 50.28019951283717
99.01930774555242 32.47702106320304
106.43260131782802 -9.576402866947815
110.85790048681267 27.547787933611577
104.01150919983574 61.71842768427982
110.23601485077269 -68.91167621868921
105.91065828489562 -31.908531162258555
81.61124428804821 2.407561853503484
94.95108629278965 8.619359876288554
63.44167006741694 14.313252421781185
91.56024534317766 41.660189448119546
109.38524138571258 64.48824639555042
81.03895643316937 43.126303301069896
108.54027801840377 84.04329235132388
128.0071722211465 19.347533746012246
110.97954972139469 20.87865330203614
69.38219357294635 61.27012986218747
92.08814768533227 18.785578035082047
109.35771377898311 19.359556068040614
91.6797748358528 10.052234072070572
108.75523696751442 -36.33876349917224
85.9614391959984 -17.13441470166039
75.85285634034823 -4.6290501249095914
111.39817755223196 60.72244810836652
126.46553562566005 -32.38418012507069
120.10462045603231 -4.8593131300153285
135.53775991924348 33.63875774807981
46.42231322991102 43.10689749701531
104.41256616151429 15.132903661962345
109.71094723197787 9.688813668717499
116.9643704652272 9.868119247353203
94.45533091405585 7.314036026615845
102.46357269545236 27.131951587589683
73.77006196567658 73.51798266843826
124.0942536804202 40.10040907883761
183.5903447017535 162.25172688755026
108.97644232014979 34.11982395538809
113.60034561621032 34.5434055613143
110.63810759604742 28.431029561306016
116.63750896302498 55.189577250851556
110.4272550154894 12.563385723386476
-8.485844777970193 4.473462278677648
111.22368886286597 86.961624296316
137.17968387335324 93.12001689043596
104.17624450352524 107.34678251578646
98.69682111576996 12.359476612039648
115.88620849857323 20.31963797844318
117.40185620155525 19.881157238849763
123.68690102531971 158.57891617817478
123.60733483646582 26.267699243377436
116.50777891800112 22.652583464432954
74.03220008127367 22.03053280120022
102.78468956288485 152.5890906157539
130.27428110534424 175.41583109224987
117.802205467724 62.41258762130791
109.85449642498557 8.522561342884769
97.46406051169694 -0.8040962384757083
107.96646499525936 26.338520183320913
114.66594457125389 29.21752723493156
99.00549465203778 -0.3691328145021431
110.89493534503225 18.79651844460463
111.46307322037214 20.145074507779373
112.26971969969854 1.1817861130906109
106.42746846057878 16.313419296839164
71.59212060607477 94.01783256088574
95.05569998414256 16.881674078420893
121.43923054350874 16.923285145236296
102.67018078671245 49.25040213969353
134.05465769362993 18.952482697822198
157.07102689694736 17.65731853333806
110.56067285458882 24.495151953000594
106.22857827096007 48.696185654293586
110.0958262233425 -3.930652949404309
102.97234341966698 165.32984730164458
132.06354166085262 244.67381290258362
82.54561848831304 60.03363118519707
110.76381578137281 44.71513132289505
74.7406056821541 6.128913610552851
121.98652348798433 6.426653115966045
118.27229118606762 -12.94241907557405
