103.43052076629321 22.531599876725824
110.29440599105266 38.626342625444224
87.99816030594704 226.58007054415395
112.16387227812137 -23.672498473847973
117.6909907681832 -6.7193628410305415
127.56990428747449 117.93657818016844
101.32673292865323 23.19577420762397
104.07479743516812 12.973668058989016
73.70250602691858 13.07600501534187
112.64333528553877 25.273438545388323
107.87446388141888 22.26196603759921
84.34621864826482 14.358194730637244
111.64212721750347 -8.972718035119195
127.46737713211769 57.585671336205465
127.57270721085796 -22.6872524188326
151.3862211070467 21.331448241318647
124.2997131346357 35.2306740697572
115.10406922587786 38.57765595850558
114.51238380919658 152.47554813089877
88.99632278127936 28.469557192062716
139.4189719728384 2.9920518745748956
132.8780203143379 57.546403766927455
125.02292803395285 51.04353462805942
107.37090893200661 -101.7854955479955
105.81828411754493 34.99580206927169
112.07436360342447 -25.406243513336662
112.35439404899466 24.242499242756423
109.64481585984538 -7.08083872331286
93.69707066194164 52.82598950728406
110.98459982629642 44.900968176651475
126.59978297125814 131.94744177360548
107.61833954064274 16.85103274261173
101.29137880982094 100.33976136422004
94.83650255878264 -17.158974262813334
92.40312634178281 -33.896570194288344
114.37979290556582 12.549761061797492
131.70627559729715 95.40893502243013
97.61484960195192 17.20574959860648
83.66094933735455 60.14082286020115
72.1994451623407 15.42602450524179
143.70254223491762 177.7745919990109
82.0294995741638 151.22312643329298
129.68655528049402 35.22999168865242
138.17744114361574 18.874313448064225
94.95998300423055 22.457478475667006
129.44267586565817 171.51334039614855
112.7422183974678 3.8173053836788533
104.55759467300359 42.03925594072554
101.32129206015256 3.985884156438919
137.99193965842716 124.890794192569
108.43141356785645 11.668906089418595
152.33947108311455 80.80269149141665
152.00095398669094 38.99673670564643
122.11151471499899 51.414518735901424
100.73124089771052 117.02835414785878
111.21141376397081 35.26270152776057
90.41889480890006 157.5990946979302
91.93427105642044 35.95895997267964
102.7220588063016 27.452388240606734
118.9980949183569 274.1875621860034
133.05062902140213 109.92872681044126
99.17353042192161 88.34195795739315
103.35383762481916 37.844171593507646
70.24247510445274 78.32219906678257
96.52333479581158 15.601746651412862
125.36417861688072 45.608362872613434
93.15000504825895 26.81462540998742
108.05761282492921 11.00895190199596
115.31455240087153 32.13549102471495
103.106452780412 29.064709027733063
107.44209918492139 16.183270627470176
90.04033031693551 24.31293429735917
136.90392421177745 29.005534290659643
124.30641791288052 6.437787579731834
110.13237075218106 -6.687795175741915
137.08371423758166 95.1484330340799
96.38345549785123 38.44120210393879
119.15246472093052 33.848714873583205
72.77152257990815 79.67456971042553
83.10747093983015 -16.89892638280943
109.79399014727943 21.858105112223136
107.38711129248753 16.575356333944576
97.11169123945088 158.12912639679817
101.13216345351755 140.07609021083132
139.81323680404944 29.62527865204241
115.5356057571957 19.632153479161136
66.14689192130396 59.41416564396744
111.54153549780841 34.5553099686955
103.73353481346321 18.890747700191266
108.94298826643796 51.391507779922684
117.49124389425475 15.406003455640791
127.58511025573316 -30.36700758857979
91.10122307565697 62.217799288572444
117.96555893530739 244.38877254127323
116.39637935650264 74.69494107797735
109.11382596818541 38.86553966533527
114.75669618246631 41.91886219034741
79.53865902602782 59.53913556694935
100.68566236451645 36.4932415943748
123.83842032982386 84.68314304032987
88.79081007852497 30.810560838012556
89.1121316246688 71.97128799785479
99.58867138866088 18.175518691660024
129.34737472630627 40.546587720709745
117.56922287246107 40.85468988589275
93.57319261194347 0.8265592051861239
48.387985194292554 14.793596015336403
62.47209444438802 77.63195881656586
130.6673043830745 69.73105473015242
95.0888180253793 19.666786910976374
109.55149557600596 18.479994776915365
91.38456615959345 12.79366037096956
99.17853929384933 30.263836358789437
118.78561847417463 15.285740029798626
126.3755054932935 24.326563190603956
53.15746789587753 63.450824205782496
102.9251553886003 20.04463269769246
132.29240498866847 77.42115054263776
113.88054914599266 12.432500081306054
108.83854427443073 25.84884564406083
87.58394456851296 -61.88755975572165
112.17190477958846 27.325073612458652
93.88316558589466 24.185708299226306
88.0387494984408 47.96464476703512
98.74917560850328 2.317348467088308
101.65745612698483 18.226968031753096
108.47953974174523 18.722230731636813
105.3759772935468 91.99039213068578
117.286554391994 13.943014068492607
99.96812676281708 22.094696982782484
98.4349258196385 63.89515052039384
97.71204076712546 10.849860864635357
116.06248932136388 25.0091585422438
100.72843727886419 153.4410676896031
60.26859362695811 150.05425218762304
86.1768940303412 23.57937379870396
110.26096631940476 98.8753390235487
120.47225609316733 -32.476121343233224
105.8511961972063 23.446682165883058
116.65198458053577 92.39963757105836
90.84716340324789 119.3951087554097
113.86840954754055 19.582063543215682
100.42073287715307 19.937205850061517
110.22113287738189 55.56133511209952
114.03026804395934 10.022271370546019
64.39268940586727 100.92809615832637
154.5221196202161 118.3595954795885
101.0564007686611 15.624679608053908
129.65039615880323 138.61222643225565
107.99445266400367 -21.24053130521505
98.97174459056848 96.14779227880535
99.14872040234785 51.54677593668685
68.8684542456111 21.22587223952815
85.67839169500034 13.993752280289062
116.96401176162529 18.299573492582024
114.54127758941564 73.97088675289164
89.20321509414525 82.49142283044183
121.63099304514208 25.728499436182872
165.8988943165187 21.70568891995243
88.3265246454588 26.18317132531685
174.2847836864234 5.340498886935796
115.72075599189439 153.2072827331812
80.74845394675161 123.66007016311782
141.9454435323742 -138.91110177526545
92.7206594876198 146.5366210846605
110.70163214439296 247.6849779309337
104.45324707588388 37.587717102695315
105.4624293873471 52.44864271882089
131.59701505456113 39.22927591468273
75.44636907051506 11.465276820447075
115.23043587251557 -1.68658684346386
97.25540729889305 41.574316164201576
119.2855423572254 79.58942429834205
103.73948062450812 -0.9664537317090084
109.88448750335571 17.341712221686524
140.62189984922358 51.27836387099376
93.05481343011469 17.292618512034096
118.36687258030942 29.0905799186581
161.18623149394267 50.3770328304424
81.12307261676669 19.49124643694578
112.69746204818156 36.141083983290315
113.48778728831957 23.161803216454054
116.78951918689864 31.069868622649878
105.19769308084501 263.7330208210524
130.15637421875144 34.840762314877516
117.92489607575993 13.69321102479019
101.19768627031772 1.533996872361477
70.12668966754377 91.07352477298357
123.46404268117112 41.230460906612585
95.31931380302447 32.097100879400294
98.5660117556683 10.999258007477684
53.247672089817044 -7.766601428939832
110.43600207005495 24.408694066083687
109.67569524022257 2.300149518485698
136.6372873627998 52.22091523166532
106.63649751572345 26.899942068685448
68.13858953760314 39.24615878965171
121.46591857408453 36.01007520842431
133.39947983103448 36.493433016125486
81.54046074787482 -2.507519352529493
91.84983711760958 33.038768712781874
102.58346690246674 35.81405992518416
127.02183131178748 30.75178169094671
97.77714388126103 13.84029724632238
142.3962593339179 -28.359887740346444
109.6038567189636 20.776914779646287
109.89869007842294 189.09752426929472
98.33419418967569 52.82076217724461
74.34844129618688 154.8705889070183
108.61716181273755 62.819671927650575
113.18256233793993 11.016677645713852
127.3268770249205 14.57867098267471
128.09806282625104 18.633802646977443
108.50066044168065 32.07583830152999
89.89322653444948 -11.297876617083455
122.27753643466608 38.81566354461868
92.14870976034578 10.949316993641002
110.56561839189712 172.39862496526885
110.28484640439585 2.175509581667774
107.69835882651937 46.74207210491832
136.30562579318507 60.3891236167457
121.68083353480495 42.261392883340605
110.11674956039165 8.15508354144317
160.13242661180968 101.30682175938044
128.6319891913646 58.84429077754943
102.94297355464683 0.9962630746266675
110.37365533210807 8.972688205089721
125.33188495213221 20.09674110892783
71.33179699597633 0.793581863546241
96.96928516100644 153.67672454125326
121.96614066607982 25.323801211971094
99.09105952907521 -19.7538787353913
129.2158965422399 73.28301409996816
130.94173098309432 206.5455424859675
142.7170025841356 39.83645828622989
121.0801714630852 38.755668138906714
86.21006554231597 17.76488326319922
133.71012753472777 18.95963649359194
141.59647143574048 152.76421521788666
114.36052996519032 76.22843136115686
111.00426754450663 63.25900630151973
98.91236739493442 31.38976560918552
112.04928979598638 -1.0189456146117752
108.47585639525175 30.06819521662586
98.18735766836733 69.00984893849642
112.79231789355165 -69.2992545569343
105.79759208355992 -30.017949462545534
86.05768663785167 3.385813437514888
93.66589137997228 14.383815807761621
58.60516541812447 15.588644207571402
88.1718049650586 42.548561308330704
109.97774589751373 78.34386122516044
79.64565342671995 44.28663526628263
114.8184768108474 104.56900522879027
126.0549426931576 19.34455287275603
111.9840359564614 22.21862491490669
67.52681408471504 61.767901171817904
96.88064850586166 18.975209699042804
110.18198119348786 20.184076986288915
91.02493064110634 11.232546722787312
109.37638572522 -31.26269388127727
89.23834402880034 18.25086701148908
81.93715854223434 -5.3339570754039665
108.85084344727893 61.80456288878833
126.71105009764158 -33.13342735899887
121.4592535051786 -6.525497513607293
136.88965844161802 49.776735021609824
45.18056398349181 46.31883654198822
103.57011283615483 15.31906678779756
109.66400259645371 13.529180210617664
120.00200321782675 9.53423058612641
100.46452096608054 6.287620694644504
102.43487996531321 37.39797364671904
74.72532962308523 95.42384395079912
128.6626986302854 36.33609975917808
189.22193696849445 147.04136141831398
107.68867615014871 32.09889098707123
109.45920475139161 36.74821887737338
111.18253960405251 29.89649246706848
116.03108912513079 56.191336970779915
117.41309124003209 14.847573410513704
1.1549762356115192 8.71763707890237
117.29831431477291 100.1873677472101
138.5516070191244 96.54169722378347
103.5126569037858 108.86400269065582
100.57115649031248 6.093810316597521
116.42070355195114 20.483309687677238
113.90026242024999 19.665055066908923
123.78225722456149 160.92856002114445
122.73320020839117 27.22736861480391
108.40985885669909 21.589892748256805
72.91764851398317 23.607460886691374
103.33641429401716 147.82484630063863
132.4915291293819 187.43829699502828
116.48848111181641 62.495218859474164
109.85469399022072 7.933011510658945
95.60182832445943 0.176919250398836
112.2812735865329 24.28594749877601
120.71134454794712 38.187223393798405
105.56470327644435 5.499971702675309
109.54543044900912 18.974051158329285
115.97078589429391 19.26552930682427
113.22976846460844 -3.6684613147447562
103.16512517215034 25.447096232670017
72.36952879538367 93.04162580799994
99.47328180582687 18.221233253434654
120.34246307471192 18.002148424115013
103.71187478386241 44.15069835213324
133.75451556802597 20.499819617398757
155.73492836077995 17.761869158175713
108.10940789372995 26.864590109091527
106.48809435671077 47.1141116850072
110.10462029345928 -4.080458973499534
102.2641747776036 161.45856177888524
141.09316757973525 235.70926616353012
78.04175901364692 65.80855993052356
110.76278616979118 44.76844736931754
79.17953338188667 5.336279089052066
118.90258435277354 9.146267048410003
118.15435015459681 -16.029662012140296
