103.47432336733924 22.530929136258905
108.19880137495674 47.99884781330252
88.44986734121116 217.67864282316845
112.8623884708757 -31.77054663302679
119.66696300896149 1.2795672512146536
127.70594613234832 131.95884567078164
101.05594492961218 27.24131127166634
103.12122656219145 11.334533062241789
78.61717073600875 14.557774004651376
114.21950887679893 25.36371944663694
108.1701208184356 23.249941436717076
85.90493500204266 14.329258602176711
111.56744506901738 -10.195573294723575
130.33904742692988 72.41383325696191
130.95384540633984 -25.7495952453453
151.10625633412434 18.97585454952693
124.08661215039177 39.02061189898486
115.367009609574 39.20324269664137
115.30110821390217 151.5945474383431
89.33611337194971 27.434592506463584
141.12969248920385 2.3999770018592486
134.18124706354118 60.544403487125
126.75260265080632 53.02018180664427
106.93189812465877 -90.56850142319519
104.44929701047546 49.94258702956531
112.07369014934318 -26.780147114377236
112.22002760974765 24.631901830352955
109.63967781283077 -3.7648626512904197
94.63345569670106 51.419887255283136
111.21416396789685 43.95468165322238
126.57432196687995 135.4358764559595
107.59983529348567 17.517561155815716
97.19871586452301 112.96693130840788
92.54580777832516 -14.45052565236811
95.22294068592545 -26.71239071152938
114.05885962695919 8.725915504015315
132.88138840822683 92.40855455569212
95.13620198407439 18.213077778778025
81.78501223966295 74.35458210576793
74.17838222913245 16.00356843192344
143.34640045338404 179.4208794126055
79.2103496154711 156.66244440853356
127.65117275497926 28.858088512254145
138.25930802687893 18.814402424817086
92.89427437268272 23.462459469511632
128.0831829855781 167.33098094401737
112.35738800377219 6.465270502783251
104.22781540966787 41.05884900468831
101.01645801595062 5.3390994407586
135.79016555656827 136.8411025379898
111.74130805741011 12.298024928074136
151.64709143063249 76.29449411899957
161.1776018243656 41.339311972139534
123.02960754459457 46.434340440955594
100.96272456915919 117.27621057042407
111.5045352443818 35.412154997921654
91.38906520518347 147.36761219458575
89.93548665369951 36.929871725214355
103.91375635680643 27.792654661789374
118.21553516397093 281.1442386376894
134.31380630877715 111.75558574648484
96.25303035799615 86.6033144650881
102.9890783109712 36.83978072146726
68.32467807360709 82.0993593879959
96.26648697207011 16.51136049713788
128.53891905739275 48.17766431930978
86.88700565961199 30.469914959465587
108.6449370936093 11.55285438327303
115.53271871096277 32.884934242904386
104.93704542854901 31.647493313173776
108.7405967275662 19.81916133556183
88.44130901027481 24.852444933053654
137.76867129841213 29.97707866281883
123.37368386968491 9.176085951908085
110.08337752173189 -2.7915596664363167
138.8877980092906 94.66865265475533
93.80434571657482 39.88640252808176
118.31354722083921 48.52115675981794
72.57441950851283 79.37971992888986
82.04085385554959 -17.277010141564713
110.07797439964429 29.282226944441437
107.23459501021206 18.922871288371947
98.07985311400427 157.96202962245303
103.43343864184358 146.89070983624816
143.1296733810017 33.3923716607374
115.823871458826 20.976966685569128
64.79104494905252 65.45094102729367
112.13102015273708 35.36540554483382
102.87418731742042 18.840328738837833
108.33746329144066 50.78859614522293
119.62324710036025 16.463439468454997
126.74960618263188 -36.977577917666196
93.32907713067736 57.15692914156311
119.26084637567185 260.30786955877784
115.09156072977851 75.2165555573663
107.56518294307001 40.77986827165955
115.45125179875153 50.379173878809596
80.88245072321105 63.17259970920797
101.0760262941844 37.63978160513856
123.01112225228417 85.70969197008475
87.90637398103286 32.51468999152954
87.24817003939974 71.32507434218397
92.07081545782266 18.200924862532776
129.09674295175373 39.384939208686575
117.11552572293571 39.510399322664775
93.17328425923506 1.3085966028682166
49.2713172925701 14.725712241511333
65.78476148934188 74.02240005479234
126.42868027617857 68.3875976081029
96.75538888013719 19.639116309643878
109.81834579202173 20.742378424855993
91.6855303360528 12.877134720125037
97.28891954528365 31.297918001068457
120.08210785118142 15.354877668293026
123.25605797923909 28.976064389509364
54.96140302598654 67.15199902105235
103.19063280509447 20.033879843608215
130.1316373344273 75.84072112758187
114.2330908407048 14.078592073954514
109.97308213080035 28.284712065940553
87.3519786121704 -61.21410286283397
111.67036422311128 39.522915678737675
93.63944432132271 24.46864848831877
91.94182687764948 49.34228142006878
102.55229108211284 1.8290452819951282
103.39343926598613 18.33183505505367
111.40212895493022 18.537135696635445
100.4318971659269 95.08464963938756
119.6667906912245 15.026796129819337
100.89492391439259 21.542436078330386
97.62165631731622 66.01110029281304
98.78549277868947 11.177885882103208
117.04303429653089 26.761973568515916
102.38837055139285 159.02125548664108
60.858404799760805 152.95881242575132
85.97016361874296 23.593128251638916
112.1909797013389 95.82627502689785
121.12490677194512 -33.35060173936931
105.11730199597125 23.811418845920354
116.92555314261611 91.04272011423548
91.02400912897738 128.23829349677754
115.11276100033751 30.22215555348336
99.92902194498069 19.97926393135481
110.22850694916548 54.805457154811606
115.01468282457603 18.282397657246584
64.64738024495682 105.44827394325522
157.53146485467647 115.55869506287308
101.8546882191681 16.75744759161573
132.2999743038136 142.23286564994388
108.35578835209553 -14.379209860739039
94.90946074279907 96.13308426620144
96.40551186066807 51.37996084654983
64.90871334515815 32.105623560744434
82.57813566945075 17.989200209574236
113.29799367153616 18.712332780643383
114.21700204523037 72.75123810631916
87.964021530566 82.97184391859345
121.25052753172098 26.222878371822244
167.95139425419444 23.458610665798368
88.79665850763601 26.388533148725156
182.7295882797025 5.060832887371747
110.08678103620261 166.84266738913115
81.79502392637974 123.6460578434881
144.50604249120354 -134.25151580282704
95.72780469416469 150.9461944619193
111.40618442035633 244.57908299363322
102.73861291567005 39.30683962348796
105.41321128288004 51.488521690729286
135.88954705565402 45.95209162231205
74.10926993134693 8.718575316561239
118.55805680259284 -0.4483597670902526
96.12257975161623 49.81707329469386
119.79962374305659 90.1519868016587
103.74623255385917 -0.677306861114222
109.87796277443636 19.73222490284275
140.81466430365649 55.41801485256324
94.48074821558214 17.620994641560266
118.82273964918093 29.558002904609673
161.8986097083658 50.44316837168327
79.36376555736133 19.388026511426347
112.11937239105033 37.66223006676139
114.37072959477486 23.816242264771244
118.25770852587456 33.314871465510016
105.041875164332 257.4476511300512
130.77307788563107 35.78910236004938
117.52175072651751 14.985222189767615
103.10378686266755 3.027169444004626
70.51025920489754 93.13600408060678
123.80524387017358 42.40620337730548
93.09735772786604 33.71685237346786
95.36319166271723 10.316157399343151
51.77765591744364 -6.93229475334701
110.63514122848515 25.103225726551102
109.73373865373482 1.1024893390647394
140.3962209382911 53.6736368250592
106.87845696355673 22.812024826483505
68.14441427695198 40.11052024182813
123.50784304510421 44.30082173258395
134.2450247870984 37.68130009298478
83.44158399901218 -2.6333367799546514
91.02095579691937 33.30526167084483
104.71197965420212 36.71694933577403
127.17210827857542 32.74600680989692
97.96819097797776 14.387030267587253
141.40800734917744 -23.95518591105384
109.8001606495524 21.55759577892079
113.31081649918774 189.32196981775257
98.85703734914836 55.77011853972187
76.26157964171222 154.07463401674576
108.18750995234386 64.85141306890893
113.47766107715042 11.052182095873771
127.59206704080908 13.92791794660706
124.8115578546943 14.263370912943419
109.8555240783745 32.86219135756515
86.01141223176187 -10.843047659722815
123.49865861763385 36.35717644364963
93.08687465345595 11.506024427480602
114.78013736523776 178.3139447261202
110.2524490189637 3.003325449055048
107.950405554408 46.229985180382464
137.30242665760863 61.114375898001036
123.00980247578872 47.110992140861214
110.1083167563015 8.423289273453047
164.72193587610258 107.8602701836648
129.4042048805521 60.76347678660356
102.92029218533744 0.5565050219253284
110.13255972495945 9.233176050876876
126.52503991819678 19.791493753036217
69.86455467245948 3.849291193294772
96.27666084918475 158.91303509208834
123.07956514028022 28.341971604256088
92.1499055557954 -22.294756211231178
128.89317961369426 78.78162425237227
132.31647523683395 202.3859901597425
141.4720010334931 44.15955704223947
122.02589771381834 39.10339773956961
87.56431317508917 17.740933173617574
133.90920581512586 19.5537713148306
139.94995275233427 154.50292379577536
115.01367359955665 77.79554347983526
110.94554806599767 69.09338522667309
99.03641697642655 30.64628940141262
114.85089812537097 3.615786937900735
107.29251648455002 31.204697670727505
95.42170412540118 73.17864103682444
114.01788821915025 -68.14049977210297
105.8073234068697 -28.285488861291206
88.81069277651153 4.16050328839982
93.28704841068648 17.38621406804702
56.79378212265814 16.279261667614897
86.55346765432257 42.66764240527773
110.27368609980269 84.75983077578438
79.4510657947427 44.546894611244376
117.91733359269813 114.09072985134836
124.81165787768194 19.342750412887924
112.4488243797037 22.854397083036478
67.09132980445148 62.111508352357106
99.60103888319905 19.079447728887416
110.59177545204474 20.593479274161695
90.97028139622104 11.950726375778437
109.69333971093273 -27.77094794716403
91.07744101626287 37.176836265271675
85.2781876890397 -5.467266453829645
107.59310124562789 62.409476712785164
126.63948474663476 -33.216742532229354
121.93731883284013 -6.444538054881631
137.12288371240683 58.52282417911913
44.79782347613549 48.32844196051161
103.26906799973631 15.48608312054462
109.64241029906779 15.566347424651067
121.31249514253518 9.454768853509501
103.51926733286619 5.875292791797608
102.56646973647767 42.33740551081893
75.85059003106595 106.55233631858785
130.74817468148652 34.714191065559184
191.05093492965648 139.01909066662964
107.08369128660375 30.92946038632948
107.37508364475944 37.68845448509538
111.43472415722765 30.455387811873035
115.67628731093882 56.04681394087061
120.81073026485893 16.00684149280281
7.048588474402725 10.991879055707365
120.27892846314829 106.25955688951001
138.8560364028299 97.9524826137881
103.27834900160133 109.04014308228834
101.62784772735414 3.0742530735762803
116.61711143462644 20.55287985998913
112.07138117723714 19.55079690919702
123.57440934672616 160.79920398429564
122.1522817240534 27.64461851711011
104.35785017415265 21.022491080591724
72.97665222290084 24.341334547480763
103.71760572428606 143.85082433384076
133.26338302827642 191.016025279582
115.70761127180516 61.67000635068258
109.85477266553868 7.793933386285614
94.77383470634327 0.9162294692491626
114.4036572630656 23.18878550925745
123.66892820890502 42.36272358026499
108.91399927468333 8.7138001218926
108.87055993463727 19.072050218067044
118.12823034407641 18.82920093429564
113.65907143079787 -5.7290002102318045
101.60613019555998 29.978564973100795
73.36527801297633 91.15938875176668
101.80068054013509 18.91712858087087
119.67185268089472 18.57180126563299
104.3679532906253 41.26972701768297
133.15497135315516 21.251483683838682
154.47330682218097 17.841797269942077
106.88980331799937 27.91560242562823
106.69124093912957 45.94656645220066
110.1060522197727 -3.667705821202254
102.00141942783759 158.13823261170657
144.91697163448774 229.6973041182999
76.38173055199857 68.50024782365598
110.74462480740928 44.6150246612851
81.79117495017096 5.287314143684327
117.22160197848284 10.703958502227726
117.9633437442454 -17.16359635335092
