123.69999707634457 127.66466206571755
52.48015926540031 42.053933225053676
118.67248187180152 131.02272204635372
42.294904126905976 134.27858847620067
18.253471287258566 5.2837545505612
92.1421687551756 114.71308282813835
114.54775981274565 -3.1922213793840086
116.3555844887689 55.20713314472419
123.10031000660037 27.877191140098876
93.07574991042151 132.33973646194192
92.59326707194562 23.557483617656665
122.07201825113737 24.7408566474282
108.24391161783005 132.63420110203512
79.37748527642047 119.8406967730906
84.82750628944721 110.66547601805944
90.28747529854476 31.842778967983897
20.29208687654629 -17.44668718769988
111.33381184011249 123.07335063965267
67.54618428137495 146.05847340333025
123.24755512093324 110.73775199830018
102.39436645544168 116.91815066925658
91.94491917288285 -13.741734511825683
88.78732450972562 -20.242818990465903
119.05564876899764 50.72268419279932
118.7462044096955 126.86270401480564
70.73353074939489 116.06599297852678
87.47950726791905 78.85434844638861
109.81139232830061 126.73563288790763
42.11902086479194 118.39933357098292
108.07289201185486 4.1709990887595225
90.7534414590098 44.64475276034547
109.97889614020708 23.581752397888394
112.99953395600923 108.82305422517267
21.348868699901036 -7.374597422607493
117.500593321137 118.83674449105064
65.69436667970537 106.53967439514616
83.2323236269806 31.22973408565815
121.82123177492099 27.98860463938916
142.5679804938026 120.63096695627728
129.50749367816087 22.821349581766455
76.26773925475152 25.465728093488252
138.23719057460886 137.9599034387069
77.93911035252148 19.277478141894342
84.67993414441023 19.50820594378605
97.4386448604015 8.237403813020935
94.41824268133334 103.72489043106184
118.48672992054013 10.72476292582165
94.05982430622703 88.56922895718685
119.06050765554598 58.23890495850946
100.36362678098524 118.30475969020011
80.3662983927047 20.514440608388128
5.702942363612933 94.02805552052895
92.7176745096195 111.32765530409469
93.11279747191375 99.40065254854409
125.7282751779644 121.60966257179066
111.60296311872413 95.60062572799424
121.74567773125956 61.235382607165555
118.77216963296354 -1.8719536156414631
120.70821430962782 10.473315683810533
103.26289766929902 132.07047714614106
90.27037206761744 135.1350760251668
134.5904777174584 39.00144799352269
120.73625916754676 -6.441044851892083
124.63700916987823 50.50875446487408
126.58031927171757 9.68883040900063
93.83715510336869 -9.968562789906333
16.138928989523563 -2.314427155565572
111.30704710874072 21.888531751942722
104.34366735114476 8.818625195051437
107.5380391282722 120.36514682029139
115.38713456725714 136.0008584146061
99.52816043802565 13.146085596770003
101.43151559557278 8.663789404579077
92.38988093321633 108.985295004248
117.81770371129602 41.40893870199726
101.73158875849941 105.50508677675738
144.3965415874111 139.53876194080271
126.33130773170258 67.90280230230411
140.09079419241542 136.65851357196078
123.15515850578154 56.18439599950503
113.07836635484519 52.367566981458374
21.772559939211067 137.2912164532482
118.07479655236065 65.4849375349009
92.48923407555593 111.25409307880574
66.90791341238092 19.21662158941994
99.70799166015439 -0.883214681233542
140.16510001309462 138.19807302228858
105.25744192483731 131.6291439820879
78.76575469437216 19.635203772738393
111.37704568704238 1.3788012897486293
18.553402797354273 14.385556707059397
100.19026405587107 111.89761635697585
71.36797376711253 14.511241548522223
100.70202559887395 111.32499642929561
92.18224772862821 29.735723504870624
121.86181590277221 48.26902364593382
104.60908879505874 116.794897202383
133.7650473376377 50.624473926278206
124.03657920316425 10.81719857088435
96.89644717954009 47.89450064105017
124.29745641072564 -3.4803179551471177
99.70858217282853 -1.5773138759479266
111.13246350984522 18.82172244815552
86.70659542933102 1.6424772617894856
100.69201072235197 68.95225785432964
117.68888115999704 25.7537333213819
21.588443749626283 11.742350241855444
66.24841876485019 56.88141062746994
89.01984853607918 136.362006970107
120.30201688248741 19.17142014207825
107.13160898470787 9.717386113457534
117.69638012634925 21.679101043625238
78.14558698601763 0.5460276479222259
88.84989752957961 21.911859468460886
131.0249263800628 47.43598068116875
138.14409657650734 129.83847075122614
117.28764164012318 18.03241288563997
56.065871558501264 103.19185522476829
107.00792407079344 9.248681744662473
79.38263510770143 7.295040918263824
117.04958989859897 133.74415803733223
108.47442697011218 134.70707061376925
124.43348581990251 120.94812383238637
142.74392728901114 120.44024417048155
128.35246906038898 28.98573044629702
119.54165285797907 118.81978231116138
129.12301287542957 20.14234720006465
99.78424109460018 100.72167951244055
92.13152166733107 113.83422339090086
102.43931304566469 16.896934156680427
133.269134964277 144.59312978814722
114.15433827619783 22.95547841991197
101.5906143287075 116.80634738169702
114.23957928827171 128.68591553963574
136.75543118202094 134.17311932237527
136.8482973293864 11.406478500410328
118.40037880843883 127.93783624929574
103.93661904701591 145.4905366121493
123.1935399863483 15.075083026766839
78.24740057453639 129.95751569240514
82.11492043584259 109.7738985258286
109.97201311812671 120.06514059381905
15.41060821295965 15.440157781189535
27.696109931171158 -12.990135045312842
100.2312520184033 -11.158381791367077
54.130511963396984 124.5874305948547
83.09977941357965 111.36991107925974
116.45376577096238 23.87998110239776
97.36355781143352 133.20681293557726
110.11811421139434 115.19846150115853
20.023443854635058 144.75588410713985
127.66983423497184 27.244192967327194
140.2303263215691 119.50603610832738
137.12542190812238 128.504238045132
86.8564706385959 14.977613148681723
102.06932705059307 -20.15433244695453
128.61817509964388 118.98066787535713
24.42682991058494 9.034647975144054
86.70290464883674 9.375233111039126
126.59437519051994 10.081814061384083
84.05622021311203 110.19348747484862
150.02552481548923 132.96306256428136
129.42570316287484 122.97159132665678
78.83315544045092 120.30206416915718
105.43681203752911 123.30761789722646
113.53777445163995 128.74242057361045
123.6645372846967 0.7280326879939445
114.31012623828956 0.6732997016806682
87.87034387893225 -6.167820319521576
137.5581829946264 134.79494272015563
46.49080161274458 133.86240061724828
119.31597284877205 109.231193906487
103.34524937619155 97.15020478291135
122.49292104440144 114.38587701230782
76.6961327255237 12.11436643322041
93.41572692354625 56.915888278160054
109.29971553507234 19.549787799206264
100.96111137308945 9.456556838810075
62.01717417395943 63.87155039036532
125.85091112846385 19.32534486199739
92.72669397203401 -1.8192432538331165
102.96340212154998 16.690708922514244
85.9659685513347 53.04522090120198
111.25294814880822 124.22061322308343
100.91331915577794 0.8068192553485387
102.33211838280262 11.772166247949277
125.72320485127408 131.62040722618536
139.70476701829645 105.43712729860762
99.37262681001411 46.388969175984684
139.43258367896195 123.5030567913152
140.46353897200837 130.7187656735599
126.95421646096081 24.992924319799766
90.78166073749382 6.968643327114167
111.04813248870461 30.963996278078483
79.00945063326023 45.62302793588317
71.81738964423904 131.02915015413174
128.01322945454353 -7.086901206818158
92.84335415414468 106.74111536251715
94.88840887542553 -2.8569303369926278
134.29446415679885 124.34608063631836
86.5928557886899 3.2991432443856956
56.54530816484686 141.93957614170762
125.2086545865528 8.197817879517855
112.21585122478832 21.32988332211739
82.61903261940162 127.83775726209463
108.06405293662428 13.338758066985468
142.00898740623393 126.72917541525166
102.50640246041158 -2.2138793886171846
144.84740868001217 135.77606224218866
20.852805410879263 1.5743031165017503
20.32449618645982 11.761049499918368
81.6198360915106 134.59222476025846
-11.260543949354444 64.57148746683211
17.484689113330155 8.943625608864114
21.808322443717795 26.390422469109076
97.68498046344617 102.20300011517232
118.79966179000118 26.298154390639088
99.882893161441 107.82481097218223
108.90226496702563 27.397763815771217
107.72436747765067 -8.545423993034731
81.72019228328536 121.40663040910782
96.2974786020003 61.08026699409104
109.66078065098132 10.421952578698848
89.47651508531568 132.6201911818376
95.88768465403776 1.6060140203540187
113.37944338404954 71.42085229329068
107.94297187665825 29.55040800100384
45.565121054939 17.710781912529896
85.53982513417387 111.75170663024304
122.56405398276256 51.03314580826054
100.30354278379082 9.268667870544128
8.458000171450971 -3.256055770875397
99.92856958650863 45.00543997369919
95.07356424494614 110.11099587232769
126.67297415866018 113.02777424123495
28.87164334289631 2.194534052136664
101.73617000370373 18.69796042914441
88.53132484218686 132.54818593389314
108.37525268859586 118.09620239196936
102.82030877477939 -4.639564867892361
12.352125806459547 -17.93673774817587
120.20912445022695 4.1515702814181585
91.44495539846083 116.06039153279525
114.33714321459837 8.787924648433146
135.78845519051598 131.58180393088242
87.3512031010719 24.827881169546213
84.29112777361743 135.65320933096763
138.3708988492957 30.51047823313665
120.98787501669865 -0.11769342493342849
61.55366962216239 16.923591103815664
129.1160143505655 119.65592240225591
108.3756989173808 -13.24957130566747
134.64061048178615 121.69147793074623
77.06550666573347 119.55586774804034
77.9872569886996 17.936317456322733
107.89046559172625 7.377751092942355
140.77415964668214 120.57226702673645
109.7002523196345 118.03757817189566
109.14315569238127 114.19307705370935
121.25094702131905 21.850849471336907
109.97954662128566 127.56593667322382
78.99377365358991 118.2100965596022
79.9798265705026 20.421868968398364
108.50136367075847 133.3186802736914
99.91011573245305 139.48652393211634
103.19356538621757 110.9395773639944
95.9274265165302 104.82643213942191
86.24347013790083 145.0065579074864
121.37923079431476 24.432648395128307
109.88228656754556 11.958973977245492
89.19555987343699 29.850322481936836
112.11684634531137 21.667222347429494
114.14389120716726 -0.13454110989996648
80.27236437354517 136.03393388597837
83.59723941000325 46.94885765560033
93.00762217962719 98.8494939954194
113.72344599520162 9.176708658359415
123.506059702599 10.735244261463292
104.05453622822561 14.036470255394223
62.62802457764237 135.42519402032596
115.00123094017707 19.842662589008132
93.10367654403775 13.920311207205035
79.00847782229003 106.59975122730826
92.23398668425281 33.51729229039235
118.37509987861384 48.43276337124593
128.86595534347097 30.83617398401331
93.5440624988651 18.338864306868732
93.75644488411517 18.49050765555765
115.56748331227226 32.257102773925716
61.28558942028324 104.3734296045922
139.59756516335167 15.184850453089075
142.20897671351815 14.425357446619493
115.11706990116889 124.22060128745774
98.5601833694076 127.8255743222963
22.581814043928457 -3.539798815506911
104.80947731902296 38.39236345466973
119.81941394835998 27.370022212232655
94.71450491638313 42.711512764133175
90.1653302806189 125.5531710293507
98.19310436009447 118.3221138526091
111.15138355416188 17.662317374282985
93.91290438496738 24.82501301778159
104.69419009971911 91.41066905822466
117.99442789636106 122.20699737517873
27.00420933799673 -17.023664277684617
88.40763752749648 7.134024518625353
98.8841497429197 14.881286234053317
121.58000762954428 120.76554201757801
87.51454262958094 13.538432291987233
104.59274082898236 18.752137819691587
122.6752617520019 9.895848559740651
114.85160989600098 -6.94393842587311
110.07839109354614 134.04470119118187
119.13899893862617 116.4774507766159
55.8740899079425 142.5116856970945
133.05068001694212 128.9301784667898
22.833148052265575 4.912167781314083
133.31796602845384 27.840826796279625
101.74583669693072 28.666632465321793
56.486701705987365 108.38847773704595
