122.17097492454268 126.09058416783456
49.26983545384187 40.92224408610153
117.47213618325527 130.11655387178132
42.84863196828316 133.21242000768933
18.051152489568402 3.1700575131750948
91.28505462156974 114.00015864139571
114.90806699739964 -4.590576584686758
116.34540350027048 57.813191283323555
121.1639705319674 27.29487941260757
93.18657383307641 132.26887933398675
94.82241933038613 22.485352019086402
119.88675206818623 24.017254930602704
108.36436412026647 131.72427222089433
79.44845191882526 119.82982064116491
84.83714849777967 113.303760136855
90.64869114604755 31.80985799869397
20.27860345410801 -17.55321074237333
110.47300012626701 121.93912657007608
69.17412758140398 143.6142942546327
122.8498819279422 110.38083119343037
101.28708024005365 116.4777744973283
91.46475274549412 -15.380875688641478
89.37913802974484 -20.39122259328624
119.06453409126894 52.44603593350212
118.37949397428186 127.92742720908522
67.48281696756258 118.15708773120339
90.08559073627394 80.50186719328484
109.77040741065437 125.79773466393466
43.27458941602372 119.2272085476344
108.0068032835028 2.7554423727047066
91.68490022385389 44.91929701201051
109.79019442232108 22.346082178233534
115.45464692309079 107.16432049900946
21.44056710961452 -8.189949892933969
113.67383240862426 117.27170853860225
61.742504947214975 106.07141920512402
84.24226843502623 30.481081689584
122.38049440530976 28.092539067252176
142.4946237018603 120.62692878634134
128.94377981721644 22.3654186610603
76.34810067849341 24.892093378716954
138.33462213955139 138.14487708765012
81.39661989219098 19.471921792193655
82.7936132475884 19.53743691338964
95.08876490600497 7.5329996812810425
94.00071265839033 103.23921160691154
119.0852777778351 9.410420950750332
94.43218010562019 91.89306560934256
118.43964779532077 59.76053471037765
102.9288918971071 118.55791077382227
83.05048455131718 19.469696939713884
5.220310200148053 97.50006894459602
92.49777119675606 111.52554856341193
92.51017859376137 97.99246099400486
124.0024019415404 121.01886269813275
111.2477011228925 94.01037683644726
120.78305809538496 58.63085878809731
119.28297705299615 -3.211657065516004
119.91204075793665 10.992420158608953
103.44521415033469 131.76453769324192
90.3045268682002 135.3310312583445
136.2014988518461 39.47224414309478
120.75723225048424 -6.37195894419381
124.69734642376089 49.30089199028796
126.8659154472205 9.373069531627968
93.96497846925442 -11.263616750520974
16.085500808046508 -3.259309353695043
110.51267930330768 21.432440995842843
104.37128964366747 8.42239196701884
105.98620799764093 120.14291191667482
114.63503208010101 133.89916515392383
97.93410821491774 12.574488736828364
100.58648531215171 7.694347635300834
91.9514991537859 108.40820418094323
119.96492846207576 42.400950435404276
100.58074470985355 104.26722277156041
143.2667949102846 138.71744394112693
126.08476344340505 71.23557292260593
141.21773635676027 136.76900455516815
123.02153226432901 56.13734546646255
112.73678368439685 52.269185591529784
21.284502953163717 136.98307331435706
117.72824449094666 64.8683642845406
90.35323805599552 110.07610449816146
67.0826748964874 15.58041577604686
99.39683395383594 -1.8738674905058703
138.12870919109432 137.1049137381858
105.46145084584757 131.15227686300443
81.4382318867058 19.717826408089707
111.5585249859819 0.916342185529795
18.358548729359452 13.440414305339777
99.47964613598286 111.2524964542877
68.1143326244864 14.61025014181373
100.47376621306388 110.8409331563461
92.73768561654703 29.941100413467385
123.1072571670622 48.25953615241583
103.91930355686738 115.82618589234214
133.79422434772178 50.01163475697754
123.68190756068142 11.039241552393158
98.27902077666684 50.58335290534353
124.68858527524324 -3.842755764646296
96.80484376120272 -1.7846911448040645
114.98075221742377 18.626443416118125
83.89361642151344 0.8928233509073699
100.83701466588795 71.00645437316757
116.29089548578534 25.090158962723617
21.889504268111175 11.205891881479442
64.08800363318419 55.695464930647134
89.60884968272062 135.45840361049133
119.12091336349373 19.22401900093147
107.17783443633395 8.827863872732044
115.5317448532113 20.903170502804382
81.40695756627414 -1.039625054103245
88.8507210937344 21.97426883941617
131.45301282894116 45.91090458231792
135.15874895654443 129.0944768040216
117.51295184814074 17.92824599981371
58.75687862463541 103.57578707188041
106.70891132854759 8.182459996538606
79.04565231976021 5.982680318691806
116.08097695533858 132.03184398217775
108.68514071313449 132.04499444260415
125.54425696254583 120.77536724689814
142.35149144647585 120.4223659932972
127.45183084546436 28.617409584231268
117.21885291608076 119.05666246750017
127.30939257618765 20.10421169657684
97.35868900646783 100.02841507696455
90.87823064378662 113.35046306663318
101.89137345710455 16.755354364155444
133.14123432459175 144.4873709639359
113.44147633348717 22.473064727946664
100.9439669131341 116.31209179350846
113.40298682891937 127.36109389492474
136.89938778900944 133.59667673618333
136.04381019367395 11.650168345756263
117.22119075280457 127.22278454186382
104.91882626876993 143.0323092737804
123.61705753559475 15.005410932652229
80.95194396355761 128.89799105471928
78.57528704178918 109.37306968032186
108.77846480643906 119.41405171004092
15.110705694491582 15.139212987838974
27.542618064975734 -11.619943418386365
99.93759091852431 -12.964264296929894
55.110724382630764 124.36532312177701
84.42627130465252 111.79888322618811
115.47054113176252 23.293066545820114
98.20780720912386 132.06045655972653
109.677929702271 114.07718297086693
19.40749001250569 144.07054536195517
129.22669982076064 27.574128697054217
140.90794580688924 119.50032369200248
137.0991135980614 128.44357809724755
84.94883261121366 14.647903822682588
102.27215619587346 -19.57494170466804
127.92361999284604 119.00115592457229
24.502547224897164 8.74862387545458
85.91116135103009 8.752891315886078
126.59322454321867 10.188346155001662
82.66286613020966 109.70903470424503
149.58880642107803 132.6569924558051
127.28518261126825 122.74913089604728
77.34486188063735 120.2952815396983
103.5953454053624 124.52625160586071
112.6749528833439 127.73649541609544
123.85488393571931 0.961403954886374
114.40719528049239 0.9597420691930718
84.94135268420474 -7.897456894471178
137.3367799573707 134.97369581219652
48.8956930670381 133.38123184211705
119.71812002709159 108.8214044612267
103.49340442236326 96.73338473018151
122.8454395140281 114.19456618112018
80.27730073234353 10.733415273093465
93.87846669154507 58.00496808109486
108.6943456759631 18.902921061396473
100.51351852354429 8.952481906587414
57.59634257355903 63.21769475311447
125.45971164069252 19.383112317559
92.47803865641463 -2.8041415357757082
102.42378080499391 15.436796716687962
86.68526900122772 51.57496363072259
110.82475601631153 123.73714964358948
99.98132822907608 -0.3036042711383429
101.70417489795508 10.755418189090372
124.252160011214 131.10501279284995
140.03586461167555 104.95943006950266
99.13955510885708 49.3371796462098
139.08785636141022 123.44898817138049
139.5842642524104 130.40570079440548
125.65349776612867 22.64796936859485
88.49653615209405 5.781749381585932
110.96830262436126 30.243630373634748
80.24567902340418 45.72701838671841
72.78064952106712 129.24721460212467
128.7109182614407 -7.989105018186765
91.6792204408279 106.24320382847071
94.6819751648186 -3.9992449082414203
133.43831872895444 123.88768277148033
84.11563802547518 2.1466809422446995
58.87775431327871 141.71167129630678
125.96287682626989 7.2347001231235755
111.118056568271 20.133699824493572
83.7356408914946 127.74409935201156
107.79022617022923 12.799523473578754
141.30284620411868 126.55149549016227
104.60242599137443 -2.4950024509121294
144.0431356053549 135.70193813721397
20.95287239647713 0.6247295545898454
20.378299012926025 10.86453512995986
84.503384479596 132.98271945315227
-12.038003947241938 66.52586874998929
17.144333924114775 7.465812425752919
21.494438053399406 25.609591621565308
97.3518462147132 101.87644940279567
116.23364959097309 25.65536139441199
98.72480670647559 106.69262369263605
108.98828141207123 26.01531961098344
107.73109298836351 -8.007217570050866
83.06318423924121 121.38816889454726
97.10588858772928 61.09629889798603
109.71821019319634 8.339314962769478
91.41537465656965 133.76214728607872
95.06855308709758 0.3049395186930888
113.13419729287844 73.73795033680754
108.07600577449335 28.61122985397383
41.530295323207994 17.72246098381845
82.36813554240445 110.77931282197211
123.0166279412739 51.22335121493284
99.55851542309605 8.808098554808334
7.711306279355721 -5.860872784836417
100.0590805384402 47.59242823834788
93.91049376811276 109.63901263260794
129.48287526146706 112.1351205195934
28.39410134131326 3.2436979096307845
100.52365948948864 18.61139435629439
88.2071023803793 132.4834495946702
110.7468859957385 116.85898435161742
102.83089984244091 -4.8760696915509785
12.643218373139884 -16.219337456846496
119.4866819878905 3.9489874648094525
91.14442124022425 115.9139217829512
115.71523119358338 7.8659836731280315
136.56993763799736 132.13489912526293
88.02814541888853 25.880856369726203
85.86502532549886 134.0665616761328
136.00688192883297 29.562703943958297
121.47314259137151 -0.9959351545924076
64.44208022552678 15.752734544376281
126.70228266906133 119.64740213804069
108.32257635531064 -15.84814917067425
133.15858200340674 121.57605283899272
77.6529369654946 119.54623027197256
79.65535663915789 17.796139688619405
107.75376102611673 6.476920225380451
140.0489085707737 120.59928600851497
104.27573184013654 117.45982061128066
108.84109006711694 112.83658828914706
119.36685530129071 21.38112849193504
109.82026258920902 124.81588432419616
74.55510510244557 117.01535052064659
82.5861341219354 19.266614018015243
108.76897610259886 130.7983405309674
100.34126204808 137.75334694623396
101.8878247893307 109.87685866499919
95.22046670764574 103.96314130383652
83.2172301355488 141.88159377019656
120.80907889278355 24.21943829231043
109.96861282832081 10.911834033931695
89.89129117524323 29.746573753183718
110.44558708496781 20.978659112492895
114.25647010941115 -1.1275848503668762
75.19268095354789 134.80842420705943
83.10311026530488 48.378661596331675
92.22646894801605 98.37281905197761
114.07700715401748 8.387591540542532
124.50747420659364 10.069242383239523
104.03801793628351 12.751402981246951
60.42387415440436 133.34471544325663
112.81189201872073 18.418060413096715
90.36273546885592 13.36871102852544
78.7005392414109 106.60182680873893
92.526815097809 36.61945141745557
117.79318208696459 48.875542463599515
128.21335270922606 30.565092184278196
93.11445663380651 18.348271876481565
92.17504716475135 18.398526715757267
116.65565825196643 31.682298476195108
60.67981548806479 104.31657298317263
139.47691666037443 15.040878502771138
140.8074081640672 14.426627071431504
113.82681194329098 123.64246457233187
99.1823740869052 127.25832307860452
22.6140615432742 -3.097162417803282
104.64406362144507 35.39375776628857
117.98214209552782 26.41639825189165
94.04196523644553 40.221361725663925
88.48223637080234 126.03394616101411
97.43300568603388 117.95691625152311
112.1636356853853 17.49531149134268
92.64598218994675 25.18293910411253
104.89542196933351 91.47621493520386
118.65770231252503 121.69525635478021
27.005938806205393 -17.04385145231476
86.2698242633289 6.581012826186278
97.96738316911437 14.418560568074755
121.97085365348637 120.78942057809576
84.69315256267379 12.377580344339924
107.38454995135214 18.48432355820041
124.06893053044914 9.229244180907802
115.04561297631314 -7.09829503611448
110.07813403394769 133.8564515927163
119.41769080077368 116.10513769348248
58.253190566995535 141.07335613146915
133.08364821363924 128.69410009374832
22.655884887427 6.092725868486922
131.9761090822264 27.61409784076378
102.697708670513 27.184278532778098
55.46084365183799 108.89091619399827
