120.45564014486298 124.48267434399598
46.18174235725195 40.40922191761857
116.21967738523826 129.0984385994675
43.43580730579251 132.02428679693406
17.861738295532543 1.1988590109154356
90.71997576176273 113.36974118451205
115.19934750181659 -5.636822560264095
116.28686735636775 60.719150497883646
119.07209236658153 26.63628686258323
93.47630791987926 132.11766856480148
96.8455618600457 21.35302093803262
117.5363716804543 23.242550274272137
108.49748510192421 130.6854192095235
79.83175913098874 119.81804365290161
85.01492176855415 115.99073301265558
91.19413503160861 31.649554871098296
20.258280062513116 -17.368338804899256
109.60663377605901 120.7793617844283
70.67670344072798 140.949665159669
122.30488759705942 110.12675305227387
100.25160972343836 116.081946773412
91.2783640811017 -16.487590889097323
90.16082996483912 -19.87605860913122
118.98214785798987 54.30302563723794
117.99841999934011 128.9176554270151
64.37883997403344 120.28971752678024
92.43822851661254 81.9738175319006
109.7301625110429 124.82224947321143
44.87515819482428 120.11589434316879
107.94575249330254 1.516482368485581
92.89488872465219 45.21100581266511
109.60114536637195 21.069714986010506
117.86818005589146 105.67630206850653
21.503658902837962 -8.671903772184779
109.84049528344482 115.7194411075982
58.14671049294677 105.73205997571597
85.534305830637 30.412313222176838
122.76185284474327 28.175467938458404
141.7919516547821 120.61333635039762
128.09220304988713 21.86726931440501
76.73937053141087 24.509125477772823
138.08052714420717 138.10946416877613
84.745138702284 19.662297103721944
81.1370689274357 19.569880834478994
92.05798894878222 6.92487226675042
93.69710855787612 102.96551510388605
119.58225133297844 8.160535178061282
94.81737954720971 95.3869965927538
117.72439819454709 61.372538190619984
105.59135799972559 118.81712430083033
85.5851813545646 18.41483417309332
4.996537605282919 101.20203220823949
92.30511474161429 111.80765802644147
92.06131867271723 96.94100848252968
122.12604205850164 120.4058399199359
110.897914952696 92.59017839489897
119.65856655221057 56.19536587459416
119.67062801198715 -4.387270073453633
119.063631406041 11.583514964179155
103.67969676022439 131.34284795460368
90.68448407633521 135.3817085224577
137.5779101984486 40.0742347359005
120.6758723172225 -6.121694946670736
124.53176703551604 47.93256422590741
127.04850273884738 9.122826788921461
94.2725305131946 -12.157084320936356
16.083253141602636 -4.110420867021215
109.71172943796722 20.94822997631882
104.45878072285362 8.073266797490486
104.48720843855412 119.91665263441043
113.84377267737047 131.69022500986347
96.29354383713871 12.059340685344065
99.81459190563726 6.894901521132806
91.74812350065326 107.96408445154984
122.08054227108941 43.934756106260174
99.48815726591965 103.15039911993323
142.05498476058224 137.76121354663954
125.66446607200236 74.36524866590065
141.956929396134 136.747705603019
122.70835710278442 56.24441185117669
112.37427482806594 52.2591087315557
20.865556312065525 136.5979953710269
117.27591065271942 64.03327225864344
88.37152399582935 109.02198956643605
67.55607634240886 12.010963450480606
99.16892568913693 -2.701668832862448
135.91302286003832 135.9395677793825
105.72346943608967 130.5643726110082
84.07691716431077 19.796538260953913
111.73335335901676 0.6844138552258776
18.180916253974747 12.527919022361406
98.89185779056203 110.71561188680785
64.94179401746433 14.783020001812345
100.32782633460494 110.48904872071017
93.59066615759347 30.322471472094197
124.27319341067594 48.570968990564246
103.25006780862975 114.89086657744635
133.52158452091814 49.28783335638348
123.23393484057021 11.35295874061623
99.84475636329583 53.510917023119354
125.02441125808258 -4.10714058165435
93.77695682259558 -1.896756992246522
118.80042441170924 18.44557629388825
80.71986568824155 0.4834641644114144
101.09162647921471 73.39075454423744
114.83235213110672 24.40055136097425
22.156665030662047 10.754309850956064
61.89940244261968 54.58703463511124
90.44667644154897 134.50869558367503
117.87805814102349 19.282735661445226
107.24912168661895 8.003748390919341
113.28108530649305 20.114950045523678
84.55657805455667 -2.4108950181994953
89.10332403392033 21.98971236761977
131.63465663560316 44.88913244649279
132.09936906458768 128.23119942371912
117.7185424196888 17.862068942390586
61.82867648193306 104.30289888517957
106.43123943150889 7.187803361564134
78.68718041846311 4.715676913615916
115.04162924183476 130.22610229705862
108.9094469165088 129.31084412744823
126.39323188262081 120.6070266200191
141.4625950235 120.4010253762069
126.45109943465454 28.120481373861466
114.79432646464905 119.29560816982149
125.32093625446575 20.05511644563615
94.48920078119062 99.56589705030223
89.84467485998765 112.93953225217433
101.3977818795046 16.656759151427305
132.82759594715938 144.20995080390242
112.6890467045038 21.964362715034206
100.44195980895167 115.88711288656437
112.50209359407843 125.915874255474
136.77331275965818 132.97559917017358
135.1522773237666 11.945689011327671
115.92049863858774 126.42039238641523
105.95376737134379 140.31886755968225
123.95078479043757 14.958620950939109
83.62175060054489 127.69129849052331
75.12280906458082 109.1282239245343
107.58612762321935 118.7656322301656
14.88394262714687 14.870929154514435
27.265105656246394 -9.996096750059593
99.80156156290354 -14.592059749126609
56.05772028158006 124.11198457617621
86.04442205787659 112.3688047666201
114.43509324651015 22.668846877642817
99.17244716104025 130.775974699828
109.25988854610404 113.07105741528483
18.936435577082026 143.18058652848345
130.4889923794311 28.118607311771214
141.42726437415985 119.49635315723424
136.7802474376465 128.29055606078
82.56321208530812 14.391031699570416
102.54502525178911 -18.48396675092792
126.89863236358894 119.02817769400892
24.524526961848697 8.600991289930297
85.1688275197639 8.236842139787658
126.27733142493074 10.332549060504556
81.32992752145934 109.24827175766313
148.64961335318515 132.2780112858249
124.90731510019484 122.50686935112279
76.14790010149461 120.28348049638863
101.80336908221675 125.70904688321521
111.77935656321307 126.66367831396407
123.81431683152532 1.2958159425073494
114.45368038467285 1.4106671321952509
81.7381050152222 -9.232104140977743
136.64363151969775 135.01729100719655
51.336754200227695 132.7459392016031
120.04799465195013 108.5175766017115
103.66486108636033 96.36009229767673
123.0570151605416 114.05985120332626
83.55135522278415 9.494861455606543
94.55544826214181 59.05897298129331
108.09706770235783 18.265138618101986
100.19463901570542 8.626121747583218
53.443508678795716 62.369567215239464
124.84163897931352 19.442207414178586
92.44224666316859 -3.542060503422681
101.94889323328968 14.231401556888313
87.66896186677664 50.65696465477036
110.38762670916462 123.20026274572773
99.16551360190168 -1.2475325493808191
101.1377726076482 9.799051228939353
122.50801656554258 130.39271839748076
139.91542121407076 104.59501629850371
99.01923465255935 52.56613831243094
138.42051557805806 123.35422789489611
138.5053894896119 130.00125377553908
124.21090688521016 20.249586210748216
86.20934143835478 4.653298704882884
110.87698039056819 29.411657636196686
81.77412005316349 46.480876917025896
73.72030561844555 127.35054201848429
129.2226382885439 -8.612657362651742
90.78960531332335 105.90405095242913
94.68218000617092 -4.9612946845027395
132.2012540585483 123.39056944531198
81.64771406939238 1.2060851406203292
61.2503855349255 141.15150154441005
126.51517133491078 6.41509346121347
109.98358571254504 18.93368364517277
85.08102760143736 127.54490673292783
107.54008458769941 12.302019284358828
140.1741856397396 126.32902089729588
106.69515881634041 -2.4366233997368747
142.94370439752885 135.55453712980582
21.03417411039878 -0.11448899042814986
20.426790467715065 10.031763206111952
87.22079615888207 131.124059722348
-12.54631409039399 69.01981990334352
16.818865620176968 6.067226305279288
21.160573998758576 24.751852780266216
97.13525215553605 101.6450607228007
113.58986618192233 24.943672431137482
97.76298845845193 105.72981520423969
109.08602056701791 24.552506455294647
107.74975696349239 -7.289865632615828
84.70101694498979 121.35708863859186
98.06056268339223 61.20968658165212
109.77361422113209 6.311183769877955
93.6463631736952 134.72191677798358
94.49364474989062 -0.8008716957363577
112.85154307249186 76.0241360569152
108.21719632200904 27.55277088850455
38.06710598162923 17.75125773750501
79.03740659613379 109.97394283556909
123.41085656169945 51.999009389669
98.95698665450237 8.44673930274934
7.034617755336066 -8.281185560126623
100.2131239144648 50.224783299815186
92.83356280935503 109.27436785334979
131.94316497018042 111.35633590248517
27.82329622917131 4.40670574656047
99.36235555501013 18.527959933742306
88.12972402424055 132.28367631404907
113.09570236134397 115.66661021174504
102.93369985328852 -4.922732682670277
12.981795915520388 -14.298865847654845
118.67918940571373 3.903311243909564
90.97894254556303 115.8069599151242
116.98691033791621 7.099715967531498
136.93404154247875 132.6264755655857
88.90143363679123 27.70313764634839
87.37241792177595 132.352658061888
133.24592751420144 28.523133605107894
121.8929025042236 -1.6234954079054476
67.35108150085749 14.622345956756392
124.0226874536769 119.6395679484028
108.28702780276815 -18.089256500523156
131.47736934153394 121.42947603663535
78.69389085082217 119.53765336348036
80.85999714589357 17.678990922065534
107.63225559446207 5.723650454718617
139.0545305914156 120.60287093269376
98.9306972158356 116.89046709637074
108.54998405165215 111.54374942595888
117.39704646964046 20.890764266404425
109.66064929777735 121.9982959979213
70.26795608190587 115.85708515922406
85.15903374181686 18.113523411938026
109.04758498054494 128.12643696198998
100.79231766245198 135.86224161443147
100.60072560256667 108.9215184729411
94.6717525664346 103.14994665877595
79.85013579252112 138.453740889418
120.145279128938 23.98938625928722
110.04838138384048 9.937888577586278
90.68480344180666 29.557719126664324
108.75870534063523 20.279198979688157
114.33360735121524 -1.870651323344194
69.92498131171543 133.46677605833997
83.02626314674379 50.06892661260797
91.59638256863052 97.9989664686578
114.36994033541507 7.699527830334407
125.3861527030877 9.540679432426693
104.05823016013332 11.556357554211022
58.22708695694854 131.0660748254134
110.59185063443135 17.010506134895753
87.15874097457935 12.891444015245526
78.79998679353598 106.82274686388914
92.99945195641693 39.72135639908446
117.123821973877 49.64189595219448
127.39918408187295 30.173820400239414
92.88654282330835 18.362578556033444
90.19312125761465 18.3220162130847
117.69003821885802 31.62025902995572
60.12112626921024 104.45174730390131
138.8099028931702 14.978039841269803
139.1767456751971 14.46479705218431
112.49604367960441 123.02544644862077
99.8684926032479 126.58699279823551
22.597852995330882 -2.398914191672293
104.53095807195903 32.6846729158751
116.08511778190163 25.38194876994345
93.52143296691025 37.96041028607948
86.95806831450976 126.43671838565011
96.83682748668603 117.59791010645425
113.16372600360178 17.331085307250955
91.44553960092198 25.484330083126217
105.11576490374853 91.58545580544343
119.20048376466242 121.18855503639296
26.90887569709099 -16.67570397260876
83.8272068721978 6.256857329175217
97.22716314409016 14.000123393484408
122.2325366176115 120.80128498586066
81.68030451229967 11.283609748353562
110.18243646560222 18.228152666365556
125.30428230485704 8.65927810506371
115.176415115909 -7.005757661224941
110.07522480469164 133.57822347947663
119.5566237241713 115.74882470403705
60.57163729249251 139.5251836842963
132.84431680974356 128.4041662262438
22.450755635625438 7.360155924649497
130.31204024808616 27.282771051022173
103.75442893482209 25.627143862952472
54.487113753329965 109.53846331613852
