110.95270545615682 116.06758789995364
36.95834524440574 41.89514844948998
109.33432560042247 122.47614055110337
48.95941071641292 125.17537457909195
17.093688516407987 -5.942298301160392
91.8391692764757 111.52678876992694
115.70645461743845 -6.427804032285026
114.8822614105792 75.94357410529648
107.28142974658235 22.304098951789417
98.00752585204758 130.08423967083772
100.15911765242852 15.664542939062503
104.83093253496517 19.071073494556437
109.32234168780964 123.84923770849882
84.82774095015779 119.7530338503849
90.33181057551444 129.753394080522
96.71393726689985 28.958059334512015
20.095753752515083 -10.767175474070049
105.47085327895532 115.12446507212837
78.0371585544152 123.92140976351698
117.99617699141503 110.43038818602305
96.59958430606564 114.96707505435998
93.09442380108916 -18.554471972235493
96.7663115972931 -12.336824842571122
117.0269468953193 65.77496185171405
115.09614772637003 132.72290986850936
51.481022402493515 130.683093719231
102.73010582700651 91.03351714488642
109.5464261905835 119.4021238305697
55.77220683473872 124.95034880551883
107.82647512704227 -1.0512769262750525
100.93389830185781 52.1880419059351
108.68797389256795 14.742245274375698
128.2913933129748 100.09363103050542
21.50510794354246 -7.133236285408323
92.03928871605407 108.65568345644255
40.558969364246785 105.59529413488373
95.70301958489208 33.58293447025191
122.64717687217745 27.418225634114474
135.1321630841958 120.38216396884661
121.52399811651846 19.152815602982642
82.67124953025217 29.099289154452006
132.9245099602741 135.2155469805861
96.76195969069285 20.51443355300441
76.8023066104237 19.729168615460644
74.0497740852623 5.507869837916871
95.2960352060627 103.86284596859976
120.48829742662443 4.314825864255892
98.46081484616094 116.32356423245992
112.55964643070223 71.44789703358526
119.03769685608533 120.18939970416325
95.31665981628083 13.359189534582496
7.117917771318468 122.57755404474936
93.5659624816049 114.45706161354789
92.04084206281775 94.683076429675
111.9851947875008 117.34203001026542
109.43876580119274 90.1473245022567
112.94654780237138 46.55790317752239
119.81169894322538 -5.9774681408945955
113.2682303411623 15.614636793424339
105.7429377024212 128.4001749780418
95.55642105958796 133.5969549207572
140.99094046400472 46.350597904727714
118.36568105730248 -1.256757386344711
121.81489368101956 45.76880639607724
125.9411933418319 9.569348819336984
99.6485172459644 -11.50627092465186
16.39808676193993 -5.322254689806625
105.80472163909279 18.40844605504067
105.83559574353274 8.769476420271543
98.10014513653127 118.87810269583767
109.41257575776947 118.73326735620122
83.39151319596799 10.855733353293907
98.1296353745538 5.624648104526245
94.23312215769151 107.20351137538174
131.11926014772442 55.47917030588129
95.96117965543701 99.41183388334424
133.11598591780066 130.12310594100305
121.73304841042886 92.42974387142029
141.58422489518935 134.2663431233109
119.03362654612671 56.66920955147201
110.32644919526166 53.69451938332477
19.73443829816558 132.85095121036252
113.94934415725685 60.84266737320216
80.65879731587123 105.73575398006624
74.03414899295144 -2.911209065854372
99.55579301254257 -3.1365145899062457
121.49022982673509 128.773274083744
107.70607299253417 125.98730899715085
91.26226078351638 20.148524908439065
112.2548208282333 2.9899557925238094
17.516748758535115 9.067579591771322
98.28239507756714 109.43640001739485
50.9604435613241 16.287797198854253
100.9384646917388 110.10658687929342
100.594443158271 39.813570294173665
127.9771272561819 49.2655539426714
101.34147077881825 111.04695950851756
127.21068110408567 51.00794298063404
118.40175722150768 14.24740689566578
108.60009005149236 67.64253614114945
124.97522761924361 0.1380100946290892
73.51031790747972 1.3082328476933762
136.09083753936045 17.801831890197434
61.719530743345146 0.5609385906851301
103.25226840058929 87.44222156234102
106.87529903671562 20.408264589608336
23.08087197601678 9.687339903331141
52.038828061626276 51.1753502535511
97.02040891170888 128.3394210879897
110.81649053003146 19.63289055483813
107.78740039179596 5.51070488043625
102.02453652187322 16.280991902255437
97.31882481888702 -6.776029421520015
92.99946198487179 21.510563492906506
129.64772608413608 44.20795273995737
114.05307306322418 122.69224084171383
117.54675749411851 17.67957076840059
78.6612007545261 110.4880131202746
105.5013912847778 3.396834277936282
75.89794968357995 1.1434959760953023
109.42877825943265 120.20450131806818
110.17849420005568 114.81618813606474
127.76583806292219 119.84616825195918
132.8703153725541 120.1874520651821
119.45687540038422 24.119735218012757
102.41868039647053 120.48538150138656
113.83123497613379 19.749039193233706
77.64813188824917 100.76933411028311
87.21461096788943 111.81674131735681
100.01272154117555 16.75168474078536
128.23804740138317 139.49337990897624
108.8247940413818 19.17716642150529
99.33443375232864 114.74383576240416
107.59839805931207 117.77729637714539
132.7920965229811 127.97785114615037
127.93234341604987 14.163063356945333
108.37327611975013 121.57311302393141
111.84280860173753 124.7537394946826
123.66855134503963 15.292706370725638
95.76344137221137 120.8639729493486
59.121289549890655 109.19140216199608
102.35832636743453 115.75067995190837
14.373451150910261 13.95802345284112
24.948330202256148 2.6817928902836
100.23871054350809 -19.088498479607455
62.096231053938155 122.61828018888295
96.8817685539833 115.75187266226527
108.56633586951364 19.24836025520508
105.82757821095166 123.11765133216458
107.5362353130324 108.8380299455687
17.75640841844616 135.74935734762946
132.8211484907363 37.462956988236954
139.14111339020866 119.50527273556924
131.4815807471598 126.26919064561824
71.08517113618748 13.865876038976598
105.4430169434034 -6.761097733279945
120.0660259493574 119.24442269542014
24.138005199093083 9.726504453301681
84.94288667915097 7.32149142759845
121.82455296655293 12.522101625936937
79.80440350013353 108.72801862809399
138.39363014089184 128.87952438167534
111.45684181443934 120.57993818668983
75.6519286856464 120.17663379984232
94.19518016628176 130.81296153814012
107.21419758126808 120.68025073672246
122.26951654230606 4.9400051832181715
113.89339233803128 6.559840063749597
65.06194416470414 -10.498507833118314
127.88180375616562 132.74390999023586
67.35581591209463 128.19128928520612
120.16655161293858 108.04559491400832
105.15230613760164 97.91791836642307
122.23999428218883 114.47760721872287
95.73922555838189 5.017214505300073
99.81982548379146 62.615708134930166
105.427346511192 15.471732170483522
99.94755766055579 9.447476559828178
34.626116249272386 60.405324167411706
119.49687795334883 19.689265641490557
94.82879383425056 -1.9146342393279476
100.97872791482418 9.372619069241813
95.07931118451151 50.352007795707785
108.18550248363435 120.21252608209365
96.95936352450192 -2.4777265119602627
99.37386484875933 6.519322967996068
111.97885861558177 125.6751144191798
137.04485566129 105.42623959537995
99.96360484306065 71.03103015114988
131.8996177494278 122.54383183013974
129.04122693107973 126.92636856212192
114.86807220342891 8.508449681892706
74.76719564273296 0.18084093336231455
110.21048176908403 23.95095956251872
93.16041378352305 52.86026859436353
77.42685203511023 117.62315045366094
128.45648725100716 -7.406414637624669
89.11230798379125 105.96664787456815
96.4548664318186 -5.568417737876842
123.97887626590975 120.37702517766161
65.61577079444498 -1.1335759757738195
76.34644124752319 135.32448657205035
126.97106386146262 4.532833438816394
104.51949767496289 13.138941762582514
94.93579378450659 125.18970625093294
106.69102056392548 10.960047374660832
131.13408162059366 124.6494357130263
113.7308291034156 1.759657254439487
131.818917285233 132.4965442472476
21.28544120394694 -1.8466252830032703
20.539096636457117 7.379904785370883
98.07173730884013 120.71944079709174
-8.651156757734332 87.2919527327741
15.83136527141992 1.413511152845449
19.37022416699045 19.581851515605965
98.01084774377955 103.50618451858787
100.28378219565009 20.467420861222408
94.4734652863721 102.76223974904741
109.68908458004044 17.00342190871435
108.11114522348083 0.4463433137470936
96.5803858284712 120.98833779603787
103.75843101019096 61.177248092173286
110.00336383988687 -1.7649351992351952
107.31973495969586 137.48352659452343
93.98679689578239 -3.9041672117254653
111.0945493064558 87.22355642664293
109.1142766503383 21.332697845873422
26.541718369176284 18.07497218428033
62.356381894246596 107.87183869703559
124.53547214027955 57.66028047069683
97.55122577849299 8.942146109719355
5.554594980704997 -16.696319301748062
101.60866900555173 66.10612547521772
90.07097542460662 108.92126953799897
140.88594504141975 108.61883142135643
24.019218733114837 11.720374387646011
95.60349010051077 18.26751478473446
90.17515401529093 129.28353977346163
123.58170124701226 110.38009213262187
104.2235794132794 -2.1367107013995827
16.06656403805231 -0.7085951457092725
113.37844607424834 6.301918753409457
92.2444123971725 115.98861486034396
121.53798080804305 5.283095822556583
135.96084581336967 133.19346277489478
94.92996064870448 41.300902004996736
90.70381695262925 122.7542727878155
115.41611144668961 22.17543467855777
122.43162516663335 -1.3085547146669225
82.17294614923554 9.870586576494372
108.37561779150471 119.6342113688928
108.2748113955603 -25.012033356664126
120.86493882384167 120.40804513483978
87.13292291885836 119.5407904587189
81.06176676682935 17.386441608887186
107.40073984927072 4.316437593501363
129.8054355905007 120.49934253826031
75.243170012963 114.4037844267279
107.36005557626689 106.6703970619559
106.56387571679507 18.30389154299203
108.88716085543236 108.02102727736566
50.157349090727294 110.90420737623978
90.29572177851044 12.758702190875338
110.46431099796257 114.15263272877904
104.34641333984544 124.45795760797151
95.69433352468153 105.29575734263224
94.91310437893367 101.97600204763694
61.08718990379637 119.01441417004659
115.55112574866402 22.213353477754616
110.36879950939802 6.433161399534623
97.48182608147984 27.070873001892174
100.67660842249671 16.85431431795097
113.93407065833334 -2.0075282219593262
45.99987353262695 125.24331328879796
86.16650509181491 58.46618368170712
90.85734357080771 99.48641331236934
115.03601216621574 6.033246796906624
126.38339267418729 8.325931327893324
104.53832009554743 6.876571427444404
47.31478623764136 117.4269384539015
99.83973558293211 10.520893585131619
65.13606663113981 11.363846273230509
82.94762598410078 109.65606787858823
98.18783440525095 58.72829264362144
113.1396447628884 53.12047269408582
120.64559696607749 26.76499727112376
94.27338212969364 18.621783535516695
77.49608603485675 18.088421311656425
121.49798739982819 36.76737497844122
58.380492503925815 107.42562952963394
131.02424658711965 15.77233313360696
126.38257275709418 15.413116929252741
105.7479127956587 119.47463898031778
104.64925084280337 121.91752325865808
22.068721393697466 3.495348459639553
104.56636869619055 25.400448655205228
105.75602899319794 19.679750079458856
93.48813396736304 30.58879572993709
83.4851250615762 127.21615198881024
95.16465748794022 116.10380038900686
117.2541034360474 16.834529640745124
88.62179642070187 26.30712288715527
106.686238428289 96.4148468586351
120.26508910823192 119.19669792385601
25.362145129131918 -8.370248904617497
66.66679071769138 6.625848771278762
95.02637314632847 12.863708062313055
121.39201100509142 120.6834504118188
65.46982940433614 7.2027849823927825
123.42466891032633 17.102269481682654
128.42652273729266 7.296993767566555
114.66262590195635 -2.6911596610997304
110.0410028378522 130.3452579571204
118.91756905271814 114.84220097917512
72.1941144963732 129.0414786756172
127.82153347260422 125.88695910561508
21.05627064800411 15.158714647939327
119.49657844818964 24.226718194721172
109.97592201821503 17.204803275260687
53.05784442509099 114.65896921599554
