108.9614731946038 114.45070921978842
36.37910149201477 42.77616853337153
107.9444358950113 120.99797113335107
50.679582166769364 123.6580523781632
16.969876955602984 -6.566854420929663
92.60490153494753 111.42618389893023
115.58731618375967 -5.778047090503293
114.37878089363757 78.91410481427181
104.8879026789178 21.299239109659634
99.3423998985921 129.31934110608333
99.67831621849507 14.631382990944466
102.31312586609806 18.22135070444196
109.50472038578059 122.30976187360744
86.52257312522296 119.74019063239119
92.10112741833767 132.4112152105398
98.16497765489262 28.029061602415133
20.04860655252534 -8.43080290057274
104.73398983650462 114.12131305599286
79.12720691797368 120.18462339687177
116.88696123449243 110.84988624558332
96.16438505525612 114.94271524780818
93.82231966257125 -17.89603282851305
98.52863726281397 -9.71121103141958
116.4335343329899 67.96637153060512
114.38373630898658 133.18678675737763
48.955954157375174 132.52878028012753
104.51444445901002 93.7458341484886
109.51587973280253 118.27670112818834
58.31041161604839 125.90033654972574
107.84028742397983 -0.8617261154711144
102.86309881300093 54.354708192592575
108.52246511143922 13.571712910149044
129.92216831669356 99.47332138593656
21.414648546066047 -5.966626032528538
88.87396706796129 107.4527950741143
37.23892648106572 105.87526537945918
98.13467724446461 35.27913616765922
122.26421737703109 26.986667753860193
132.92214854449125 120.30277328373151
119.78724423099565 18.593198285427302
84.79840318777178 31.44033212881963
130.98925488979086 134.1617475593125
98.21412376431914 20.656032024369598
76.78945620870411 19.756181510427183
69.89504974830626 5.4851348108714735
96.2896997212503 104.65250788392889
120.35555987322488 4.024519699636032
99.5296674256521 120.82896756370073
111.33458506831674 74.35529233616991
121.57936824504412 120.45938970498622
96.41714260489269 12.433159048613229
8.201550380050625 126.99829604151638
94.38841169420414 115.18374651360925
92.3914082993466 94.90808855454833
109.88440456819838 116.75316279738983
109.25911664125229 90.32186616905436
111.44455963325302 45.47634639380684
119.60297047168697 -5.336966507422019
111.9228239765648 16.57366110806604
106.30876281559658 127.55398893404717
96.8706361951966 132.97940949887519
141.17787805729765 48.479006538825494
117.59327725319255 0.5945487167153176
120.91095854520307 45.8633369976128
125.27580952929813 9.928701068974686
101.1086693407683 -10.371249586405757
16.536333119457495 -4.804927816388602
105.11003495833883 17.907643695183214
106.24370810695291 9.243013014542488
97.14806263589763 118.70755970262302
108.50338919318168 116.05233070647255
79.76214688716811 10.798999812139256
98.26004605254234 5.704907029045878
95.34725431815117 107.46754212098767
132.37505246940552 58.06915145111168
95.80148769000323 99.25322886093738
130.83730043219424 128.13348429216265
120.5957601639111 97.04379649876499
140.31608776048236 133.45890966280416
118.03911134567721 57.13887663328882
109.89877892611693 54.51137515937682
19.670859154022647 131.78065451788893
113.13754279374753 60.496487931764285
79.55170738713338 105.50204138247233
76.02465009334782 -5.015430050557806
100.02570469483841 -2.5011367100086592
118.04084888544836 126.97570334608113
108.1902238721568 124.82425926628518
91.66304410045858 20.201778790160372
112.26162072192649 4.0734736080759895
17.44325065295514 8.640230818335377
98.55675718036204 109.45680233181213
48.22999826863283 16.66336406974191
101.38743071111695 110.34531993594993
102.25955093758498 42.87712246181389
128.24084710343547 50.04814940431197
101.24878745078907 110.53979224914498
125.29707896997299 52.2180066968662
117.0417286672448 15.064093285716485
110.41810115018916 70.83394851671073
124.42830474875319 1.7244228749843051
68.68719175123584 2.4777153858636263
138.82757449130827 17.747982121909743
57.35889344678108 0.9726283611974107
103.88134014608639 91.2233647530764
105.31077167826348 19.558913109240166
23.193210438042293 9.749592423747277
50.726828380471005 50.38676418053685
98.95223644423861 126.7159235624612
109.31160904991441 19.710167107585267
107.91431571364045 5.418673067059953
99.89633467134438 15.603666527220224
98.54052781178612 -6.839290608554592
94.37162128727338 21.310499240925914
128.57855088985244 44.775383354929716
110.21380145876586 121.46666358508143
117.28242786450461 17.700434471143762
81.72818615463414 112.09157567008178
105.42270351437436 3.1377392442415846
74.55548415898998 0.8994714810770482
108.27982695668804 118.140272415014
110.43242322385431 111.9606319734953
127.56628314762887 119.72686112993394
130.38166401469937 120.12910399576705
117.74484554529022 23.146592541882956
100.05606906723139 120.70473162165268
111.26476387610153 19.67795742152116
73.57397761957832 101.79551297278313
87.12998903729164 111.79179938983575
100.03211161754645 16.883757463841427
126.735344718012 138.03415119285032
108.05146430606567 18.611228574295414
99.40255049102524 114.68437020760709
106.61530777813456 116.10316777288415
131.13732583952745 126.62541272983901
125.88219821094725 14.778637145116535
106.8107157681117 120.49565092922148
113.04666142589511 121.45309653037907
123.12944545466998 15.49214973994387
97.65460439686478 119.38256806730094
55.91109175335261 109.48919313884412
101.45107697838264 115.22723882089798
14.373630973605792 13.91841197775024
24.385859795684297 5.811661040973304
100.54027826774856 -19.204280624968785
63.37125057514785 122.2861484774749
99.5485263875284 116.51976205036748
107.3776977562382 18.55942795723597
107.38200236041283 121.44828268333428
107.32126632445353 108.28472930454639
17.75272456653348 133.8802690620019
132.39085162199535 40.23913511836697
137.6669538354837 119.51208854549296
129.7324292785364 125.62182278425402
68.84195155127016 13.94954055796781
106.20067296132336 -3.570812917143641
118.21657240745839 119.29992085688808
23.900192124338485 10.294645919273997
85.71490252353658 7.399227434747793
120.49742801171695 13.151969392988079
80.4858588056129 108.9332511678226
135.42611483643827 127.85702856796884
108.66667296488991 120.10915418920612
76.68253723766894 120.14094661685628
93.06872560356338 131.59405994140423
106.33326227634782 119.41171272342844
121.56776207470595 6.266670483243892
113.65401701017379 8.068961785876226
61.896111068598046 -9.658657579530352
125.53779953079291 131.98491313995217
70.69729256563 126.98915312069111
119.96445275986245 108.19036108104044
105.54810304059617 99.12835514891391
121.5685359250867 114.75687233499521
96.8055944460118 4.521070691575209
101.14483368499832 63.50724570474637
104.97384722580239 15.023793129547983
100.13702115545668 9.851861781688095
31.28976932865173 60.89074519829927
118.10242533447581 19.721791145024724
95.69008625828329 -0.6879940889365646
100.97492612911147 8.679737721100905
97.21055054222401 50.44138307021435
107.76446476974887 119.59358940073581
96.97867461559792 -1.9027048999757317
99.33233522994482 6.214897354017382
109.69584808672556 124.52718969890861
135.88024229991345 105.95204413276764
100.40842364934704 75.27406519100364
130.12434234976823 122.31095347606183
126.56224720699025 126.06863683174201
112.75797909783648 6.335872467980446
72.35476978460876 -0.40744434377554684
110.05615062250398 22.65493248842581
95.96703137293586 54.449654219922785
78.160373222052 115.74950118028923
127.55268179139698 -6.221839270277969
89.3890162278655 106.33935566329407
97.17196599638895 -4.7463092837461245
121.88029467837046 119.73458976098095
62.210048547529745 -0.9150488830701418
79.60961574284774 133.6665899025863
126.38241241955582 4.534524141182022
103.51092158509452 12.071620077426946
97.3577890215074 124.53484480291185
106.6036421638927 10.885567837763954
128.59444249834706 124.17333106677701
114.37020787041412 3.5005805083006
128.67322451872786 131.41777366854348
21.306074150122704 -1.5180545805857442
20.535768954990203 7.164782163432888
99.48834758833723 118.5305832892694
-6.809166320333171 92.03284742397925
15.770129053764062 0.9754502103631766
19.009216680530567 18.47865904907698
98.62199024361036 104.2810470985486
97.83367129145624 19.494170030791203
94.19765163248863 102.5725666168812
109.8155616741073 15.499714669028924
108.22852742819992 2.5556461798031114
99.49421495604678 120.85427373832832
105.1175716771169 61.08283247157624
110.03786527615256 -2.6549671143799523
110.29694135762745 137.53251573293744
94.18640797282053 -3.8324293703953614
110.68938333430452 90.26652031871953
109.33477910229792 20.015482698271835
25.23487096864018 18.173649432220525
59.04643427848334 107.75845352350701
124.49371184004102 59.18560017956442
97.6248474536454 9.435699862871118
5.60265951270169 -17.655446309491108
102.11154701908835 69.83310038313435
90.24853328640343 109.17884130521884
141.96769466326953 108.35627832793969
23.122025525586793 13.37648308019643
95.25254295644112 18.233615557528754
91.12981501312554 128.39731440081567
125.36102550058907 109.61283356224469
104.6656557844024 -0.7687238643724068
16.897604196721613 2.777568162754181
112.08227971846404 7.288364223299439
93.24860256588035 116.21724667955478
122.04822574456361 5.182294142363948
135.22357927923696 132.73134688709283
96.61051951042221 45.255919882178254
90.763742364296 120.76660979030304
111.4527489767464 20.755658682514234
122.23157650303153 -0.43521446896462246
85.10083950536058 9.17223359185649
105.08601936385192 119.64012686056908
108.30776874254896 -24.9211455400409
118.32822190942426 120.16280341718269
89.64635555629918 119.54935325283991
80.56299121684695 17.38680779630667
107.44148461600997 4.516307701885559
127.18159086648697 120.44134241930065
71.49846532715972 114.0071565329342
107.2107470990253 105.92490277124037
104.40404352176742 17.802432445595354
108.74194617556012 105.47624595297995
46.5886348785325 110.18859325062144
90.2274240216571 11.769241127826126
110.73931439301089 111.40042663269361
105.2791001747782 121.95731186943709
95.23344611497404 104.96223719368234
95.546489841634 102.25866687513928
57.075233568784476 114.92166010727622
114.44971102669851 21.785260208919482
110.40665430126315 6.158880420631971
99.32904610048779 26.278426816108304
99.23761371670446 16.228681629568985
113.71991838624955 -1.3939002932987945
41.64371412898959 123.36150740194309
87.30610592090447 60.77550882208421
91.26383668136681 100.34374148976708
115.01496385156628 5.981179326863595
125.9152971119172 8.394339873416893
104.75715264831767 6.316784697003869
45.53225105055559 114.56998040254396
97.91192114563584 9.478628061682091
60.42018852454834 11.31023015944698
85.00821685825743 110.58533320458511
99.78214523084446 62.48230952777552
112.19290799185782 54.15942828295618
118.85799827781128 25.885207753708123
95.13127947683789 18.708839747513373
74.94662873733927 18.070023245183684
121.92410066692322 38.59087202584909
58.598669809316846 108.30884997384287
128.79988103211937 16.159496026966075
123.25161188987462 15.742814089863593
104.46630399100673 118.73284774870365
105.84511098503127 120.88757920967025
21.855934344185425 5.033430210041593
104.65710772637358 25.097601641724022
103.6905855106342 18.476708287959138
93.90187932984902 30.552765991419186
83.7890691761559 127.15920147962275
95.16979246396889 115.8879155312229
117.7993733853961 16.797771918981923
88.72414438431204 26.268776684730103
107.06854810537106 98.26402634301165
120.12141704059758 118.94040899624325
24.83415154908447 -5.643885253644314
63.09543389458684 7.051586150863325
94.86629191114558 12.812711786621215
120.88338192840165 120.63291348601372
62.24073581130811 6.780912472580102
125.66264739844598 16.928269950243212
128.28230503611908 7.309809223678369
114.40463419978857 -0.9396186997873457
110.02980852191925 129.32784282454014
118.56657393619952 114.82421549409266
74.36442700969025 126.61276423429739
126.30685260165004 125.28051690938949
20.70673585532354 16.881348524067235
117.03908870580801 23.390022534775383
111.26321599893781 15.507761389801244
53.433966905517984 116.09330229374282
