106.97821686977346 112.89004925623492
36.34853441111343 43.62916066077812
106.58160671970532 119.49463000252456
52.57476973028306 122.13220518657744
16.870276519243323 -7.117377665258531
93.5754865066116 111.44776080901354
115.4133876968504 -4.819394190671647
113.84273152973587 82.23258835773426
102.5512002434489 20.280122290603618
100.68861757439555 128.42701654846735
99.10751751282169 13.604965079481593
99.87408467016424 17.38904220089374
109.69049581506795 120.75020932085224
88.45378996712999 119.72777665263871
94.04028998999517 135.0029920507709
99.8295942754097 26.94817370825796
19.99767382358563 -5.6916017163125545
104.0523608893273 113.20941340032469
80.16151678174127 116.44685103239725
115.67364744753374 111.35644800212944
95.79483546327977 114.9879204638574
94.64720602662963 -16.808148844090656
100.35436802452564 -6.719869804544864
115.77702344127458 69.95236936590551
113.65646947200739 133.52304074262747
47.00518141081337 134.31755840306806
105.7279051563926 96.7207328341284
109.48683753724238 117.16189247335558
61.17061416875267 126.84067507622106
107.87033520150953 -0.5082625132486205
104.83007489376342 56.71567385602463
108.36554031748047 12.419922334753378
131.42157135709965 99.11675764638613
21.3056852003381 -4.500101231258767
86.04118218943454 106.29427255620404
34.383599612668526 106.3840892507532
100.70643189616491 37.373419029911055
121.76667875471027 26.443134453973673
130.34249419038267 120.22057211653127
117.89790174141831 18.0453400152853
87.34367398061724 34.21463414240772
128.95547269294346 132.92122030651169
99.28154621061819 20.776710043645267
77.03576681499887 19.783975842321116
65.6736879170323 5.512640762487209
97.37127400870656 105.59964517978244
120.13778623523481 3.954254259401685
100.66401993174932 125.33252360080718
110.0781887205952 77.29266992876867
123.98335108999342 120.72271039719591
97.56787954783628 11.548362914848445
9.490364363515104 131.37317148816084
95.26737554024335 115.94099378020289
92.88811112463809 95.20199987719126
107.78067462258298 116.20057192993592
109.08606582446704 90.8280377862947
109.93235466694468 44.90950101030889
119.27003989012212 -4.427547051213589
110.53705906310961 17.54959150977743
106.88025773730963 126.61518019346866
98.36881639171469 132.13229075481283
140.97903151459002 50.60302082578768
116.77865403561515 2.536848995129321
119.86115843072473 46.48692031687984
124.45550345563456 10.320740144597563
102.68985892675452 -8.931275681363463
16.70631291803503 -3.9777871854591598
104.43180282561767 17.421275811865215
106.67574729605438 9.730211892039204
96.28640391575402 118.54868066209873
107.60975783933434 113.39716440107746
76.2389695775594 10.825864043152718
98.52317100164906 5.928493995225019
96.53126443325048 107.89461856880105
133.52424520884085 60.92740867574796
95.85733087898575 99.28879893442227
128.39111639199078 126.10120439130009
119.40473415769536 101.87531992026963
138.81031498718198 132.46939094772583
116.98640302257616 57.598640666331484
109.47038183039318 55.29491798712133
19.668979168261608 130.60354178407158
112.28304690155159 60.04024569232634
78.65282936888326 105.33725294885717
78.14341593691479 -6.76325943245225
100.61331698716526 -1.626611487647053
114.52533193748317 125.09974319841135
108.69887697173405 123.6564432530891
91.50630348737894 20.24046804100822
112.253584235689 5.291466960126552
17.39624510827648 8.285899267818097
98.9626171124688 109.59630907549743
45.55222554915197 17.050567582880408
101.93654182217915 110.67888687099483
103.9727332109313 46.22587626241102
128.22497365008428 50.731963885575304
101.24314840898954 110.13929976006644
123.20245568631407 53.73213284241512
115.61603679018154 15.911936243736209
112.21608461603972 74.14181291665562
123.72711127310741 3.4502190426793384
63.83201526601661 3.904911677961903
141.15542328583115 17.712244483462516
52.62775703001024 1.5645157016902116
104.53150997048118 95.33896015696254
103.80637852947396 18.711702691789235
23.258102335068685 9.880958440346827
49.518165710123405 50.01605659143215
101.03418001893505 125.03668255130117
107.80958804035555 19.787926257789064
108.04938488306031 5.4999586061083745
97.93165994774365 14.956649535777181
99.5806888205602 -6.682381644678092
95.86549065503372 21.090943378109678
127.36440203342026 45.781756324044764
106.3519494494892 120.22809731929138
116.90317979496878 17.743692452237777
84.63293680619245 113.79737493986543
105.38472975709828 2.9487731765998992
73.21693119567578 0.9348132555253323
107.13706015694488 116.1036905519152
110.67869766648313 109.20927537523144
127.19419043228929 119.62915916987475
127.61877743732103 120.06960151689914
115.94918020391195 22.095687191125446
97.84354603596064 120.91633452667698
108.6957027096394 19.603298574390358
69.37328564889701 102.96399494939293
87.13457420335347 111.85261176853442
100.16537826965101 17.042754334424785
125.14822590221236 136.39277101656833
107.29370720994812 18.052207272133266
99.59042591075989 114.6997181229701
105.63869451833774 114.44903439818408
129.42333864355385 125.26446095218336
123.5851733849839 15.40948256183244
105.27186917900895 119.41654437647539
114.22754094091238 118.13643389963904
122.45685872034255 15.75779876932928
99.48456805023763 117.8840579470384
52.60061048653008 109.87070018429286
100.56490067140427 114.75438218589154
14.437008667698349 13.90799631234243
23.737927639166504 8.950907988376356
100.89652801015436 -18.858482377517102
64.76236046668572 121.93655573216546
102.30801607979696 117.33600005603407
106.20462211981207 17.882588903285583
108.9517034163507 119.77475341563643
107.12945586210039 107.77160766812122
17.830902152735494 131.85949141579115
131.90072750410852 43.212372011297134
135.90753775057067 119.5212924007179
127.80936990319692 124.89743624912742
66.35990570381689 14.101057648437344
106.99732682851123 -0.0588795775294102
116.29457445300736 119.35647971506707
23.639082230009254 10.93947441940202
86.60401701711322 7.55933432714075
119.06974037806086 13.836617202625023
81.55447204057349 109.2150643487947
132.08037652844666 126.74525297538038
105.88220695479009 119.63394974796246
78.04635958302275 120.09968401574773
92.0286597602095 132.3010994111306
105.48501623188795 118.14398061516545
120.70295367489703 7.802601549212534
113.35342678489737 9.679445676144308
58.594061891043324 -8.343071220684676
122.99076738599524 131.10748708796797
74.24465032641187 125.71455819723484
119.6523592119474 108.41319517625882
105.9842364861585 100.55687692579112
120.74950793874201 115.11946716211749
97.78677975877844 4.0915602516882466
102.56899757457197 64.63910601751222
104.58163691872176 14.655284393519686
100.41331523621946 10.328478305263705
27.868877727852386 61.64222422985336
116.684898842413 19.750795958600893
96.6706878171827 0.6441827763724548
101.0098242835985 8.088420622405982
99.43599806078365 50.89671714618196
107.35612220151584 118.97809166573757
97.15010988542929 -1.0632686399314397
99.46477059343913 5.940170027647558
107.41175143899649 123.32224063388465
134.5274855596888 106.66897675013573
100.91384207392005 79.8111476944617
128.1443146408997 122.0528277045068
123.84569315211009 125.09724952510672
110.61396077029477 4.278699876345385
69.91495567588674 -0.8411107915033045
109.89290112122174 21.333156873889372
98.88196713088277 56.06396464937527
78.7120613446727 113.96921044323909
126.4063410176141 -4.8470371725405075
89.77268590363872 106.85461579402974
98.04972240106291 -3.831101003451209
119.6261848782366 119.09324615570276
58.76006061157717 -0.4667723891806228
82.69119792691566 131.8556862654124
125.59000633730324 4.678597654267379
102.54892121202174 11.097295225981593
99.93615481132717 123.82556377269307
106.53822624089388 10.909745960929989
125.93042306718331 123.65515371974071
114.79298682805494 5.585313501774709
125.45156709811693 130.16621019235947
21.311321795527046 -1.134715623576637
20.521742787039692 7.057944777719082
100.9795581796836 116.35153753686399
-4.607356013017954 97.1408134465387
15.737461527971547 0.7743108536743843
18.64872918907043 17.374107249773402
99.31422308981844 105.21154938310376
95.51201489702781 18.50849646086851
93.99355851963166 102.55767190844591
109.93907039652929 14.0282685417077
108.34818586032381 4.889685627505312
102.43119282767178 120.69906034904743
106.5181587813855 61.065470679920864
110.07032377522691 -3.452924189029843
113.27514669427396 137.34807512990707
94.51046307888889 -3.563399450836668
110.27282942937744 93.71432443224671
109.56637296073777 18.695868617595544
23.86192765745447 18.27289047859839
55.85091147097498 107.74903307004487
124.36017078811166 60.94162034374453
97.74828162702636 9.991796114038275
5.83182080740586 -18.36285154750723
102.6925867816002 73.5590433890057
90.61209503618359 109.5603967968224
142.74022212193992 108.16107381312088
22.186883458709683 15.066309959357138
95.02878226154623 18.202085519067985
92.31935042922531 127.44711769091276
126.99321108672673 108.96941204940849
105.15078530222527 0.7989130989554538
17.772521210346092 6.47510324654829
110.73660597277859 8.343867867828695
94.48589806051896 116.50304357043822
122.35982473113309 5.218019801350571
134.28458063591788 132.07655345167382
98.42269240600334 49.44057559351744
90.41933985333806 118.78495159405898
107.47412716917248 19.32721340960866
121.96652479403357 0.5911556018450819
88.0823780506378 8.516381650191352
101.84256646037241 119.64602547604453
108.35185960986593 -24.621613928856267
115.72958684024641 119.91263374447435
92.4077112031206 119.560663353144
80.27585788556337 17.408352978963343
107.51239702715847 4.793943908489373
124.31233682969354 120.35915769358198
68.40783502217565 113.6610221220014
107.0877118894248 105.38687483000352
102.32675722948522 17.319730851154844
108.61156615180053 103.16588878168427
42.988942002530976 109.61366842268653
89.88367133633002 10.835119996239605
111.0057894512512 108.7186240513808
106.2851005075158 119.42439397000406
95.00453852788203 104.76752661750199
96.3207803737789 102.69449964895611
53.07895741320026 110.8928688493807
113.2931008456309 21.335469637411236
110.44255920640998 6.076167114420984
101.31991281733148 25.397385984873814
97.92297486904553 15.63092677785616
113.45826027600468 -0.4994911286188981
37.50891133243254 121.46117606723813
88.79547098623294 63.571728836029045
91.89519220422858 101.35345517493349
114.9242570388902 5.969320025618889
125.27180364034568 8.615581231437716
105.00639139676106 5.9972574385396
44.12557947940037 111.75173399035026
96.05643437008236 8.524995077067702
55.42345238388299 11.34009008241058
87.26584532938098 111.58189726476988
101.58542252348244 66.6111710510215
111.22406886297712 55.53852049236159
117.03168553961636 24.945467957023283
96.14027192781842 18.807122881626217
72.1506971027307 18.056587405806702
122.30450351463521 40.74022846941398
58.97053155563256 109.36368761251792
126.43290632079966 16.610726942612864
119.9521049271847 16.135350543044414
103.22132272753105 117.99650583345469
107.07069464973536 119.84049026299171
21.61420942512648 6.719153069587367
104.80568340255624 25.606036495661172
101.65380303467694 17.2800817132277
94.4837992229129 30.69997931855193
84.44903919417452 127.011840732194
95.39832127637138 115.70344826469409
118.23081543505506 16.782682640073315
89.12948842412047 26.13105600772954
107.4663118858619 100.1734157666857
119.89608552525785 118.71925409896899
24.22508890051227 -2.7244940742539194
59.71580203056086 7.571666395226432
94.79980635536738 12.814026853931274
120.22935774024619 120.57908778308023
59.14926982907082 6.493170160883752
127.65430197667004 16.778487446344222
127.98586920452802 7.430246336265681
114.0731644409774 1.1450103680142458
110.01835367361454 128.22572795330555
118.1422339431981 114.86281452172616
76.27408710413887 124.11589114749403
124.54886905509093 124.66243569050391
20.35165355350388 18.607454919160336
114.54653836848738 22.544297096368304
112.54025406206112 13.86096335641179
53.92707841354783 117.6018360844641
