97.58774252618657 106.52030359190624
42.361232149178804 51.33478796484106
100.41989740368447 112.31742449488264
63.648119667816715 114.72056305001934
16.749900803654576 -5.205532892529916
100.10651124882328 112.74385706936403
113.84791267161576 3.21634266533383
110.56149227319611 102.50363898910261
92.47468570118396 15.280182716511003
108.50552600263454 122.9850468270923
94.34547065836364 9.320417421686361
89.80057042281557 13.976330911339195
110.60461173124922 113.04482160048885
101.2034381110904 119.66762481096183
105.2048362952716 144.98908476043664
108.88202288480906 20.971536167768807
19.701355374619077 11.364794345358106
101.52520231710709 109.63213302135945
83.65334958276927 99.13820824644243
109.43686571586537 115.44690418008113
96.03423312227204 115.99379817171173
100.87478943191815 -6.336244589752864
110.13488929579921 11.929256926371774
111.57751250156134 79.07077307835837
109.60588310213174 133.04576101584996
38.17282836457707 140.7801514880851
108.50113727830515 114.07144852145176
109.38327200799556 112.1121625355984
76.46668391445313 130.60550639336293
108.20385170960874 4.585330396160167
115.08202986085955 70.3419319719244
107.80539460059182 8.1120015208388
135.0687510089003 99.61413470224262
20.501581618149928 5.209937757444581
77.46901366357463 102.35974556022501
23.98887610332139 110.0746355841674
114.46606159368928 53.36890358094965
117.86258625107519 22.637388033437553
114.8986664923413 119.76160715550401
107.52168459430767 15.457039629705378
102.63926772296588 51.15928554797357
116.01707017267688 125.16621048362147
98.32048353266659 21.18707178912296
82.57815560792105 19.90625608130117
44.53754370375837 7.035520668502193
104.82428498044035 111.55202268032559
118.01334952879301 6.469735915601582
106.36623456117006 146.67648898694628
103.83768952213804 95.63374924209849
133.50219959657147 121.86986932286757
98.79592585575026 7.79582690971157
18.335338338836856 150.81387777655036
101.4221511242491 119.97475259553545
97.75099795497015 99.97594461397476
97.86897549289087 113.81125269671789
108.61823541308507 97.54859859824069
102.55211304062446 46.07139573334576
116.64666345519608 3.413465578488045
103.6289593175673 22.459311452427674
110.05971440226764 120.83612034246052
107.61961880538625 126.77750204517667
136.9265928057067 62.086147457083094
111.75241650683338 14.02031893548615
112.78056239916937 55.1869572460966
118.43452544804951 13.598617320860416
111.49385832430357 1.9015678684547321
17.853982706282135 2.5935446824625936
102.1128401885582 15.349170717537353
109.2981883520266 13.304488717599478
93.60931642196762 118.02916984685235
103.59617884494834 101.33355509677884
58.636329609531685 12.012053032948776
101.31465214012765 8.858089321528547
103.88369706425917 111.37263545297539
136.0501207395672 74.95452126322893
99.06066284077077 102.4589435113484
113.97647489519531 115.77540054026109
112.2256088988148 127.04529646351774
127.47090728146398 125.98008697847268
110.88169611684798 59.87716442540056
107.43616369952018 58.87362023151294
22.554641744305105 123.9522953260101
107.59715214113731 59.57277162462626
77.47055486437841 107.29996537781177
90.51051271906732 -6.435664525574053
104.62102748698548 5.505577175834876
96.81949443664371 115.29124298696419
111.25929518404887 117.42713410653376
87.84692051455531 20.278706003233673
111.87772132129587 13.033795343661158
17.427234546502977 8.027020224560806
102.47909740135157 111.93128612854474
33.496554441790344 19.206982533530976
105.71100153343508 113.733029737373
112.96579991556499 67.21059993829891
125.18583692680932 58.226784570949256
102.24634885126271 109.31743212735294
111.54395477243418 64.84656795479883
107.68593344661127 20.503058554262942
120.02551730630093 94.20340342696271
118.8194345931979 14.383661061873106
41.200701689764145 13.728969540520902
148.02176669317404 17.81157369809716
33.09119759228905 6.853021373545134
108.12088492525294 119.7434691545887
97.71477311620866 14.81412076725712
22.99385856529211 11.681157664894279
46.85488076011417 49.03955455122595
112.4915103430554 116.19466112428489
100.87161432410882 20.166617618620954
108.78953181136602 8.980797177719293
90.32853924954695 12.421040117661356
98.558186024976 -1.4219283828461111
104.86627002441575 19.737843604761657
120.04071298591437 53.76847438698129
87.87832183660338 114.16157331694751
114.21039600779305 18.228023006887824
95.56615502524765 122.66710839159643
105.81436116793539 4.425686042987798
67.27095151995394 3.6470023445678055
102.13743002282337 106.79297334318075
111.72765733531376 97.7958522916221
122.91618949017803 119.32814513095566
112.21563351790482 119.73239403213329
106.56982820660279 16.560338251693935
88.8189650667415 121.72595889834068
96.48650442820728 19.22921103169646
49.23228322502136 110.68014236249995
91.56909703627227 113.33473771432553
102.21709094665206 18.1134897743354
115.88336966989432 126.23514864023494
104.03923590368962 15.555389583872131
101.7009785065997 115.54703257627351
101.68687721203587 107.43806118374502
119.02919323873127 117.88752915049092
110.60373710465768 19.032649668996992
98.41420623905078 114.39614635391919
119.27628208268365 102.19934802328251
117.43379554857603 17.660917471561714
105.98245909577506 110.78592050248594
39.01819508088249 112.87875821088181
97.17527785277814 113.37240152868834
15.51295238557754 14.635229917750323
19.942377025147568 25.360808749633506
104.44371255723527 -9.532419616669818
72.46395349447846 120.2552004101459
116.64774702377386 121.67324124552364
101.02890447314466 15.092727695093698
116.58906994482444 111.82514621597396
106.92162550244623 107.53030256854463
21.112166371171597 120.92202397639285
126.84941952965967 57.74263466418399
123.17212584963154 119.58644478257717
116.13278644270889 120.9810273174732
53.9523178400165 15.43000962379768
111.20456413809278 19.98994841843163
106.12940432653339 119.6844242564194
21.78394451796193 15.24713308219753
94.2923937794938 10.217291006351411
110.89999696387099 18.28110475344254
91.13141991775021 112.10943332886217
112.54995576615985 120.33687282102393
92.90028030157545 117.34958807678142
89.63518028778901 119.86452338627433
89.34876590316341 133.83868694046126
101.85846449930575 112.37381164720368
114.76647718522908 17.09499559677796
111.51173206884098 18.93143709418951
43.12208482246623 2.5437957693336717
109.0571162394972 125.30546744785309
90.10659514936259 118.8486956664281
116.34489895858427 110.7898698011922
108.37959749875614 110.5645799645045
115.53387893676064 117.69296124965123
95.2914416004199 4.031034062662923
110.24959265855915 69.34460608130642
103.54017318574952 13.72951424914927
102.85609622332481 13.891767805391245
10.900094597988875 69.40131326420398
108.9080947323237 19.84226377951177
102.47437919599297 10.82802897119959
102.26116819869311 7.344263168366323
112.14726083193436 58.83267588472839
105.81955087895406 116.14548862681485
100.40837631674192 5.435822172300311
101.38598490427108 6.91097241942401
96.55829786221209 116.99623161434964
124.48051564528264 111.85610955987572
104.86996063710816 105.05573028773526
115.25535602195369 120.52284701465244
108.99076190976862 119.51504051712759
100.07004702015651 -3.983848184522496
57.51682498881061 -0.04684913571817639
109.0422128169466 14.769951360332183
114.26766490796192 64.6028941585263
77.78683463455553 106.94389416888282
117.35756296556443 5.183377622169745
94.92040762724356 111.32305270882732
103.99249772185267 2.6335713031443273
106.82075937829751 116.0804133345584
45.19986797862629 3.643909366638117
97.8517649150856 121.37072703806845
120.24479166653262 7.5876711566918384
98.88372199682263 7.529587171867385
113.83044972147967 119.73847769543295
106.72435121624657 11.738671285163898
111.0020334482464 120.6705870685692
113.14497703741006 18.647688800195613
107.05507665996865 122.6528044383041
21.080110536780516 3.1956058755541097
20.33802950945382 8.414083660968744
108.8680149181922 105.75877165896348
9.169625783292508 124.54646967409433
16.16264380288914 3.1205136677097087
17.037872391720658 12.182380173254455
104.66313621340055 112.58858809727235
85.52621285514847 13.755274171169757
95.98520408433284 105.10226765030447
110.49392026797628 7.510517549160643
109.11554499778961 18.535733888876763
117.52503357083398 119.79940579086528
113.70019184092357 63.380107631111954
110.14441839636517 -3.442313184282853
126.95211782475032 133.94272932930045
98.29080209791186 1.1608761343133704
108.19418671004173 114.13046248925458
110.67377554291635 12.48733808459802
16.653932749334167 18.753847603482846
40.92206623634827 109.07986995210327
121.76042093121781 68.00952936160112
100.3091866414712 13.781446226894202
8.873391549888852 -16.108074292436232
106.6639613580644 95.11394419212634
95.0306623752026 112.51518737011034
140.73620937006362 108.47855796538984
17.31079434980215 23.6399218228095
95.67615041589394 18.193424931900783
100.24789226553912 121.75842013802607
132.9201531632888 108.11407041150655
107.98030440134266 11.20885070994983
22.30264593970472 25.56607220223773
104.06276150719967 14.863841917855355
102.57701957110586 118.47604015159827
121.40550398161244 6.913205411708071
126.5401387306493 127.4235253703424
108.89762224810165 72.5760441434791
87.22006439612782 110.03561573501281
88.53001468961146 12.504215634095814
118.18613416421853 7.701526068294413
97.4597485899942 7.0444063962336045
87.46037451983791 119.67360826563173
108.74477781242791 -17.563220585691067
102.61538432457094 118.69680914585696
108.22017888856001 119.64713320705587
76.30410168132713 17.722988889143977
108.18263765738284 8.196667087251077
108.61487324802914 119.76143418411407
59.230424441719244 112.65577018833316
107.01228410920501 105.15319945049465
93.13749007413469 15.412514973424072
108.10936028878139 94.98780997998198
30.920923464893033 108.61504908044051
85.52028346735632 7.456262436865483
112.128460636118 97.71796945293859
111.60244302418585 107.2675246436932
96.29191252806024 105.5296089049731
102.1381558316326 107.00351034318078
38.805471070325 91.97757336769865
107.21683668450383 19.029863865536964
110.44083703797851 7.087091122697108
112.27163540389513 20.207490198151937
93.30385763148281 13.271626786405921
111.62717354929381 6.914627284199146
23.74139478723811 112.30941219897352
98.13650825188465 80.88056781188837
98.03652666069631 109.0670600368564
113.76944893521437 7.693308433826432
120.89533118716585 11.08659565969337
106.61975887152026 6.237012737874265
42.36460561330376 98.81615551713729
89.83968258381746 5.931847459404502
33.443808802844615 12.419802710312801
101.42595386075051 117.77482531398034
111.74372275518638 89.36914093684449
106.25333874851093 62.652558675162524
107.18210469153622 19.77574956857307
103.12829449516452 19.414058661009534
56.295379038979966 18.189504876755265
121.81263878510168 54.8162889260378
62.464159697421294 116.10594485627435
112.63948821768415 19.61547445706801
103.02244074233877 18.502246626647935
98.70634917756382 114.76600727164897
113.28160789956726 114.75404812841103
20.128927757391466 17.087709166081886
105.90785756682007 36.69987160149685
92.47254876920373 12.127076195896334
99.39359758811086 37.64800396138459
90.7031146771854 125.13080962416846
97.87493082521601 115.30031912507265
118.9629254836926 17.043490079315923
93.76054084126626 24.258414030037205
109.52199054450699 113.33235785452769
117.32516093850964 117.86060802382309
20.87269569896764 14.793623030101744
43.711969582550495 12.788816136592414
97.05723775322251 13.804215893768735
115.4001430718149 120.21438449095906
43.9737504760644 7.124339232603914
134.92798638965257 16.29986478161966
123.29795592243642 9.763474917816918
111.60111204597422 13.322007868396005
109.9428278069596 121.2920695142872
115.00890407632629 115.95319841858344
81.53191486181835 111.75926025132003
113.49979392925977 121.40390298447942
18.528612023361763 26.93853188829302
101.91748110411142 17.893235860837354
118.54942335212151 6.950131357329617
57.81582944012496 125.65104215219185
