103.88437237062816 115.88234327800919
51.68452239668834 101.63787287463737
104.84735555798896 113.56659902346875
19.204535792597774 120.20559302852388
22.827835599503576 51.746253904468624
134.16482127931744 135.30633851753865
102.77191188244653 59.48547969179
101.2850985951976 89.17892119448234
101.82368509580951 37.807212881597295
129.02716808890295 131.71781202897938
31.58656587427732 17.996085372708624
93.35788845946732 24.433192464669606
117.95309888480503 109.6951751926543
23.854784155824426 131.97154140207672
150.11677885737382 99.5975772165938
134.50012521874658 18.960801835057236
23.669059612319682 55.61185487105382
102.75749736042958 129.86919450579816
14.583415884583353 100.05198491428938
36.91422539140768 136.8666818443937
127.70928310173969 127.73297065711697
137.80854216206114 59.327559773489604
130.70293618536851 54.0018933661448
103.51293967327356 86.62630901467855
100.9795564996867 103.20303674446285
51.28361304536426 108.21287602352074
33.28854139123809 114.18647287470583
113.43271430864043 112.73594495537131
21.243573758809514 132.01602120981246
110.5288398662571 48.380729578301754
133.05933222919407 110.84773260456478
121.44423922453674 23.428245782745616
66.84741374216017 149.8971957906038
20.681840740843057 59.79516211313237
35.33567878824634 124.57336675625335
56.23621943670747 142.93590407401967
134.44572736141671 103.41035382059488
92.2567364590458 9.132009305477158
72.13158614831062 120.9286372110082
95.97625393283 34.21417429551675
34.493036036036465 110.25284263341132
73.01165259972964 105.81973201931895
19.12635773114756 24.151510775698014
148.25423686937032 23.26718917145255
37.08416365688829 36.67302638136175
128.64852595358647 140.39534038063331
47.586691064669544 47.47415311433984
136.10186839352224 109.61154761950084
107.9620320702995 101.97918246953904
59.40489688155764 143.01670001296444
16.48511381256026 30.965220718067272
23.239731671087377 97.52849776676747
19.736780561859177 137.6678002607651
58.15355014367819 152.26068462438417
97.85799635267873 136.25365884216293
41.139456778637175 149.79516378266246
97.75524051902929 96.10363677701854
48.01018844028898 56.792774353767314
101.98636692287813 33.343384724952436
123.84054894818159 128.31483642257598
139.2161821212558 119.82321585470692
63.02359983424757 98.51314792199493
104.10330243642272 48.169322764301995
98.38160426362205 103.1803281320803
107.70878478440656 45.93727387494817
129.62282555060614 50.16119978838337
29.500441503453033 40.696019611634256
108.5046068918962 30.521117520100752
117.49396287053906 33.714213632004636
19.537363360071414 127.88933086319884
112.35461304604291 109.40084319770133
56.24624577386207 18.920133241573364
125.5163003009177 26.93196724440439
17.418469331051362 146.7862510594647
56.03182825972804 113.14100160801108
46.40511182922889 149.64420158505712
39.44333471067155 111.74693686778869
92.72890598644214 97.35674467583763
73.50087069324465 103.26994893418241
98.9351621491938 87.15374623521788
111.03341873610249 100.80420644250103
20.54887284420611 114.7036778137872
105.65692715507926 101.8926612207845
148.36232798997452 139.70697155414217
40.60841033896258 109.17307780173508
123.4096301754958 50.865487788583906
84.52225487908429 126.09973153107849
120.80500522510107 109.324545130015
28.158271399343946 19.375140488123762
118.02573934204527 46.7282623250838
25.691334476633784 37.2142006168504
32.37727337890961 133.89252706480713
37.898158832093124 28.88613788625718
123.12319355511745 135.15073271000983
138.96375851388657 114.14501672712512
71.07296077977432 72.68922644940999
115.37795049541118 132.83444781350335
75.09214471511352 109.00656820315984
95.38021965269117 33.46683933362423
125.02010377083744 104.79972944661948
90.90978719840723 59.35900289279701
32.49224610557316 44.57028577021068
62.712868635247105 16.00323382677278
45.08932086688742 48.64009757128707
136.71107746352996 109.0288976093414
102.7399671623627 23.40473583056657
13.24640925198934 34.246257807329926
56.05975136402939 94.93084465230231
137.43441963531393 123.16862756074518
97.40603798582632 22.151662002955327
53.01961860231387 41.53201165553053
103.88936690973651 23.054862026502295
31.192302082650638 49.08363649096066
141.16214492160677 20.18413369856124
72.04313685614001 74.58431562869842
86.43095545631314 121.53108127710482
112.93549463093157 32.43962586037856
24.32233342485607 139.19530140658551
118.57754292225596 40.61748535639637
33.696309317353005 30.833076093819525
122.3611986000428 113.74461140008363
117.87906705320862 108.28273440741904
40.259920728684826 117.9603979892175
80.73246825496616 124.03218088885707
84.69290594361081 25.850023419405325
108.63221486973443 135.55560224637262
91.25206617413176 29.039278773107224
31.468947417206845 151.65385834699993
135.1253943049454 130.0149708719496
118.71457198502125 23.29735858066104
50.6326157721795 108.15197305839722
112.23763966397439 10.571147562895687
120.57386001343771 127.26931044096395
97.77791316528834 128.14357758669328
88.0406562494717 112.96373522895765
87.68060375918286 36.34217652124549
100.1767544252479 133.41362382604973
134.615090739432 112.47080297351137
94.7014547721182 32.04478152447301
28.88640392442159 114.06713131547355
30.68898168839369 139.58580087836347
116.68038732745553 132.71325738135417
27.27479204423212 27.031375690826952
14.589817963386226 53.736211151200024
121.51089234749323 61.52936423221737
17.316344907829738 122.60822210243158
28.52163808596503 149.09060577246692
100.74094394296581 24.729262487222986
125.33584525225183 113.35853711719331
40.98946426432409 123.04787619688096
21.820594552139045 106.27674411748868
71.90909018692251 73.36327677742871
63.56082137000635 122.93829826508626
70.43781008812238 111.00075695054404
33.67473284733009 26.860958636968814
115.59920224973378 61.63386586889462
105.70266779438268 149.81566700552975
17.319017150503097 31.15239501571616
141.0244359625503 37.923041931480896
84.6652151094653 34.017489427543715
143.35529122096452 134.74287015390834
76.10132443670244 112.91066050131266
45.20514713229497 122.08810930727873
55.35847922827364 128.86699436219163
55.566265170889494 102.06415284538535
103.85044210207221 124.38414201171645
97.18139831626009 46.550811738236284
109.45909518660666 42.999502112701805
33.35299174706704 61.69650052182452
79.10056267893128 99.9018877320077
14.962876556335074 109.9328566859233
111.61748385497214 149.81023624302847
49.23659063025064 151.2078671282865
102.80595414473981 141.60728833140305
58.68147244673351 49.732737508182865
136.25868149120592 107.32403000598983
114.2391730196766 28.562925966473088
123.55342927736685 35.19033093546482
46.78784154384283 96.99347331122065
90.97768644575152 40.02223995542012
136.61763338002473 52.98051598070131
114.9784143585852 33.61488084450959
131.25402070503554 101.55745798062306
110.04838938321258 118.21819018777607
123.6767575518731 41.476544801964046
113.3050900896153 31.793807782410184
95.88512984496981 113.27038836714378
81.56928085701095 144.84504268075824
129.35785113466505 100.47099885441541
76.19145803312786 117.49831320293943
85.71460830943879 127.06828909472753
109.15738205435254 20.31964784835344
41.47539627202784 45.86470841006079
123.38602593866348 12.524581206593068
36.425906359684795 95.36401561715839
21.39869333879561 125.09976331388167
42.96350073563606 51.96101066119719
138.9289443409489 139.1782852460218
131.17084845011766 50.804876525186
97.25798192623043 118.0508300665794
44.21262171824558 43.876729386580365
21.418110332009547 107.45274916277702
45.321943540821785 40.448152037320284
115.72789573440674 15.580985039085242
143.77921603029873 117.48344561724541
110.96434961126546 32.53267592637102
76.56501760328072 127.74114796429484
36.07386092212657 103.74206979600591
69.93683390309637 99.89138999672302
13.554777065865132 41.67412627581641
15.40757612040513 35.63556955414297
32.83907561697743 108.1012139197716
25.22974414741465 90.7894895718387
25.13495469179438 41.646684294856975
36.242425986217235 17.942354583159542
126.39116290904543 142.45399812561632
93.00116107404966 24.195238592388634
133.37411901297344 146.04107788915965
130.14017243181317 22.914594992315262
121.16656250532986 48.099780328943325
17.124383943397564 141.00558695905846
129.09806090496335 96.12611921495395
111.38665305143155 52.13621019297093
28.337493158855487 99.13393509104195
131.1243896680809 48.97806116302583
109.29969265129206 97.88587746533018
131.20424046494924 17.312155503574658
49.78593183843272 23.350577991981282
46.69076988673942 128.69593229521854
89.08770776320387 76.70607177411847
122.7251297131322 36.32828589109206
37.62862517761549 56.396638210086124
123.7400190415595 84.64046061407038
135.6949079955453 135.26919484016253
64.58885561674504 141.07343739709975
20.238401590015066 44.27461709495757
131.9354321735684 26.875033590655107
140.97373026109702 117.73389914022941
59.413751463140606 137.63218287882796
130.16710597049024 50.52344916723615
28.86187871100813 55.08072285779757
100.55606056131774 41.50479444900615
133.41294697605562 128.3249705797374
33.42903343965 25.698999576196897
69.14297548956486 110.57535239287387
23.36626690359376 91.82776634436408
22.885535286488256 123.05037720437808
92.88427904295379 18.877676702203757
84.26757661073388 62.31566009221819
16.842740505045963 27.98692748505948
42.09281828093539 123.25093272110911
116.01302804974378 63.932522226201485
87.78904338403201 123.014600664938
29.44143844666292 124.93088854380275
33.62773144554912 22.778243483528712
114.83181663285788 42.11234315011088
48.60411371256971 125.63843427218616
39.61001813333206 123.39896210790961
115.22279816349244 139.57836991220123
98.12679853576225 29.544659440188532
111.40858142367854 122.09787937456026
35.64031012043408 130.4786999970037
22.05249090217745 24.330451747282332
117.88604191109944 120.91971885226849
125.08995226855657 104.02840954571813
33.53560666508941 133.49547035000012
130.31769805404508 138.8586373438425
43.90356704248226 103.5569423964947
103.31203804745512 29.316221962095202
94.4537655766312 45.63439987762782
136.33358222022184 24.475346849377143
113.3774686688835 10.214994549575845
102.52579112587867 45.291996813534354
43.592037653583915 110.5514151397075
50.012446829486734 94.12346127748965
136.96342562571778 152.2617957116773
101.51021264637272 38.009690810020174
36.558714601903056 35.104220019835836
51.46276353265117 41.70626982044278
52.48111042542882 109.40436309380678
103.70019804769484 29.68462349951995
30.173381475141095 30.201997183029384
19.074901828500032 140.4660010098985
133.78328300178333 90.09750649285793
115.87666099826271 90.4587164016058
87.6462158214065 13.209520817712061
128.020501332255 23.752886489520787
37.65732348055899 19.814465577272315
79.69073501117126 70.78408328375373
27.254571297656756 149.9984926278638
41.93067473878106 28.794167771164037
88.20933384816644 30.413515178004474
105.17413113847095 123.09173220602425
124.53134602147416 130.42083915043764
24.409002506055035 58.392353543822686
128.51468573542576 114.14527099574117
108.27469943197256 12.767436663500519
133.44273950045402 116.59390231431112
147.40140051534422 115.3999147645551
123.10285694967824 125.67402221311174
37.276429890347686 20.487927017266472
134.2932675795862 12.294591102399625
53.496425668781924 151.1846420169781
32.834059801121555 120.50679283291596
15.943248657078927 50.5658756746648
32.7274171144178 37.90727453111176
130.68182124906411 25.461802271106063
87.31140442548765 128.394682812532
47.940859039874574 40.026775650503126
58.54016397127635 25.664131105064122
33.812381694066794 34.806776548334874
109.11680305193636 56.60088508007887
128.11765589595686 112.3428824475367
41.30328209428823 132.85628500271514
25.254177456622077 109.05832130740434
30.943713139516323 114.06986526411033
21.526352860238543 32.52301621143178
98.09528488752707 13.548906803690576
127.81170678854755 19.84050333067735
15.721599289440611 139.94774384974627
