91.3865740479908 104.27209063578903
49.707608106102896 61.67637960925704
96.7024918099661 107.01938402801834
78.30147882104147 109.48757743769356
17.12648334001133 1.8408468554397104
108.77273603966333 115.87082606385577
111.25558880987015 14.87309941006022
107.04017208691893 127.3293775225298
86.41336277155644 11.278099377308632
116.678163490548 116.85707715447207
84.33778987551715 6.624379113061067
85.35664470014896 12.033747182578743
111.37804904603873 106.91915078185936
116.10096180845845 119.62808708067546
118.05426826872598 149.85147729082124
117.99132152876047 14.626313754566656
19.40794460075495 30.0556922111367
101.18739632827509 108.08857230655272
80.8649406506847 87.45984653060687
103.39727000799357 120.26749196820296
100.62917879165865 117.75737702417747
109.65345340468748 8.83502565778073
119.81067262067894 32.95625117195708
106.87114422215517 96.34285577048499
105.57192996188736 129.48607753946402
38.55908747319102 141.98769223805132
110.28461240165124 132.41268437625087
109.38758658267427 108.73003881988477
89.1779181663268 132.18930423487586
108.75244075495165 13.283244938957173
124.02897715329088 81.72124998193327
107.75781285020098 6.201250223815607
132.61939747494657 104.59748100188854
19.455089819435212 18.14927814028612
77.40586344256177 101.58101124201521
20.494884812099485 115.85342947326693
126.91226348500034 74.51235393319409
111.8822520229853 17.738342259186144
97.9007183675739 119.28065106164925
97.33162450822114 13.919766789779247
119.14023788229952 69.6212082241358
101.37029761914853 116.1642691018707
89.26209114420706 21.08204495156284
94.00197419827795 19.95348378628006
24.929397636792626 11.142265239148678
113.54240403998001 119.21463732133242
114.2042081443622 13.205656025028436
111.51083479884564 161.94078564197244
98.65944267319625 119.66116659062948
137.06099159455084 122.384522464036
88.4900166708142 6.2281115400516445
30.46080300430037 162.52078173915743
109.81327767129775 123.83306987110727
105.00555562662063 107.83653524815506
89.66664969590501 112.77934949861316
108.71245836423658 110.1351856455364
96.64393760296876 52.80350323418857
112.31021760475824 15.34427299092258
97.91667168009147 26.616208623144978
113.21452749478921 114.74334858674415
117.35036593219469 119.3903808277612
126.52828711587415 73.15403842432303
106.33166809975883 26.61704635664948
104.77220947186832 69.75149387372257
110.2232463692614 18.291810927998654
120.40865548053708 17.317148371247193
19.313694174833245 13.719048915564645
101.54105337684847 14.021497723988091
112.08343923957992 18.10612411960621
95.34967522219209 118.02730975801447
101.1373964026069 94.36121468669572
42.09928732706255 15.215030128345333
106.17559290663417 14.2767175916276
112.85237078795912 116.9774866393247
134.70601909131074 95.22565379493615
105.87261683740101 109.6316634708038
98.32771841477454 106.90675527727134
104.57034079889732 149.81462076643913
112.25603153277646 118.21648535584853
104.83043242339808 64.96187109807832
105.94427136451263 67.75586371603465
33.863619093968595 116.38242407803877
103.40734280282933 62.118668757759394
84.17841058435035 112.11503527146054
103.02188069592847 2.9512754791357922
109.96067894575314 17.04119084696371
82.63825070258096 106.90689792775339
113.42351253087459 112.06923468646292
82.13466220538764 20.10920657875971
111.02460189820441 22.263737471618878
17.926822694570774 10.193346916939783
107.7874437356457 116.4904889851042
24.69930482242256 21.26453448174484
110.2820825297328 118.3863344473604
121.26728171947107 85.33307119671142
118.7063639290909 69.86217234733176
105.15718095262818 111.31722750463139
99.0025041587246 80.06698171299197
100.05899248010257 24.930369244762915
124.8127088065832 119.78040272403946
112.11890221049187 26.534106603045213
22.49638458665949 25.317137294476733
144.94241484327452 18.361663934240415
17.376408659874706 15.078438096304751
111.83433642969887 144.67777692321405
94.69522652504112 12.127091519362375
21.590938572628744 14.631316447640845
52.212597300225674 53.37114348722988
123.48047425628475 108.15760168875669
96.35613833843483 20.482903674252757
109.39446693945065 15.004275439658105
86.45024954785285 11.494918217197318
89.50470199097275 8.470637223977588
115.12238484023406 18.294441601833665
110.95216234694658 66.04066282602481
75.25704254062008 109.35724983218662
110.31998545176815 19.28442486034513
99.45573622306924 131.2094186523963
107.32121043712337 9.755174582762814
59.56863129848212 10.180855504149553
99.04395352297581 100.46567669307123
112.27693881483394 93.13513465086481
115.38438598008433 119.46708726114018
96.15028354341601 119.39322574345937
98.28239220488463 11.747968689745035
83.42001622713838 122.15227144497496
87.51034093775058 18.89190297812892
36.95752819902284 120.34195879503085
100.1078597104508 115.85581513576595
105.97810531335121 19.44450852872237
105.43759757504345 114.18362346658479
102.05906636145838 13.823291343600674
105.43224586790407 117.87930721730275
99.65892934438587 103.93285657911692
106.17469421257663 110.97450423177543
97.32201125878298 22.67291050057151
94.15845279932992 110.91700432615339
122.66714122266227 89.06864538054613
110.41757027388813 20.057381386061046
105.94285353386658 105.73457229808707
31.19208247427175 117.83385767394664
97.20518460401335 113.7697348733918
17.676306330063436 16.112566164640597
16.055436610804282 40.39545865098088
109.28670407542924 7.950369087004642
78.80812404622954 118.90784776272199
129.65377706434475 125.60651661813955
98.31028646738655 13.453541700013712
122.39337461197506 105.4638524264458
107.85517327516253 111.06449782543598
36.30937984386865 109.70781727027183
116.9009869035381 74.80138549906806
105.99473044930187 119.68774727155709
102.85269225559331 116.88944609208086
41.73689536990559 17.571624767387558
114.95042432592132 40.01365072640743
96.57541570033841 120.0168441387561
19.30295808045996 20.361495380936063
104.97485810372794 15.749447142257827
102.33196248047119 23.133890396216824
105.57379647152747 116.68170281429354
91.57543068485582 113.84810639795565
83.83485240025463 115.74256672235265
105.70549406638393 119.60864942247959
91.54815256213757 131.29645239741112
99.655728221916 108.68275212066943
107.86119296844143 27.15280152405924
109.37394312574007 28.417092002474
33.283131706648675 18.238459467587617
95.25157013896117 118.57187725630008
103.68555954939893 112.46546292351073
110.86034491487845 115.0165430284894
110.66161752999054 122.60641904674455
108.7197247347473 120.85571632537098
83.42701439998274 7.754772715655893
117.64151850228696 72.21272590922695
103.49357653403784 14.579692867209893
106.87163207692446 19.22124839748568
-2.6440757439377514 79.17184955134312
101.2579302405255 19.895598301429857
109.08686562536104 23.358367811879695
105.10090883744301 10.48921404363278
124.49233890970818 67.23854767132782
105.24062456839458 114.2826480035746
106.42742402672042 16.133740902337962
105.0973845366503 11.258941792423553
89.1430720709284 111.26763131354348
110.51423530224406 118.51184313116143
109.61087835453293 133.714936896017
101.41687205539098 118.85129246634311
94.4721818958944 114.01264002273072
91.40880205225298 -7.807071928237304
49.20587008415643 4.917653796735946
108.32812956354881 9.193780192202777
128.74363519956538 75.40833548193494
75.93532780137565 103.76160203738475
105.8883695441362 19.328424886855736
103.92767551722679 117.4435249136516
111.36957838276105 13.031908394876616
94.63963132864527 113.8552567789675
38.61440206385486 10.68118075426552
108.61604768071865 110.257886666073
112.52988906411319 13.62123189165042
98.12824899709587 6.900904586259903
126.79572297156852 115.63648289731421
107.66380011219118 14.271316293584924
95.81930351117117 117.57739977547246
110.38600246748535 32.16268951642538
89.20446936440693 114.20466403094254
20.44559948811687 9.951207273654864
19.966204637720043 12.287492342341443
115.98713142444126 97.79195043424424
29.61229575003923 150.29319315943303
17.644897220922285 10.205759382860835
15.96308070519969 7.989840627834192
111.85753912656615 121.71793639721957
79.55021090051821 10.055804637414829
101.58648925601605 111.18003875973832
110.83098762716837 3.665812945261811
110.0241822961408 32.27778317292133
130.63328206844636 118.87190962256045
119.86478496184361 68.24701290464724
110.09615771740191 2.3366617146450928
137.23296645839957 127.04980142958682
104.89734744339468 10.359484863962507
106.4420829985018 136.15719912625084
111.50985531270346 7.812840120029725
10.317152228203296 19.120340511541865
34.02129677950036 112.06032788962018
116.27613028009755 73.20397027523715
105.62416624450704 18.823155695449756
14.52653432051327 -6.1025967151656655
111.38604336041047 124.2137296674941
104.03658992904421 117.37271569650959
130.84882951378887 111.19777416554096
13.034190310570438 31.028106945952118
99.9285142659254 18.47682429847254
110.39315473087076 115.87179883786929
132.8702155662656 110.48455919781937
111.15340674416613 23.427425035389494
26.249519238037003 42.33150244853034
98.49453928148343 22.201778871292326
112.74910599689574 120.88283770221315
116.92269048079554 10.645093181203757
115.465997901539 121.00774190947917
119.48383242445122 99.0959607270385
80.90980160679347 104.87745457310146
73.78933813986936 7.5407584893738155
112.65314250113776 17.41116269119826
100.22553910842217 8.868430397791515
78.2375074795562 119.6966795321348
109.29230106767113 -1.2395223952293426
91.38410797545777 117.66159702872943
124.66865867331765 119.76896487257692
71.52856018363364 18.423632911061944
109.15703619906343 14.333572568898653
93.59669801392452 119.09264355119305
63.60165600709623 113.43886548866872
107.80849106483792 108.42378994850333
87.4156977223576 14.80478531091839
107.94124930355198 94.10350823219078
29.101980626210207 110.460573693303
75.62840185288675 6.908666372421136
112.73396353723307 91.89937098968016
116.59858162260488 97.65611011970167
101.07738507987216 108.9210481505648
110.03155185453726 114.43893291967504
34.46664308010609 77.70221403457104
101.84736348992901 16.986677211167795
110.16778645093926 11.50246588583184
122.93267400642563 14.764707219163727
92.11516980598408 12.473663324147973
109.45345363029054 18.57014126714801
23.024843458450793 105.181109586092
109.88467611156416 107.01276404571782
107.98146178543486 119.80418086400475
111.5926716599172 12.135150794093528
114.22703703026396 15.348080010182839
108.38548950880677 8.802613098678272
47.211747809782885 91.28260107267626
88.96565128035878 6.450942592605015
14.671975883954008 15.410699997989985
118.13089379109384 124.43277631578229
121.74745590927557 118.07069802750547
102.0757463340974 71.20137494114614
97.89134334608987 14.716102706109258
111.48360014813352 20.0858102557675
40.59300408693705 18.54059343035987
118.71090090523074 70.74752060437118
67.94416208101593 123.67080552055808
97.97182194341319 22.907069100854475
87.67014066616 21.18212693730246
97.3001240618774 112.90531302441183
118.27151750362825 110.66317585273777
18.466036684787607 27.87826594954114
107.40191674656819 56.61607964592835
87.5958572602997 9.073295516059801
106.26394711173948 49.20969407645106
101.37323805141415 121.3746468015685
103.67943308163916 115.75963567470288
117.32147968099869 17.84882837307434
101.54422055828158 21.23829694709721
111.53883203638719 128.3913903857885
112.789253266419 118.08753428820553
17.388854432231874 32.922690316508266
34.90511189125607 19.736293063544192
103.58296653184303 15.98145401269715
109.25107917705103 119.73304069524418
33.515199155443426 10.53369399765319
136.27334697973458 16.45726392825646
115.42542952370546 14.344464301891671
108.52261555267118 26.87795149771401
109.85336573591202 113.84845562673792
110.94132985955885 118.35830712003848
82.46547312629532 102.31637715974821
101.75919810286986 118.08084412245773
16.978549626786585 32.83931483222355
90.97325792086883 13.792246130621628
123.51257864491288 4.7524768276937
65.06554471029979 133.12997736814418
