90.37283612039863 104.28415859850686
52.78006458541272 67.68564003912134
96.20041196163652 106.1109793473102
83.95662257518669 108.38234554061805
17.454338850737596 6.065552794720812
112.40135287986664 117.43776561470159
110.03501874061196 19.949987870765383
105.73094773851844 137.0533635604306
85.57287403543015 10.176684089823594
119.58106830210426 114.61977361581464
78.81838401393983 6.501158199148041
85.18538547399618 11.707588021091277
111.63866905159863 105.22078793734963
121.73992272097374 119.62459519018073
123.06462512192275 150.0658442311718
121.24774962434665 12.242639461554289
19.297514376197963 37.05543655763717
101.72522982680317 108.18479461344965
79.25102669202323 85.75494870980047
101.1815465137755 122.0682175895841
103.43162491389171 118.63184709890271
113.32762472154485 15.607651863018276
122.99015209196507 40.84871742136743
105.07072035456704 105.41669491519127
104.15558897069265 127.24459574949346
41.47190162433296 140.7361691825335
110.95440367559024 139.09405650130657
109.4076791288601 107.99828354914789
93.03799750061893 132.129250809476
109.01336482986576 17.35470688879139
126.65611616318091 85.01067554150781
107.88570689367909 6.414599874561973
129.95975531796626 107.39873239891483
19.017541652232087 23.540867980470463
79.94042037029601 102.52108574901546
23.611014213641628 118.4636585924238
130.88738200975976 82.38828730794006
109.22232567801991 15.793809072455826
91.76160611077118 119.10974664388064
93.79545923632851 13.783913385947505
125.07195411165424 77.05759562978481
95.9796995722539 112.6360413742456
84.09019704042801 20.89523001064267
99.77854550401725 19.941652778624242
18.77281082719983 13.474965177650171
116.83085540324116 122.50120215687119
112.43522540092575 16.52175039640054
113.24039146886082 165.43716777945716
97.16532008616231 129.68357551010573
137.29579207503616 122.38628881410347
81.3378745816834 6.623746716767095
35.51199168623551 164.91654080564876
113.3376825655339 125.14147525266554
108.1708246747327 111.86996475817593
86.98756001497681 112.87600654811477
109.0934776362361 116.20929255277612
95.03109942119357 56.137280440538255
110.33351686116859 20.46433101332986
96.27319677592133 27.833908461430013
114.30665889104644 112.55691776081035
120.75431110345697 116.2942535698688
121.59583113789779 76.26090404555558
104.29917867652622 31.3611781696431
101.74931362061062 75.81339681406241
106.79812170167992 20.30709906280267
123.64557447940714 23.91231818479593
19.898671538602965 18.663309581054946
101.86936621141686 13.747802271913045
113.04239189865125 20.1870133587171
97.02651425952092 118.2018720740561
100.8839145943586 93.01101840687438
37.35952370432463 16.836897006574546
108.3696288741828 16.90588649511091
116.35682687711288 119.40196309583226
132.44411026243304 105.4008051182262
109.11517726901518 113.1154686023556
92.51830718597026 104.45811171356706
101.85875764406838 156.6556188006325
105.78345498271634 115.17457064567456
102.74206078816572 67.81763818897326
105.59907279692322 71.8977160475961
40.42755745360474 113.42773518093662
102.1386941767112 64.09700070869943
89.13119848167202 114.5737016787333
107.23118852147455 8.265038469282675
112.16035980545273 22.122562228414015
79.09774295514859 104.5127612351116
113.96322813050551 110.62374237507298
78.48168710591072 19.995909820642666
110.59262879078683 25.858540933331067
18.266733854143226 11.637900662130237
110.11136754420386 118.55771046831943
21.01677474393485 21.88747124864381
112.09253408521414 120.45920605042014
123.76066379744712 92.12228957165651
115.64745186427308 75.05683002387839
106.8034718128775 112.93288144592344
94.43912816618275 85.70654828213027
97.52896163281807 26.514849170109798
125.493307322622 130.40053743613433
109.31170232652562 31.189078003798816
15.492557531105104 29.699966039615603
141.4012743712406 18.70267597346328
10.892438741120802 18.658963062256415
113.20400185724408 153.2238926374745
94.68254064063797 11.591344772085572
20.83504519544939 16.137803945402997
56.411274686639175 57.860327331416094
127.03280057871022 105.75975315655336
95.63378306007621 20.56099439903104
109.56188439175511 17.861437596852646
86.1457360582813 11.67585003161285
83.49647821884446 13.170289523213542
118.83120361957269 17.785145325679913
107.09981917241753 71.41937346909312
72.69941053059597 108.06468579869977
108.66468754856393 19.796188370364547
98.36684679775989 134.19615956367113
108.13387941894247 12.518114125180192
56.80612060338452 13.59343799834372
98.61730508211198 99.59398453737157
112.36449026899014 93.53564456493591
111.72317190289888 119.6293196657469
90.48972613765763 119.27563957293403
95.44605038685593 10.288761583591217
83.01482585736828 122.1058875157929
85.55270874994373 18.797924317093365
34.38154374538623 124.32743532354608
104.09207263820949 117.1469263286418
107.89352478230708 19.98725724684121
101.4062165084378 109.55828755809166
101.69424355922729 13.54847025030745
107.3009313528668 119.03470981773985
99.43438013126539 103.09259846501439
101.05334452844049 108.51889922497728
92.59386739907832 23.96891245356197
93.26542890306267 110.24230524322252
123.38811955460669 84.47507123671095
107.48090927128501 21.0407317687295
103.56689243354639 104.52882110174863
30.451077144448455 120.01434269729802
97.97358222094347 114.21105660572469
18.732507071130364 16.85994057601553
14.665624800552079 45.081204047826404
111.32709066753307 15.930404837111595
81.1659106942177 118.54239860406634
133.67259152514592 126.93396536679815
98.20941731797942 13.168967485609597
123.89534224871745 104.0168184687038
108.44990544506221 113.1457529415099
45.27044870391093 105.75999843851893
112.17570390890931 81.77295144132847
99.10997732311583 119.73131704148649
97.80502905935994 115.45599386566045
37.74338525220866 18.552010146920633
116.10532293381829 47.004888887210406
93.31991283259163 120.13800679751515
18.313724795125452 22.377594977944003
109.75725113568792 18.359303302892048
99.32451441801912 24.853261122285552
111.8582772023245 118.86417695001747
83.98334346973428 111.61562654412353
81.96932307932218 115.38607486732731
112.6681190954139 119.51728072475805
93.59938497435213 129.39512264363492
99.43922756268591 107.9835133584949
105.18234174984597 30.75059060034839
108.55251720032342 31.890444055305974
30.61648631479147 24.838846823944255
90.64300505255224 115.9505971478458
108.12707866783475 110.22744222823181
108.40184349006624 117.07395059843768
111.54768872049299 127.41851858141803
105.92229536883197 122.10746556468457
76.18613017195932 10.093345746896645
119.95143208056476 73.96003449232455
103.8898759608594 15.379201136372163
108.79006067614142 21.46664037361272
-5.943980187894762 81.43386174278554
98.53099808066283 19.915668922229436
111.74549874556013 28.320023685430584
106.65246852479568 12.546826708157523
128.5404260011391 71.31297483841169
105.32037207254429 113.97144924802623
109.21670363785815 20.954302703681346
106.90358505796472 13.523136976613692
87.68689324841674 109.31768180884279
104.68995600702402 121.37671758585941
111.49690571572155 144.7686868513148
96.40549948040413 118.22655010202236
89.63832755877738 112.23219649379651
88.81420327802499 -7.707539370679542
47.37348631586404 7.922047615286843
108.11904895103139 7.447782055842843
133.36081379844154 79.14331024945399
74.8458546148119 104.05910805065764
101.35673797715243 25.29473212395992
108.07429324145465 120.04414187585049
114.30154432893177 17.81431119629554
90.63303254773285 113.28889976342336
38.87415814140978 14.171553053448363
112.79273547034784 106.17805999610191
109.05574035836047 16.614406562992745
98.54126081860079 7.453943791523215
130.97367747027283 114.17234707209074
108.22572204126052 15.667955641164195
90.62755419100709 116.39661738703127
109.31848922437118 37.0951128459309
83.0320498361352 111.0949157616144
20.1130188423219 13.195388410321394
19.78638740607937 14.292314345600923
118.45347985747568 95.8899570458771
39.87529688724908 158.4691447926724
18.40710364038548 13.469109862965103
15.768572219939637 6.856661014910185
114.77890698139532 125.35673043391955
79.06845229176243 9.073394143003332
104.32115590604036 114.38496818293801
110.89224727937051 3.3116881291080587
110.35384493500923 37.0517765926269
134.72979974515297 118.56249458125292
121.80734266216638 71.23988223914587
110.04598981403713 5.9825887840390575
139.5843290394924 123.6601736546651
107.99381500605111 14.755547421561419
105.89340827274532 144.01919840312306
111.76019634175611 6.5778548874438085
8.310737027463794 19.225371201653655
33.63646337678842 113.79640543317174
113.7109884230459 74.39200362218597
108.12877807649195 20.917816836044683
17.021744138058928 -0.43555780516388776
113.23783138510015 136.0936201338591
108.13393844071248 119.52104193231435
124.78794843080497 112.77322351554722
11.679816912940746 33.26195702337438
102.29929564313879 18.66278962989504
114.59144830727618 113.85117238360219
131.01097166925533 112.07950701310628
112.38948248806621 28.27331424328813
27.471540541524707 47.489054070935204
97.12619658695279 25.08414455688903
116.72898967985849 121.84641406503633
114.45229753252838 12.664047751582391
110.588035230432 118.20210833652017
123.12081723347136 111.53729508226536
76.86740186438308 103.68595339903094
69.75292823272638 6.1706895676004
110.22513903434842 21.518930049983556
99.89981320245732 10.46204120028807
76.80641361322313 119.70806122318506
109.52451867998677 7.20965754874621
88.35264061074287 117.35239713229521
130.52055991208678 119.82562305776446
69.16525245165496 18.78723629268723
109.60223353302068 17.16377546983798
88.5187675840105 118.8603506854097
68.81631598202992 114.09830007490602
108.27841397682268 110.46008330976562
86.7463377468179 14.833442259041396
108.0279392566312 95.90397105184506
31.917641035580917 111.75500339948557
70.94608570894637 7.6613244711032875
112.81248124761333 91.70818187099951
118.27889932047405 94.73069962683844
103.66155926853344 110.89082623580835
113.25796977248831 117.84783198425461
35.03799838238898 74.00501224380928
100.1035197443484 16.380231274759648
110.02231775301678 13.957364067781057
126.62729423864575 12.786777649601602
92.8827386067562 12.666335026628392
108.57839958853536 23.459441238600206
26.295623184992632 103.164598872877
114.8592275948927 119.34156375993223
112.23483799274611 124.27211709841609
110.54616988394191 14.33471556774787
111.034665327536 17.3609515336404
109.07052380317596 10.63708580433881
50.920655900527265 90.13776231190538
90.60625033463744 7.555374857967012
7.385019276269381 16.91380408567033
124.27491193155767 126.87932907825297
125.19035960099328 130.16941507452393
100.84961753735469 74.18211027683087
94.83504133320048 13.00100665005781
114.85107262758747 20.34647371793501
35.06545730737572 18.74770196518658
116.91920537799659 77.6961194864307
70.93572714408248 126.62274197834704
92.38195786166777 24.024542057629358
82.90025176484791 22.165275351787283
97.75106433970572 112.75903447379947
119.61798141725139 109.43189147345834
17.834208354524954 31.589175733736205
108.05944674927224 65.20975866119696
87.19507255487314 8.626427609458872
109.21177512177464 55.82567463287876
106.44447345975415 119.64769105545622
106.49350936435931 116.21207918342785
116.17239062309955 18.27505961457295
105.25252935440967 19.929545664631085
112.28055264683188 133.9614848510329
110.82287336675238 118.29024453637723
16.085643607362062 39.539424784819516
33.18127016030536 22.64441054655579
106.83527596104149 17.193025565890398
106.73603239668682 119.53491473324357
30.424929777433572 12.452668833709291
135.05309518468718 16.667343270985054
111.65441536353823 16.54910273050715
107.36899220985823 31.941694500207028
109.82037870252456 111.00196076520953
109.20155397789061 119.43830259761589
82.52056515261881 99.62420484758535
97.42218253263624 116.85693745644384
16.520428785700425 34.302511705349815
87.68326783191227 12.446933256202993
124.5992084635039 5.030485121695538
67.99594502962988 135.6252086014757
