89.91007173076048 104.87818468957857
56.3461189731394 76.16120345234683
96.27319913447563 105.87985076980401
88.14287290618951 107.96074771053594
17.855983356498463 10.622750788038942
115.93466270728656 119.11116237654316
108.78519835532656 25.00670200907845
104.58122682881759 146.20852582469885
85.40889131537494 9.645087795959896
122.08496221374907 112.61294247501513
73.1317600818783 6.716590603014234
86.07806799260935 11.767991218809481
111.79797261196514 104.37500062991013
126.83528234698571 119.63019235342173
127.37861165412868 148.48703308538342
124.1678705716811 10.071277089433348
19.193436455552764 43.197046948136396
102.56809601546335 108.82553589146472
76.9243884206789 85.81958668649504
99.28344965072793 123.63157125109855
106.57937155785764 119.57334449690602
116.90557838967484 22.493824303002214
125.41762205863131 47.84180695170838
103.44246792681184 115.28893994029804
102.98714424206963 124.64792301101045
45.58613496875318 138.87415736027685
111.56106366623807 145.07272752547973
109.4328558848935 107.68991265426988
96.21050221032077 131.62804545545978
109.28800428410597 21.49849962095396
128.52684550945517 87.41505740980494
108.10119129901676 7.112207571542895
126.50650134233312 110.60517640461632
18.595614037919802 28.737641780497032
83.40951883349412 103.98614642276681
29.608928904946204 121.080793141721
134.00188805233424 89.43059204044822
106.59529966212216 13.942335255858843
86.25934238134417 118.95388503663499
90.90078645381514 13.894233789765025
130.17571592850402 84.31275924875348
90.80757098113429 109.33509690070476
78.91012006167607 20.659844762538643
105.97193239137445 19.919000725373355
12.640114061390198 16.059116223267605
119.89983946983024 125.65683209830662
110.62179994568767 19.91064679531881
114.63618984917376 167.16420788182353
95.99313591908383 139.4089556030308
136.87583578338632 122.31873161048327
73.66434804319745 7.639831900594009
40.41945151262758 165.7838140596352
116.66192400042621 126.21619574313951
111.32258838147885 116.23839645373968
85.37451386528852 113.2792538485044
109.54462721507423 122.39775790665384
94.1830097440331 60.047843385021125
108.33557591063719 25.57499441213272
95.20708245312395 28.609052082794847
115.21714586621218 110.58549318827157
123.67537818536191 113.3127584607772
116.39125801038811 78.75217152477279
102.40972567275098 35.6841675168885
99.03018003936236 81.17604019398917
103.46594116931661 22.305943168278954
126.29229584420406 30.22186831513956
20.47049534254108 23.599190690717357
102.53930710383497 13.629549546345155
113.8569682513845 22.252302106897588
99.21306582445001 118.43423941114484
101.06782534006908 91.71170017947975
34.06049198721934 18.55308440617034
110.62164475350559 19.625930754143663
119.75401196135209 121.82397101202494
129.4099710933366 116.00195908926347
112.44025296065531 116.76639750570924
87.70774095349918 102.78821604178573
99.32863592242298 162.09749771381604
99.51186272471567 112.32406275513333
100.97668098209519 71.79864366269184
105.43072011288136 76.7462213495959
48.182399120384204 110.66709242356212
101.04655897300336 66.10585184042536
95.24194673743875 117.19024936149215
111.25129470473813 13.92091264083615
114.22127740450884 27.086284456394605
76.36987672142666 102.7015659889415
114.27339388687444 109.3284646240531
74.37444379338976 19.85650276143577
110.13772865795205 29.18209603870745
18.65852075651871 13.372626408545102
112.42460303330154 120.68916942069063
17.252229495420185 22.354692932025955
113.7320537337173 122.49809252221893
125.59882900917482 97.21914443456329
112.43384312183416 79.548148223949
108.56192632891523 114.75515887983049
90.44983316661845 90.02835525631998
95.50584508699174 27.99039454273575
125.33018151993973 140.59457707635926
106.52232868729187 35.2249090353815
8.615051505928545 33.71352594165223
136.08611591425802 19.07362768192247
4.741690988877263 22.264729979735463
114.45375918839719 160.36332017367556
95.43141168786892 11.372824355045324
20.824660068482352 17.743409968825794
61.12555262165992 62.583061954178454
130.05071203845114 104.05970955494152
95.25366152579068 20.605675276927666
109.73148436858042 20.805836378187877
86.89363858080613 12.056212042525091
76.94294876743612 18.077574439592585
122.04669357332104 17.335884968522326
103.37185872562465 75.95436868088856
71.50131415375907 107.24452102330183
107.03695270811323 20.308309761470905
95.92943336010966 136.51101895516314
109.01473778027575 15.610979557552424
54.32847416634495 17.291837012854696
98.87562313259795 99.8956399046478
112.32665054070623 93.36580420695111
107.99872065882204 119.8235456182357
85.24741235794816 119.1725876081668
93.42864954841889 9.249504317856921
83.44113580083072 121.9130855605165
85.07130629888516 18.730297684734836
32.78384876588083 128.09017289738475
108.23308152764893 118.52239394388039
109.86954589251839 20.494568839154688
97.65799504453602 105.22155402592125
101.64764609499298 13.515243190411358
109.2929176261728 120.22588653612455
99.53029495203852 102.64080699054094
96.31177601004931 106.56866006919165
88.52086393266809 25.12186043650849
92.89924209228677 110.00880633426534
123.51332172794945 78.20640599379342
104.66505662421915 21.977798994367017
99.91241409738475 104.04243080853996
31.573786684529363 122.19348118923484
99.35128127441118 114.78460886812908
19.816682039417607 17.66044966542717
13.441463215172606 48.50232820696792
113.32209274764898 24.00386242724488
83.30566699332847 118.27381736234081
137.13859741292367 127.95359471321302
98.65395859320857 13.22009498334542
124.73442611652078 103.39967152333851
109.13875182178171 115.51246346205775
55.304702417164215 102.34274090737222
107.32447699644128 88.05598141055154
92.91654562122656 119.77415627622892
93.27619337028507 114.26480013118642
34.167033577569136 19.548339672167437
117.00917399431704 52.62286853104563
90.36626128788205 120.240734379917
17.383176440922668 24.283068654069925
114.54697314301333 21.037946958130735
96.54974593467422 26.35930874975581
118.07269678978196 121.05315294796137
77.98573508897474 109.72027130920193
81.2207569670822 115.23521205452873
119.51771803585936 119.43014443495399
95.98280583220722 127.18715337620796
99.7089558469179 107.61908997655031
102.67741613668417 33.85781472837323
107.80641732182323 34.90754570251711
28.98407290206803 31.06177593721671
86.46467681197129 113.43961962953414
109.7280679348783 108.35402330477524
105.95711264357082 119.23116959708494
112.38212378253054 131.79159365396484
103.24728199373018 123.26584490200474
68.64480105167178 12.866062732390239
121.752812544919 75.97615391976015
104.51099191457293 16.39687045505709
110.72365603086337 23.64776019178055
-8.148054182087302 83.26527796138016
96.24391894734431 19.93339223643974
114.2545539969136 32.95799792002153
108.27949840645316 14.762431308235337
131.72780193954682 75.81365451010444
105.56815320925246 113.9103354688576
112.04780867723335 25.734254409332983
108.83546616829703 16.07438425534847
87.20087064446857 107.74670740922349
99.01268107388273 124.20740323042301
113.33299241423043 154.66808720118672
91.84319958740724 117.65418351445848
85.59097531465552 110.82936347756655
86.90207592066972 -6.438658555884334
46.244287083187466 11.262123991788831
107.95698989403942 6.024522508866465
137.19972007495394 82.03063732023081
72.8717245091934 105.44733856733816
97.22895677422231 31.05052425495177
112.26755382250563 122.638048898075
117.01244316829607 22.677654793775396
87.22748727149835 112.96386900814831
40.67486511537497 17.88678840763461
116.68553038984243 102.49487659925013
105.60278047199128 19.702950119309193
99.35277663295585 8.5006844663847
133.84966165552507 112.91644193270581
108.86931356506643 17.161064835473592
86.17413384954473 115.33107724334431
108.34696694347147 41.48686255643554
77.88112078721893 108.17480039897124
19.745900305595992 16.640215100601264
19.599646508105504 16.451940023561026
120.43243002631708 94.4487161518247
49.826487664294035 164.85515595676438
19.21773110061671 16.97910321600429
15.75518796476515 5.928039005758066
117.51315910487436 128.87490814503775
79.64921637841022 8.493343572866404
107.19585818223007 117.82912095295079
110.90713336849929 3.7498137490880383
110.64231656674555 40.95462615569463
137.83592745662 118.31587483133812
123.30801308039166 74.14456290034082
109.97688278700987 10.04718968409141
140.602033120214 120.20350035426068
111.16305472630013 19.362623538253164
105.44321487954996 150.6899849034644
111.91982344807496 5.957698567704928
6.547543810588952 19.28906230385079
34.180391434695466 115.6545177506923
110.98896723834883 75.91895915963201
110.72156755166218 22.927116780581546
19.532166963081192 6.128579439440015
114.96869837311905 147.56430764328306
112.29080414525063 121.69026455073728
117.87103046897148 114.49644634493075
10.675829750308923 34.74193025172735
105.00394746489134 18.892012180348956
118.66849354322153 112.04775088513519
128.06258303369526 113.92758543983513
113.52172107358966 32.831433317884105
28.438085899906852 50.96048683660157
96.20134945678818 27.777172266875368
120.36138676047428 122.74694140110421
111.7423982287226 14.95002281367526
105.68374126030588 115.40489201093915
125.94488520386905 124.1844643915172
72.36532635214861 103.14323433237871
67.41753639951386 5.2195326233221895
107.77302126073636 25.58457070647195
97.72590050177558 12.479492043592828
77.23898712520577 119.71903561530175
109.75521448130196 16.37086026116412
86.27406768125351 117.11806600468715
135.93792097763165 119.88337316943924
66.9891187205846 19.16760258356973
110.05543091762124 20.13711535741667
84.21923018908501 118.65565126377733
75.9169468384175 114.89823415027902
108.85122727560464 112.7983317787829
86.85594869027926 15.103687616936378
108.21162114113096 97.67001263386113
36.27721134284762 113.36486649319731
65.8601693466832 8.775460723173223
112.76546220294937 91.19680545761938
119.69424036284647 91.855075800639
106.50515365706661 113.17208868977043
116.36059959352582 121.30294815198096
36.623751900331726 71.71088207135335
98.70105163729819 15.9015235429874
109.8614984990825 16.65146131997921
129.62330596794914 11.041395054919262
94.05687863918004 13.117760441088564
107.7271563506472 28.139652144653507
31.57800062590795 101.696918866578
119.68266429925276 131.76023539174045
116.4281864206863 128.55328738936723
109.45586158087063 16.831641847914245
107.78016366474581 19.45899614571923
109.68527805308689 12.761145088292599
55.1518906778254 90.05605425050453
93.32510663340506 9.041296677223398
0.5404500127401057 18.475808742070942
129.72287085784484 129.1484649495485
127.89883471203025 141.7847964060853
100.0644487846993 76.57856537727861
92.24510400170651 11.592056508848234
117.98989093533064 20.58892686333846
30.99041932715876 18.967543385111657
114.85619636480091 84.77614485443442
74.07612853334116 129.32871230399252
87.3144918871978 24.933944800518674
79.2081867370753 23.024377172670224
98.57738159014406 112.75661275684904
120.48589926018957 108.6641241907076
17.288134007690058 34.89551638148548
108.72144392585635 74.208768223848
87.52326351957467 8.515062466407384
112.09121117074608 62.77786341864056
111.66357078238973 117.89831957647328
109.49373003904518 116.79145396462314
114.80398689948342 18.747860881075457
109.08562613106486 18.634882562521696
112.96261157147163 138.79123685654113
108.82523367114581 118.515088739098
14.946435849108273 45.30171160675687
31.71945050812901 25.37130607904226
110.22147780407512 18.528264035039996
104.34321695407058 119.34337510522396
28.14959701674929 14.587222526446839
132.53757738495997 16.943998699816035
107.73424337453629 18.8512847362981
106.33420979103914 36.69260266167563
109.78497402462682 108.38836929875563
107.48109243701163 120.5156484172939
81.24680335727825 97.95933137918777
93.56773393813768 115.75734324115251
16.133071083344788 35.16459810491527
85.05824041372675 11.356032613619464
124.89583476026037 5.8313698432861605
70.66045514944476 137.68775018169958
