90.30241124647445 106.35988579887277
60.09225672767644 85.73707303307944
96.78507038885097 106.04368969932422
91.2580695168233 108.17295724800712
19.124940649123573 15.370171404821669
119.24111273386247 120.81288558837477
107.55500266840679 29.843223340776152
103.57468837623925 154.51687101647272
86.15112248157665 9.415408040601855
123.97844982673006 110.92318984694377
66.38730510435724 7.406365463000156
88.20756586733664 12.072218632890904
111.86081340899017 104.42012258982896
131.15814464855842 119.63519372160867
131.18657187834296 145.69805325405102
126.77724329227817 8.217960162013313
19.102487716190407 48.80733576904489
103.61170590097223 109.91039304702082
74.55956603827455 87.42678507539348
97.83244736638306 124.9524891344894
109.82281190130493 120.51788116079167
120.15336898889055 29.288988050171813
127.18955988336992 53.695642775088835
102.01904522557446 125.26103213284412
102.04614272990618 121.79652417555026
50.41102744273724 136.4739851646742
112.0704120382768 149.8616306999486
109.45606022662979 107.81544175969347
98.31383818475108 130.66420810693432
109.56679657323556 25.531875642870183
129.8158874208565 89.75682830137966
108.37196815065829 8.080655501270341
122.19965990994473 114.19861506441848
18.206297919479113 33.44629753714465
87.8343296948702 105.79642725705075
37.156635548564495 123.6626026013503
135.5816183108969 95.31135135653429
104.13485846773133 12.282764173041127
81.73830140273053 118.81857597834312
88.73852614395302 14.203423262130666
134.2528540456342 90.58247169572357
86.20428289805857 106.4594432827588
73.67306395785644 20.373306533311716
112.3587456998557 19.8847101722097
6.802425758630078 18.714884061539706
122.64572601896315 128.59356520481944
108.7993670731794 23.297501762695457
115.72990322991747 165.9628821785454
95.47710015462638 148.41893050275422
135.5058587110681 122.17320299213539
66.5602197798028 9.13140527933673
45.02140743828804 164.79814532969007
119.80298100626449 126.92503423381203
114.40706019781605 120.78403307041431
84.71891779681994 113.82215043334662
109.98503933509598 128.43275650489764
93.82736904849244 63.85530944441489
106.40451299997918 30.369305962195845
94.44824233609387 29.091688066569866
115.8895054993063 109.1051257019089
125.99889524654785 110.5331631796993
111.13233745332103 80.05077950254864
100.90897629059914 39.1535419718187
96.63332902238143 85.98808652354718
100.28649626494922 24.18153640848236
128.2407661952684 35.96366791605916
21.005052622065193 28.432475425965837
103.52393479943122 13.65930321172377
114.55581140951234 24.17709795685212
101.90982895666515 118.74765412455926
101.61066284911122 90.07756110235263
32.9417081773018 20.279752198730996
112.85281384438811 22.3444073174511
122.75141618181264 124.18134550377387
125.70940824654558 126.66030417681209
115.72244672541964 120.50599356499212
84.19074329734102 101.90997860536972
97.33195683744485 166.21039022340693
93.57012677517609 109.7741969398457
99.65753807093284 75.71821721114323
105.4140246957391 80.93791203087446
56.01599834225086 108.14003098311574
100.19784887924921 67.89195784524452
102.17022827554511 119.91492779078877
115.22749536395158 19.61400576942237
116.10536497709023 31.711556999418637
74.3197077380636 101.47631426363998
114.39653283168367 108.2743151930655
70.48264091645837 19.690838295927446
109.65649091462234 32.00760512508487
19.555730355270374 15.261926582198528
114.64284525583209 122.75871489731568
13.560008749007869 22.584819427441545
115.10724392848955 124.48901264848705
126.6323184166059 100.84476985682629
109.16610518971366 83.76955511001779
110.35432017806278 116.69451949385798
87.12242478038146 93.63297298580072
93.85028359580902 29.13988787338924
124.4493245749123 149.70184231722044
103.86937943438996 38.4826608357601
2.051712516178262 37.11481133675373
129.7110129171419 19.464702073752623
-0.863931203785028 25.705673332117513
115.51464135447861 165.56940447340224
96.61656946910162 11.470480225216198
22.726475859273588 19.37649201885981
66.32148289675585 67.80013844813797
132.45563500798892 103.03740965930876
95.66981517524798 20.61827371536889
109.90002608102915 23.70016378605187
88.66308590228091 12.702680646533251
69.54351600564912 22.99665169123484
124.94427825895771 16.956194488336955
99.99127096055778 79.37277536036738
71.51629741738864 106.838278674043
105.50867891552608 20.790128225512884
92.42846931821774 138.11552740393947
109.93114749469079 18.834225194702512
53.28934772504926 21.105226720168606
99.34801200867508 101.0756171438784
112.16413843811807 92.65443029825138
104.33078444242742 120.00527157010673
80.87464433134194 119.08360689058662
92.2606996382705 8.671609994786344
84.51549563924243 121.64969224805512
85.61888576671387 18.695675048730713
32.59710185146379 131.5553320694636
112.4227120675127 119.94796098674198
111.83764977344615 20.962943665108263
94.25316465328194 101.2433119185017
102.1001291536082 13.779180345051403
111.28655075123086 121.40019297473566
99.84811298679989 102.99424990815716
92.33576889758679 105.07685582421132
85.24233271928784 26.119432655780155
93.38774014457782 110.03591986264634
123.23628665193219 71.95227450303943
101.99501510361327 22.831609224023993
95.5827661630112 104.25539605359332
34.51641243815635 124.28979209630843
101.23259946634548 115.52569014870804
20.99487683082377 18.507776334214928
12.443068834978337 50.72918493756902
115.22074425175538 31.72853059131678
84.79858707638192 118.12089016192621
139.97628384912935 128.5003938958078
99.83193583461536 13.599359109941878
125.00116018359091 103.49704461926734
109.87484206623125 117.96978801041054
66.24401812648243 99.4142095276308
102.59613619631504 92.80043425195666
87.51592615749647 119.81057350129046
89.25407934710675 113.3119936641733
31.035630758540808 20.50797661575377
117.65059268199994 56.72339506444861
87.81954500852855 120.31658375139232
16.576026887183488 25.880752718797215
119.14780479771073 23.668699252762693
94.47273025390882 27.601735967181
123.76037467824145 123.19116086805037
73.5433436806795 108.19077805315794
81.65836174258763 115.2702159894345
126.04040537195289 119.34507543516472
98.81181860047964 124.73313940902922
100.47547650287333 107.91012387468284
100.47778270813178 36.4818863178283
107.15290658734774 37.15219073276244
29.01199540330555 36.6157777324634
82.79747548216044 111.24421337460548
109.22807582784505 106.95423149646116
103.64761205534342 121.40674768502818
113.06901374004458 135.76883810057947
100.83127006905913 124.31839286146791
60.17532808747515 15.875814238078014
123.07838078756976 77.451528122793
105.26737505727681 17.58879026586167
112.61640828283278 25.711481701421683
-9.554793334777427 84.4389423669971
94.53689946388597 19.94967810625536
116.52506486452734 37.068757715309964
109.93197796657525 17.15768045612458
134.13928300270524 79.77901008401444
105.99593756896898 114.0859799615836
114.81842707007326 30.31073225314964
110.78710455479437 18.72601328448593
87.34966589140375 106.43546325692962
93.65077325323051 126.81281831503361
114.94822094620976 162.5165419553839
87.64587239705374 117.19400751966127
82.61132754185924 109.76989932426304
86.09407795209418 -4.191966834171854
46.154782800303174 14.85454272416683
107.85672580133465 5.318906195108735
139.81214661663654 84.57019760053052
70.41020005279256 107.80558264376567
93.55412979603976 36.33231982641006
116.36877865943765 125.16129731581461
119.28660425392367 27.423472794190424
84.5472153799544 112.87220202450935
44.397014918636366 21.697883801188635
120.13598463681454 98.95175835048003
102.24017625770381 22.78081716571046
100.68441665514311 10.239596841265534
135.5047825526319 111.9400503990781
109.5587410449135 18.766299309321187
82.72438762535597 114.47218719846454
107.50971349121669 45.026007966179165
74.19153480519456 105.66198971007094
20.1003872349384 20.168351963787085
20.18705907283143 18.677423829296657
121.77897726541627 91.710321250001
59.560054037953414 168.62395047007715
20.790935672126224 20.534558623279292
15.849316578806134 5.52277482740242
119.93075752806382 131.91582601738645
81.42896592395337 8.375697010694074
110.15518076250792 121.33531283919406
110.86672590253788 4.937299098734196
110.87577547755099 44.126488003638016
139.63220100811967 118.09855185057654
124.39824128729785 77.20263228654802
109.89556469786112 14.640855026892915
140.1961517496345 116.79049610659952
114.29208678630593 23.984647938895776
105.18048514720309 155.95357384343598
111.96690414379658 5.991604662682988
5.171340180727299 19.30204809153139
36.02325365968914 117.59409332141234
108.25365030309821 77.05641000398727
113.28493930435107 24.763216443388906
22.45812693894614 12.955713604696736
116.44734219214854 158.05561481134063
116.42181868803134 123.83263273406706
110.61834271529544 116.40377249045478
9.980214470801966 35.468625260948926
107.87723643506303 19.143218582426464
122.40525136481617 110.69339971030249
123.97967472367017 116.00685995139902
114.526930121115 36.90939726244499
28.973655518780937 53.2774569550692
95.79089538175586 30.208780942316643
123.52909928051226 123.5217436505659
108.93442963809807 17.358566645779565
100.91727650271939 112.74021488723307
128.29388170633646 136.66180715170867
67.57848400393513 103.58867326781551
66.72045991112786 4.932853426384107
105.39925671930011 29.444142847006816
93.9242840605101 14.768031144479782
79.17428244540835 119.72354610973191
109.97081832497604 25.635124671743085
84.8603319779165 116.9780673186072
140.21335767678102 119.93476556765837
65.0868011853349 19.54756693204477
110.50386793515506 23.108228362798453
81.00634659806647 118.50588756412417
84.77972321755021 115.81480496984975
109.46380232446326 115.55869763197826
87.82786702868411 15.546020664343333
108.45265979865513 98.50358522362535
42.28593790314005 115.37295811770564
60.902879513104295 10.132938450782879
112.59650185371616 89.19472996473773
120.64351624862707 87.1250333200807
109.53278778169779 115.6753618926557
119.28075016586024 124.68170217753277
38.17396257915009 70.13090669803503
97.86599572922816 15.568839989655862
109.68622993743433 19.49494375319106
131.49133041754115 9.688301980492628
95.80418096080076 13.891691432259409
106.96795712688466 32.45638790107165
39.03521966874804 100.95125672931152
124.19865690602553 143.66450840643202
120.41532506839128 132.66018473560575
108.36683203553721 19.4250235744198
104.61752273211944 21.553124888086728
110.2306258487558 15.13710067396037
59.67847719256259 91.14920836117557
96.57715109351291 10.820589816735447
-5.731628895226722 20.042709938359202
134.45468897899312 131.12395632311635
129.99461590206127 152.90474976654517
99.5957444713259 78.3169111241427
90.28360664829846 10.42465677434015
120.84774067976953 20.814883811054447
29.245266092877387 19.162106986716577
112.56159301665937 91.49287946915213
77.28641685936235 131.58574670732452
83.0210741706333 25.641841423971528
76.7390029749158 23.702736852788227
99.7699661469613 112.98342726542037
121.11370042519698 108.26076031267112
16.810405413398644 37.66286808636727
109.3567518463015 83.05811793245195
88.41239048580962 8.768072331387982
114.78563084692115 69.90120152831699
116.78933541273317 116.17477978741307
112.49691759218607 117.4918239710222
113.22696448278998 19.242183220271674
112.91919254363005 17.386594115039642
113.55657749811351 142.90666423494426
106.86786486571718 118.75813142205162
14.012895456682898 49.81182155934313
31.305334601249527 27.8292949356843
113.60033294444044 19.952641008390387
102.09450113907172 119.16086830361954
27.213153792648146 16.836257040532512
128.86652305265252 17.299799447969864
103.86453619917897 21.12267524663035
105.50411630720681 40.66838580911342
109.73685173205794 106.15563624645392
105.84474585898583 121.54378084977708
78.66667422582407 97.05013205959493
90.29177993281341 114.83348495933414
15.846008153395985 35.48818036626848
83.3972234092038 10.619592951812558
124.73621083151603 7.352887893058991
73.04890621293038 139.07139630408977
