90.6907445034447 107.36036104296399
61.82393373620886 91.03392346907629
97.20952683934337 106.32689982600823
92.58285381244089 108.48518674240775
20.63212476505359 17.800069210633644
120.74968692404957 121.66484593665345
106.98105217687475 32.08463674372665
103.13612965524149 157.96259902753562
86.78761659136642 9.459715569848523
124.69548289734327 110.20721523901753
62.60992880603357 7.896004448102287
89.6787496048395 12.338455089823784
111.8552622057077 104.11635892547783
132.91527130260917 119.63830808136008
132.89740117069948 144.00545727590924
127.85003439444965 7.428176845623745
19.064489382428697 51.06961277147227
104.23521117657955 110.62134165860144
72.99957585712407 88.5725624814237
97.2484791077746 125.55073784006018
111.44597821594773 120.98459795943955
121.62835964977523 32.64846744948384
127.90370924900937 55.936480303157396
101.39609018062501 130.21975411688112
101.64446754996 120.34539628825878
52.9658400701028 135.03870525057724
112.27695719542037 151.7502362010828
109.46618403120729 108.00783322022384
98.46780171180056 130.0509896578954
109.70314994067652 27.470285974898808
130.19389848500086 90.36801400875451
108.53067466908489 8.726684269691674
119.87050254929278 116.0615657310078
18.021982587176645 35.73049910570112
90.43967703092969 106.80741740781755
41.21658510069509 124.90631452846362
135.91582880370675 97.97858477987818
102.98191877029605 11.513446419647929
79.82675062327142 118.76180208324315
88.05556291988479 14.42869729761364
136.0086333441255 92.9796571720303
84.20925018722157 105.33110365286838
70.96916247263782 20.216004116130968
115.53236060245217 19.867684090469883
4.125187645967345 20.04437658232412
123.78191037194644 129.9093665241896
107.9131471692219 24.94321868727593
116.17372699458946 164.5264719320516
95.41956787135605 152.58056168263582
134.4635936402296 122.05434864283811
62.88531201219492 10.0121500304498
47.10412977599842 163.45667884994046
121.31989926565612 127.19391385344451
115.89417757073669 123.04515928833496
84.7160765645705 114.16626536750458
110.19458596207919 131.31606136696
93.78104815019948 65.67058594366455
105.49055425092838 32.60745503239166
94.22502577976594 29.24627685139861
116.11382340950217 108.61358279912248
127.01961787669805 109.23344181096547
108.51458646180434 80.65678670665032
100.31828944854188 40.472952505434996
95.61457058593689 87.84214234448152
98.87198367273442 25.011226926591107
128.89431314098218 38.51599059154593
21.250115913961455 30.72335168326902
104.10007802314203 13.704605895607799
114.80894163821925 25.070241756208727
103.33189923024908 118.9324085632536
101.9607740312947 89.09901286639007
33.39767593308923 21.110758458613702
113.95263454192975 23.678627950108226
123.96302322550841 125.33366740647398
123.68978014478681 131.94298129359842
117.29964139888502 122.3708437204941
82.65280748804099 101.79000547299258
96.51795314432334 167.55746331279906
90.91592851378533 108.57934926873227
99.16595502611062 77.99746013843846
105.45645832787969 82.73850964124543
60.14617203637472 107.05976477146305
99.9638566442184 68.59354544126958
105.75830257404387 121.27843142647049
117.17008212049141 22.472725143812074
116.94875919209471 33.77413731162968
73.7861675541397 101.26121616177485
114.38053761888838 107.77652941954064
68.3583330140579 19.60464187551158
109.41415686638494 33.21948021650352
20.745381307159395 16.244931434950647
115.65103806857307 123.75139563060867
11.77837200037865 22.61049997445401
115.70946722759189 125.43099783389108
126.92576859570654 102.10289974881063
107.55554979444993 85.27746911958045
111.24625208471082 117.69292694076127
85.81151372379584 95.19587611967215
93.35509822591844 29.546985806928806
123.74100077692006 153.98392523149994
102.62343192692309 39.77489933438782
-0.8662299742728603 38.72037745991992
126.14899361617734 19.663037749721912
-3.3291543054630064 27.315064079266637
115.95195611289017 167.09834172412806
97.38364723275126 11.65856986152573
24.08154781867753 20.18432654421553
69.19460881271687 70.5589887960147
133.4371507513606 102.64757381699816
96.11523584637847 20.615406816836757
109.9825733214899 25.09906502770529
89.8242368077197 13.121294009354115
65.5677859334441 25.37538388903045
126.10657087231529 16.790001096433567
98.49974606427656 80.70039558086181
71.96083356610052 106.92225136998371
104.83898885568996 21.01056672184856
90.15844047081586 138.61347846008914
110.38879039738939 20.46415880456507
53.15524702173583 22.98594502926168
99.78097829035599 101.09708194128672
112.04394498726168 91.56058558450486
102.5718582718469 120.08929405303047
79.05297426157654 119.04545881632124
91.85829784998579 8.526379456453862
85.35244915421214 121.5103383126603
86.36636707703546 18.681762547764382
32.859201308562994 133.0512087080464
114.50681578597552 120.66008126948476
112.80000437285418 21.18203502875919
92.81511492051956 99.62784216348322
102.46843828286623 13.997004586499234
112.24997182061776 121.95838181596096
100.18773622620948 103.34054384080531
90.4510865563907 104.58734756592655
83.97023461575037 26.4872737995519
94.04959092819686 110.17487574676058
122.86048753846113 68.86546507223173
100.77690890197638 23.196269100218153
93.25805426897867 104.6021646995839
36.32235743541447 125.25237102098829
102.23631294252237 115.97241770321462
22.412366576839617 18.936036346349194
12.06523654047008 51.47462708623759
116.06712195355998 35.33057754195464
85.1859060531479 118.1185722859487
140.88383103980138 128.59059953251017
100.65116461154268 13.882924622518608
124.84556300517652 103.06342280261127
110.25145624751669 119.22380179830655
71.75121255882017 98.2786435287882
100.29630787459972 94.39224974772806
85.14754434775772 119.82532497239804
87.70599857141481 112.97097720112097
30.3459079355901 20.978271749298937
117.83050054835799 58.29431405849453
86.75610822876179 120.34342562657697
16.252519722535023 26.567940071589426
121.37917161722633 24.939654121008104
93.7175265997438 28.104874714541324
126.3639969954218 124.21523802065919
71.64024917542889 107.64582801842703
82.1047805908694 115.34999893661247
129.08641403329938 119.30543283034095
100.40314087469122 123.41909478757017
101.02596336285413 108.25565883890839
99.49425910541773 37.65772628308135
106.87564537777277 37.94375746908908
30.179887418585107 39.11496227429047
81.41060899002187 110.30541526210456
108.22650669300744 106.51919774439405
102.61144121643116 122.47072611647347
113.33564111275545 137.70583290427794
99.7666999060325 124.7608508011214
55.66596057624376 17.43418816640621
123.47801140564178 78.23574566812303
105.72188044038721 18.217297055080802
113.53881124209498 26.65175682197535
-9.763526964235824 85.06997881687133
93.98993087300306 19.95662023435661
117.55646442313387 38.819190184410616
110.73897737224557 18.400719171815965
135.067968224072 81.65528630106843
106.25461261954666 114.2812518558511
116.10076349893583 32.45490386492084
111.75376089374147 20.073045634926068
87.81945963141804 106.04260083525593
91.13176576729256 127.98765277361723
115.71632215583612 165.61624934612973
85.98304402291353 117.00462526728488
81.4741292508181 109.3366662486957
86.10996256971256 -2.6670787995328684
46.23648372926007 16.743386916559473
107.82688855876123 5.222598718184577
140.85227385644032 85.80477800612242
69.10563871741395 109.1410190398808
91.94068628976753 38.86606919817722
118.31528420626583 126.36246484915148
120.21080147538662 29.70322063588039
83.57225686536017 112.96977703521551
46.80802371717278 23.587429470932648
121.66832325852269 97.10325165697778
100.69538200532759 24.27856554406583
101.53704126151683 11.227722435162253
135.9531153962871 111.5680511097242
109.90717264752863 19.58672688666072
81.36187802374563 114.08826506713366
107.16034914894466 46.65177915154002
72.60022383555031 104.56530168043622
21.426965783825 21.906553325425495
21.571390748629952 19.791352076743923
122.22165347927584 90.30014041839169
64.74291411890738 170.10809754410226
22.165842222152257 22.295564741770132
15.956135621178435 5.5306795077738045
121.09177180976168 133.29068377095837
82.93591850825894 8.417900560370922
111.6316131622056 123.06541314012476
110.82254955489145 5.687740028912256
110.9794452248822 45.549104697954164
139.90197885184836 117.9978053694536
124.78856261400107 78.93610549379959
109.84813114958835 17.055931700901706
139.67947762740613 115.17010292359726
115.81442621666281 26.23216824281294
105.11451666641092 158.11328787088317
111.96856627653504 6.2067477658199035
4.677677160671908 19.287642746207645
37.670255218666775 118.61055213581261
106.9166152784524 77.00562741693768
114.51266710863797 25.598493550635023
24.741870027300457 16.446600284891094
117.09575576905351 162.92778941854968
118.46734303265659 124.85739057542388
106.956693182182 117.40873345768149
9.807346674799787 35.60735307287674
109.34818019153103 19.274383906438594
124.02132176519278 110.15051432380184
121.69749035895848 117.13742590020813
114.95054645707683 38.73037758329295
29.13998039584678 54.096206310319836
95.77260279997512 31.26341469338805
124.8156248166624 123.83376481757367
107.53082704780482 18.591722367996056
98.60328155785916 111.49834188673212
129.1733976814018 142.67183631685134
65.40730804753527 104.12946742925777
66.77560646565586 5.058385913156737
104.27935169579199 31.262136815626718
91.89693567170274 16.016470702442312
80.58832077501505 119.72386561594406
110.07491102646797 30.209004093708167
84.6226877209031 116.93401052540379
142.0788960891375 119.95811275608517
64.59922105219941 19.730498364484564
110.72200193434081 24.52139481848458
79.8248055887203 118.45033911645062
89.65970465968036 116.3347494721927
109.7812065777469 117.0551360652012
88.75729623726592 15.797930021535427
108.58493038382997 98.80554901629431
45.37488835722837 116.50660633937109
58.697597695137254 10.959971737505057
112.4485710997086 88.09978948604628
120.86481482010817 84.63678698243328
111.0545347477337 116.9673181914985
120.61727839162178 126.2530599461995
39.429436082269746 69.84903507032878
97.60338677930224 15.452233533388211
109.59818376525408 20.93232466001233
132.00217804980267 9.161052154174435
96.94018213309936 14.341636853090339
106.62168230958464 34.50719962296212
43.34222131570693 100.70308212684661
126.3013785772006 149.32589401388464
122.23846812964766 134.54415599937846
107.8269104930904 20.73415853455008
103.06397344899737 22.559473187871163
110.50167178654392 16.355599810365703
61.794573653813686 92.24029850855355
98.32307532818037 11.890440423585693
-8.519364729455736 20.797199535954256
136.5690219956852 131.94680194623052
130.8065225873852 158.25744693007064
99.4618932967934 79.2412801223079
89.69213518801529 9.934754603562796
122.12666078202338 20.91717905352308
29.263175482169697 19.252781216391384
111.34801375593992 94.68786862912897
78.67607395864007 132.4738840937191
81.34693863128565 25.933634534017642
76.05157671534866 23.96743936609769
100.52079434593298 113.18968921917242
121.29279005517247 108.23357501919713
16.606176813310867 38.62893690721502
109.65313412087474 87.66217794463802
89.21834185794403 9.12697627810451
116.05333422205554 73.89567631960666
119.28187692279381 115.3566244447126
113.96406957257717 117.86430852187641
112.37256208307642 19.485903322757377
114.79250898059298 16.78525841982387
113.80454911420138 144.5183234287198
105.94628510182368 118.88390620280266
13.584644667040845 51.735163091259345
31.751581272337052 28.922399695468936
115.2432649740307 20.6702708372124
101.11239631710446 119.07910920444132
27.377065361988887 17.968879049859076
126.58786205744536 17.518582770344963
101.9960162362594 22.23419731778226
105.19655571287801 42.40863912356981
109.70561425074325 105.2719282870431
105.06635106931863 122.03525332068541
77.29193084571197 96.84068789212006
88.9032556080971 114.42234616636591
15.731894085859771 35.27771361347705
82.88639485042549 10.336037016850657
124.32893565409472 8.363659633282978
74.2129915988722 139.63767841415833
