105.77344477682098 117.5753872810527
50.03950169419218 103.86729581420968
106.22109976413907 114.85929791500762
21.262594763937166 121.94890373634594
23.014625162628477 51.314309490226314
133.93871198006852 135.2946567634937
103.52516767719976 57.97236432282799
101.91490986294701 91.42524122191874
104.26679315718071 38.0827623590502
127.43826833752222 133.1472658218385
32.86254261575815 19.556749375800575
96.47557742939482 25.293757338080514
117.94411748633351 111.0220740500459
25.440232618796294 132.1017085463957
149.10156810475883 101.21891842610059
133.6639049965465 20.144756115516458
24.225740354133173 54.443531287357544
104.1150927034056 131.01672035403695
16.145069477885798 103.24921184483405
36.91779943681764 136.67024366156326
127.36849327858572 128.62918283542965
136.42050628733074 58.4429656350672
129.5111205640663 51.84556700610609
104.8562559180712 88.93558072825422
102.42354511883698 105.42571937499913
50.7368215500805 111.19704413954685
35.06749787778663 117.3989356138462
113.48862902926209 114.06187632479978
22.922469406474093 131.12221517044537
110.59621593197275 47.97093039896387
131.6395268902525 113.16110660441669
120.94820941949948 24.895883263710303
67.18754940982424 149.0437970777904
21.215216333875727 58.30681780970688
36.81524604846519 125.84520772064158
54.925911285896845 141.85762219338636
132.47269667564993 105.81105565964
93.19699686705988 10.011463885674457
74.76082356776871 120.9842051497344
98.64448220281373 34.355025935105424
35.219057618408414 111.96651496194312
75.44987059411442 107.27385761973632
20.14345913061333 23.940763220878228
146.85333572035793 23.873548535165465
36.60571458603312 36.384117270310945
128.0648219337818 139.75957064181566
47.74976355826047 46.63910128843737
134.61957839717653 112.94334368152865
109.0521080270692 104.75002349343745
59.429294741156504 141.53546523625693
17.952524781543104 31.926484986191312
24.54460563302208 100.95959324506406
21.562057223077492 136.97536166599744
56.87300680048279 151.30479403216896
100.29909513172694 136.54283588590445
41.11614363082924 148.81527288232954
100.07284924177594 98.56858372135889
47.738802811675555 55.7037105741947
103.27108240413628 32.68248223129616
122.89994697193758 129.3051708724707
138.6217797667306 121.61714395221885
63.035793287700415 100.02341610067674
105.02531259683606 46.676203597031666
99.5271593048658 105.31676827867457
109.22034714935842 45.58311083643944
128.61143543019116 48.18912003294631
29.908117243998287 39.1324529067944
109.72245231107124 30.570999254756263
117.54449370127446 33.073589621325546
20.766664156826216 128.39696714097963
113.58174000413315 111.76701108529817
55.594703982005896 20.235081641288396
125.7585353640774 28.153599760552414
19.00330209069991 146.18303320765074
56.708115177481226 115.40520749618588
46.64091774995511 149.25187660593144
39.13710970652425 113.04665957859656
94.652027996859 99.60748277342847
75.06682330919111 104.69985936028608
100.18470807706807 89.21477991003863
111.61152878814636 103.50675362962104
21.643961805745445 116.24857603056452
107.04713876052733 103.90911460046755
147.80138951576978 139.71423771084395
41.7395878514846 111.1523348667273
122.34987888023757 49.75818727967716
87.17000081002122 127.74163053886636
120.52084344355006 110.47104309125008
28.465190698097118 19.37559260132679
118.88318711387815 45.67385861066466
26.18385987090656 36.744337947092475
32.23634297831124 134.09434147732668
36.44539847705381 28.641308669588422
123.18765294757081 134.5410135302416
137.36622993680956 116.10842984018575
72.2478999552912 73.96459404290111
116.37879677723205 132.60510427378142
76.63663791500078 110.72145414692982
96.91547493334714 32.778422582388544
123.63839115534567 107.0485023117377
92.86410500080176 57.75944949108543
31.93617399849235 43.23381123972164
62.627338807596104 16.663509307622
43.190469884380875 47.43231513422271
136.19471640450402 112.24357331205535
104.25525641217745 24.291227455119746
13.83620727738666 34.290555246306226
54.94828381891017 97.05320947145404
135.7316757961052 125.00367968390869
99.0700644469017 22.065758176837903
52.389897769737885 41.30733423953824
106.1653200455003 23.815494141756233
31.696338782224213 48.612345627306894
140.15454311382695 21.013086528593426
73.81542330740214 76.41938555108887
89.25005094444988 122.68781055459809
113.96307671897543 31.744030141589388
25.546506472987357 137.77426840263155
119.1529189156791 40.20463020034112
33.55386609770282 31.68953152064121
123.18108224032869 115.92725068266405
117.73837510407961 110.54907110481686
41.527920800152096 118.25830115684629
82.81930413619054 124.27855440023964
86.63136730219983 26.844393620995035
110.91560364742602 135.05446530196107
94.09540902895192 29.280018819711376
31.55928751411007 150.75506700234732
134.5417237563947 130.12605488816916
119.05270206312038 23.36099595728874
50.44087048275758 110.42384668697437
112.95477048037117 11.411593496504906
120.71556970004238 127.35793510985212
98.90315815153862 129.07217981924026
90.1406865712818 114.20623343366867
90.29708911576397 35.73540166213674
101.68561954497983 133.80449249968257
133.28553106489312 115.6251733124576
95.86742698231141 31.901311117167268
31.049811417392487 115.59121579117958
30.883911128843476 139.2067538818517
117.78875900814256 132.64009297751502
26.84748346850432 27.198134401330194
15.570886830260097 51.66234829988139
121.29586024402357 60.19278751018005
18.77408845541024 122.84837304595192
29.828609511966015 148.2503747959004
101.87244999358958 25.24828759110465
123.88332998737143 114.78744738471899
41.92536541018285 124.23476272464544
23.12459884948589 108.73809379402081
72.84046446393268 74.60233581600464
65.06691633449262 123.03749927416455
72.07797916203941 111.90420653255393
33.367218020166646 27.249305575187158
115.09542703899275 59.76482857454331
107.73721910886347 149.57366140456273
17.84584283076848 30.6090736038797
139.32092888443438 37.88251137196748
86.68514417886335 33.18649682815273
142.0834328779629 135.21625549207752
79.24318196099408 113.98768959507785
44.4051774310393 122.81616025892026
55.54002488852708 129.52138802237457
54.90918801070639 104.54668942154072
104.94730821345358 125.73591959509993
98.55972375637488 44.94997988551131
110.06746011017115 41.91150626960312
32.95074853179641 61.1674987322932
81.30020650298118 100.95970881440819
15.929305262990772 111.03695939090018
113.01327348474179 149.4625333031968
48.552260518909165 150.41916431903095
104.0304689100201 141.33983595236026
57.26912582930477 49.83964882309963
134.90298737490593 109.36006883707348
114.9470486653912 28.596066102595227
123.4210778807566 34.54464628405682
46.3861177022562 99.16245299374503
93.53750487453789 40.45520783048194
136.22741091737765 51.30009828808006
115.12271018013047 33.69485679951347
129.40676723933856 103.77929626880116
110.4694793962208 118.79617092603371
122.80328144060687 41.76491180494629
114.34803631724621 32.42035173110673
97.91377030440952 114.34975229879429
83.83105074653423 144.18337080996938
129.05091401204197 101.8372747770682
78.56253251972011 117.66466832608963
88.25648162782939 128.2956133260012
110.85875586525641 22.210882035022074
41.66255646921453 45.18956161043067
123.41394107438457 13.83977786583433
37.48326054090774 98.15353223620542
23.469790829446822 126.67542706520594
42.68956758174459 50.30773986349724
138.24742133877777 139.3360486416862
130.60571552671257 49.579251440781256
99.32833328225132 118.44074243221225
44.35103585818018 42.99312989013488
22.924395659228743 108.73482774618718
44.90629597072917 40.58381608932695
116.59783212417844 16.836000758890258
142.1472110386672 118.21619041892215
111.62916135373972 32.637566070354325
79.05608920590481 128.55754570497336
36.894517876795845 106.47906726027013
71.71645525920925 101.20950839362155
14.209589279634663 41.741660155295946
16.09829265873266 36.04917824182263
34.02016738845424 110.43041430662926
25.765949203233035 93.74032644228794
24.82693870737381 41.62078466578019
35.77278896437458 19.28553716381976
126.04860394161673 141.2096967924258
96.41239066646985 25.236459506093745
132.98452162630505 145.87040809313092
129.4582042795712 24.52587591909618
121.35531134393325 45.624236833975424
18.543545813608027 141.00117857495178
128.4014339253341 98.73395948333777
111.94209344535788 51.468335911419324
30.24699577297813 101.22735279980911
130.17305585391222 48.48786631933536
109.82280393561065 100.59073553426963
130.51350212815802 18.91118732215614
47.8431579221811 23.50264354503268
47.13068333468729 129.4562642546978
91.11854248213129 78.29680488393049
122.09178922449617 35.86441725182778
37.793800536183085 55.27239310344521
123.36234424066879 86.71442781789683
134.8391456333877 134.7589407582147
64.94486169291818 140.34403977726208
21.176541111809744 42.65425023616415
131.324801955324 27.451955486040564
140.2907682079792 119.11121843906437
59.820712262757894 137.49692534646425
130.17811425339335 48.8525927053146
28.54183090920054 52.39781720842788
101.79309284366016 40.222827579941
132.96047296761512 128.3520942565154
33.33227082053445 26.55207283674097
70.00091778002277 112.21542968984096
25.15193440818697 93.84782944925333
25.045780047072377 124.83374023699699
95.50930724556667 19.94081603464794
85.82577120368649 61.20703462132599
18.00115464110288 29.30434880208187
41.19624841907134 123.27049855893546
116.70325296109533 63.06488218985674
89.73037205193042 123.2597850351932
31.074476423070248 124.87928369857062
33.234805466597884 22.763202773740932
115.09690567560497 41.20323407834306
48.21093603792972 126.38440550168164
40.22917195883751 123.89876795059143
114.92949536425233 139.9678783001678
100.24462362590172 30.052218240560514
111.55790374156697 124.46783320794098
36.00488582588121 131.03377210006207
23.113265023985893 25.30434246097865
117.37095161287009 123.23742363133097
124.54975480080951 106.41863511677131
33.79931343883749 133.8976590736137
129.88498207212982 138.1187867872557
43.67429254508103 107.24852388916429
104.90271293034942 29.759102275497344
96.21062460809219 45.113289472445814
134.29790495073328 25.501881960133648
114.82161114583775 11.240730970146755
104.19082358529573 44.875250109746815
43.59960246343972 112.45112657769414
50.470394763688525 96.78637601257317
136.10166824352012 151.52059755523223
102.14360501626399 38.19522003133375
35.90609290438383 34.805096363311
50.55740431850122 41.72863789170466
51.40608187167843 112.29512785752416
106.11913604641042 30.832009710182763
30.83772779102976 30.138234932992304
20.552477117524358 139.5868318140899
132.41763265097018 92.19841201997828
117.04205942943858 93.34324409991612
89.30367691178219 14.113050835255745
126.67894679170936 23.728966568161837
37.557060708948505 20.20294576519942
81.26057669613625 71.83262335234312
27.847254101643813 149.46203239856698
41.52592078610233 29.392694967247007
90.69050769262563 30.17478813308659
106.27498643490269 123.6868976827273
123.1520173873387 131.44296196120297
25.013552833105877 56.40357889907418
128.53311227663238 115.40885279487756
110.22411837128115 13.646863263990358
133.19897515956416 118.03750148616516
146.66968096403463 116.30059836946255
123.62295911987613 125.58907877239052
37.159068783971506 20.930644313713223
133.54110129529093 13.110360371619615
52.66669905520595 149.71545305560414
33.76017287098184 121.1495063859617
16.574137720515676 48.60686019844393
32.39907723361032 37.96840313095998
130.4879062623862 26.04120850247734
88.55669444817103 128.92926369584384
46.70865234081152 40.04187712004494
57.85570202528377 25.518578525658878
34.33473462229172 34.1236910065575
109.96809514795594 55.38902897219662
127.83830261836414 113.79062320839573
41.55215992024746 133.041119507547
26.025210205122693 111.55673609902789
31.324136399609916 114.8372301552851
21.910101858366193 31.38112516733292
100.52185822898863 14.322417656584006
126.36918074390367 21.260752316296923
17.400766137663595 139.03872084536857
