95.29651681194521 114.44975040767908
69.80462565397987 121.96654851361039
100.81733710997474 109.27979938647404
94.42509935735208 111.92843160434165
34.25498504547832 29.548709431389067
126.12873406575025 125.7185527188867
104.57503907307454 41.151504885797515
101.99853908070342 168.66681715098372
92.75336693318725 10.673343019044715
125.77477398289123 107.36247787518606
45.33375558501164 12.183380269936517
98.72455436269729 14.316387003285074
111.57540892485156 98.07131692468914
137.62028982462687 119.64938366345703
138.17827212987288 131.6472316344528
130.31580561234927 5.887521698137552
18.947741421025803 58.10557323439692
107.81947622430246 115.33237777331776
64.68696821098519 99.17675026661617
95.60420178040023 127.18093354771715
119.08084739399618 123.12573751579745
127.0789676195958 46.74493593041634
128.50788354923884 59.87059391172225
99.5668787014065 151.96719352849178
100.89451090054337 113.21825813049188
69.60204696015674 126.26161348547107
112.69976789395503 156.80635514318334
109.50127254660433 108.40749849948635
96.23636005250309 125.78236084720879
110.31864003985284 35.543068739209815
129.75023576335485 91.44327669892118
109.46379032341645 13.251077331591521
106.85961928339111 125.63386508205305
17.328362965028354 44.66776606790806
106.4298588949853 112.88312417487148
63.885176702432844 130.05746431945073
134.04711746352604 111.61392061670084
98.74776222833346 8.701209856078863
75.57415470018971 118.60689004355795
87.91838145593643 16.184122098198802
138.88882492194836 101.48657345839226
77.7593400918371 102.30683366059607
56.88391937598076 19.262721133831217
129.90501899185418 19.790498054576652
-7.096130342973734 26.204370385136087
127.25352285282761 134.3930821514725
104.17129300397613 32.008803251044036
116.74506735464068 148.99665112753755
96.63073468025196 166.04259012898092
127.10683791171324 121.05067711996381
45.04290309324615 15.62923566759706
58.15211329100334 151.90491528213184
126.40921387266773 127.52815720969832
122.3681035253268 133.37833039235176
88.51478234421809 116.60219179612713
111.05692646578537 143.21790221114105
96.26190162027332 75.11731715559881
101.98414487729781 41.86787660221416
95.00045895751221 28.594607024892753
116.07436898841502 105.41392750252513
130.24466260869005 101.9974673145733
96.91573810734855 83.22926896922694
98.49953957952269 44.39056491825386
92.60304828690983 95.35001809356298
94.21381405900951 28.409906891029365
129.75661479994213 47.98534487043649
22.20805976805641 40.515040453231215
107.39671134871898 14.741178083668549
115.1060711953888 28.64925897344335
110.98020841883574 119.99975514442727
104.9450277753641 81.53611385028196
39.92052488239575 24.73051660479872
118.5843172665439 29.572145026775445
128.1846948168427 129.66379013538383
112.30941290935858 154.80131643515918
123.72135148183087 130.88447347813738
78.93754936654972 104.06767652673506
94.59791120677562 166.03717224002767
79.5412850939504 105.02477600989477
98.51721002033038 87.86487352619946
106.52096669583737 88.7213374591281
82.79792706521143 103.15602503973413
100.3970831608428 74.95876764714691
123.39276360987296 127.52593349109259
125.25166141636221 35.5704888637702
119.61451219497275 41.5160745117418
75.89703772483358 101.59239521358798
113.29730983639475 99.47542930161939
58.040032742849746 19.182496275597284
108.2567128014631 37.235486720806485
32.12168176927253 21.248345972167904
119.71994661939414 128.00786691578008
4.647296519113757 22.051775393012573
117.35056286994995 129.03865676197464
125.06577054679514 104.64724574422344
100.56203250303616 90.54043049227107
115.41820505877811 122.70312251510947
82.49250109391737 99.86187818173735
93.67712392822646 30.428096190747265
117.82108687471158 171.49420940704485
97.40638191313782 43.277239204879066
-11.725397870826903 43.85134861466961
106.07345221510708 20.65556979068091
-11.142229186780808 33.768696068464685
116.8817183311383 170.04601851042895
103.20758614991679 13.586056376788386
38.169419702517224 23.761749603047296
81.69373591204818 84.78151808390822
135.05436460059735 99.19130620156815
100.0281978040747 20.46061118182996
110.34643118676405 30.698757184619165
99.53968621057886 15.935247524664907
45.10694996798427 35.588448768335475
129.03679754581398 16.42085684195675
92.22167878431502 86.99106460803536
79.04965977553178 109.42020685410357
101.99561520931891 21.819742637176184
76.60786256720341 137.39343665812555
112.53583811947946 28.12346724861636
52.922985248035445 31.54969960998413
103.31486572273162 98.89479902082607
111.0649225501732 86.94573315540912
95.40256733536316 120.40793855658758
73.71801173127275 118.9555970254502
92.6783671793399 9.182442187855957
91.88633598070648 120.52108838770542
92.98829392719546 18.718758275379955
37.41344928966488 138.76387621561148
123.74961246089951 123.9304190557874
116.91020103176574 21.967967267632798
89.12613152704645 88.27702828752156
105.10016758328787 15.977405076600622
116.52628907123723 124.24797961224712
103.34073871103126 100.32684865730832
85.10213168814269 105.00288378652687
81.70236842927999 27.14307275900288
99.08030594200643 112.54815027439969
118.97989627834725 53.38930988419207
96.70148686746185 24.366264940642715
78.01143441821146 108.39015756623009
52.33258570226052 129.51213820798563
108.15486732479162 118.78830180632089
34.49409550220043 20.95602035147116
11.335571748259175 49.99883314516068
118.91223731506336 49.62109755394008
84.97102371014091 118.67665304610415
140.8353039589413 127.88310966716065
105.87557598661238 16.13140540126549
122.19083818911129 97.30977064528454
112.05163693511217 125.31076544354495
98.50957267624995 95.20980560101361
90.40634285502794 97.70623271002603
77.56771561291588 119.83799812544773
84.00379974400562 111.99921090035166
32.19430644027035 23.050330278504997
117.50312813775375 60.59968261439684
84.975021260268 120.38047033967526
15.13188779644023 28.63540648241409
130.63360042712588 30.65186562184166
92.31902763557937 28.745819135647302
136.7183389468087 128.36933999696586
68.83343028843079 106.83845110254835
89.18088301394835 116.35250405362326
140.1520650922078 119.13169551052594
109.12406205807775 116.55778165947586
105.10766587636674 111.27954621288674
96.46186292897619 40.04145554852768
105.87189234106401 39.23349809719916
39.820024051456386 49.38947440199923
78.72467351897384 107.62388466002446
97.75735007244685 101.5201608715081
98.66328386709714 127.20015373498995
114.06848839225498 144.57834455461582
96.12285867080284 125.57312381123384
34.96676526208324 25.1828729888026
122.2607477058182 78.34053430897723
108.46488631973186 21.48727300352185
117.24573590513191 30.415560319028977
-7.077971667315504 86.02512253927839
93.54694558903414 19.9715637591493
120.98702827019183 44.592591775055205
114.51113854471647 24.434202431185454
136.9812304625026 90.67906013827574
108.05600646664125 116.01686013833847
120.97359294125809 40.288618235486275
116.15542078435385 26.471829458731506
93.26998013689463 106.21791516199823
81.03834897141579 132.54648207847112
118.53504743298515 173.24671933919484
81.88244688181322 116.61790693272509
80.65395871713473 108.09953013424516
89.21917565812177 8.851795334335893
51.128987048008504 26.131686175006767
107.87344827117658 6.578375412870022
141.14927418630998 88.28239411171936
63.83485770364458 116.72289250622042
86.30887773725165 49.24104572632782
126.2702563429995 131.3229367085626
122.84786218842652 38.973244295778755
81.34980521736496 114.35307262592318
60.425915236850514 32.132989682847686
126.4536216627251 84.66122261339731
94.64616850954012 31.056029782633157
106.56392043151088 17.1272189612862
134.0158988766111 110.85766924341834
111.57604878921377 23.5440817636665
80.01650724578747 113.13477705212168
106.1645767389908 50.268829834690834
70.24767352195764 101.25849232113991
32.39199117531918 29.486956064767277
32.00074910761033 24.908097604397817
121.7773984575639 80.92747480385118
90.86679509033992 171.83513723354915
32.60709250966971 30.189524995577198
17.103524780965827 7.674726572015015
124.59487132339 138.28507522657694
94.75846080329063 10.139710006918662
118.37583841730057 130.87830756702598
110.43912359960173 11.427797399924073
111.1877017596728 48.28950003055784
136.68374128517135 117.73809967704621
124.86799480550971 87.07597026929639
109.59758526335453 29.040499695615498
132.1351203184795 108.44515785382501
121.89563409991875 36.594250864940605
105.167736363997 163.5850884733308
111.5294308831548 9.697196412845866
4.91036544957892 19.06692900024952
47.14654682231271 123.65746532707098
100.96672922939554 77.09252313368401
119.65095080218599 28.86023818159231
39.31851643083083 33.208061666076325
119.22661244338548 178.1627914537921
126.39557813517487 129.32820731951395
89.80454968603676 122.46422987787086
10.89641132558255 34.88639723075035
116.42450533379127 19.938098426251894
129.52093478980248 108.52190987442467
108.90297316064579 122.99122715168828
116.00668137066396 44.88888608816879
28.914891428237944 50.19367629923639
98.0597109470976 34.214287074750864
129.42874190962203 124.83573319147425
101.10100029079105 24.507219799271606
89.2992243826116 106.40450642895807
129.96869984706709 168.99729263697367
56.25280295388763 110.16838577163162
74.35754168555945 7.97024974391064
99.8355869058941 37.80966843032346
76.84207705174421 22.555443830823876
91.32161224545801 119.69454627764281
110.4815740525395 50.913379900350236
86.98490300759994 117.15087335207724
147.54510892065647 120.03768917626059
61.83775731900601 20.513106905246644
111.63278357295354 30.70723146324192
79.38644420771436 118.35567508041137
115.81616049834113 119.14392838021872
111.30516672263059 124.63435286241089
96.0692673123218 17.366487799669297
109.38932996334586 93.04807600806073
65.46140024639874 122.54220960295432
48.66650611369014 16.127099800036213
111.48110849913273 82.4215266988754
119.73430788585226 70.85187868288246
118.20830666981335 123.34071015028806
125.79262515193352 132.98387496749768
49.74875463827604 77.14792331418455
98.40865555882783 15.708753130295811
109.19236459312968 27.70044785977563
131.54452397365478 8.389020799302422
103.89418705036329 17.411985936946657
105.39837069311459 41.7374613800262
68.13384415332612 103.7427785949836
134.11391080548088 172.05297445920084
128.70071950903406 141.6839327739552
105.40061070947982 26.933847587938754
96.34233294657382 26.795487362235065
111.77287726201524 22.46184325657596
73.70803043720498 100.8011497844104
108.3342261024414 18.110555280592397
-17.819177816351385 23.89559548201683
143.3086116182346 134.32393163852572
131.04696831904215 178.43397890356007
100.21660559843696 82.34801417677927
89.91804293951252 9.465113132359354
126.34647013119617 21.27890721830372
36.20678509145022 19.60377956933055
105.19258820844765 107.00608266386737
85.98178507282606 135.1074711281759
77.76224991638767 26.55445069542806
78.01310872983655 24.52175068029819
105.17361293868807 115.31038111497726
120.4012882727171 107.0289602161627
15.998646337753456 40.04140666992953
110.69993275748827 107.941483442126
94.70641675979566 12.240495064124179
120.82452044783966 89.82965747909469
130.0817856120083 112.0011827130437
120.38757352587454 119.84390188984143
107.93698259906279 20.564363686589473
123.35474660721876 14.154794880719535
114.25406694772717 148.26344087900833
101.91420849809788 119.4897002706748
12.301089083635315 56.721139733629855
36.30608976598944 33.00336354139119
122.23040441702224 24.031852202228393
98.19903642557045 118.75391715729583
32.231917915554014 23.33661892155391
112.72306413842247 18.73041045831926
93.98173858442523 27.074412188555776
104.13871854493115 48.173815408641595
109.557418389231 99.67175789339576
101.98951946469816 124.0616771778458
68.6815442471883 100.015034534226
85.03152936089678 113.06688820376648
15.817756167490094 31.740504379325408
84.04576567005826 10.667773204706911
119.86864591599786 15.47140829639003
78.3150478062537 139.61417075364963
