102.31524229619589 121.26982743181645
77.15382600975157 147.04068108886307
105.26783743927994 113.41736312766012
91.36137159938106 116.3500166923205
50.17764211581317 37.11291946834854
128.0903313244985 128.32578693985792
103.49078544490303 45.56482595427
102.30927627003224 167.5684810602047
100.65194262053014 13.380400588089717
123.8367841225039 100.84256516910199
35.17954799559423 17.30356524264191
107.71771649015447 16.87180703497601
110.98666510432835 86.41004325524929
136.4061869862044 119.6614293873172
137.68411702685907 119.80273458733178
128.37709280522628 7.1266990339736935
18.940067018265424 56.37035372947412
110.9862839765294 119.93416881263666
57.73228453319277 111.92043637179842
96.66110725680434 126.8951787290719
124.14070794144409 124.2621472544366
128.33066593072547 52.51784115048901
125.42983448362617 54.16936877077555
99.49761355658757 163.9238773528537
101.47454007839774 108.34157917634717
84.3802207673321 118.31174228062915
112.4916907871258 153.05411525933076
109.52455912629735 101.03927556872831
90.20935185428515 121.8791823722995
110.66282441674645 38.674758897349136
126.31182923018 87.83512633452908
110.25474344244626 18.003085287820532
96.60529748203912 132.44578821730792
17.101883386629286 48.41911567308124
120.15252278007262 118.78709017772285
82.95754723931401 132.53204628388008
127.91599032115465 122.51026336083288
97.3846477223278 8.094621408185043
78.63307716394243 118.60178157327694
91.94465322971354 18.15563414207799
134.95085442800087 101.49850485873087
77.35609692472522 103.50647582894733
48.72877502517544 18.478287029975238
138.49509638704976 19.747740618783112
-11.679437544646465 30.068261953262365
126.45932734558374 135.20370602652142
102.42188692494477 35.63209049943954
115.43629473090895 131.16046386910128
99.2054132498146 167.92375198061404
118.60859924351753 119.88665273441688
34.55585805203366 20.795002133566257
68.79547725962908 137.64180462631825
126.85996063406763 126.56260817086542
125.27226340775356 139.30878879634932
94.64117509054648 119.00813611005547
111.49448222777929 148.91361485893952
100.77768717969782 82.32707596722334
100.44119018307195 44.367468140554145
98.27855441716406 26.295679955752174
114.46059274051396 96.77990072119735
129.9433337840312 90.05816792835053
90.1998407263919 83.77654052330195
99.0834532290351 42.595473832212726
92.52602135632323 99.10728685629618
93.4379917440145 29.23777355496339
126.9288462540413 49.805087164492306
22.501334691024205 45.11737474013879
110.29544297348042 16.31081096717649
114.40089703204744 30.18320201696912
116.9136605093945 120.81908535326879
108.21812178502167 71.0334854780726
47.56199675694944 26.458072658359235
120.54426040534636 32.897641375981884
128.04267736008805 131.1143453521886
103.66946305333985 168.7666615375009
126.68186608482044 135.44206363874557
81.84370546339456 108.9173033038707
95.64881038152393 156.79688215192408
74.70894913931527 105.06098874636447
100.3516984276566 90.77512951870237
107.98693070001106 87.67794281125336
99.89493966425843 102.06127120166562
102.38304670971253 80.1830748439954
134.58034271808748 130.73372143275964
128.64587414095845 42.92463638974252
120.03164612267065 44.0131172489153
83.16128962688295 104.34424542013197
111.62996022121797 88.20060993093362
49.16415764166971 18.857326792270023
107.53567780958714 37.282795074735375
48.4034347672487 24.626822165476117
120.75483905233675 129.73796588567978
1.4516982580946995 21.039828609239002
116.92292257102572 130.30751346497746
121.43883541144294 101.42186008373837
96.58515621292182 91.05741786661459
117.9622687289149 126.10093746621737
84.89646156275064 107.33413739661394
97.10042173182669 29.30221392699362
111.9027295562607 177.07729835606497
95.62320340961263 41.588860180806776
-14.943793201055545 42.98601464436368
90.50012084802043 21.342166764480194
-12.085982560497703 36.67170673614446
116.3058368032525 162.45262771615847
109.17372405515574 15.809342823307555
56.597378830588774 25.873463438050788
90.55081578926902 91.54900422430933
131.41553783177204 91.2381429659345
104.78646020834529 20.20610277524153
110.52762440870465 33.00885469340982
109.63853220139438 18.73680043971764
30.656405853892053 40.62466775703137
127.76166510616783 16.711271152562034
89.85343686680328 91.07751040661667
90.04544624421857 113.16147240726168
101.03626882578448 22.10547641317845
65.17857737509091 132.6944224971212
113.73483144345798 32.914114534025956
51.33099996807535 36.28888307043871
107.3295409872553 91.84769672807457
110.02627910220573 78.15651138759888
91.495644440405 120.51501810910601
74.17572219388892 118.99492995422882
96.75173787232829 11.542125338804397
100.03816195313125 119.58183148050182
100.19723744437894 18.9076959594742
48.3534879143033 139.99220225018908
128.44828706563487 125.9484413018739
118.70797756036986 22.31440225916699
90.18157817702514 74.82330553300477
107.93751806500998 18.35172874458916
118.64889788875549 125.42519946314174
106.97516539982932 95.36413909554336
86.31855100200515 107.98731823583154
85.01957706044467 26.370540352782914
104.73011945617854 115.87352722965612
114.56016484866282 40.667188608847084
95.81259761952786 24.71036283121238
65.33349749630527 113.43228271236458
67.41421642235925 131.32580552265972
113.2018446885657 121.23235449291721
50.8973691727836 22.14658777540929
12.354312743252848 41.76521118611712
119.32923899218181 54.59940903376079
82.39860376238195 119.58096271493555
135.48276845852237 125.92676490403541
110.79542805417617 18.751639926359662
117.79720857716799 91.19944890768382
113.23539730975305 129.2865904890557
116.76906585989536 90.3026598994417
85.29718349205736 94.69062383293426
76.37771451370985 119.79878853364934
85.83887823359036 112.528211613305
38.91758389702168 23.811783642160083
115.48622279228749 55.63716880200087
87.57530498420756 120.2820892150773
15.119923083073923 28.447061934139647
135.2473838995517 33.20364971846456
93.03512355957277 27.219204190847954
140.08210554590488 129.6485185161046
71.78737646498092 108.57922488493915
98.72268479827882 117.74136748746139
144.55765814555593 119.04639006096822
116.20388314329206 111.6731863880485
109.41476880465375 114.87119738964832
97.1714530362625 37.92888308660824
105.72199907436266 36.57108986661676
52.07353643036485 53.37055331917532
80.004553864711 108.08354713225552
83.84841001550463 90.3486162096707
97.50558030455521 129.75076780025512
114.0207936807391 145.67002304982796
95.52064968113835 125.33184179455375
23.39458453900872 30.292101436523676
118.2427324277989 74.42610573691003
110.88252466723236 23.829687518899462
118.82250408290453 31.980286247999594
0.6194355244714933 83.27882760463058
96.49508511789885 19.963846477165465
121.64349940025163 44.38850655935579
116.61863419625314 28.0146470673579
132.8477721387885 94.19504068112595
109.77342717024301 117.87909817608598
122.79648670207679 42.68227316244302
118.38516237524577 30.66609126231186
99.74071104567528 108.87262970960535
78.12111529591932 134.27311304751268
119.48169702382903 171.19996898729016
84.04251178393021 117.01519178838181
84.41300748497954 108.51217085206632
95.3454446314241 19.833128536975774
59.169798703921465 32.84338429748581
108.14787301368737 10.646415472549082
134.9130763600963 86.63063970295985
61.320956116004005 123.66771594692763
85.01176454659482 53.643224101395845
129.43079817552845 133.78309598441334
122.31595540969266 42.321164612483216
84.80479866116855 116.35760266425046
71.40311110096499 36.352377610255445
127.02982926413324 70.64425908736676
92.30050687968608 34.519008388431345
111.15671403328382 22.386616728386606
127.1698605758517 112.18739965425144
112.58417125278967 26.16677110453135
85.68760373737213 113.45490404496553
106.54139200517318 48.90263102898628
75.13427762852584 100.99162772696721
49.64445308155614 33.22627127852551
47.781557259952265 27.848457028257105
118.58707093707254 71.08457190037419
109.66096758519792 163.6006913447666
47.37855365545723 34.79030564548269
18.509460344634064 11.140572318965683
124.89187820644261 140.0767279299255
107.25645507565021 12.724926366598043
122.68723063257028 135.15601422357358
109.97256454204413 17.225935462867557
110.98827522198245 45.43685029779524
130.03431175254 117.80864058101213
122.54394376510722 91.06789337603787
109.42207977521157 37.10040907525643
122.52689171325525 104.2649228092298
124.54447881924554 42.18086867356128
105.74090538509158 160.22114753497075
110.7740554555187 14.822268689709018
7.324281548132927 18.763848397611312
57.70710267132675 127.08418240046318
97.55836842412774 75.93883616666444
122.49354672800673 30.37332326740025
54.84616952609814 43.39493882477326
119.43463381915167 178.15573690635793
129.5117816250502 131.67427913175965
79.5110226255334 125.88291119190508
13.525751192650777 31.843437409106556
120.9647128223774 20.405332077817143
130.13453695002437 100.27330855257154
98.55093552768102 127.27340075196706
115.74296526239658 45.913661909289665
27.749442722543137 40.44780618057174
102.09465198841153 33.11676370442967
129.50254816323698 124.57518779052786
97.30152130503257 28.190027151839338
85.5568429662751 104.60863005947773
126.86223014088307 183.71857678920892
50.82604317419206 116.96161346411085
88.4789811813042 12.208591225620555
97.79116908942929 39.458774321139835
61.68218484706168 27.272314452083823
103.14689258268307 119.6462258745749
110.62972329889344 61.60972138037594
93.74473522948261 117.82269288975571
145.7424050379218 120.0474420374926
59.011045193520275 20.89240567358635
112.14323701680061 33.75370876238421
84.03445938167003 118.46342006488577
135.49802490706284 121.37176687074376
112.26589220430631 129.8804005941577
104.43299832326342 18.897072249868465
110.04220254663534 82.99543943299267
81.08810996564367 127.14407603721322
43.48689102655568 20.84479332080571
110.4288899591235 78.56821600001462
117.04827356032901 58.14785789642349
122.29909564968762 127.71739618854919
127.17035636956656 137.07195741830907
62.55044392933295 90.37810143940187
100.77121913140356 16.828996405991912
108.96387112504426 31.58523201319772
127.70946197353278 9.762616091182776
110.47762283689369 20.327336172431746
105.10630088185238 44.0270210900455
89.1721598314299 109.7391474126358
136.2063922703015 182.4671620894521
131.02445596115282 143.26612986023613
104.02664790896523 30.66873935352243
93.29350513442658 29.07639321084728
112.57927457887135 26.772339414076303
80.68782561474094 111.1602224537145
116.89538588007228 23.452485319922435
-18.137822215979455 25.438781009645655
141.9507109256809 134.08000074108307
127.08850099060625 185.86408258296808
102.40586734814102 82.496156648941
93.6349598017868 11.144523965183712
126.30870501626859 21.290528731385127
48.163468806565675 19.738683796138538
100.84330024925306 113.80097983488318
90.05449362363643 133.96353297733876
79.62636615514194 25.93970779629374
84.94288200528935 23.96963900319172
109.61415101728718 117.85531291933904
117.5158076575892 100.04634672237033
16.131688264010137 36.64749113342489
110.88594222903355 118.42144728919041
101.52368083942237 15.778447908728618
122.38900010398339 96.79708573802698
135.44322799356593 110.4465524009835
123.26988996754935 121.43356404507381
104.57549121139037 21.110977383704654
128.13224203808568 12.828897268864422
113.9317355172635 146.67391783196047
100.3129224870946 119.9102512079209
12.647598173845111 53.8122623145746
44.36792135973369 33.92823340939016
125.39071579197062 26.028443924395628
98.44672738242649 118.67025870551535
42.047536042586785 26.43859363612416
100.87938058341656 19.777529626121453
91.02412998655919 29.593474830688415
104.30865418826777 47.008071361148644
109.45835512043767 91.2331056334828
100.7393619526597 124.72551083589077
61.03238572601358 106.18229260692758
86.14432431559507 112.96835616595355
16.699062820756772 26.214509517226762
90.08340353924811 12.640062115399196
114.13310151242814 22.114266998394488
79.58944421686535 135.91456811125408
