107.70130613642571 119.27231551616491
48.272859314950985 105.96148626489122
107.63288796171369 116.18378711180412
23.32660269827352 123.69206211122416
23.142949085268985 50.83234745261131
133.6364069093274 135.23303981008632
104.28374405586308 56.12445630717622
102.57541969368752 93.71370663835843
106.72676999117864 38.24190073329992
125.71291295441874 134.48075806096062
33.99293775488052 21.04955784941852
99.71213166515055 26.10951257229516
117.87353097651362 112.38610910584838
27.06188813729382 132.16271493959408
147.7447480476922 102.9935858039777
132.64160632498806 21.232745440008358
24.72842792454528 52.94008478325708
105.46463407027949 132.04275107648462
17.770469820018814 106.51400908054966
36.85476592479496 136.33657216227948
126.97472698434012 129.34107257702294
134.9826588333445 57.27223009656297
128.20630171475824 49.412688645302644
106.06438556524546 91.30714094232304
103.92938021908384 107.49891956556485
50.03412023481641 114.21985922262711
36.844099122126714 120.61188696438512
113.53559578807359 115.41507995703434
24.63251248597622 130.14462886679127
110.66050799508417 47.34337387525333
130.0948849057684 115.47617719506478
120.40129538580756 26.3166040569104
67.64695124748042 148.15201844751346
21.743294119471564 56.756882381559656
38.28551274888083 127.05028922460781
53.4648378557318 140.7899951792289
130.38375462390763 108.33419105565642
94.14525927167654 10.972865690313679
77.64225549539955 121.01830608720566
101.33881939471867 34.42987142056233
35.909316421565045 113.73904060387883
78.11159591012937 108.75751443571534
21.161378123217407 23.702472995656134
145.1045208433133 24.43809480744542
36.114090030964434 35.99126389798941
127.31945489412753 138.98004217243766
47.77013068325985 45.773836307459554
133.05734002057793 116.32760391921958
110.15137987047629 107.53321012947941
59.83408174447292 139.97730688640758
19.379855295117483 32.774273949443305
25.900840446745622 104.57008638635239
23.476826238530084 136.21495732187256
55.501940509796704 150.22278433760258
102.80764445480627 136.64883496570954
40.98395662954037 147.8311567433006
102.25309843531477 100.95062157984533
47.2612469176867 54.53262470840872
104.57075622570297 31.937307973775052
121.9323743077822 130.18951668987685
137.88052462963878 123.39968095176786
63.13614326544278 101.55948448909037
105.97825090962968 45.14140480835458
100.68492909055792 107.3533698095959
110.73144427200339 45.02103023881398
127.55846141693932 46.128339993870625
30.278196549918157 37.380589799526774
110.93499472718743 30.609057191866658
117.52314614638857 32.33037606696652
21.99898988178286 128.8544908339677
114.7853968151645 114.18435469383058
54.75296338319661 21.479700296023886
125.90002034865142 29.25337276843512
20.551576683639 145.4521430262544
57.199342194142396 117.68118740532908
46.71458034656087 148.67394047189492
38.766556486781745 114.3855544568152
96.61259853581636 101.74841253535546
76.85533092013448 106.10152207916116
101.4783149841336 91.22552619774096
112.17885283334746 106.22215535697471
22.80695916855622 117.7995453165927
108.40803558117868 105.90053358596057
146.9788071508075 139.68011464640287
42.79950778342091 113.1334613322357
121.26935239480947 48.37087709360765
90.02058723861819 129.3073809050146
120.22643710060196 111.69470955556795
28.70257877841802 19.375863079185816
119.66506667580354 44.438785481302745
26.59628148454161 36.15506293418166
32.098559080477514 134.1604182149378
34.87701637988571 28.338646376588716
123.0820529545404 133.83373359617204
135.7667633227874 118.09015312699
73.45313526422534 75.24441496534385
117.29494239376864 132.3700486196702
78.2943826146667 112.44932195005585
98.53130499935277 32.07017502352046
122.21774906678209 109.38505390309376
94.8132577275999 55.89806472816858
31.298893234003422 41.783267128609786
62.975866168145934 17.272280873464062
41.29720174396055 46.12028829889698
135.4338968781937 115.48779379790183
105.77184602340053 25.168811465542593
14.438150257523416 34.20838508332107
53.67980547811907 99.33954432812642
134.00537147608702 126.81253731965349
100.82144926588334 21.966548134584677
51.56915903385771 40.97210251545337
108.4592886244005 24.543871558322397
32.065956075173176 48.033057595172366
139.0849350554035 21.832361124307578
75.59999740827075 78.25506042296293
92.16193480765536 123.80055224031305
114.94518612055965 30.998869148400267
26.77372163769988 136.22278277953168
119.61133736671204 39.756341198145044
33.277961630440224 32.50698182243285
123.99283169698637 118.11560612889589
117.53108493694961 112.82637994885201
42.646517386895475 118.56646802267458
85.11510969400857 124.48144345856336
88.5577772744634 27.641583817497455
113.19124719275732 134.4213379877436
97.04620672160215 29.502894430156363
31.64011427812044 149.69389201906122
133.7906317220155 130.1220372852928
119.29848851632053 23.391374455894212
50.11666835299268 112.77548292734564
113.66188716971378 12.304601021973028
120.74109746591604 127.34911610642776
100.12815205624968 129.92673519636165
92.27021093693077 115.46277235772705
93.0787175379115 35.015130494901115
103.26942790385782 134.14098620936102
131.91635161689896 118.78317074572924
97.08933596727279 31.703363584554754
33.21253794168897 117.1398402986404
31.06066980090954 138.78499638460215
118.87482477286343 132.47662194981135
26.36376832817348 27.339401797525912
16.57371088337566 49.52833146258306
121.01796928467816 58.51904360930289
20.232242073940423 123.08681331758245
31.135120057468818 147.37775329661594
103.07166486281858 25.726513969544953
122.374662863589 116.2505584756997
42.857616701015175 125.35848032302171
24.436961262967063 111.24254093865645
73.78784728592721 75.84346815738866
66.95951799042918 123.11062301451956
73.92192495644952 112.8534431157587
32.928887072717146 27.55852896827109
114.56519883147695 57.70082702790393
109.79299339504828 149.02721719106862
18.388847887968236 30.016760357346982
137.469321193819 37.723863774648784
88.59119245743662 32.31393418846991
140.62908018882666 135.5962523921377
82.51876661914307 115.08901825833381
43.478803954025416 123.5422254789471
55.50872206578197 130.10524147387093
54.2392027242863 107.16674928963644
106.08251895165566 127.0166643894374
100.03273917264788 43.38816292692054
110.67231349117037 40.71387520109797
32.54585848448023 60.183698419227696
83.63047812696092 102.13807452913456
16.99681047851648 112.15862634008134
114.38104343111563 148.85947403776322
47.86167191127231 149.51291565231335
105.31210684500691 141.0432450867854
55.67469817350175 49.73310876576609
133.36525810041755 111.40882802869267
115.58073395808427 28.57051437799545
123.20293443805124 33.840911530941725
45.8517374355716 101.35782389007899
95.94762404414209 40.71765667747762
135.64619664814043 49.39043047157205
115.21903714038156 33.69974938080973
127.43644315912216 106.04511006871006
110.88973872189172 119.37397039137889
121.85569876578411 41.874635487290334
115.24058993135235 32.99317907172693
99.96297745866909 115.43902542660689
86.19546182457238 143.34965983969127
128.71431130435928 103.25534478464166
80.9635694762968 117.83174299209291
90.99147974571973 129.49077770462674
112.54352045250562 24.086769680718167
41.71003854014274 44.32760015118041
123.35372981462643 15.16211819927334
38.529428684860065 101.0063432756389
25.577924293569485 128.2377032867744
42.20745003047781 48.345447586981116
137.26746613394852 139.27739284799054
129.91028717653086 48.24244712713336
101.44701045623677 118.82874435692784
44.2709720881073 42.04269422719404
24.47318378284885 110.09897959409952
44.41592224586305 40.659481987937355
117.41702268652801 18.10763376307779
140.41922330390312 118.91283763276394
112.26181283669638 32.66297055276529
81.75969367704741 129.29545123668927
37.713187807357876 109.2509409337151
73.79657296598066 102.5492049596936
14.864728722569751 41.7132035714029
16.80838179539972 36.31935014176787
35.18350518451192 112.85367165391963
26.3163005507308 96.81973095691176
24.492767553304894 41.519154550087116
35.24248063619187 20.629049669413256
125.57383791000886 139.87131291103643
99.88111141434902 26.229078740839554
132.47760780910386 145.40924186273404
128.5923144880337 26.123847935506845
121.51798580961722 42.98498467774991
19.986357592432807 140.96273786973808
127.56425695646585 101.35388427415405
112.47436207156193 50.517953563563616
32.15671810976021 103.36846936740466
129.10220353692196 47.885983301547085
110.34610179835884 103.38503660930824
129.81845353879424 20.518940211816222
45.86876989854981 23.605851379413835
47.397694619896505 130.07881400012164
93.1701767058844 80.08678657809126
121.4577288976098 35.32991708881266
37.91606754922932 54.04750787513282
122.8948717765485 88.83519655739492
133.7773964758904 134.1659322900713
65.64081790715619 139.48045583419784
22.111904258188034 40.87912330224186
130.70643037606507 27.910146023935404
139.4613898808934 120.48630769696217
60.413858074349875 137.30045794434812
130.13547388067138 46.97420582583492
28.161802669194493 49.44905027461998
103.04242269875694 38.8488956408886
132.31996178228025 128.2847149159406
33.12960165087681 27.345927789411263
71.23603601467491 113.86878578742774
26.946161370155643 95.9355815741317
27.23310216938875 126.61446489207853
98.1732590156065 21.004954692592545
87.40535276612658 59.74289386054218
19.180895590148886 30.55291430265997
40.2969918470086 123.27725692434863
117.3241668882853 62.091471079708214
91.84585874507088 123.47435388065605
32.694125397331106 124.8011781069521
32.781069106064095 22.699758548917462
115.33085621297462 40.153752087296915
47.66017136581977 127.10055874981329
40.757784499387554 124.37345111092404
114.61511837648011 140.20924821479105
102.44342929395968 30.542928675623624
111.70519141489349 126.79642207451134
36.29680854929122 131.5680417487953
24.14764470127435 26.25259445863323
116.79551590333006 125.53576502339702
123.93081282583242 108.89386008974122
34.02920287662951 134.20452401907932
129.39099811585584 137.3447719450844
43.32649879405132 111.06465357118067
106.49752316478518 30.12093009860311
97.94093396181044 44.572989747726815
132.16237566928487 26.505942724876085
116.22184421063547 12.283339999521283
105.72093898785015 44.366378338874576
43.543892683010235 114.40834161884469
50.78151878269244 99.53186284781002
135.21054901626522 150.4521580272678
102.79987588617209 38.22727252759728
35.15790617918264 34.371424659104036
49.63238689878796 41.69260849066659
50.127440775486846 115.20207770666208
108.55221981746543 31.940167494274995
31.34667277039351 29.940951630008378
22.057854456179474 138.69878297573175
131.06587487549695 94.30884376879946
118.1857034550709 96.34426156517544
91.15806061164692 15.07732156938894
125.30437546831978 23.683454768451536
37.25857402021088 20.549465708993274
82.94552208379758 73.00566062406253
28.467560325046225 148.66341754416118
40.85892267486235 29.86790503746119
93.32560260454486 29.86495089887105
107.39865011536789 124.2763756830625
121.73376991020093 132.39721825260776
25.585874188884105 54.36556879428918
128.50888785574364 116.70035141876554
112.16306910647818 14.553371689710753
132.8544498206941 119.48185721479081
145.67328222541698 117.20355227674446
124.04637833003002 125.45068529650662
36.92407112316915 21.31870846453456
132.54635610886254 13.927546061970782
51.71244370898051 147.97869535982096
34.66709113555928 121.78659480689468
17.23553313754723 46.46896770714983
32.060736046332366 37.913085413129934
130.1923497651438 26.570331722202507
90.00724535736553 129.44549336934665
45.49741293619312 39.937918491759554
56.87855536883578 25.365114840805145
34.74286914850596 33.35304076698448
110.81412995327929 53.855450608571715
127.50510126186703 115.27913471536048
41.692679999613446 133.11175228589784
26.83791649080872 114.06743009575149
31.698545158072108 115.65266067756957
22.28455122006116 30.18876815250093
102.9787275421285 15.13768645752153
124.85613731331965 22.677596252768502
19.155110756699816 138.08648943017215
