123.21648190152604 135.96736056402355
86.04612520727146 190.26726247642225
119.07168655255835 127.84186812214938
62.60560058960412 130.86555675975345
92.04336376879826 38.78050489058284
116.51716770005334 129.72156731342474
105.20772919984675 38.77418640773042
108.59807000297036 129.0871580746698
125.06672647170635 24.0695675256465
109.34718864659014 65.63325908265884
31.149091940461904 30.422558966460162
129.24136615556168 25.02876723031673
108.77119101513055 43.52779228206745
113.36841737946628 119.69468745229993
117.37007582861392 83.5567337258573
110.55714767438776 17.98841717550269
19.38892469471894 29.802831953942462
116.64255469154223 130.4841986261899
56.85252452881559 147.64438288443478
107.22139151212393 119.14044623058251
126.42288282301583 123.60356502598987
115.43410787344072 41.913031666453094
107.9567021898961 19.99716945763951
107.00860874657404 156.80040858828824
108.12322047156387 72.87369289276228
110.29795282905823 86.99027801363768
110.33103137409167 123.64341581473606
109.46997889361185 56.34468433575823
63.57200111440781 112.8140395568765
110.87862738370282 30.121253610701114
108.60142937362647 67.79762761730315
111.60490483877017 29.96892689134785
83.65718519475286 139.8613633519374
18.21135136426164 40.020246207281296
144.13356506176214 132.13878026647913
110.59153144634189 130.80269626316667
96.86509783208847 145.51033672308927
104.26196261827668 14.794743906530595
104.23869877652201 119.16873906606136
114.76883083360954 23.536785455970826
103.64619398497237 74.72454116261267
99.87207581479502 117.78888603894184
40.816075071412335 17.3007082714887
137.62419617876114 19.76170490301088
1.5273069985883998 30.411965738423586
111.01161330885787 126.00057578626516
104.42597419474666 33.160844349040474
108.32363741055553 69.72920187330982
111.23238063644854 133.82925227803324
92.33826211259316 117.04491270226691
12.97639994225262 30.518642127754156
93.51708093844421 86.81655173598381
115.51827106791676 118.802716221629
121.97670904047175 137.7050009688399
120.08070015870597 124.24742135140664
110.91868304296494 139.78436960179135
117.09720397448605 96.13440059958471
103.92358198922902 31.0469389576812
114.6904333968804 15.979521026449522
106.57144685788306 52.92318899785608
113.22163812892055 56.3287359187303
92.76283819222498 73.92208140329281
106.77695194702572 23.592624237871032
105.88683859001746 94.47341053455423
102.21484576494187 24.45907681857315
109.64192275820588 34.34579125030653
21.61960667916578 37.03247964967708
116.18368589412549 21.57937925580889
109.29371041550702 26.653988890155123
126.02778029250535 121.86963163534853
116.82577762567551 43.86010022262049
77.50840271854005 25.47333232093576
118.2545877443697 31.00033465996444
113.18837199696202 126.63806184426731
91.68639202836644 162.4576366344207
120.76426635534378 134.96919733663742
106.22270008294416 128.1155037796811
107.19014755775775 105.93650602757106
89.32310652482795 115.14799893363201
112.1747133490286 76.31272453381479
112.36368418818346 72.28536802413515
117.00742026288505 71.79272853285826
111.89248996398716 81.82802489165645
137.2448321290022 130.56710584726684
126.32748781497214 44.21329147558957
113.19912354680326 34.729059190641514
117.21801603096002 104.57358922848677
106.36720487775288 54.192895928667575
38.88397128649436 18.252651046383328
107.29955307084187 23.011031491907996
102.92986427800061 28.754371807411978
115.3198050674329 126.38319935232593
9.12303794566478 16.67634799950036
110.53953729698564 125.44267046120632
104.57473697781373 69.1966347334714
96.23583869171325 80.45094612962997
117.7131107514958 128.6967706934269
106.12854927870058 134.2747823051582
114.60260844324254 19.740814022121278
96.11143901601955 147.95976725000014
104.74493106049982 20.490617527644524
1.6813935351224827 22.36012879543893
70.45293751649044 21.721565224640866
12.317302208555947 29.240357504242464
110.10448808190884 109.95905757591262
122.28384607533417 23.548315260296423
110.76435803172389 25.980448822933273
91.51073776602244 89.00803957055588
108.21469151704382 57.4452182831317
118.73865815528674 19.343788024479917
110.26312309851683 31.93819810333324
132.87412873182151 26.01543947862358
2.553856292476026 31.895391510942073
111.20784650384165 19.1178054619526
100.27002742113172 83.15119189977014
130.46413750506704 126.44421338413335
105.7933101671149 20.955616357363144
45.83994294147808 113.45061002845384
112.84164001981706 35.34919125277746
58.50540058780813 32.37459507807054
117.89304643162491 55.92481567093766
107.38010424473896 48.366474695973
96.83228386703091 120.02235020024389
99.80047625134715 119.57019578036808
114.94775004023501 21.58462447746143
124.49443514964511 117.25890633297988
122.90197733329687 19.81460583060107
89.78767816538532 128.64183160755533
127.61638469510085 125.60057060302482
116.53104178112953 20.736256135383055
105.87714332039873 35.86322445900672
115.80206098179023 24.64202398367505
115.89881578625909 123.80081053607465
117.12093985060578 67.51109457392869
111.1702469879816 122.72483095228137
113.25412714320852 19.116908743651358
120.47320723649307 126.19687727025283
100.91472366271992 35.20421857467031
103.39352515310811 22.595952033390294
37.56178473931281 127.92921689797905
100.98713174195228 125.11165265369667
121.78683165218155 125.48322628307285
96.70310132678055 22.800012173432982
18.896861322129375 5.169431906900876
114.41428315008555 38.22077118827056
66.80003964875625 123.57537749971185
103.04434630250938 117.3995463930186
121.15141337264961 25.328024120893904
102.45530275740241 66.61095542562137
113.45627916517061 130.73297171304014
129.6442094339314 61.950525744383704
94.88209271189346 76.09580178960941
95.77803254872478 119.52055640741823
109.39617665454031 119.38479676068509
70.81160312115054 20.86539419701257
106.84475352931844 17.89659821896432
106.72395573880102 119.59868281712508
18.182422703894517 19.701318314302764
125.04997409461134 28.706157412248213
106.78524081839734 18.624433032900495
123.25696768808633 124.61383698079892
106.91362420744768 120.52502480201973
127.55139883288656 122.54872851681318
129.98714573898656 119.16467791399575
126.86337414729239 83.11119897209937
119.09187926415284 126.21038168170396
110.22831056478661 20.582364136734135
108.63551584558348 17.104122283249588
88.15470102736064 35.2392051196048
99.92652475321353 120.42641612666085
42.85861971704336 53.80428553730073
102.79725700716219 127.22432682116781
111.10918548202979 129.0478454948979
104.81696424191058 121.06807109393499
-0.39445442361081784 32.69634578161534
102.18367022398382 73.50415765715955
115.74019863072715 25.890576567664514
115.16759301354618 27.215976594500503
33.85708871573932 71.45365463339255
114.5102925304926 19.868095036731088
112.96954730293942 24.65946240086771
116.32568591692026 28.58769332444562
107.55351555574437 76.77241674878285
113.82098859039259 123.6258497643027
118.87013287879903 30.63080429292214
117.56246434077568 31.92277475375812
120.54955350076347 92.58690746221208
94.86004280511946 126.355044878529
113.4238946475421 126.7005418892179
105.25759332662778 119.75747612292018
110.52206467850482 101.36904256272999
120.57242465643239 45.084315534233504
83.2247055446155 35.44673766304617
109.75677075560411 27.174603203292346
101.92340973464442 71.60841247185817
55.73786903744833 139.1157293723123
96.8195225773582 41.55139145718975
122.33067326082592 130.5365958427225
111.17373146469761 30.88123943532144
111.96407208498746 123.20867600161917
84.71671964919895 32.85429683918541
114.01571801127098 33.01081039309049
98.2330480763813 30.422763353587825
120.61467829160166 31.86962359925421
97.20978641738692 109.17231466470685
112.48633318144972 27.653156081738583
118.36696663399741 119.33561904755055
111.25853764339328 29.85502691393019
111.50577848492549 97.29942191822182
92.94765895713437 31.841049103754326
98.76795983460184 28.74547230346201
104.01459560838254 48.98456578824939
123.79069905678998 118.79209327879363
101.55305400099212 35.272648620125885
22.577308834453337 23.978091321900887
114.88897903914696 127.81385168731069
137.37184507746633 23.128822589859
123.925388402819 132.1779016424963
108.68620200987485 32.13541867954988
109.13513804774831 22.46225797566653
101.32075586778886 119.51454626759394
110.20928117251498 87.44677966121263
109.31942789233925 45.39005619079968
90.4714787679327 76.11938583813622
119.31912781028986 36.856602350694814
109.78519965005368 125.25100326914502
108.19064250217401 30.177383338352616
21.017830586772657 17.752058447175617
85.78683103533976 129.2005651760785
100.4165040259017 65.78728166849665
121.2217734018972 25.53077747743832
102.43622727931863 48.830631081787295
111.2976047994836 141.9515314757176
124.14574463066627 128.61469608042495
77.41417440986935 128.67555949661298
24.584232244112307 15.937269309354065
124.2937954187138 20.941722799138805
117.10926097816852 59.075415587375694
84.80628312121249 131.14694469363457
110.53611370830767 30.398201182728897
19.121056667386398 -0.6649647340666274
116.6171086373466 20.643621900301856
115.42275611150706 120.6026442484839
95.58556754086588 28.43220282246422
95.05758612923219 83.5281615793439
107.0696860980321 183.04127096381967
51.45329822739469 136.4996205463897
137.22409818940142 26.930858365384406
102.23379225310876 29.230466197817385
28.37509755544108 31.922818776044313
134.04075915244306 119.44556605510577
109.8741318453933 54.9849565200861
121.8828897267176 120.82182553571786
117.55997833197667 119.77575931732142
55.25331554842398 20.42701194887456
111.76214026244308 30.745522565004613
113.68319059954759 119.55526136938435
156.4267500555805 124.15363081067574
112.69491376286366 134.56816272971545
126.19615771529463 22.95226406172663
111.28966894577454 51.60222619529026
113.0619037810321 134.73161039748948
41.537026436427475 30.504203345545456
107.47194034385622 62.561396909613414
105.95032890262304 39.75247123783191
123.33483437555317 131.24838970684414
116.3747316290573 138.8894238435989
94.49977948723227 144.32442327816833
112.96548488951245 21.49881252280597
109.09174284719253 31.028810484037173
108.69404708931346 19.19392495422903
125.1030506643698 26.817414936625145
107.82558455767546 32.359920158778976
136.27165391938905 130.94303620412128
120.98822839337241 164.88658930970755
120.56584359027381 126.6987946200943
104.54892440292613 31.238482954508676
100.60579828417512 26.75041340775054
112.73008788024245 30.681197895274686
86.60579569085137 139.794762846286
130.32590764459877 33.4851665551045
12.377559503431442 23.8264289852283
113.8482647343184 121.77156716709716
106.00803620854971 156.7126429480636
111.75873090226345 73.6554183377717
113.31723925571715 22.043834785496543
115.22895177427533 20.30308464293881
88.91260835727371 19.611169988686633
95.11652326984527 132.14756369514754
84.4512398135904 119.65224536990581
102.98293783863573 19.964091752128244
119.8628263301607 19.785544880176353
119.9538297616499 124.56175754620574
103.63476527175474 52.03487517074442
19.090180714798766 16.7110056871634
110.43391631081151 141.3516932663429
122.75685547862508 26.656604738228005
113.05293168914064 90.30169983866244
129.8402377158109 114.02588474656322
120.2648306832002 123.99626965830134
99.76599121207445 21.060237356063016
125.00275764772059 14.739707986376759
110.19139464692259 124.2382364795777
102.97879336118282 120.08245244585291
18.8284561956669 20.912136898250065
78.63603498851813 25.370955075408926
121.56570118830324 26.29968401938077
107.48168865479818 119.06103126900328
78.18824536056975 27.220183950692842
78.64666660144633 21.897468076740946
94.15835267313209 26.49865891141683
109.07846700302582 22.818091681316922
109.30430779704247 52.11846907405444
104.17553259822465 122.79567911907127
49.78939044900113 130.2662642939023
104.42181912289821 117.64376861188941
20.67554387846354 7.145724986113365
118.73579436459028 22.450057166024365
97.5570932448173 35.86089262623654
77.51264611254655 118.69211796447797
