109.65413376247865 120.96533639027031
46.38342148772013 108.06236202484415
109.06947414764214 117.52603954734005
25.420602649525264 125.43515979982512
23.224679523731133 50.22261641719588
133.24557861663592 135.01521962351498
105.06027708825205 54.209834567482815
103.24991084095139 96.05939099458145
109.19552793219047 38.22409399389194
123.84788243552534 135.66209310143032
35.09266684567535 22.491471922337105
102.99851984565815 26.88809814024414
117.76797370686987 113.80752136539972
28.705184740680007 132.1630266379152
146.25151137790888 104.88122422401159
131.60930928847185 22.31282377133889
25.16671624949841 51.16187440779033
106.79664557593574 133.01531064056906
19.441323422520746 109.80350722619465
36.73563335701359 135.9162585883476
126.51619201453872 129.96440556772947
133.56629990057039 55.856444529677056
126.87617029138828 46.80705683776662
107.12614318479126 93.89130219231173
105.32238460846891 109.49567224863233
49.14118579266273 117.30224787502152
38.59810290217203 123.79997159468964
113.57246101373936 116.79695911269081
26.37647781232539 129.1608802200875
110.71134812833908 46.58816287004929
128.5102507114873 117.80406187562117
119.80236946358589 27.71646414303695
68.19728977228327 147.1564131778988
22.26567273041862 55.01939997237538
39.659136461271196 128.17840148023646
51.82833946205963 139.61634875886205
128.09981376135661 110.89893558016357
95.10183404211917 11.952835850318628
80.69313680361103 121.05152039079606
104.03900199654188 34.4690508983333
36.57018571731887 115.56054043260049
80.91738521093185 110.29086338203243
22.16916324866618 23.42964819846358
143.0385539913893 24.966241346906287
35.61506076448614 35.54043614087088
126.53747864494943 138.06429910320256
47.56006732290345 44.765892640436256
131.34543150570948 119.72406405044515
111.25226400879559 110.3647473563135
60.158403653479446 138.37925484126922
20.787723431181117 33.53937558534877
27.273064364423544 108.31017384843479
25.46304971962112 135.39093349954797
53.9432448741365 149.04220267020463
105.34187847290298 136.7543200904491
40.72558545486571 146.65307449115662
104.25310336203572 103.43536113955979
46.582739035893084 53.070120743882484
105.88321843944239 31.08868188836
120.86525975145248 131.05041370121967
136.9280879119202 125.18071842921654
63.64972427439261 103.29600319709608
106.94301475549628 43.574441118234425
101.8239557238856 109.23056242402305
112.22973510811016 44.27554238779378
126.49325913264272 43.90297723355926
30.60749738323169 35.57193092141214
112.13476873611346 30.581026150452416
117.42065949318699 31.5306235644523
23.28992324804762 129.31163492098557
115.97452590212096 116.62942485296463
53.863215357827926 22.6415869297155
125.89552678143893 30.176746020983558
22.080864629543957 144.60719375776586
57.797667291734086 119.95641985760334
46.640964682963656 147.90637180002417
38.35400383221563 115.77107071833939
98.55707389599488 104.01342834426833
78.87957239253006 107.52935205806828
102.80226916560052 93.14746842020828
112.73560237703319 109.05100163386396
23.979014636341038 119.36716377893298
109.66715711415988 107.84450668344282
146.05071828006018 139.55633472497908
43.74174466920553 115.11531818624452
120.22681020970805 46.84887341621445
92.9151785626521 130.85641640308182
119.87256825174892 112.92859381223397
28.83048877250733 19.37594790736057
120.3669239675898 43.017238053824855
26.983241720183255 35.45416566417759
31.96090352319776 134.09837366051397
33.196259940523774 28.02928186338043
122.84651798585688 133.0096248757077
133.9288141142018 120.07354786374492
74.6869643340052 76.52757367861415
118.12617335406377 132.02451663919706
80.12241393595905 114.22821271596608
100.16054882050196 31.341397334068436
120.76556007094575 111.72492777081324
96.68839148380144 53.838351783315325
30.585925287209033 40.14498219354364
63.72606859484785 17.80176166781618
39.3864825364695 44.655179613437106
134.66606274135373 118.74912317795238
107.29089407304214 26.000079912044367
15.014473065710257 34.01377028408931
52.32576940519968 101.5734818399248
132.1512244048244 128.58538875560131
102.58111099937561 21.854048025405525
50.61281796917985 40.430134714812446
110.75097125634099 25.267340016309603
32.2867714514436 47.237261770348084
137.85544488676487 22.579441491710014
77.39030376414377 80.09171090482288
95.18873153085856 124.90775308019795
115.89857089645739 30.235951783286676
28.00227364072589 134.60997147380507
119.88549171231136 39.18269019826242
32.953582199995026 33.151603753636465
124.77755898861406 120.31003407462235
117.2652292739572 115.11669254215981
43.67290743118752 118.87070213636177
87.61503224146344 124.6538667141691
90.56725667424541 28.42737844393365
115.46171988528059 133.6480645981594
100.0896921167043 29.664650653962376
31.7138271419961 148.55599812665608
132.91542567738617 130.08394906754972
119.46280646235034 23.37588356155386
49.629074870162974 115.13368211212575
114.35610208494363 13.230780189306996
120.69566385036815 127.25491350119067
101.43626448162387 130.68058350286444
94.52289268330111 116.74563424341149
95.93066557130257 34.18813728534417
104.92002284130218 134.4348851170521
130.5031246752591 121.94125333313701
98.42251052566161 31.47211048205998
35.37072228918458 118.70591421043432
31.2041383042019 138.21290903904887
119.84200016954358 132.2826798545182
25.876737051204657 27.419825524312955
17.583142088453798 47.2006038960088
120.63315939725082 56.50186970895735
21.785798550783202 123.32506680129589
32.43636069356985 146.38172722924318
104.31098850683344 26.178248508349025
120.80984729855861 117.72245427659577
43.590827300210385 126.41398268502947
25.78846437255627 113.77782741326683
74.77419948553089 77.08914437774523
69.00726218065466 123.17107238229579
75.825331549082 113.82564759039974
32.400962351032405 27.770945768060805
113.9817998894506 55.605340160615455
111.85112250081174 148.31485837031545
18.94033247986224 29.352184128170435
135.68283666334764 37.423919349821105
90.49896248060347 31.387632352446023
139.0610424907789 135.87289941238095
86.02319679459703 116.19483200893045
42.493004130385536 124.2674338922408
55.26363546645198 130.60840544561154
53.3640132978159 109.8618768030445
107.25282187631001 128.2315042150425
101.51836730623155 41.710897372224075
111.27054776117433 39.389271542583295
32.14556420820076 58.86579797335902
85.99390148219416 103.33470858287154
18.094890011702155 113.28873654608414
115.73515581890005 148.22241379891636
47.13291461406713 148.35045443911088
106.63504006515788 140.66654291987365
53.79578082613006 49.5873254300136
131.77044858904432 113.50990624853715
116.17034945481764 28.510611656157455
122.85673053755389 33.066104969886055
45.18650081824828 103.60141146849593
98.32461231105862 40.796865912985005
134.82630579376044 47.29373260501163
115.29756432141559 33.548986809975375
125.38475736961495 108.40124481283387
111.30826154532464 119.94712661300875
120.88686085749863 41.74441379313314
116.03129529395758 33.373084911092384
102.0422783386939 116.54514049120223
88.72309060520169 142.413100147631
128.22554107176444 104.8178340595619
83.43204496829392 118.00287217739383
93.77127210845251 130.63747650178288
114.21203953080173 25.898269454124694
41.580353471751536 43.39755387016762
123.19821701392526 16.497297072039608
39.56700232199293 104.0321983652615
27.694098786297086 129.788025557283
41.63440511732339 46.15326876086132
136.14328438825342 139.13344588854503
129.21993617367892 46.76933442746253
103.58878738263648 119.21666607134703
43.98674360374992 40.883987217441906
26.08096904048208 111.5638848410705
43.65224794962934 40.50337841174751
118.19521938091347 19.367338436694077
138.6237211682864 119.60888114597967
112.83697423257958 32.64977227033332
84.57821087617809 129.9801969142776
38.51081499996752 112.0451704986665
76.10746316445312 103.98101703700864
15.561992619294605 41.62440907289417
17.502591167864328 36.434736360575926
36.32868891552179 115.33578117958155
26.887864524878175 100.10837537359411
24.14835289396929 41.32453845025762
34.58981272565793 21.9518022050648
125.06231475183162 138.46966987619672
103.36243813861206 27.20478484611387
131.72345360130942 144.82527449179722
127.58336651698988 27.697982715003704
121.59664574390311 40.24633101878815
21.44782058603208 140.82897189236658
126.63644504393997 104.14414649019203
113.00601067727045 49.5246640203637
34.0609175980343 105.66938510960048
127.89407053030392 47.2338645984641
110.87016744774321 106.26386602810214
128.9809182060068 22.125687439583217
43.80998691822887 23.641134079959173
47.59654891953063 130.60711786597588
95.27817406805099 82.17565110467727
120.79265519105937 34.78045980971174
37.92225513774624 52.79370592600686
122.35364228403701 91.20338096292964
132.6908703695797 133.49326995916087
66.67466803222472 138.54206228339885
23.043650500193998 38.967621624852036
129.94114206794586 28.357919684567577
138.4310394009289 121.85073369550388
61.12673381507261 137.06844849775385
130.08916600770885 44.889386825490305
27.747485933544862 46.2992132754194
104.33672258040833 37.41870414278696
131.52912288925913 128.1162045775059
32.80605215973834 28.08684622484247
72.55341958565836 115.45604228954485
28.758308367675713 98.22926023959333
29.425447274755243 128.37928157270065
100.92551820344798 22.06466117050123
89.11485477089452 58.02789008990531
20.337980767175075 31.67269627985086
39.33671466891416 123.26091539758676
117.93301542879009 60.96973754051193
94.03083953718203 123.64566803130548
34.28197341260833 124.71005261071052
32.25739079556793 22.6274462918636
115.54630574141848 39.08928318613323
47.08431566514259 127.81477890885544
41.2605912482084 124.80125163243842
114.2844700599429 140.18099019613604
104.68955989596807 30.9775693008713
111.83757311652501 128.99588819356495
36.52906481855784 131.9965906918919
25.157144589058063 27.1833353551114
116.1960295675189 127.7883721568377
123.26474073690687 111.43068830361139
34.171465683177445 134.39591413382715
128.71483369218706 136.45430895835239
42.85326161514624 114.89215434388616
108.10923143184704 30.47880452272224
99.58938203895359 43.99884484879758
130.06200028290502 27.382178339121374
117.5731621183107 13.355748875937124
107.24853559753575 43.82577771156593
43.459903680988525 116.41758100263768
51.06447876237409 102.31876963821426
134.17264672182938 149.25693695486336
103.47601265833111 38.14257184736089
34.34354670301826 33.856633033736884
48.59940184548211 41.598814463834934
48.66208988189245 118.12520714946191
110.97661299025404 32.9983085056111
31.691581216763048 29.65892611388472
23.59870513925133 137.73918306894794
129.61634527788024 96.46657837035488
119.27401669713903 99.51209913752596
93.0764977124193 16.051500537424285
123.82422883833196 23.605570104801785
36.86608164101649 20.88031168712252
84.74137139703957 74.58701686091014
29.101989318630864 147.5997822738447
39.99241841656539 30.139748117777422
96.03761059974721 29.465854812498634
108.52954164719516 124.85980470734309
120.27666220858096 133.25378681279005
26.142508849576505 52.191450574061236
128.33489491867547 118.00692268446703
114.08899308923924 15.499042836928043
132.4510761437685 120.9195678328381
144.47026278543677 118.11904243180429
124.289792266632 125.29948237437264
36.577494118707236 21.629693246414554
131.46731800616573 14.761902485397515
50.5966611190662 146.0162970643933
35.545585131514784 122.40206847841414
17.9265508716372 44.17092110075708
31.616844133120914 37.802634373869736
129.78405208242768 26.966349487480986
91.59829971586107 129.86269431348268
44.26318509470428 39.78563789967951
56.291557365910954 25.2122449692927
34.956140375748575 32.56179610243086
111.64630753639604 52.06367135231086
127.1215246796719 116.78113230618465
41.75420710056263 133.10460228238406
27.686492281006572 116.59837757962535
32.0701135405288 116.51019981390198
22.652423413070167 28.98088703688906
105.45171441777617 15.983087183156783
123.24837906129635 24.07465037372338
20.929281479762913 137.07268055136805
