125.7226231985782 136.94938556198423
83.56204752191334 189.38202258608453
120.79511810549378 129.96924399364565
57.35802747346504 132.91118342627598
96.32561957087024 35.812988122804015
112.60243729033736 128.69551874199442
106.24877882182872 34.953947305189814
110.21825034003346 119.0702567298648
128.0499022479139 25.825835167873816
106.25636014313031 58.771346412640305
35.022943064788066 31.687433713835453
131.25101665283105 26.087805721744413
108.42255117015759 36.246243905264336
107.66455427780643 119.69581509462728
112.01648813732164 74.74688567671413
106.51049110701716 20.63491097158573
19.50765076655003 23.186653838278232
116.74268420043465 131.28470412969824
59.56050137921741 151.69098916985936
109.60742922376929 117.08985836065172
124.16175334350142 122.97279801278584
111.56191663417997 36.261583482616956
104.37466005668657 12.688562862603776
108.96429609939024 150.53165332747443
109.73533152858428 64.57718488725146
109.34061896354703 78.10264154310178
109.76439990127074 116.79676761504268
109.46953566360017 47.27813315204933
58.56125821447182 112.0580043725558
110.72452504698538 26.765544820133304
105.0635688365794 62.701412503044764
111.65572968469289 31.199936004689583
84.68337628729374 139.46016271649367
18.667510552973553 35.345625685671315
144.1481818885904 132.86332348523467
111.49094230449306 129.13091071501177
91.3767208249642 147.14653237085616
106.90513730195958 16.942412118938805
110.45415779656999 119.35084246694122
119.10982197217147 24.128740435479255
97.20135795435685 67.12893220128039
106.10226396703611 121.24508455073729
42.60706008023234 17.284717645466454
133.3040074252149 19.7820122498561
6.39254826186291 28.510657554793475
107.35371374100154 123.2918140357965
105.72427010055897 30.97578241941364
107.20694970531291 56.51915790404029
113.53372585668285 124.19576655807714
88.97324977742578 116.76068081695607
9.465992559095733 30.72521941189727
95.62288866848704 76.03003615839398
111.83330267097433 117.03489175566659
119.73402436421722 134.51838434570539
124.31237705097357 124.66048410879301
110.55809480268722 134.68001961650103
119.6532612380118 97.88201829356403
105.47688415648652 26.290814825730525
117.6409745559916 14.200407523396184
105.31025601139109 44.85227429597741
108.68639635617141 51.10394170381717
96.44424384659624 71.22941334968084
108.77818168130584 18.78413231534063
109.41941633877717 89.81206108483411
105.04656330252281 22.593589616763477
106.14437075016546 29.552492569881203
21.202482390514053 32.766951031783975
116.59558975457085 22.397506652001802
108.20381575792757 24.874025042185714
125.93451953984395 121.77007738673039
117.69189472910526 41.94983111156997
82.55667097715803 24.284918876739965
116.47146309449951 29.20989551139882
109.20165742556215 124.60020882647285
92.31475907232934 152.60417796024814
117.75419409371874 132.45236927142116
111.69465694591806 131.42694683082104
110.21269315784264 96.68810852111065
95.70611232300445 118.09597884051635
114.50188342559133 71.22663449249318
112.91505996665748 69.70381096301799
115.20921317914889 63.58675885798962
113.64990386947825 80.22455801938673
132.91173753044197 129.0615353844426
123.99247420161177 41.11312339809709
111.1002622961951 30.698085766489672
123.44691548908543 102.22635201630126
105.7089599606464 50.35711942320196
40.00375015922384 18.191682889389636
107.58080402594706 19.14352223446347
110.97231249689725 28.292347854053112
113.35704758509381 124.56962055506561
12.51202440470518 15.960547179079892
108.80262753106965 123.80282073363352
101.45805493696615 63.041464760340276
97.95299350203929 77.34083429788163
116.49731354345295 127.83498085380648
111.24497512090923 138.45584713177803
117.76850219967599 17.606770632700776
94.55558965023724 136.8138628539469
107.79366583158009 15.532077221919407
8.389816653132968 17.517609499231334
72.33543653620703 21.52473465460927
18.959390529486623 25.681251640260605
108.55165562648111 99.52293963300231
123.46759746734872 24.74856483828242
119.00391890990167 24.874485792150477
88.23140784819833 87.0465470545962
103.3975734873465 51.37831101363807
120.51577679755793 19.22689058240286
110.0884473064027 30.283158578525516
134.69801934370565 26.859453177140388
-1.4462100242959137 27.588612587476604
106.93974175141264 19.67190685132149
103.88412429711532 77.73292398831137
136.17783817342513 128.52947185202163
107.45574113204941 20.50245361858404
46.296122274155316 110.1648718574818
112.10597054254227 33.910006162413495
60.91902189576331 29.6557346695511
119.02506881715435 48.787744857563915
107.09520148821395 45.84691616459973
100.38267240863259 119.8459019443329
106.93047732782654 119.70965560356197
118.37910044739549 23.488681896987643
127.73303029491497 117.03971931488617
125.88494203484589 19.978207477505723
97.46828988331201 124.87440137308096
125.42312843174348 124.51492241960155
115.262177496869 20.151950686423238
109.62222287238046 30.845138341188942
116.79843248258618 25.340762198374012
114.44510463396394 122.86930235737643
118.30243961089079 61.11554776271313
116.59262659217259 125.60728156213965
119.18758058161399 17.60083818298081
122.34282572866086 127.49856827299959
99.15513060794044 41.133197805601306
106.00589708123924 21.887167497476835
35.00493677413832 129.78451402624333
104.04631452416758 122.78601622846335
121.73889544791557 125.5902114060563
102.08427172370973 22.527210724107363
20.446253495891018 -1.0299776414663633
112.62055858384242 31.560332015560554
64.72086313090489 124.22450495670859
96.6555550421047 115.85683583371737
121.9330979285534 25.996080018795215
99.97399576132361 61.646310361153766
113.00425854315242 129.38737580893562
124.22995255627906 56.11960263477057
98.74823125738153 71.89848358733086
101.6419199999976 119.46083734737006
114.72069944858778 120.97940871598911
76.01481983633786 19.834483860175723
105.32797385221512 10.014445860420711
111.13713312792899 119.44715390644377
19.034924480298812 17.484526334995696
120.39224307048956 26.56674703598468
110.37337336700134 16.78894844814026
117.1083910281459 122.49414296822226
114.69555276090472 123.12978443848763
131.68557461069713 123.1883751386382
124.14998087052031 119.23191567201164
126.76296626015669 74.01074711726062
119.64063916428117 127.9266788506509
113.43465445241877 16.729083970777175
109.58237075163436 13.098297700382465
92.05676605135412 28.701915080842323
105.1751287952301 123.38775458954844
36.43564112253847 47.65391411679519
104.74054357653186 125.51923677209781
110.23707793544179 123.90536045930045
107.57990208560263 119.94553637685746
-2.6509767436490717 30.827275760242806
99.5428248028093 73.74867048132995
116.1979143994804 25.37217542693308
113.46317731060752 25.230033041502118
39.786780496708424 70.01561961709359
117.94455252584106 19.849661913528514
110.43978654634516 19.53479189646311
115.42918479588329 27.33865979464874
102.31260097123412 71.84269721466143
114.28898058298545 124.39064858046325
116.84622100511808 26.37470459966499
116.62461842884335 30.18439547815595
123.49866417613816 83.86109037323321
100.42258739679546 123.5625257735217
111.4406945265065 115.70991267277931
110.50992811293715 120.34218708861222
116.14991954008254 95.66473768931333
124.57557920262248 47.453484263864084
86.56089599962594 33.023967709729995
110.07608575497234 29.791331672208173
95.75292425933166 67.92744361979858
56.03641248704284 140.26889746772173
100.81573311285234 36.797320138845315
118.66414659708913 128.39168365436254
108.42004191114958 26.28430385895027
117.78014120880243 124.2540389477694
83.87036427400331 30.559990596012465
109.97251342933758 27.943714113222747
100.97423685892153 27.729732307509227
121.03336124785625 32.23553963854961
92.28859474247243 107.71040902152419
112.0555877037959 26.890536115095976
124.73924546281224 120.71944029523465
112.32582960427247 24.565169505234987
119.57843295622567 93.7983260723751
98.43148650847739 29.80438408097264
104.11665524731761 27.97218043046751
101.03746172034239 47.790415876524335
120.20222271690115 109.08378869863384
108.23807796232552 33.14650832398386
23.856702364425068 25.94876805236735
112.0727461006128 124.07944234104642
139.94588100058937 24.855827373660947
122.05097597273148 129.76671993338553
108.53195655615818 33.72991798539505
108.75022938093996 17.13079743261653
96.26298972541287 119.92425904554618
107.51540009259463 84.78235620527902
109.35781956417844 43.51146553668192
86.20341661198904 69.56785048373322
116.72513370094156 32.68068263888147
110.64619136487242 116.69917759703121
107.82800813069615 31.980693998206167
24.51977008735892 17.60378934541292
88.31920815972174 128.42913935641312
102.44901096802928 63.176431647724975
119.19553554721685 23.302669330190664
108.0957072609035 46.160324833108966
109.28472902324494 131.5675405171358
121.57591176704878 126.77079107182885
82.21028619836375 127.76465176240838
28.384316066263782 12.851646959407544
123.29050467088081 20.861579560008376
113.28442694963202 52.296445990268715
85.24166432863349 130.25676131138036
109.23197073187583 24.8917855549962
17.249640123839058 -7.504102482603178
118.82696866638615 17.74481886430269
111.53120114318772 119.62126877795039
97.46556633858096 26.80184896642439
98.67568719625206 76.52118926579071
102.88240691911497 176.2859653368749
53.62887150292362 138.7782442739829
144.46383245254566 28.951617572493
104.43099649242633 25.674518553104637
25.96933816055783 31.610442390587
138.0547008972702 119.4116359831664
109.60040090420621 48.324634224771316
126.34510074561518 121.33091806994892
110.18100017884986 119.69425353274181
55.97489341295876 20.14139167855051
111.4268715038131 28.138831702137395
119.58680765857717 119.79523909309219
152.86513545362746 123.91345982309642
112.40488150202725 133.68538284349856
127.64791871220969 23.42289898187295
111.34299222937574 45.89171260950694
113.66323845970585 134.82985256954717
42.4652665425203 31.090686290828366
107.08877446854459 60.08077321430447
104.03205471962403 38.14456163137266
121.46723264453396 130.45619914419845
112.97352714915665 137.40416013950892
99.33261050708307 153.24406618472878
115.29680428156063 22.284309236216117
109.22665618149362 28.756288876045616
104.89575745993143 21.244395266266313
126.11493041372849 27.411960160591356
108.68453053528866 27.330188258825558
142.69986314525926 134.18532253209838
116.22003510023582 154.40495932634002
116.33560635690993 121.6528334649677
105.27917202034968 29.45702913187517
103.86869678091567 25.10513636172418
112.44713091959879 29.451098861179
83.77519282696846 142.73216254246503
129.96972165933607 33.738409022416064
20.72386536567951 22.616621497363127
106.70934644320171 118.66821887760824
102.00345413819498 144.37148708831825
113.41383336816608 72.01141832053324
117.11890593876309 24.173728141722233
112.26581281762176 20.01969103959089
94.95393753007927 19.555434851868046
95.81170362988532 134.81601649984586
82.09206562000634 116.51682322955432
109.09980327374316 18.665993239019304
126.13280759852404 18.84586143723137
121.15537643509929 125.38014722184958
101.42780713444184 42.512435216147104
19.795917475216008 12.493181711200613
110.27878331476757 143.37844193918434
125.7809142269752 28.05294206950166
109.88480224588133 88.18702639028504
126.03571756687784 115.62036794156032
118.21956099760865 124.07320392480909
99.9220293685904 20.795035647541006
121.9402337334582 15.874631338342377
109.26646281153872 118.53367116995284
104.68166917400514 119.94779798867991
20.272050717629394 13.290365610102645
84.86594916736794 22.997531489175703
119.42217651341286 25.479616666487626
109.76528451662152 119.20795306203402
84.43825486464783 26.12382848368341
77.5397753511427 22.02791028618946
96.50935199490601 24.735718145648672
110.28133746387968 16.858872144266268
109.32473250325012 47.16168348417695
105.53740925202486 121.90159206772624
50.34098489668765 134.0862459246705
109.2648123022935 118.96723335141405
21.38728690403047 4.210999456702669
123.93362221089947 24.239772019574605
95.31425677114362 36.774025674872895
75.98771237296936 115.52906091323263
