127.5267413806411 137.12444925207419
79.65874277721856 186.14762032611995
122.09356454295623 131.66646614755473
52.72098123645982 134.66336660381384
99.39782105160454 32.36412354642635
108.55481432704825 127.30118157450383
107.45486966723627 30.48261211602475
111.81198818117515 109.09860342624596
130.17918033789186 27.41124175395051
103.34726334986054 53.20038988209489
40.04812147797907 32.48072581246438
132.64239997838226 26.971378828708396
108.11819660784782 31.029797576796817
101.97462031925588 119.6937065409695
106.61518077675197 66.22013236516025
102.59564270563601 23.248828025073436
19.62705064691075 16.322442184155303
116.57121273954621 131.64126215143773
62.65599195063289 155.15489565243
111.97304380082862 115.09013729024625
121.384820890388 122.23565313781663
107.63347695115095 29.993927238875163
100.94329034941305 5.553422217472566
110.94454710159684 142.78781173477853
111.34190782642246 56.26234764749627
106.23986114161698 69.3882445578475
109.19378264704166 110.07934696264505
109.47107742756211 39.41406566728978
54.71446174343894 111.80778017720667
110.53013818151977 23.107711008952844
101.76694294018597 58.060880257206215
111.65176078841995 32.096245450244155
86.79328276241466 138.13074166169326
19.146431772289773 29.820785298071605
142.86442531354987 133.19370884944806
111.24592913312658 126.9368982723118
86.91442682138133 147.686846948441
109.58857107885565 19.13503490430815
116.62303928128028 119.53328220309007
123.12764073737627 24.505865239127225
91.10069503261789 59.420868346896576
112.43111984165449 124.64994652218519
45.74059645709931 17.331371292232703
127.97750033302783 19.80429361587514
11.564728564107826 26.302074239353026
103.7907715941289 120.40506518083473
107.20437254421958 28.52065483081434
106.27484494157943 44.82604246658192
115.54189043354853 114.38731398615076
86.52598867639368 116.57739245373324
6.216942105374969 30.35300668909194
97.01259625857419 64.34135360540748
108.04527668136787 115.36337432479911
117.15465277003254 130.81148444435473
128.0485717188556 124.79040578210424
110.14503561035713 128.8318866635109
121.93127908335467 99.085270004426
107.22267628881845 21.235446372586324
120.35539997692982 12.658310331739447
104.33212979281848 38.443647316002725
104.19511725025401 46.460956417450575
100.86791709093353 68.79166361217594
110.82472574968395 13.999025048305743
112.936329925182 83.21477370432252
107.99841539822124 20.599079528942532
102.89224406985853 24.380117185015756
20.740187384004205 28.1832060746951
116.63823061531937 23.08386777659697
107.19357930425888 22.813688237624405
125.4258999067232 121.54091207856817
118.304581553726 41.10531277525101
87.10638575652004 22.776145657675986
114.41094646012944 27.07077179997871
105.23728330091389 122.37249146013365
94.13891519028728 140.54115197230863
114.34294610365455 129.54525991386276
117.08741780606562 134.19322257386935
113.2056449330578 87.01983665880319
102.51625490311173 121.17278936039932
116.70050520660338 65.1943606729992
113.32140513106361 66.29775471452733
111.60496284648286 55.755526722402344
115.12193536796286 77.83918699375283
127.6589766129408 127.18685157124358
121.07688853030234 37.489471184642476
108.94697266781452 26.179112517644526
129.07059170825252 100.3578295223225
105.24991358679921 48.113144154351474
41.494929486941636 18.149490972049353
107.93265771426552 15.274680585830755
117.02502071352379 27.455492023988246
111.33183081256047 122.5684253798855
16.086030513706497 15.337048105820854
107.05591364909031 121.95714976364236
98.658433302193 56.993470659427196
100.40883621981305 74.06446066095309
115.064990473559 126.51360602429128
116.23231733855951 141.69137071154054
120.47904965409694 15.515146349834204
93.6386341849445 124.81121960010898
110.93453606470803 10.75609901777873
15.475823476659418 12.697302884912231
76.00143306537841 21.270821079814972
25.57765570796637 21.849999647414574
106.99572987238292 89.94656655801734
124.28812950006038 25.788810434442293
125.36572646778193 23.475319247294763
84.79123689208427 84.48086404598591
98.92486964209964 45.1598953435776
121.70300753233427 19.141537453619794
109.89162541744626 28.129873340384375
135.51871978100883 27.391160973998375
-4.633873051240641 22.854609691030838
102.78394656241291 20.224554160347193
107.8772763803563 71.86834979712292
140.97130920067661 130.30166570276603
109.21080394472372 20.016305799801735
48.365595404304216 107.19918721514927
111.26066496754945 31.985462018513616
62.86478631139154 26.51633589447426
120.03940157265642 42.4682155587322
106.8735853828758 43.73061901596045
104.1573542541741 119.66273805474529
114.16725143723377 119.84505187887869
121.46544918473509 25.270845738239263
130.2141355526503 116.89631853376815
128.24843110514146 20.118510713484692
105.05768119069467 120.87469920996398
122.59250355103809 123.15601012733954
113.77811675182542 19.54178632100808
113.38052827562669 27.118118060813845
117.5236420339723 25.83951056015733
112.86463456071843 121.83283665979907
119.02867416566673 55.64009346511119
121.70146174281037 128.35312309903878
124.82153881976839 16.145210816652753
123.75513410232136 128.51354377650168
98.12275339282702 48.66717080355433
108.7750429267802 21.10812660582242
33.648301266517386 131.02609709190307
106.81243708459417 120.3777875805251
121.21886466393771 125.35616487056804
106.18810843910222 22.142725145353545
21.966705551831094 -6.566669454766036
110.68746945657017 24.468312957483146
62.94607151571535 124.77137860060641
90.81753596381724 114.44358114982906
122.1420286879897 26.465203535121848
97.99186612831284 56.90116679431285
112.37837315875572 127.5797176921251
115.71990752213091 51.04762767657547
102.83126716334039 66.80123849036872
107.9235014843792 119.4069312938323
119.7853222189571 122.53179589437065
80.98461243621739 18.768571704414857
104.01927286610545 2.525841143440408
115.46383876804073 119.30304195707443
19.909460862471445 15.310122404176369
115.35301444131704 24.16176461455588
113.9205949071628 15.081156468617294
110.63235049488178 120.23701724374138
122.34685930462604 125.61197372908585
134.80824318396103 123.72018961141163
117.75446475886916 119.31254837566118
126.26225226176246 64.43561655483376
119.66087801835096 129.26518997329808
116.46144336913153 13.007425101086648
110.53997888406722 9.274549511134701
95.45180987553185 21.86401614821849
110.54585879124217 126.27903493018275
30.432814815256258 42.380775395451366
106.89995249646708 123.62552527130958
109.32817038323782 118.58596417560385
110.41996780410109 118.81716474557787
-3.807507798040058 28.339119816356305
97.23931627631227 73.40280503979668
116.42088304614795 24.661392715169946
111.61685634195582 23.085924265131098
45.49245959984409 69.44244905992252
120.99513405313338 19.832082775106457
107.87577718157651 14.41607661659146
114.28571194279702 25.71942769436043
97.41706725103121 67.33684217084051
114.55436001512915 124.93705336868604
114.56621684478631 21.75370357339425
115.45416142606771 28.134780110107688
125.58382675352225 74.688002928039
106.18763221849191 120.64101072418082
109.31477108569852 104.86291741013297
115.7401767111162 120.89162820077374
121.43476067598168 88.73137047671753
127.8452463715751 48.897748480412766
88.80829605192335 29.919411863386966
110.36528617666073 32.04461184904307
89.88775217413334 65.00523338804534
57.09130782668222 140.76500367154006
105.00347544175445 31.41585074718683
114.54343731317337 125.80521724301552
105.69533866578773 21.487959905437272
123.36768230377416 125.13740054272445
82.59734896483495 27.87117397448469
105.85754390717666 23.43092603611683
103.97977012726719 24.697370615284548
121.12047273586423 32.14129013576922
87.96861923649696 106.85781789413448
111.51754245366759 25.953808448266024
130.38542014644798 122.05418261793064
113.323953772589 19.095336605684384
127.13020855194836 89.5974075631249
102.65368746394805 27.281262388641885
107.84085064642868 26.87214286522482
98.3333546933849 47.386587021837016
114.08196709800517 100.10816399483062
112.49136830372407 30.667006252948234
26.310216396755816 27.589997764552095
109.1602053527031 120.12207752355047
141.1630679593891 26.28870667947533
119.7357599346616 127.1238120478013
108.40788388500752 34.554153367254514
108.39926421254755 11.870423068463753
91.75761783475681 120.31123796548403
104.88905539520556 80.87368901823719
109.41299432055422 40.363060964207875
82.8298126882476 62.71553070576083
113.85717992935945 28.065467245483713
111.46123915359806 108.24410213399283
107.5402652803086 33.19362703803137
30.466231532784224 17.48974134973088
90.34734392314762 127.38696547973791
104.79186854407519 60.99346574827736
116.74549803637733 20.770057017230737
110.96004666157548 42.80289724905953
107.29961299875366 120.57826394617199
118.44367939422374 124.62519435345965
88.17330301860838 126.58599744500135
32.86394148590281 10.006009033905185
121.57663041911476 20.75952078053026
109.33177613328768 45.41669805515164
86.42553748251392 129.05587407386577
107.9533452932301 19.274772400148866
15.451780417422434 -13.226504941512866
120.59162565331447 14.889638295074288
107.5121595185956 118.64165720840553
99.76022615083555 24.713319966705406
102.8077189429324 69.66380281046362
98.96934236333676 167.20468648358718
56.255537836968394 140.1398966725095
150.27461478130425 30.590270347606857
106.85949048624744 21.95840587504202
24.62787379108389 30.958421541543437
141.4420497022824 119.38410316523391
109.31774203228719 40.32965358314289
129.97033257948817 121.7698480561657
102.8134675306757 119.60799393596552
57.67330245697116 19.80211958149306
111.02074628229016 25.368526225574218
124.94901863295755 120.02281141848245
147.82208314155667 123.5142243193992
112.01576282680753 132.00625492928978
128.24902101933975 23.739841112693043
111.32668222796012 40.910549138183924
112.80092289821827 134.2994310049134
44.92726171332362 31.342977313097144
106.76336466787156 57.61332406632097
102.3253114024748 38.027337643404174
119.26075764053691 129.0937133525373
109.35747579023709 135.28303457324446
103.20743804700564 161.57058534996713
117.40605080502392 22.96034637439844
109.37276154162888 26.104379328753396
101.29837556839797 23.236865603350047
126.63515556879736 27.692779683407355
109.57663954376575 21.87713615096249
147.51397682602035 136.97840390547074
111.27780375863057 141.99482733977808
111.8632451679331 116.54237515366562
106.1292283692684 27.283250867125297
107.33699579527803 23.229114989804295
112.10896619445482 27.83901619481136
80.53662027539245 144.41441101111693
128.6474462796683 33.44245276599996
28.981115270662464 21.26653002882543
99.67247103308044 115.61751058839408
98.46954308176711 131.35871183693735
114.8066247822731 70.30863122538835
120.68211303991713 26.143750072251503
109.22790025695325 19.731987151305514
99.33280764435325 19.48969946994805
97.04769824238518 136.89758452466234
80.15592514828842 113.44775858086307
115.23117754741251 17.39978469991352
131.89206031001004 17.937311685011945
121.89488808304833 125.96007428140842
99.55660752635988 33.79094821183355
20.487942233401576 8.56225982273704
110.12954469411962 144.80560599856707
128.2649197230177 29.264505050535597
106.60130771533365 85.78473786834019
121.70755998158558 117.2951126228911
115.75068386077959 123.98442726525077
100.49540523709118 20.448794658785932
118.27968285610059 17.157059980213628
108.3722766165562 112.86849510812068
106.63267056460467 119.79230529862626
21.6886222512756 5.808784795078063
90.48143650232983 20.513669597288526
116.92541016754234 24.538057101242735
112.03712704031977 119.36031008582222
90.47856186116724 24.822238672336233
77.14343423273858 22.022290985447118
99.30810221285338 22.717483584284953
111.46430349885718 11.012954974495795
109.35168291856216 42.391636368652044
107.01229200405109 120.90627695238376
51.15623586943207 137.20452064906965
114.09913694867046 120.31521481893004
22.008489325916496 1.6862036316851252
128.6886841840756 25.853703733712745
93.39314692323246 36.78236834077165
75.12181978731806 112.49728451103083
