128.68077842122418 135.84483373643405
70.65418708876007 174.97772654760533
122.82452009851916 133.11570630577336
45.08096575013594 136.29692195238792
102.35053992222589 24.694738932163915
100.68258650030897 123.66052248311463
110.05411402505128 20.116645279616773
114.6394757161523 90.20656267109132
132.09451637777187 29.85531914710224
98.34836318080255 45.523058593840005
53.362412678623926 31.82427889735659
133.10086397291303 27.705916850458102
107.753760147876 25.742659174756316
91.51388675148614 119.68439881862626
96.84630591381182 51.047000525606585
95.77980371822692 27.790195663807676
19.853712795914987 3.237759039320403
115.16512990580513 131.19572836578854
71.34937425643334 157.0864742435787
116.37299294033879 111.66559595042608
114.66306252059624 120.52461155856692
100.34255711517845 16.509056744644827
94.69502348190188 -7.255026759790489
114.56933976751381 125.32047576314653
114.26422436376768 40.21837339187156
94.44137750271983 52.57360790086705
108.12343876741333 98.54642776341834
109.49110891164207 27.86094895624783
50.60065735005167 112.28332053456417
110.01552373560946 15.412191404412118
96.51165509940215 49.746868906077395
111.48710670408607 31.833502498855385
93.58035165548274 133.29076528145927
20.120958553928382 17.38305159341598
136.70474992921558 131.85044240328995
109.74448074057965 122.02501094670686
79.88022611295419 145.0007712779921
114.84595001175377 23.469654736013528
127.95150131577417 119.8810806031813
129.0905596332515 24.55492146382672
80.51940479218949 45.7171525733579
124.26298712214366 130.4750783569569
54.01659552132298 17.576067659617213
115.11902833140824 19.852689356855176
22.608999838902523 20.726030881961396
97.42626839101727 114.64392958225562
110.36401240037166 22.578711590134255
105.0595935732587 26.408640567543753
118.81884894502325 95.47765004285115
85.22163569092586 116.51625820229388
1.05232106915638 27.996616248049694
97.94307952773666 41.255055277902215
100.7294286544721 112.65344286020611
111.17732082004385 121.61716413956977
132.91182189697886 124.04994862320527
109.22237199577151 116.34610212389157
124.83035921042199 103.79669595542855
110.88137736758026 11.158235202999867
124.45437616188646 10.263379074011963
103.00285694005608 30.22866807577389
96.05818894263308 39.73569399630399
111.3732758438199 65.2908644036491
114.75023298737307 5.434635962594812
119.4390109942522 70.03640716343054
113.99654914896392 16.56673435262271
97.471762089497 13.678616943652159
19.72604702605724 17.97940504746937
116.17028131115438 23.84561971669446
105.52638583200141 18.248605636486353
122.86585213354542 120.83322028625894
118.4934714971875 42.642646022494546
91.81641997702039 19.351287317356903
109.72920732039783 22.228730112413928
97.79211957384236 117.52126158966874
99.90629449928905 113.35007353787599
107.05794110464723 122.35409237755601
126.36419109821426 138.38653480581294
118.66192198092317 63.55005053026231
116.52589630503103 127.15410673744414
120.24637199595182 52.77416525500846
113.75882240857025 59.66091545789089
98.28957769407849 42.5826732308837
117.14191296749475 72.11106467863978
115.43805571296348 122.68379755714248
114.20301676205656 27.552576131789287
104.76391073332455 16.503680049166494
137.56948204043232 99.17764335055497
104.8475294984473 47.47344943595718
45.43256149236504 18.15529415623566
108.83865263621767 7.860310794457913
122.73136948656797 25.26152269836114
107.05116024498983 118.35303588993806
23.397218568986762 14.54379437549488
103.8322824043206 118.05021101095032
94.38492036062193 47.164146249380394
106.77530109309384 67.96249208068514
111.78406782469834 123.12434405598844
124.80608553576644 145.18992651225656
124.01118521203061 11.984764981812447
93.35382045877144 100.69594772845356
117.1252774195228 2.520813103835507
30.030326277423605 4.1124163211553775
88.31427947056844 20.634667867892695
39.13154217389362 13.952915020242026
104.10658731765268 70.44304554997731
123.58497065054004 26.899271231749957
130.82893916007455 20.284227359560074
77.46651512325401 80.35669190206977
91.72728400022302 36.25356862971037
123.07754311557954 19.05211641780807
109.47824415188538 22.827055577272255
134.08371498872378 27.622349179376698
-8.162524696827498 13.101115604761812
95.36001723336929 21.236585853299392
115.851083939994 60.82562307023186
144.469046327988 132.13701865627277
112.70194674227879 19.005743130685826
54.12169026619032 102.95042969552489
109.355511421534 26.247405004098837
66.29139951555173 19.217437186680087
120.89094839161068 32.32039732908962
106.75743418505768 42.462751505390244
112.19958896238906 119.2959606695623
127.79901554183795 120.06308784294175
125.74643229544303 28.06345809801386
131.99199130597026 116.97582040827955
130.47627935152013 20.32098282578767
119.59063897535512 112.85034979936466
115.0628123098547 120.12011736225122
110.24537340065005 18.324514198157857
120.23640928701558 26.934490104602304
117.76110235048742 26.222951047168515
109.41330248184654 119.65822148025758
119.56467168764823 48.4226050517127
129.928278681727 132.7870073837075
134.6117760667883 13.618819328591963
124.73650531130322 129.4310348879415
97.72920122875671 67.33106658092946
114.3419790332874 19.433985396943967
32.03171368021682 132.19158641522841
112.33481805448038 115.54167657872058
119.1314104388069 124.15398675486242
113.6596436498609 21.20238402972245
24.76152826305833 -13.247378193829894
106.77948383808031 10.0058431056674
60.5735350610408 125.48102784175953
81.15090714330972 112.39816110413476
121.10415146457413 26.277021357804816
95.16118102213197 47.947788374715785
110.80779140528581 122.89918030492915
92.64777415658088 43.28082510827073
111.65073909687962 55.315646980392636
120.40495611298353 119.32209335092898
128.2260340438461 125.13414409849189
88.71757980993787 16.73198672085588
102.01459306076583 -10.40336057264546
123.06164934031382 119.04236338262093
21.587814944713415 11.462791682900738
104.78952605935585 19.054774890056663
120.12051418453197 12.36744382674757
97.81613731767564 115.65240289285803
136.34758281638983 129.79401117136868
139.99938629639752 124.37623251107271
104.3274169118959 119.49798072112917
122.79448655432138 45.94336536913463
118.39205917004288 130.93828607723637
121.51477573178163 6.233591954714766
112.37647898219396 2.8838253791603536
99.03560429226283 8.202622217298034
120.78875561759979 131.16611380962
18.598458141664807 34.49243826097322
111.40416718587174 119.47096382229124
107.58602413089585 108.47372901520663
115.76475906835903 116.76175365649499
-3.759203282740332 22.569498784951765
93.86081210104128 71.44743801014148
115.88295930547015 22.760047772451895
107.70069900783568 18.50918162680296
59.934374367233104 75.8050817485295
125.49837240599084 19.80304490524635
103.03895240216441 4.562849618353006
111.57322078690444 21.986142640567497
89.4150006071315 56.899744214020885
114.59868437545646 125.32247594872443
109.32323574007694 12.391301542535862
112.52668266752845 23.291282498760214
127.50683546184294 55.5837317768901
117.90150785672408 114.82965638705285
105.0505055304024 85.41715279846365
125.20046369116844 121.73994932543292
130.47223531042343 71.32764396255226
132.52725782338413 49.28317098042272
90.42770019101985 22.344694176730716
110.8468487362437 35.2615665103478
80.91176687058919 61.34283753787653
59.70363499693377 139.74677692060746
113.70548919879161 19.601028640669895
105.69244009666117 120.0253133110698
100.91329608570808 11.930144898610642
132.86936489695245 126.2063780992409
74.87146185809645 21.568221908373907
98.08743554758708 14.446072981343796
110.36354964416628 18.14820371228639
119.79472970896201 30.816765656168396
82.2801598948538 106.98101728124747
110.25975322474214 23.653684613124017
139.21328346151594 124.35495270274036
115.04174580354513 8.661702481141546
139.71883677446948 82.01992099538013
105.52946768961714 21.233766659246626
107.3063617986301 24.09608161571598
93.60165918151162 48.370005825610306
95.3968033550568 86.03563905494926
113.1247576343012 25.010949900849266
31.916515083325635 29.741812450804776
103.40570546436093 112.26712660544447
139.60615655898982 28.14810924225867
113.46499154784439 121.24349840827198
108.31085863192536 33.59796517327483
107.84843922504271 2.7109268110646227
84.50878772082827 120.99390689132719
100.25525203992584 71.79741363166315
109.55916162944844 32.630772769130154
79.20147764225368 49.833596002977856
107.86476573599563 17.967528039629464
112.86164216579344 93.02148053563715
107.17830416133587 33.068445448592136
49.217842806809514 17.538810083912967
91.05041114204307 124.34169894576216
109.99837804220593 59.249123157701874
111.11956288745031 15.54790822498635
110.7997803940541 34.21120982783026
103.79387428988741 99.0213750445321
111.41011940905564 119.83986244063377
101.73006411361139 123.3144007637381
43.4901586408463 5.434624965522623
116.86801864158222 20.451471461005177
101.73241213385502 33.723281375391174
91.31330327911063 125.7314519307279
105.69003023862922 8.307245583284864
12.452496353310593 -20.316430266364478
122.44202835154657 9.868207744923973
99.88207007208543 116.79812128442602
105.40054985654562 19.931404098288844
111.87907937770005 56.28490519185113
92.8619020027757 144.54120442755976
63.065925613146604 141.09764912556895
156.61112433658525 32.70761879758156
111.91702167531759 14.401865979862809
23.590869373787342 28.350512463294628
145.55730533243246 119.35124728026094
108.7640325374627 22.066801295598303
134.19580058347603 122.35610810094589
89.01146586000941 119.43339948254668
61.25694594099893 19.098089829556823
110.08261008993206 19.32187778025919
133.357937556705 120.40536617598642
134.26279268036006 122.21149081180106
111.11099664158175 126.77384260068838
127.94167645603576 23.88618145504032
111.10245435787805 35.231515588193
105.23414434100705 131.84146733452727
51.74827382408798 30.284140711061102
106.54277344417181 54.52912890109468
99.82193769929755 43.15961546291011
113.74337450784878 125.36722815313314
102.27125014843234 129.52028498605827
106.03513223755516 173.7634750057467
120.51452957912944 24.01667170529101
109.6999303483432 20.177326988649007
95.07174765573589 26.511143169101
126.16817196027722 27.09335562970858
111.32431061715513 10.858810720275143
153.64803409899397 140.7077661377404
101.61437336744798 114.84705189592822
102.93274858662302 106.8098213382497
108.16814971341357 22.347802829132196
114.45996975483699 19.039823809741783
111.20429533315313 23.551952085882863
73.00845920061789 144.00495863497707
123.0987789138496 31.127122404530525
49.50570542419886 18.370304845093294
86.70072399029468 110.22414616676086
92.75627388484227 104.4916754511803
116.96571656057294 66.76659308990995
126.45346609493514 29.445422046790142
103.36167917706764 19.176447982292405
105.73026798787762 19.333290112310607
100.6563487594207 138.90016354109642
75.1382585381045 108.07971673624003
126.6555166895851 15.170931285407137
140.1173218443146 16.33839082657959
122.27316597059419 126.17945580061455
97.11139481540125 19.211898194554163
21.75752401463341 2.0413849314079395
109.85169995568391 145.6643466879086
131.104436196862 30.826557549289685
100.20570526678495 80.33377989053945
112.05187123827486 120.76469695509789
110.18657081439972 123.28833509312824
101.96248291777667 19.65531757886718
109.73203936554633 19.923465236324457
106.77215682166393 102.52240536900123
110.69084881706185 119.4410364420252
24.31065928252636 -7.387422271334922
98.46494580262575 15.649196505509094
111.04863274969756 22.270038165379255
116.17611865108769 119.65475236854485
100.3341708899521 21.634143590275414
81.26797526819966 21.626730283818613
105.91572628281543 18.260452581338576
113.51853341299254 0.2755370148912917
109.44065456769091 34.94783917730438
110.15688821012108 118.76068932465517
53.92418348818877 140.86912651658113
123.073595171821 122.86099467228998
22.91066430316903 -1.4505823205307427
136.82517089033493 28.245678579324846
91.24543130620332 34.43858784491697
72.5792068941251 107.91639035323621
