128.43204039594409 135.20518174985173
68.32927614059547 171.33076856409937
122.85440490659379 133.18730609600615
44.237470853349116 136.32855216244872
102.59662392534021 22.586662005406396
98.92101176113887 122.65350447009197
110.70257280576074 17.402576685099884
115.28288623280574 86.01544013507068
131.94495081372858 30.271568196511904
97.27275958403165 44.59878247785078
57.261741008161856 31.252489740949418
132.76691118765518 27.64523738546024
107.72130832937218 25.651987256954126
89.43468951352872 119.67864280690983
94.65179470979305 47.74523666785612
94.42055160553733 28.71804416073121
19.90194064967466 0.2938070495803462
114.64282553040732 130.81148497128765
74.12105705576737 156.48156840963838
117.36270665427841 110.98316069048774
112.85235137448524 120.06486859146437
98.79176306248925 13.124655911351542
93.33291856170429 -9.896108618580646
115.38626737255086 120.66754017985485
114.9070541115792 37.0815130999422
90.59417655170711 48.21893742329383
107.8843678460206 95.92961573875726
109.49957277870614 25.349849350947398
50.62827949745281 112.67727564052605
109.87389964356151 13.53141682455642
95.67926660806542 48.15712717777215
111.39086092784855 31.503237241303466
95.63281456566645 131.71049973106486
20.35592655173757 14.217921422380929
134.58820592004216 131.1572705993241
109.35818337136973 120.74609719775916
78.59314281676393 143.4415600621003
116.07030539755165 24.456812294828353
130.4334734802058 119.96220772496007
130.23733581010762 24.426998506527482
78.38711149531332 42.64920306435218
126.84356184521425 131.71370713436343
56.895107163757515 17.680404856241324
111.64939880570675 19.86560570895314
25.356181249401512 19.20914630371315
96.02627735476155 113.27331046248864
111.16837001213932 20.959582899493608
104.94188035290523 22.724512261612126
119.43476512569354 91.09138557764952
85.62621310395848 116.58349803174295
0.06162548258899003 27.176191200859225
97.4334605294563 35.80868884313969
99.04659602008702 112.16664739078564
109.64098877221095 119.16751143629631
133.44349302521798 123.69039760209614
108.98959895566972 113.23311739772805
125.1845629993821 105.49135475270076
111.78499641455912 8.82223429877357
125.11709725248545 9.809324659528107
102.78974924036415 29.0220767662162
94.36853958947236 38.98455940901588
114.19156319707231 64.6148195403774
115.63032914670843 3.6472629099799416
120.79832830507537 66.92327753877098
115.43716365875315 15.6236055712985
96.27654672949888 11.051588646249678
19.465359594006923 15.35909715876662
115.87344784313089 23.915939567673554
105.24350714416383 17.11874895345183
121.7877312346593 120.61984921988157
118.28182735088701 43.72435116215846
91.85296961487376 18.474243928461792
108.52724835268232 20.95533110539358
96.27416081006696 116.30638615691319
101.4946645914851 106.4560496189097
105.27290795799924 120.39572749535401
128.27112068383894 139.0599399915721
119.81684487111988 57.87305157749299
119.86263421944759 128.51271150290106
120.95421847097596 49.35144496090794
113.78168830359444 58.66692452319742
93.99019068496158 40.402082548510535
117.42179058276793 70.56702471082087
112.1622014179847 121.45315296182379
112.33917373657695 24.81797494128059
103.7662357302104 14.126663579244088
138.7844336937682 99.38470502013355
104.87214186645468 47.64853762634049
46.46155105443571 18.176620809870993
109.09899291295217 6.234661077965104
122.66156009611701 24.56401105576084
106.01741844773717 117.29993509679984
25.182457618837397 14.45075545668738
103.07854409796614 117.08829014149362
93.5886807614296 45.73065010612034
108.50273961178813 67.02570125825105
110.91313305062977 122.18373054302118
126.61512402860379 145.51657658456787
124.59749775789847 11.24598341851946
93.52583094419394 94.91387753022606
118.60344251174257 0.9193879125272835
33.54281620842782 2.450831313321369
92.19155215583797 20.453413633316455
42.90643554010935 12.067170612457318
103.49365194894216 65.34719974310994
122.96649630681672 27.005531078475354
129.90122653293838 19.42672040562567
75.26165087524546 80.09210968972984
90.32313903083204 34.604265488546744
123.13920980942594 19.047816900660052
109.37657669813206 21.333418973800555
132.7681619332539 27.473180695834717
-8.273109052781455 10.708372217983335
93.73621129381392 21.467204579451785
117.73128010444135 58.34204280922706
144.16997156786027 132.31217191654187
113.4973901277241 18.76217578189265
56.290094975828794 102.30118921884308
108.8722900672147 24.582262594010338
67.32750641403022 17.338130409473724
120.74243394975004 30.23766948452022
106.8173998213282 42.82891273278206
114.20084765884309 119.20712672366527
130.78234381693974 120.10212115996953
126.3818383833382 28.681224151688518
131.8710229435469 117.0562298530506
130.618008314071 20.346390155662696
123.02687121192058 110.92765201122796
112.95242033501958 119.33596723155912
109.31994153290354 18.037310684567878
121.70526307127051 28.715539311225044
117.60433781190162 26.186355924556
108.53962204034424 119.09972053820769
119.49220245693206 47.45856876253863
131.65184432563234 133.55065795124304
136.48901972315164 13.117286727637877
124.49720297410303 129.43659126997787
97.8266838054596 72.14490929962344
115.6496443516359 19.01320582444849
31.61029027082202 132.2227060736366
113.66693528790925 114.39147784682078
118.33777432325377 123.72437218358276
115.4467896703856 20.953998244358154
25.319229260463068 -14.134442633845378
105.86883374847746 6.551414174153466
60.37976625637965 125.55305422594893
79.20829148213386 112.03246946844797
120.56916336177434 26.062166055565754
94.74564688287239 46.12102578608014
110.37543194769833 121.60771210053576
86.49211118237446 42.25281774814321
113.86938762815106 52.39561717518767
123.31634960358512 119.3055979942484
129.79798762432526 125.66019421449565
90.18706699341843 16.27212835364385
101.61226603734507 -13.172834553425432
124.6136255073188 118.98580167817994
21.98274715997125 10.711211093811729
102.1736714547952 17.773304265729287
121.42992928508725 11.872030721207006
94.89056109786314 114.54700338391784
139.3563131634895 130.61939950424744
140.69383393276502 124.43739833514523
100.9878017040378 119.54554116255447
121.40085855806211 41.57138941616529
117.9274416941869 131.12554893770763
122.53354779864009 4.74502663127317
112.78748366462641 1.6579404685704875
99.06284636698999 4.930896672547528
123.22950721932717 132.10556118526407
15.661898231675913 32.94118373368467
112.5124664004821 118.42337106733076
107.20093463567694 106.16936987092532
116.97902462043612 116.33886798364246
-3.3580823810028595 21.042761347141504
93.25320247030234 70.34195971128594
115.55647359640504 22.213183494773073
106.74720036208836 17.358189713194513
63.93658514040011 78.51382726488458
126.30990605124944 19.797744406347206
101.96859361067207 2.4551915787158425
110.86389823007612 20.973640857020886
88.02128179736239 54.21438451951004
114.46411503112324 125.31393503834234
107.97885114559554 10.193794820540155
111.72150814916152 21.93687299910649
127.40705786158777 50.61647476484651
120.73911738687104 113.42537482345334
104.05112113320936 81.66789492636917
127.2622652529515 121.91330308180538
132.2616398609371 66.3228911420859
133.2308807597873 48.559617786713105
89.94453058908779 20.281753459605046
110.92830715067046 35.708097827742854
79.58910129403696 60.41854754755746
60.46807930481815 139.06620406746165
115.80723661151336 16.566192230268435
103.49332425779566 118.5121958588801
99.96497645969625 9.713736672820257
134.47544199387517 126.29102343574417
72.28999859067135 19.93585024008383
96.40572960565858 12.391198327894791
111.98056657312854 16.497629612635208
119.28040984683906 30.17192137528376
81.55529293083302 107.42720615462952
109.92979386297097 22.995340006993786
140.69546089104017 124.82000275318573
115.42630594212416 6.306596676105171
142.1463398371451 81.01086395224121
106.02814124022105 19.642241444034607
106.69102528079803 23.31497643618973
92.55703732597739 49.07451051985815
90.49693053009389 83.28697345012786
111.67939500118224 23.458335415806733
33.569503413581984 30.066151258554267
102.0750190235061 110.41398696576577
138.41922476673545 28.338474581834983
111.72460265031937 119.70348435171293
108.34565078918783 32.85490145188003
107.74516458253518 0.7823769245174488
83.04409949624564 121.13282930883572
99.29662553471191 69.38595111439336
109.59985000879016 30.442274384435144
79.36392517375708 47.25138014047714
106.37920279914795 15.431876314259762
113.13090573871703 89.61977573254431
107.12994679480965 32.60995242349707
54.54341682840557 17.584784281851285
90.83169307985723 123.38985118853931
111.35106053999633 58.93039418406616
109.64692484529446 14.309247163751184
109.43613469006968 31.69175830530327
103.04631828957729 93.92597845057846
109.57739446584824 118.61428785743895
105.35906591733506 122.40905946912643
46.427391022577524 4.614030692370703
115.52192197598447 20.35635107091864
99.99151654594951 31.63801762666121
93.04219377768158 124.70403888297116
105.20474159581352 5.681027288224435
11.867516216772296 -21.02692477221819
122.60417436059265 8.786995138364503
98.19631715590134 116.39570217932761
106.97173124610241 18.672480520154004
114.16076920807943 53.350857802743946
91.92150482982397 138.16860180575642
65.08537370853504 140.83460020651623
156.6059961641439 32.983849454713095
113.14746381752518 12.582754226312943
23.17803025196127 27.438786585245445
145.86556662465873 119.34624427400699
108.6407912090669 17.346927889613244
134.54125660070403 122.43293042111691
86.1343253352661 119.39115442995042
61.98027645388023 18.92211813063375
109.83020990894023 17.797408167829772
134.6784825240694 120.47728294802907
130.25599790407293 121.81588025298258
110.84045582876621 125.20354655079046
127.55322300912503 23.826070342046332
111.0051589079319 34.59662622423882
101.83751161531507 130.90238919968073
53.498929642169436 29.71231983441517
106.58579364631234 53.68952999275392
99.41714277483402 45.21388094725037
112.24707246362193 124.27164417978996
100.66535387614636 127.87876711658612
105.84020555248891 175.64321510344203
120.91652318756101 24.195638664272987
109.78335340427405 18.63867622917917
93.85160585260176 27.09993739558303
125.67511504194266 26.697790528849715
111.72446333008915 8.242884741216246
153.75622638513335 141.22259218537636
99.39848443483501 107.9812179665375
100.77517487631658 104.61189138944945
108.71878991522642 21.015794772489915
116.14877330984895 17.970843141085485
110.94461747633038 22.334001433719724
70.8039034934749 143.20692748920942
121.16455396045201 30.29751893655536
55.15177023551898 17.64477294681029
83.8905146950547 109.04559200175031
91.65790610317232 97.93027408785129
117.40492914512376 66.12800668018946
127.536043032596 30.084772349196083
102.02758182522639 19.04886172862823
107.25446444193125 19.297974010378315
101.7700808191377 139.17968915831406
73.59584707700805 106.96609762544227
129.1123924738583 14.723811279943725
141.25969561233146 16.026906660864324
122.03874689226596 126.05159103900456
96.80920470652364 16.86960645460873
22.024850996421186 0.6640350172432654
109.78681681775736 144.95872940699883
131.3507148234336 30.82068904754475
98.65248862568703 78.65806888150682
109.52311837849996 121.6226923725766
108.74898480073095 123.03847487284547
102.48076096938465 19.443925371986552
107.54225945485017 20.620075788676637
106.4354903005094 100.28689703537624
111.69917312127016 119.35142674206404
24.877170988264425 -10.015773370529141
99.2885096087703 14.537644050610723
109.48788194259919 21.611479725161843
117.04500393888979 119.72342358068894
102.70487130983905 20.73750653132555
83.31432934864593 21.459659614574147
107.68297031435668 17.128462065945183
113.95962306584178 -2.122678365993263
109.47039282091876 34.06434501777846
110.93921769460177 118.2236694030982
54.9715860260883 141.26047273843386
125.022846168838 123.41405222156882
23.075309689330197 -1.8730831033070747
138.33166087062668 28.625981942860587
91.08577387543681 33.471965846053244
72.11294449978351 107.19718473710036
