127.9475465335015 134.28388983244983
65.82016849023223 166.96855428013208
122.7145383428206 133.05514773983492
43.83177514885154 136.34683699918907
102.09083374241361 20.451964312920747
97.24974654933484 121.63012604302554
111.34714091230057 14.708239112936369
115.87114636584634 81.98422247677803
131.55128769176602 30.5648597014601
96.43258150324198 44.18925362616951
61.13883470005061 30.571443523710798
132.11520690386502 27.522526168580693
107.72508564201378 25.947480815183685
87.61806495821128 119.67331002129532
92.66802109799353 44.93210380136846
93.21549802721024 29.55058947278812
19.948101358622846 -2.4120957349061247
114.0539679334805 130.30117475199083
76.89461667045714 155.43712853875462
118.202603133001 110.44226930899352
111.0125000243369 119.59887489058767
97.36227116968104 9.784034240417817
92.04318659299607 -12.356153387202792
116.1586853063134 116.00060772776247
115.50159834910725 34.20300475928966
86.34659597167399 44.25549551498452
107.65996239817582 93.49692245656951
109.50870288557482 23.475262049705076
50.622305961805395 113.15542041166762
109.7284547360994 11.739375956300135
95.05604643760518 47.05283142843407
111.27508111303332 31.064186329733637
97.81419075651974 130.01849734564328
20.57631788464855 11.09125533759418
132.26254378335554 130.23784175615506
108.97189311824565 119.45767623437898
77.52258170040754 141.75391199402526
117.24971724091874 25.36812784188093
132.73718135352826 120.03527062559456
131.18266616033577 24.213309101481713
76.62840396240426 39.92776158516112
129.27094538283555 132.81870952419072
59.46514389279068 17.801219550969286
108.16591165750847 19.878573960487188
28.043538981010446 17.68125786181221
94.78109229668098 111.94161028023221
111.96783962761258 19.326236773539257
104.84913425803761 19.476980243039733
119.86202723934731 86.95962241791409
86.40200224724603 116.68868849754789
-0.7857961549134804 26.257018127572756
96.556524008492 30.771266199617187
97.46214477138707 111.77131094053077
108.10375247738514 116.71803566032399
133.7775416630511 123.2500153613662
108.76301593533388 110.18614499734863
125.41765862667366 107.37591362139483
112.66994205301029 6.629162559506971
125.66443739664794 9.424896892013443
102.65424139699067 28.076861262345545
92.79553992709926 38.7875332661777
117.03121223979234 63.51631229515127
116.42756860199388 2.0077626290501835
122.0720321674054 63.68835693882216
116.78792944734101 14.688557856132862
95.20362589961775 8.519908588119693
19.207659601243915 12.764848096788104
115.49062412815358 23.951753261247624
105.01065339837182 16.03335111394835
120.55460624146781 120.38646574770289
117.95205116399876 45.40271592862205
91.47874524165096 17.60952668426066
107.33187175520413 19.66487529938329
94.8138849610353 115.11096593648402
103.08504337556072 99.65777233321793
103.53935777091448 118.41156908678398
129.98067405695136 139.565010323385
120.86761866421426 52.50054540001831
123.04394261389308 129.78201440628638
121.65524404334663 46.04257864361319
113.75841487057349 57.69040752649166
89.56951719606147 38.524224178047035
117.637236020002 69.15339675083582
108.84763511815267 120.1911693091115
110.45489652347554 22.021258727677647
102.82603741608145 11.810499121075932
139.62362760417943 99.74357683657718
104.94570311264502 47.8867011836071
47.73765349873395 18.202139049859944
109.36512863136579 4.718065113371754
122.47485420843823 23.835431408794538
105.0252533500555 116.28735881560824
26.907003191503655 14.394099524510466
102.38227127363744 116.1544575613255
92.8901279385219 44.748037943857696
110.27682022271871 66.12900926985598
110.02980463057487 121.21705838509284
128.10333139851087 145.55692784126404
124.96651763857321 10.545410674943184
93.81467035223919 89.41005633234303
119.99671750375565 -0.45525090910457955
36.85716576586789 1.020264265394655
96.31086269728975 20.265870087968228
47.16913434435818 10.247218746828274
102.92327999853315 60.259377334697284
122.33604998043603 27.01337672711648
128.76866658486148 18.56887152479573
72.99777388069977 80.35347923619301
89.2082773624079 33.187495708723446
123.02638619236997 19.05208493928305
109.27761812524156 19.81915700251374
131.16448558116255 27.261682896191136
-8.191757865629524 8.415656920474616
92.32915216064775 21.66997343404646
119.53815846636809 55.8685581446437
143.4907339824722 132.33940344879932
114.25394994197957 18.52653009271781
58.852227765016764 101.75261892317536
108.3955126909404 22.841080658356343
68.6357890208438 15.475882992556457
120.43859594570596 28.808237963792415
106.93184315099681 43.492437009962735
116.17820903906363 119.120800142655
133.49790074806324 120.13146716586554
126.83205797396347 29.162662163125294
131.56116643311992 117.1557569484392
130.4769921831877 20.36838945405559
126.35527303668589 109.08987222662623
110.82610922598504 118.55356216850294
108.39543844920347 17.757729457695945
123.04975579706652 31.195060602873994
117.34340528731406 26.047689371584372
107.67227022805689 118.54633349017863
119.32106609191199 46.64175004435532
133.17421056045657 134.22009780178593
138.12400642727607 12.675427054377938
124.12853817084847 129.35559110768955
97.93194112932748 77.19923112443533
116.87485241262195 18.605382464407306
31.423674024739483 131.99487518678046
114.94252888742078 113.31910077705969
117.45782072209522 123.24213956481996
117.15008288721296 20.702511826132028
25.785778305308078 -14.899981530964892
104.99784817933107 3.190676386198446
60.267517072591424 125.58581369663736
77.61926457011796 111.73297124954411
119.89913647054126 25.794125782269834
94.49343571719726 44.6480798221524
109.93515248058948 120.27664864735306
80.02239636866328 41.58116893427563
116.02787121434862 49.5160552770876
126.09899472210628 119.2896110688874
131.15494704146886 126.07756500407936
91.69490787952513 15.843177186745507
101.30338091779805 -15.66918539241099
126.06819683163265 118.93546845708588
22.350754307251492 10.0247646359589
99.66883402053668 16.509344243330087
122.62804207420398 11.419546763472004
92.15849615721798 113.45903391722993
141.8872971525215 131.305856136378
140.97270347006227 124.41924526758696
97.7354768941185 119.59249740422433
119.9032056148183 37.64848723008644
117.37654995862373 131.1678160472952
123.41348432506123 3.4380178710086398
113.14899636135867 0.6023828232309549
98.83999202489204 1.8517158833212677
125.55366457235498 133.002497805233
12.728225474482748 31.420292561144844
113.61084885798869 117.38288379594304
106.84897269277664 103.99398302537955
118.13128803148145 115.95856527680971
-2.688278688048678 19.465330226335357
92.69999274866548 69.6341972917694
115.18261261785581 21.64036712791187
105.81411349595376 16.22982603292517
67.84685071741877 81.29961166292603
127.02248695205144 19.793757961640427
100.9454886822245 0.4568923173692969
110.14525690981911 19.93911726305826
86.96894918479249 51.51891394029305
114.2666845372341 125.21827753223444
106.65256726519522 8.113794566762756
110.89966278554442 20.544238463130693
127.15252156890939 45.6826595861547
123.4527523543085 112.08771072987756
103.0721476020511 78.26206597422436
129.17166462539353 122.06460260615026
133.82180264420774 61.63740876242648
133.85444945960467 47.409725909041676
89.0493686769934 18.20082886770234
110.99075323877524 35.98187429663794
78.39246297552242 59.39210014736038
61.23093198088472 138.212194104026
117.81510512305567 13.56517625081455
101.37895131258409 117.01372808447834
99.1399774199273 7.636292477621129
135.8318448894065 126.33454863814377
69.66977282958517 18.303666360273652
94.85572489192289 10.385762444113707
113.56821113131734 14.859722686015331
118.68368153736809 29.347213700510892
81.16099878071098 108.0268423500965
109.59912491595522 22.301220007371466
141.8572829672225 125.25525171126556
115.78015083600506 4.192268261776257
144.06592359122672 80.56203511283934
106.53078940341884 18.05166756475455
106.09297070055037 22.51304928957508
91.63202584458497 49.76142733768569
85.68605775297993 80.88884069823136
110.21508428959854 21.894649305360872
35.014255187093504 30.219924688806373
100.80539211688122 108.69485890299661
136.95536234364877 28.48076891693526
109.95636653595024 118.16237232318225
108.39121349291548 32.04709312686659
107.6555620035532 -0.8320515122029675
81.6181264710223 121.25842637239684
98.46758707381483 67.15448460944455
109.64095539956242 28.093548193384983
79.71250429812049 45.312962087376214
104.90945478272427 12.92284789003192
113.37204570668185 86.66863990320917
107.11272160435034 32.007120177791066
59.71075878468882 17.64646693107034
90.14841722087469 122.40004152213072
112.7047035900072 58.86546559910182
108.17685319785808 13.102685972662593
107.96418322392772 29.01033336910498
102.41388403631055 89.12183202454199
107.74694501942321 117.40843570646138
109.0120459943513 121.4402338123666
49.46566734112082 3.854761778301063
114.14307066056288 20.250155360728094
98.32682418892333 30.003803468876207
94.81349195809317 123.63978639883697
104.76540112477225 3.1089809805269057
11.344878227498322 -21.29106992249489
122.54258392170422 7.798403889277146
96.64229374644849 116.02400900038934
108.58477881487963 17.412539442143867
116.38109716081105 50.97342069993079
91.26376935982825 131.60430690322846
67.17911110600193 140.46079001794
155.9669281133791 32.995838981729065
114.34526103451428 10.844693006622691
22.74278226044474 26.479111943005726
145.67691264937542 119.34202919179482
108.52783607031105 12.648077230581386
134.80315466760368 122.48588564825837
83.49774178589708 119.34967959513
62.75021633262657 18.752420987942216
109.57744001101105 16.283581665107217
135.72099515259052 120.54393831605701
126.04384979154074 121.40445608535995
110.55745425351846 123.58681131105276
127.10183282972564 23.72010437859365
110.89087246929539 34.552110531104866
98.3744742745137 129.84636552877586
55.10403536163046 29.00447828334519
106.64634380106881 52.96319909984775
99.10739705942551 47.49056424760766
110.73089257779695 123.07940549739166
99.18086791815031 126.1738594813493
105.1275680728902 177.14971295652398
121.21936489201751 24.321751356398998
109.86646100975149 17.10563627154323
92.73864735052527 27.64407865509672
125.03161199726755 26.231989375693185
112.11233217597133 5.634962339099985
153.5884673691134 141.5549359763606
97.3397287945335 101.24939313904854
98.74206085663062 102.43913115323512
109.28068458513563 19.66279265803349
117.76389363122576 16.908205963407745
110.67925286809387 21.089331473727555
68.70793722525102 142.3170597750604
119.18830203130928 29.34480182691691
61.107147130544014 16.938603098298685
81.3077862831713 108.07534302088487
90.84034832074565 91.48041922933255
117.74428170113796 65.55832344860315
128.44991040652604 30.55918706118804
100.76457462177095 18.926703597034063
108.78072923320133 19.265716068927606
102.96037479077405 139.29911232568244
72.08407819740057 105.97108506588414
131.52780258367795 14.334365147169244
141.87513025526042 15.747681390111614
121.68277463302152 125.88976997610183
96.7144824174174 14.849734397200777
22.249305341706815 -0.501293532334151
109.72250133072468 143.92016057297246
131.30692213251518 30.7218756795529
97.22188060383166 76.44945557971913
106.98973914198824 122.44999477566417
107.31779763347278 122.73053455070716
103.06824907788787 19.23332721167975
105.35791887321777 21.30868611299063
106.13637853634843 98.08017973949288
112.6804925376268 119.26256180074425
25.400915641884993 -12.271059257439333
100.0982254939251 13.490532050230733
107.92890863941894 20.93934386685495
117.81698443118312 119.78995937615093
105.02250991291767 19.823941574915143
85.5109163865384 21.27781874915267
109.46551055668014 16.00525030801247
114.36710635316092 -4.230390261482771
109.5025872212135 33.34654294196805
111.70957678412525 117.69466329879083
56.20288623717457 141.28525638490044
126.92004644815998 123.93862614825018
23.19855846997831 -2.219174590531109
139.50172626403358 28.91435928342612
91.1571959529116 32.358300202550225
71.801221635813 106.53537152685261
