122.2023900642708 126.10453522775082
52.652049112490666 131.99739858334726
119.54211696342743 129.49922994164643
46.03643798735807 132.3605475591747
89.24873133189023 7.907441582953357
90.94004262285785 115.42578006023233
114.5758701846597 0.056830128695201765
118.10571810355968 58.66369369212595
123.92568107336034 30.22703029667417
94.74062349354789 45.76173304601298
85.72832372050115 24.433382013334487
123.55805918360954 25.218796751010704
108.11803244822762 34.13712225622203
82.82344166917706 119.63085917839773
84.38941662534687 32.32213330222858
88.63738825417694 32.28750495678609
20.127074328201886 -13.201414389792987
109.62212228728775 125.51041806458369
93.83472199243843 142.49299860990402
120.99683415777143 109.55019438472961
100.24165631284555 116.8985740093997
92.0296917455961 -7.522787553442497
88.43132716659358 -20.23150700868951
119.17898367542386 90.4103471298894
117.65521874572676 29.33950282204765
55.93815805898434 27.723269558387802
106.91001602856832 85.03517176871368
109.57244526747382 20.680131889278805
56.58747788889376 117.8259986387709
108.84278357701618 3.863676385165783
95.22673715684897 49.116376507186956
110.30921100047944 26.271199913714383
111.87562912298344 117.89226028360129
21.622052161776054 -5.293998432316602
114.20710203631492 122.59780076353779
106.92124934503316 112.42462853400775
80.17515335414043 129.10136695228934
122.7587705098551 28.987950087801305
140.11414063566855 120.33199992715856
131.44520963905387 22.057861349744858
72.01085135734311 31.812291813102238
137.54578496449483 136.09147436049963
75.43401465616114 18.7659178706744
88.96060391785146 19.950118233384472
41.162003247154054 9.146817695470043
90.74003211708828 105.76908047575482
116.38868720044094 10.107096308629767
105.86584882544189 11.090659552260151
119.51610424672442 65.61821823977449
96.24189948058617 117.88681331962395
-0.4589437401225035 19.513062150300197
84.63447171805805 10.52130128751342
90.3646694303761 110.66602870057538
99.73679044013525 103.39175639664451
130.79496657045277 119.64388323250225
107.65695990150479 95.09074664668162
124.166210776931 120.80953233826429
117.05261291030945 -3.0836290951690337
125.24090570105668 9.607869009680002
102.91209353201582 30.365777229149828
87.28443734692748 41.101417162243955
132.0968466006428 58.912353029509426
120.12212474422037 -3.3170908928562937
127.57764469416193 44.769933164103485
123.35786865467688 10.654285296042577
92.6369616965694 -3.193819783798686
17.847855980416593 -1.0141909317325304
112.00533996599034 22.904221389884192
104.58533162783644 10.510561059016407
111.23858761535884 118.92870245405462
114.2913242459004 60.633538800456726
81.7058548902942 12.988621168762638
100.91437935157495 12.389879582572828
88.48400093706698 108.44768016681124
112.26238237662126 64.5922534988078
94.68068309063773 107.19434161621706
135.706832219306 139.18944480498857
124.85125196931884 24.614055625210653
139.06911470092618 135.18526488733627
124.2119663713222 35.271787113441526
112.81271676272668 54.37277314635853
61.95178791194565 33.14012783917253
116.84498387884324 62.86812367180585
90.0412456585201 112.92605998620482
99.53053886669063 5.726760046084353
98.8870594562563 0.7472710872976212
140.21858002229965 106.97435610526581
106.21029119029711 52.00781694405178
59.41988129992555 18.558323424323948
110.92021136949776 -1.9533621681070281
110.59836638576719 18.738501891663763
100.14760045690326 111.09478167333332
34.982955644095654 14.738366042375446
99.6268735300268 111.5064426844706
93.72719623559412 43.40238986156169
120.62110654017457 62.82131751512905
104.96830736774288 115.3526491443937
130.53591996042888 140.81535266294566
123.43295757832172 8.019925647506117
98.84096328990239 59.7635942721479
124.94647138298406 -4.551022922353507
53.994210799529206 -1.7857172108977941
122.69560064342818 19.119858542665835
72.57763014035756 1.565466384433474
100.84735461751232 38.13080082744106
116.45784005791658 25.377068583022698
105.73222550644763 13.884098833880696
57.563543651433285 90.72837390404138
85.97813210084928 31.18254742410704
119.88843550971376 19.22899798518099
108.77143876898741 11.105425200761765
119.00945146495235 24.430128666564663
-3.0025754917610277 -2.2038552542720966
88.24021985671364 22.437130184787414
127.73306188155232 42.63418702797969
132.61099674277125 129.4205983879767
117.18403479220348 17.45154139327576
75.14952599728475 101.895477942847
105.94902819385715 12.207273764341744
75.76112559390057 5.790928592438726
117.05394214347142 27.087871972026193
107.95524486092631 57.501381398607435
125.9334252046149 118.7069047893004
143.3872347804831 120.206930180174
125.95214076317914 30.464123135788228
124.79879982977745 118.31749187586648
125.99416030877775 20.282754271343745
142.37354643780674 101.17807978221832
98.58972997294563 114.3564368797239
103.44248885965169 16.449833182544094
126.62610954799933 52.482777149449596
114.48933823564036 23.957769278045557
103.3159193635875 115.59963698249116
116.03064081180521 46.77748473979211
137.98037707384677 135.5420276697931
139.7569953203733 11.34085588900079
119.12553270858778 126.7006464048834
100.97193054884336 108.05028343569823
122.10176079898145 16.70542015517745
38.43267011816866 128.47208092582397
121.193949621849 108.89430665500451
111.19272923844876 119.65880552593822
125.5087831921176 19.310847474553015
27.281143860306994 -13.03004995750384
100.97449829512385 -12.59089754851301
61.705931893057496 124.95022479327298
74.41305350997794 111.72254681994309
113.93335115946866 23.094633988135357
95.75056472379029 41.202178312779175
107.36641152510107 112.5558267042342
43.325295098580504 47.85820500340261
127.37916440454222 35.467554626156385
137.8533839000486 119.23246279418468
135.2247535197984 127.0825206940224
97.05263957667842 14.202178898839026
101.3804383152722 -24.466182466324195
132.39251195654998 118.79492437194901
24.09520063041931 7.6301795962350365
87.14831172863487 10.049459048663063
127.19076679262939 10.189418329030156
78.46155963835966 108.2405884439555
152.18245147498462 133.6677464209059
138.19737032023093 122.97366289872272
81.3463442093709 119.82716601800935
109.32779252600794 22.643683985956507
112.46358440406891 129.66018959344964
124.93189160344315 -0.9079208731140996
114.68481704504224 -2.1395783307107212
90.41722091293943 -11.186887831499616
135.98194826906004 135.85619487374368
-0.6444560282294616 33.631357160022205
119.36641289662775 111.9888876386492
105.40560234751494 95.25774849152423
122.08826508221165 114.40389190280156
5.866805467315684 10.461671374706746
92.75710226623445 62.53650396815045
111.93053815950478 18.007329982560236
101.18285832913988 10.42662530614909
88.94123689881077 104.81443846837901
128.06287620927003 19.788437675192554
96.78530560777513 -8.915186145399167
106.02212627378786 13.991564588937171
85.27570092319874 37.91539147613303
112.26125781760487 123.56531264069025
99.79882477742235 -1.9273026612609359
106.04400786801916 12.477936694501608
122.97836457718198 23.319667944901312
135.23212026359383 105.73518499305933
98.61967843227444 58.57658786716977
134.93738845790077 122.43769200358939
136.3168502946584 36.66560100953966
132.94664841447138 35.25571864975378
78.73964013095397 6.545932462270967
111.12361159635076 34.46836249045291
78.18565313112542 59.47706191174262
68.68597807339543 130.19492275557204
127.19072658681318 -2.9795677025234615
90.88082120564692 109.15759215614368
95.9637222756864 -1.2533844487051136
136.44111009284822 125.05696179932569
55.72249851125247 9.237483299226218
89.06371400365367 0.4869771382165273
122.31057485377754 6.525075328774879
114.04179684351529 23.351780561076048
85.05894396221787 114.23188008377181
107.7666846073981 17.908879949091485
141.10167941994447 126.65391600164916
117.00372773913004 -3.828580910749285
148.0890722683486 78.6810602260676
109.73262547373801 8.942818406503578
103.02141446220104 17.840566905847595
88.31042809710142 56.593038838632935
54.58991650345192 69.81240125035528
101.74003734824423 12.68191322102964
49.78942233559902 37.42530526617349
95.34393257608158 101.23625786759465
124.16049274701405 28.009365278731597
99.90542591728388 109.79182879138537
108.95015540869531 25.711743813454547
107.55538187339509 -4.960782808250113
77.23522802653997 121.5916830112722
95.67590526127822 57.838489105311645
109.89214133136419 13.008186183589794
87.1999388090143 39.40185982509763
97.61336181661815 -0.05645088666152209
113.91819119232369 73.77415999610821
107.46813470559647 25.9528191259935
88.87583370713486 18.244450103501077
80.3753507497811 116.25054151014945
120.02511818414446 60.69498547385663
100.34807349380242 7.194393596729823
93.49170747324007 12.288469209393128
100.45783668618134 64.41143915715809
97.93522268147603 111.01558560958583
129.43412000356486 115.68909006472276
70.8895800123731 2.38622499255352
105.56607064014622 19.568658798503364
90.53324643219254 26.54424793209613
108.38393513470264 116.85630864278107
103.36694857350454 -8.987074111883004
10.097592232748841 -16.235990022232862
119.15780483590268 4.585125962821688
90.49247330859335 114.53416248793283
117.72808596041283 10.429667950972199
128.22043819088603 40.968995585673106
91.26997728113282 91.92581023148054
78.68681848224212 135.1005869196784
145.23757772675037 30.101500033480253
119.93872149857154 2.465362479594507
19.576614887677856 19.63032857432106
136.04684713956325 119.33180969521293
107.9577173243305 -12.931094580169027
130.51547666058704 122.23364684017015
71.43261607972664 119.14182139918269
68.23072684714234 17.95302830741688
108.16646364701343 8.217809455681214
135.76410986633155 120.70942856097099
99.1960445968456 118.55633626389417
108.83180992105538 113.50891979494156
121.53610760396482 22.412269321476213
110.01934090781502 43.2944347756644
71.4005700829319 122.2575243943307
66.88861362229359 23.85392975389839
107.61729469041069 53.170435983647714
99.64581079297409 66.61665959569191
101.9158366332611 115.7990595762301
93.18748460196318 115.08852327498789
94.09248471923546 173.46944628341984
120.94350689499488 23.976837342450153
110.3041513436682 9.071499476931242
90.43267882943351 28.920324082648158
119.13037776310311 22.518671059153963
113.7436350143369 -6.603797545606295
142.60018920425452 137.54630521163583
88.253624722984 66.03367453746668
89.96803155305209 93.26729991413491
112.46798765484633 12.073966063616393
124.99884004985203 11.498814499367576
109.07154368314559 13.778313322258345
55.306696564392965 132.56244157436586
106.15298071921988 21.751676876450404
94.99682060876285 13.462862655741715
72.61531365685588 105.0409291737726
90.65354013282482 58.04979127336249
117.40868453458167 64.88491012648178
129.20878361299933 30.889159792114715
95.87339373396264 18.42785296398806
117.68352211695385 19.15253196705844
111.00030691774285 137.0110955842086
62.33348814582309 103.54702255094222
141.2967296414561 13.272725478739728
137.49578548880706 15.07218815410356
116.8275129332445 123.39489301790685
97.62654279596205 14.597629677141045
23.040118349675417 -3.3263899673938204
109.41256027082008 135.65263606649873
126.95348714616912 27.56278934105289
91.11768252272498 63.38898021813637
93.27675120411178 126.40939385802199
99.63783942045805 120.33598903406202
107.52739003611714 17.97011081462902
93.90868892112321 24.988120715033226
105.318384317762 90.57032296461271
117.76220307331938 118.80817641564477
26.96123039099987 -18.386769678864187
93.16599174295338 8.638468291746268
99.28529001464135 16.958293712856523
120.45631298068824 120.04076677645277
118.76701002497373 14.560362791039685
102.9457356789209 19.852833905921816
119.48084978421299 10.3069312246831
115.2171307721874 -10.457769245099882
109.74869468664716 36.120050982733474
115.61172151246845 115.13496973738896
66.47972604417447 136.84154885832717
134.43268712970274 126.30519498997693
23.277015588221424 1.071311911372904
139.22991779814896 28.581284397557823
95.63052398797849 23.686180325797643
71.18934968861723 106.17036280383513
