120.79493014332007 124.41480879957258
51.065216627005135 125.26397331492028
118.58791213092728 128.40595189672635
47.04402625104903 131.30433413803684
85.87474986530937 6.037282379757648
90.46438869497983 114.49192319238867
114.93867984538659 -1.726546956745057
118.19739001667253 55.0911035529855
122.12137346024969 29.726688629086034
95.05484491314509 47.19206852745818
89.50832714313034 23.123428924975915
121.40127272102983 24.65388467380403
108.26222485910247 36.75729723343681
83.38520587078703 119.62098010436591
84.1871482773375 31.137452530068142
88.44358572974002 32.30501253639406
20.144552459141963 -13.895166793526425
108.84046055936624 124.46646532303774
96.34139585180873 139.42738671884035
120.9897884694332 109.70260987309139
98.67911880807073 116.50317010556878
91.67068850152346 -9.50588016301677
88.70049978289593 -19.968792378214854
119.28363638124145 87.19531825273799
117.78660939481554 30.274773593844383
50.916358998531344 26.39762675299054
106.91716046981405 85.04981439217946
109.58522541412283 21.321515923685627
58.296363707039774 118.8569071694689
108.70238077023176 3.074386810939412
95.689026801066 50.44030412015455
110.11691095707107 25.080205908516902
114.26579129557733 115.78368824902361
21.726460341889307 -7.343303284807115
110.83462320147521 121.01762250633449
106.65269551515232 111.50135280868476
81.52462649100347 126.67455301552783
123.37066290288308 29.255071248862283
140.1366890127863 120.35072909311427
130.7755186160843 21.582968545879222
72.42313803369369 30.9316282634883
137.8609068357382 135.99946279967267
77.4399904089493 18.959823499838517
86.26931333672069 19.95947550607961
43.1173743262742 7.974046779460398
90.7304686070357 105.17885495703975
116.9858736913167 8.803233159417054
106.2782898218685 12.182207481709545
119.06035425469437 61.97617097966452
98.49753939001548 118.15169326103778
0.6055222564690227 18.22117841390152
82.21747711513204 8.852441869486015
89.88531859576858 110.78267896772292
98.55399010171098 101.62937563468799
129.44366612056515 118.96631047200842
107.53410529003183 93.47195637327445
123.5289724266092 123.13172501427779
117.54245978366728 -4.120703064293963
124.63612600480435 10.098804066842076
103.22337816128899 31.724946450391517
87.05408673112196 42.85404408014439
134.1225833313823 58.76353413571694
120.49724625519632 -3.7380472617499
128.03319752061878 42.24068913597559
124.03804539346372 10.309156221002624
92.85938706384503 -4.37106998079313
17.677063790073205 -2.870549224860852
111.2962440025452 22.532091124447337
104.7046533010973 9.823875670204549
109.51368161519075 118.69186356276037
113.4713961384466 63.42285806324334
78.58610741150551 12.41356048620426
100.03876033498489 11.408396418601827
88.1193191002526 107.54426649834572
113.5547224749813 59.14065571059936
93.73743236087533 105.5496578975216
135.65508712751154 138.625561666251
125.03743638136191 21.13289861661013
141.00885283913044 135.80294228775136
124.16528837610483 34.54184621608099
112.5475052385515 54.821025845576806
57.87594268540861 33.26438949929223
116.37989630787972 63.07847738568796
87.44584118079413 111.88263988390771
97.98857567345993 3.327502661555585
98.52482852900664 -0.5284057628896883
139.18658569693744 108.74521357399459
106.54370580750391 53.30123504156107
62.41444703430768 18.649930424359546
111.15646048232146 -2.4675872004860575
107.6292902929934 17.865502639665817
99.70243900978272 110.50724715081465
35.84197510793473 14.890314018163492
99.47625168143794 110.9054806954296
94.71131564121147 43.95072956732878
122.16662533428857 62.4912933980876
104.23964087415048 114.47838681724977
130.30093784863635 139.3821192462467
122.67952343969209 7.978060238318845
100.04389963302478 55.15316442223503
125.2210246771183 -4.725656908703711
57.36944610700744 -1.4319176292481177
126.86228291131768 18.942715363416557
76.41062397301809 0.8432117844519293
100.7996251917261 35.74355746464279
115.18316675139802 24.86732180651612
100.44207596595582 13.224671358330813
55.276210327068675 93.73201438352223
86.13274944631996 32.48238947518547
119.0793539041497 19.278358667438656
108.7104248290904 9.845624422769397
116.62930465790265 23.74300314379699
-1.4216719415936105 -3.2798696332789983
88.55769720670179 22.46682254991725
128.4059239192126 40.926360206273074
130.05120009064402 128.52974339405307
117.44794429358858 17.33349185561694
78.03139351286923 102.41660404140839
105.6692650466476 10.543408539446816
76.76565302480897 4.645733601817541
116.25263820027523 27.79749469612688
108.18868556608608 61.23263519937127
127.02066450616792 118.65687626513369
143.86123029487172 120.2019036566151
125.36553249398442 30.318160365821413
122.83921869295031 118.56236455312879
124.36034540299566 20.244734140856888
144.44010985321438 100.3927389772485
96.84026906287748 113.853494575407
102.77579749400653 16.33462795463975
126.55559955783262 56.41509700748219
113.85223564165646 23.452955027362037
102.7971452281345 115.22342382049834
115.19278737999664 47.6996496092925
137.7759061279518 135.2054462673797
138.99519981576603 11.45554922106734
117.92367522704768 125.87231443510296
101.79103673273251 113.65230715571997
122.48427154092077 16.505204972651146
41.066906984308034 127.40015917251964
121.91605571026383 108.57453312467047
110.03922726595528 119.01679811078378
126.42484542927345 19.12350820592036
27.264560893553323 -11.65102153337537
100.53157529885377 -14.104984653212783
61.966360112440114 124.72991927432024
75.12259802277097 111.91034730729687
112.73752076257763 22.501250388591252
96.57463375330101 40.90119893625433
106.98519499938098 111.41188825814837
38.009768060427675 50.485477559320636
128.77530018969392 34.35587064335367
139.02166464223478 119.23470966112815
135.13618266305807 126.93096165189863
96.9234936596393 14.057956219359925
101.68560988501918 -24.555567827845216
132.7755583978882 118.79523016693068
24.26352799048169 7.507625895842052
85.55785548655625 9.285014787816705
127.45176537447398 10.31159629929914
76.99774734032513 107.58300830678432
152.41892084785982 133.76442247080197
137.0984972056005 122.54545567469289
79.28768277757298 119.85314828086301
107.46131331346825 21.590039584409617
111.47962426492107 129.08071412866872
124.58352364386434 -0.7761975783921427
114.79881521837514 -2.084216583454095
87.73759640279764 -12.420952101328607
137.009811841009 135.9397773998477
-1.9553339059507915 35.000917930280934
120.12937076841618 111.29270678672036
105.31239520166385 94.2900960321571
122.18730855439422 114.27813574638742
7.729674697368219 9.21440527164896
93.32206468020331 61.40373142688271
111.24243144865987 17.434502847536642
100.64130547580649 9.70149678657641
91.65766834619147 109.65869625108327
127.57677688973959 19.789699107924186
96.56001367738317 -9.617141237479249
105.43764736758025 13.11569227569065
85.50293386639729 36.70214590899253
111.80280955468405 123.15765317534515
98.99926887041408 -2.9989756105760383
105.3279558941374 11.29971379202602
121.85706868601139 20.566707124634974
136.14905992112543 104.96702438651
98.18492035240068 55.59931873659446
134.80476980551532 122.38693483111722
135.72968424602576 33.330484631912675
131.78442551531504 32.58980281882712
76.30072177347098 4.954452030842095
111.07345754418803 33.57378634639272
78.98018578780585 60.557043102170624
70.05361633878307 128.54051264901733
128.07393170074306 -5.284709424227309
89.60556156008535 108.12853063512917
95.77137886894728 -1.9384557515610232
135.5085931031262 124.62206276336678
53.9598404341177 7.919552048396691
88.84339887446949 -0.7533807403731205
123.45461117151878 5.5604402293101325
113.08047499353867 22.20449270049334
86.22419247250183 115.59806857037027
107.50846236125525 17.21215030035023
139.54672109216412 126.64450084398612
117.02097256961964 -4.158322443907589
147.47973077442043 77.76081431848019
110.2362197134481 7.598178629821613
102.67250562881902 17.144137563709734
88.33314440761876 58.28542318573766
49.40930914742448 67.71223961991547
100.5134772783176 11.31778544198574
52.73504635169035 38.77759545264105
94.8505409681137 100.71201073602741
121.47023539440296 27.670096240928334
98.47128684057888 108.66190038875041
109.08472450387255 24.299393945568585
107.6233062737079 -4.9113812153091025
77.4962574430459 121.57264749149284
95.50181654691139 57.223222465276116
109.93183260574988 10.610949175690962
89.43546484900551 40.15197179796024
96.67610507220583 -1.7057151815067957
113.80820822831055 71.87068250527815
107.59170888785178 24.623712233732725
92.5615617753506 18.395823492075724
78.04828516258056 115.28804405945768
121.08477778724256 61.85459444957445
99.30238540814365 6.522776224096268
90.48608447282506 9.602640928446116
100.41333672566994 60.97064599505702
96.65538533938424 110.19475601153088
132.14755725548446 114.87856492839191
74.38102643714339 2.7264468685210606
104.19393303103942 19.458322005190016
89.87330371732361 27.657997708901433
110.81551910278951 115.77377870194378
103.36064828375424 -10.210263588739702
10.23193596572538 -14.353753954995256
118.17425095603829 4.5417656690275745
90.38455835137027 114.461887999938
119.06208554221233 9.421116392562501
129.74384969777105 40.1721111305499
91.92263827260597 85.89425864010448
80.52898493481612 133.7856751021123
142.15430343579558 29.29909869492812
120.55880085420688 1.568979465357601
18.99166218438159 18.39827292527638
133.40410305178037 119.33469835455912
107.89620156824672 -16.555766861938746
128.9792948669428 122.08307528738266
70.42397597575795 119.1190509172976
69.20766752832192 17.867946246162013
107.97574570438395 7.204788024939345
134.8866566503722 120.69000397044569
94.86936880274902 118.07450798149787
108.55408980183583 111.96131171749498
120.26031953285634 22.09079993543072
109.85087867598764 45.374874840557496
66.44604814598216 120.87627320404258
69.40412338043174 22.777743223503983
107.83918178187236 53.911455810115974
100.10856085421794 70.11247808758866
100.61545183740007 114.68164294363767
92.62902485849216 113.28259565249643
91.32120739942225 170.514827571114
120.510874939358 23.73396243343566
110.35900200687223 8.148609648764374
90.85551467548662 28.841937279684977
117.76354904587743 21.78272997790521
113.84191198700985 -7.881672508723527
139.2386849918013 135.90931296090614
87.4849937407889 60.98637079548563
89.3228831656626 92.69605879978317
112.9066368027489 10.97070478261937
125.67840744667485 10.878769609759889
108.8264889738533 12.715298383758473
53.265052841664414 130.17898528922555
103.992181665118 20.367073296970865
99.88967163283897 13.096063657656076
72.26276668775749 104.98922336825976
91.2252875640677 52.769836198186496
117.03368040055567 64.8423918283704
128.69256154472689 30.621185677666595
95.62947739337186 18.395016934761713
119.0226845998812 19.149758858485878
112.34160905395458 136.1306189852702
61.08494219312672 103.73721339232782
141.9213533782096 13.259054650203137
135.56084328807702 15.110316287236767
115.70917270887657 122.78362564222361
98.15196884108516 16.741558217855292
23.086090263218225 -2.8033426339075485
109.38978959947728 133.8593058066276
125.72338941203594 26.665184508183273
90.65236065964562 61.42045325977881
91.45225279532794 126.88413917644806
98.58225686465009 119.88731695685827
108.37306261427345 17.770193901350794
92.4333525211964 25.486821275187094
105.3686900356082 90.52302398075662
118.44728713496852 118.74882584821107
27.001908668883708 -17.947699566202417
90.69607008991392 8.166544037111235
98.15922613860245 16.36951701437999
120.57362771180082 120.05526787220694
120.78178220698527 13.7977743854029
106.21468987876473 19.57743102452375
120.78303089114753 9.584586319682204
115.11501897047096 -10.39592431279554
109.79617369698421 37.28807035209121
116.1134143176416 114.83606574268207
68.46907494937963 135.30401981159142
134.8395117586966 126.42205611460068
23.17069251949899 2.4257166733639854
138.04932399422998 28.188254243663355
97.02460014194853 22.08509984689738
70.71350203268386 106.88747448163288
