119.2825226987741 122.65662181191658
49.59521352693789 118.48497154678986
117.51746405812922 127.21532637798607
48.3891260121284 130.11251237862888
82.11004237195331 4.298699646804485
90.19969824000694 113.61362215088485
115.27335663918986 -3.3339404200271847
118.19088174804767 51.55763097642922
120.17245717705778 29.0626599706482
95.51413441581647 48.83773068980248
92.69457001964695 21.780973259939742
119.03475552969455 24.0177772005274
108.41557659200349 39.90588601081643
84.15726046694694 119.61000375625878
84.21822304031683 30.159329122787856
88.37679413484358 32.11461376580297
20.155850499540048 -14.182711005874642
108.06439256565169 123.33903529565892
98.52526647130155 136.2783654736242
120.88699566967117 109.95932860482836
97.17081539683439 116.13808797492578
91.53505052519202 -11.274461244982687
89.2398006178502 -19.34333484387334
119.30604533598023 84.22840818570435
117.86134439778321 31.15355426362636
46.024265006073605 25.600060299785934
106.94472929179975 85.43941957334448
109.59812791914264 22.539015674317852
60.23940931163662 119.95044106900797
108.57237488896426 2.44626809997024
96.24003319344727 51.969173768367504
109.91706436156457 23.8679519316174
116.60088545569842 113.69638568682022
21.798059199243507 -9.117939341520664
107.45291912383348 119.43188859422489
106.40705326973081 110.66595396013176
83.19510264554448 124.2034083572092
123.86765500853753 29.431816039438484
140.00381843261127 120.36111051875027
129.7941070310543 21.095477714953923
73.31045896582224 30.58999636338242
137.92108317944636 135.76975889797657
79.31768193129643 19.155786717240087
83.76056952095092 19.967625594958516
44.89448839364612 6.919443993033538
90.82903904145434 104.73213970413529
117.51853500077858 7.598094420523559
106.73470803120583 13.621871001946747
118.50531277591567 58.13872559365989
100.90960423409632 118.4243467810956
1.7454499932839713 16.923294659549565
79.8467290207867 7.578901187760228
89.72825407659356 110.98113182332425
97.4641043407863 99.98456123316201
127.7833950137664 118.28544770170723
107.42207940462252 92.13231409997462
122.62534252001674 125.4019178734064
117.93023460534279 -4.905589751987176
123.79968067326574 10.659066207708612
103.60395497483007 33.67122329096229
87.05516758401079 45.15734301254867
136.01132125928777 58.52540797833331
120.72986414403178 -4.086028394679254
128.31629383264269 40.27933112534577
124.53172542854358 10.0706121964799
93.37726988001916 -5.138379524365845
17.524948374761617 -4.436580017368371
110.56705941364635 22.123451436655127
104.8806314479669 9.273344279755056
107.78785204278843 118.45572691425072
112.62252359986563 66.45696133085791
75.62466691799905 11.919041840761906
99.23631245335373 10.490985425355973
87.95548772866748 106.69164448468986
114.77436648300926 53.89830842396616
92.84033520448953 104.12930228141212
135.23233696343868 137.8640319914172
125.12261578262522 17.835080585861494
142.56327856605014 136.34017652605468
123.93982122489808 34.27549715301323
112.2402149172011 55.34951283679426
53.98305116962707 33.71214608418286
115.84036052616614 63.234109303952934
85.04753368254629 110.92505660711288
96.60966316493257 1.0639644559649555
98.26293846344615 -1.4866285564971873
137.71625139112334 110.65542846972345
106.89325292912058 54.91305913880381
65.42915660048779 18.744135329115444
111.38577906064344 -2.7311530705774065
104.68419148867771 17.00494422168369
99.3978083599756 109.93237624754279
36.44477817808172 15.065000037448122
99.32687410311397 110.45815009016073
95.8910368048718 45.09877513027629
123.60845192581162 62.07795234138302
103.58297602717663 113.66303583764966
129.85462882257752 137.7889882199774
121.74884060612324 8.066283706012653
101.34451119476658 50.85226469983317
125.3786221817945 -4.670816721006917
60.65827324735132 -0.8456434094040417
130.83191896470217 18.775708616317488
80.22252348807596 0.3552870134589384
100.8243303011066 33.710873784116046
113.85107128612833 24.31156934119293
95.21549749628298 12.612272140022199
53.415926834933465 96.91119671619236
86.46090352859916 34.14379161267671
118.17663310341787 19.334154289055924
108.65678198683094 8.631444148937605
114.1767023799284 23.00131834865486
0.2857255332958486 -4.105101318486193
89.05867432045534 22.48984615962952
129.00359520363324 39.31134677912584
127.34469715366484 127.5399607377702
117.62106281910765 17.24059423187464
80.97705426548 103.11398413201913
105.39450022562505 8.950517114518902
77.47354675897212 3.5141898532659255
115.34672039850258 28.792318282721524
108.43812629986054 65.2421970590914
127.88489118504086 118.61704825566662
144.16449900626816 120.18778989149158
124.56752898278361 29.98251194376281
120.64912400793456 118.81693858594085
122.66904948064204 20.19464633842714
146.21926985429 99.73164585659613
95.22452778464385 113.40015356797389
102.19011848115326 16.25697950707352
126.36084422890603 60.65822531471718
113.18396742750362 22.928623435811687
102.30530687572097 114.89751000279541
114.25393996369498 48.91089397562459
137.26679498731693 134.70620721103094
137.88488710145572 11.685338840127306
116.67008912116277 124.99643175879372
102.66692505109292 119.32950084127182
122.80946288010387 16.351870810056468
43.927909648234646 126.18813607951525
122.44056725247044 108.34884150994674
108.88279641219181 118.37833228631683
127.15238414305334 18.9611591075183
27.145636436548106 -10.11727932194402
100.1066026780898 -15.084284103269129
62.358517332665336 124.480794997547
76.10355706514518 112.14324691429931
111.53329307541362 21.876052825841256
97.50854181369351 40.968376197318484
106.62110970326947 110.3749507408314
33.07784137869321 53.49775526217642
129.95959844704794 33.96079935241462
139.9270654316523 119.23872216453917
134.70770147236595 126.63920792398615
96.11912964339993 13.922826537542349
102.08345416278411 -24.471761436352416
132.82002634663067 118.80382749852187
24.362560433332934 7.423486982563983
83.99388518359069 8.69926681469786
127.41724283795307 10.551520983281822
75.7730717134965 107.06854122650357
152.23284697173253 133.81432750791933
135.53560993317723 122.06607835553726
77.77851669915125 119.87355178712738
105.6328411186878 21.439885666259492
110.48326458301031 128.40929078617546
124.09777932866187 -0.3594253566002185
114.83965042362328 -1.7555539340134145
85.06624685881754 -13.398611499365392
137.79844722377348 135.8546620113913
-2.787094898308023 36.82603292084839
120.82555019804809 110.68593641312785
105.26002445713817 93.45968325740816
122.08786007197068 114.21755225119975
9.725811182481431 8.0457142350403
94.10084301840915 60.18884964367872
110.53453609463112 16.895768776385506
100.22605038324605 9.071642775283948
94.1570927566494 114.63190711600377
126.94085707469455 19.79203085984727
96.46783898268363 -9.83983669906585
104.87661656999609 12.292362739077435
85.9802929044287 36.123521619125945
111.31936834049927 122.74226035049905
98.34650554918522 -3.7032937242888444
104.6885823025069 10.130859132184918
120.6298083575165 17.816306513583424
136.88082796678168 104.3380045666771
97.8655689720361 53.249515123593916
134.5005434127968 122.31977147580474
134.88951289053182 30.47480727732038
130.35628748800323 29.79164705888947
73.87941054933886 3.4142236472241305
111.0143830388861 32.5609617440459
80.15016395436858 61.84020722641176
71.41930864721466 126.84849298433245
128.71979419411562 -7.503031690083863
88.62244916337639 107.12135207389296
95.64542557409828 -2.350091802112185
134.31643788332232 124.14010944363304
52.24213321819676 6.736607453775714
88.95454031531341 -1.8142111169974848
124.55915812858264 4.745506012871786
112.09526852821064 21.03972365927497
87.6872828317381 117.00006279885869
107.28578975194446 16.55702455596257
137.7110547875317 126.59249932791371
116.96883931564957 -4.11505536521065
146.32436714039818 76.79953348084061
110.70083211025478 6.289934406758793
102.3901128001192 16.500382252384664
88.44132753416073 59.66148529854164
44.12644581976779 65.69111550782662
99.34040374578078 10.114135499864867
55.50375824248487 39.91377736958982
94.4647125334225 100.33626137582391
118.65148639776477 27.240121524495947
97.20321936033855 107.65105050590037
109.22188444630525 22.832523909288355
107.7068334349773 -4.5380682606477505
78.13774365687301 121.53966836861282
95.4179800624034 56.731747704412655
109.96907992621226 8.331635386878526
91.75525523337409 41.4643807584672
95.98813425891844 -3.2259157777596785
113.65831839774081 69.82448204301144
107.72038185978752 23.265933304406726
95.70890582454928 18.552680203391855
75.59832606813782 114.3482138559241
121.98739752963391 63.04025502518423
98.28898876449486 5.872874763384775
87.1513392440283 7.013171128239138
100.45316322670446 57.443428114734324
95.48922920017485 109.46568976456953
134.5135858010066 114.13049728987617
78.01191829121468 3.1847547871424586
102.87637125611944 19.350372006638047
89.45021762332681 29.306038934065434
113.23074904382874 114.73474553602762
103.4368831722958 -10.892746377165375
10.42507491701748 -12.056847384693862
117.02857922739535 4.6629626025114534
90.42755456715044 114.44481847007057
120.306397907919 8.545082410364385
131.02139795952343 39.4949741225008
92.78988098337332 80.2278302197805
82.13095560164366 132.3837905465605
138.75826813018764 28.340220486005723
121.01540080559076 0.8280739169550008
18.40721054066633 17.165332232618297
130.37826961541495 119.33881430494793
107.85796018953421 -19.706700723375832
127.28215130686752 121.89372086625734
69.56532098752783 119.10164496952275
70.17626999713498 17.794185749749484
107.80230151824813 6.2562884908535255
133.92055716942036 120.64629633438621
90.78677951294313 117.60412357839803
108.2903427878682 110.55398534637669
118.91835868854795 21.742438134625427
109.68184668936235 47.72382004530866
61.51855036493341 119.49500007181216
72.07707817704998 21.656463591248468
108.07858328454687 54.55205744835578
100.73221699728822 73.98035146162688
99.40661973046714 113.63324261666001
92.23269250629191 111.55798518826444
88.56401654019398 167.08657160713042
120.02518742550168 23.460009073670403
110.4089710125203 7.247282784687595
91.46256489700436 28.715975851173067
116.31227670103054 21.024908474220467
113.8870121852625 -8.761875019045755
135.56688759827784 134.20151755527064
86.8662693980882 55.79240600193658
88.84584175382511 92.33815762347277
113.30230104029629 9.945099307672196
126.092274401897 10.286870255985418
108.59254330943492 11.723859547338717
51.07198258970409 127.71908174443685
101.88997005708103 18.97754610927075
104.57310205808787 12.808137119908373
72.23162930942469 105.1140224649392
92.0607440279463 47.83464693130492
116.53529028671787 64.91691255966774
127.81044949122915 30.18389156768872
95.56307523910006 18.381794392667032
120.30709958680204 19.15375908915595
113.6636493119411 134.9541136699128
59.880474218516106 104.04053160948307
141.9917158214656 13.31716829904336
133.29329364974612 15.175403976754009
114.50050264020284 122.13688430239375
98.79430530555665 19.22851240342526
23.103978052050163 -2.0768288981956693
109.37132296953516 131.85667223493988
124.28583709113022 25.741278015494164
90.38679921521626 59.826576073544416
89.66783794839321 127.30237955375722
97.63124792642638 119.43525034389218
109.22317886431021 17.584868966120705
91.12720648863049 25.926911855161666
105.45615164963677 90.69434054419811
119.03093630107102 118.698299227102
27.014645592489483 -17.27567268346709
88.28100506878583 7.7856743762316665
97.16428212343708 15.844594840062054
120.5726491816859 120.05991654203295
122.76630673282396 13.11809899499918
109.50322607872884 19.301209548710744
121.88342996138147 8.929193919562366
114.93604649170126 -9.904974564707505
109.84463335683006 39.16453178092177
116.51735433309594 114.56227006286151
70.55433108522044 133.63926897851556
135.1079869842923 126.46027240401496
23.02018518902863 3.8959436550622675
136.68774479555148 27.637046454699725
98.5134187247658 20.471220807945784
70.1910523978585 107.7472729176568
