114.01346484356651 117.34175965184163
45.6752024158357 98.41415100778023
114.02088356305228 123.03165388048934
53.2006189578522 126.19579592873247
70.12618888092243 0.341057466767271
90.50833701503139 111.43419429249766
115.84772299664714 -6.207869583206254
117.64797941855367 42.22345656542168
113.90896655259273 26.562643670930107
97.7791748986765 54.280882985623606
100.09321041898014 17.68032703186724
111.49518174959692 21.91214602783883
108.95035665415422 51.735414598568816
87.93784636935747 119.5751019924542
85.7085204647385 30.504598635764292
89.27136359353618 30.606045621335088
20.151229481459097 -12.51236313918404
105.88429136706318 119.80664510080108
103.21222352978735 126.2191300310218
119.9104097140164 111.21708680061053
93.76696465713717 115.26049988871502
91.69630849848035 -15.135465970539348
92.20535266300317 -14.694249729010624
118.79985478188489 78.03089048089566
117.37910892012842 35.463324066076524
32.30600184202907 26.30243471517917
107.20424118240956 88.4936415401603
109.6379699568596 29.150737086721538
66.15051737242892 123.30496914794843
108.22854172472458 1.7468348409522583
98.55579961658522 57.64952492812995
109.300989674496 20.05114483379883
123.01273787201747 107.83373773599757
21.955452998524134 -13.680653045695887
97.67553852053263 114.7842639832186
105.83118950773643 108.59837239151257
90.04419413667296 116.67806050611749
124.41600448291388 29.59608954710492
137.7891991974076 120.33916862275487
125.63087399714902 19.524043070619705
77.13541793483951 29.9833108978181
135.9188268853854 133.91918960874273
82.86542954771873 19.7475943217205
77.68731735130854 19.986630202230856
50.92411690428232 4.890520445402105
92.35121319006684 103.95939073198709
118.67478863615119 4.568925898016078
108.3765408649158 19.309788818813516
116.23920059365581 45.98617134432327
108.59136242533151 119.25854796180846
6.097488884860434 13.107411940283221
71.57764175406366 9.755356450819788
90.40322451094896 112.06289959382671
95.04435322465596 96.04016463663476
122.20021131136511 116.29934334105818
107.19393544662941 89.07818757369857
118.94234603661481 131.95964032841255
118.81702131685435 -5.584686480520493
120.11110964499561 12.609226762061931
104.94265667853604 42.44679709289936
88.4494442295167 53.938110184856214
140.96158573149702 57.58040118323726
120.82365386385924 -4.141502203320832
128.42446143392593 35.795409521027
125.56187510409184 9.917612865641198
95.72411378110309 -5.99427204955214
17.25549451996731 -8.430736686201133
108.34513179471172 20.698135906056873
105.57628152760205 8.437354563128292
102.80653348484583 117.81935147837831
109.89760746780163 75.07277733812128
65.53673814049952 10.8982370976399
97.62267591779397 8.20968240796416
88.95123046448411 104.97956479618068
117.48228904463328 39.41198578080098
90.9493114441465 100.81083589495769
133.10121546265015 134.53833042944345
124.8764838868321 11.468201168877174
146.03116170781954 136.94387172329297
122.45257019284968 36.62274987712768
111.22623706172874 58.0794060667866
44.15408390175311 35.65469048667506
113.7194412181777 62.94875786943498
79.35526259599138 108.20169741042928
93.59151374217002 -5.113062502052626
98.5497200603596 -3.554668516449021
131.65116987733495 116.93385323212722
108.0705040303201 60.361347624187516
73.58810574698192 19.03523311925638
111.94352698051233 -2.519493374028806
96.34020130984152 14.630208653459517
99.02120346463555 108.87005259103326
38.85993287048609 15.744099270321623
99.3949565440683 109.85153623732492
100.17811565613403 50.80988697452397
127.39299970099776 60.37590127993286
102.05405969970211 111.64563396325433
126.90564485917496 131.96621911427147
118.3584027437501 8.931211200668859
105.65727814589557 40.07384359278601
124.66115693114892 -3.6430148702603002
70.7749125757671 2.314204026788307
141.39131944135917 18.337913619825578
90.41067113354595 0.5081678671397518
101.51824535814762 30.525544609841575
109.59262117180347 22.456336280665077
80.67370999856317 11.05346484605716
48.60452721713034 107.89012228095139
89.28541468564532 41.28621332565504
115.15775687309466 19.52202161030068
108.54860373212887 5.759999745347681
106.61177593916781 20.61372472802918
7.011428291377543 -5.306269565215269
92.08628054098362 22.41942260724994
129.77864896051767 35.374390962365894
117.62431751153522 124.11345566946808
117.6774135661882 17.144891493821504
89.95420188356054 106.64812971109356
104.78793034806847 5.011032184115093
79.24248344458822 0.8951126452332495
112.24970833399314 33.579508247116095
109.25653939489001 77.93624521274741
128.9844936280432 118.55940318818935
142.82033495116008 120.10821514082473
121.26655057593833 28.37577870722009
113.66573668499713 119.6100839395504
116.91127451163983 20.000285922645126
148.66580035923388 98.6800400454136
91.35351465372351 112.29101125005543
101.10701644573336 16.201700078296977
124.80660928684095 73.55409930349815
110.99845583000253 21.206490161071113
101.09169520942335 114.26598463883913
111.2068194378019 53.79282001318243
134.48158532538378 132.39243943894414
132.17452461060316 12.874160520214472
112.56269389281249 121.98975181661719
105.8442194579634 136.21935862963434
123.11418390918261 16.129265803457084
53.0751636407786 121.94347872962058
123.1333056197268 108.2400855133864
105.48780239412301 116.55659546083358
128.18392388142644 18.561012466068224
26.321940193411944 -4.070125876732863
99.28329913194733 -16.279868240044163
64.88101401751207 123.64421476668079
81.0678482435837 113.14568638138284
107.8812613217029 19.913643401406997
101.05204724653872 43.62476337553386
105.70249077981696 108.11450808414364
20.219667208524648 67.06052965990125
131.9161568219476 35.953759522692906
140.80871192621706 119.27038644376351
132.03045478826405 125.47487027566468
91.80966709415016 13.868275541295025
103.58127390723102 -21.922657261587947
131.46414135635345 118.87568885228139
24.357226825015655 7.810396004861178
80.66512766057704 7.460501245954973
125.95080655684683 11.720490662313175
74.2612607155567 106.18245161441986
150.15383028762207 133.0174980531281
129.33124080896997 120.48945708784635
75.44490428093053 119.90636422687831
100.43726583211219 23.899551929412734
107.48893535340297 125.8564929427769
122.01145705894615 2.252691353198085
114.50334065556818 0.6162737236325925
74.70744962790288 -13.840661717448265
138.6434213023663 134.46514228349764
-3.4737674993547953 44.21324948270112
122.10812553041258 109.64085614599904
105.41682041651806 92.43908352527984
121.21893184665473 114.29898564373636
16.1176985776969 5.15999142551862
97.2472889360162 56.18161150057561
108.3699323464494 15.412972267848314
99.53993490408862 7.730427284576049
99.36323271089456 129.69924013354895
123.8902691019694 19.803666996659295
97.05356656733377 -8.563583470464385
103.37184682762624 10.470022723684593
89.0857191238912 35.42377254662461
109.80173436820266 121.37669731271384
97.12867647663495 -3.722005650956735
103.12023445004105 7.132836876242986
116.419470086159 11.001973845828035
137.91861466993447 103.35719874025244
97.3563544619222 46.04359874381749
131.88934660858735 122.01057490069716
130.5523401323898 23.950432583630942
124.48207615192884 21.01618834914895
66.36186337592223 -0.06792456518587808
110.79849706142419 28.999098241311565
85.75008293058362 67.40358907552715
75.88851316714519 121.49566868529686
129.66625536971733 -12.5036428983088
86.41413658458883 105.0066393072716
96.22734288281481 -1.9323615086045414
128.8331479088705 122.4856673194933
47.97553951867735 3.9823840424722734
90.21099252655121 -3.7048395332000608
127.16180087813596 2.898287003733058
109.03821840474123 17.469158468508827
93.36769504262058 121.30560343774512
106.81501052963598 14.910323619768459
130.94706119258913 126.00988985986106
116.68381511874733 -1.9191624959457518
140.9806879258066 73.34575597661056
111.93752107313958 2.9617813932639905
101.77977839120486 14.78706623113548
89.84947957957755 63.75470783377703
30.394815488884046 63.755341552670664
96.40814750611281 7.130101729579323
63.82145135113529 41.59702240545484
94.05387264457953 100.54618837999345
109.74210263914657 25.638363753202974
94.04763814064879 105.87728344725308
109.64692709275857 18.19283833064055
108.10312404847639 -1.747868864575633
81.85856313568772 121.29380418301587
95.82914257204608 55.16967680148884
110.06554242310328 2.4047987649627167
99.69381010142814 48.05101857710051
94.42225836121864 -6.194418570321883
113.02182972508012 63.907347093327715
108.22278408752479 18.966739971028474
103.53056449652247 19.067240596516523
67.44744318633877 111.9218495765243
123.68191697579996 67.73119824649741
96.38870246006006 4.617818386526095
75.23092273381063 -0.17835173148735306
101.14674650398113 45.8875083987782
93.35857464329817 107.68357692758694
140.02748466531227 112.30681776707776
87.59652215533545 5.779276401406624
99.35701169157174 19.054516693645322
89.4323584167341 35.721136717053845
120.15422054221285 112.09033883746999
104.00505999907534 -11.532673944149524
11.424372359706533 -3.0735843914453578
113.18103961157402 6.325138371797012
91.81438638824358 114.69863717198874
123.22835792150818 6.52673645137509
133.2403031049347 39.50942304639965
96.63670762246142 63.37213813800204
85.95515151965917 127.87318627646846
127.13363541766036 25.01955778765588
121.90827189108298 -0.09338061434763575
16.72153119870003 13.59933948701485
120.62283284760841 119.35744805037008
107.86000718601461 -27.08595697161125
121.06914643515668 121.18171655328558
69.78482123146871 119.0806535826556
72.6504384717336 17.708357961020774
107.42158323799451 4.383587107640545
129.9808234821506 120.42570866738956
79.86522799017334 116.36433048476667
107.61418319894554 107.11636537075177
114.30726183154003 20.573689373819356
109.17308334050962 55.38936594167383
46.856135451011966 115.4229582824746
78.63722673303026 18.16603926725382
108.86600833812945 56.7532483759615
103.12822268330983 86.39803345048713
96.41689478482935 110.81425776129451
92.30603619021132 107.21284081025769
79.79207841989916 154.25107099933294
117.85050224650792 22.43060699996803
110.52870023966047 5.328227479406829
94.471004606104 27.591138187179194
111.62201544856296 18.70064754987396
113.81960599333604 -9.732205628156557
123.53527420231126 128.0948069022024
86.59593757318133 41.03765968635586
88.66423493601272 93.22639686034861
114.29598798409894 7.293184858283251
126.2295431983037 9.104779527164084
107.9682855664925 9.240993884845054
45.73778295208664 119.86840316196866
96.21259619619602 14.911948149315748
117.7889978993076 12.314174657087577
74.55825126294452 106.12064625269483
95.49144293180875 35.975517303214794
114.54500346701438 65.49302447519153
124.00889778172403 28.306720308940537
96.42386962405037 18.413457502319787
123.29144031449731 19.1846172361656
117.24435006401079 130.65061837525724
57.04129179821299 106.16039902596246
139.7634370045167 13.957531006838966
125.392300372405 15.724153100061585
110.68379490967138 120.12543728713715
101.15308755955435 30.32971406148817
22.966417892875214 1.1184162393490025
109.3683152485475 125.3669440317719
119.08811721841475 22.59585474193849
90.8667853223491 55.32241809416015
85.4739435630776 127.82597773254794
95.37494231291704 118.10770315577547
111.73759660386453 17.110430996076058
88.9007150591683 26.794471429756626
105.81901499102273 93.64637017313642
119.9805729338637 118.58095513924187
26.415065758012823 -14.193867525390683
77.76655950327493 7.425514853679266
94.51898692439029 14.530582202578604
119.81629027898997 120.01619781067969
127.75240762168926 11.542008580543392
119.27492358771246 18.494670120148
124.67840399504051 7.595632423838075
114.10280467011472 -6.119033033136826
109.98238753160143 46.88644227218609
117.16940649762518 113.90351983664962
76.89748153888989 127.89921776998291
133.96296292186014 126.21282452500193
22.416770648589328 8.727378084169416
130.74414403491573 25.536785055624726
103.69830843103054 15.592466435462864
69.15168765585237 111.27661598720755
