106.69666651211563 110.84327361833006
43.15866429786996 74.29429073605077
108.80041002311643 116.96420151750134
60.29130679628133 120.52543609048969
54.16972224592906 -1.8801184240232898
94.12097761015713 109.78587803426909
115.71324397119466 -6.174244321249836
115.77627192126778 32.05059557488819
105.03802994939636 22.021254763187343
102.4522274250394 63.89234617753358
104.00709443177304 12.533995495198997
101.16479555212084 18.820474890696506
109.75862249321973 70.14431177669398
94.92428539414603 119.5229866161645
91.3556062663037 37.628172721620594
93.02057898343237 27.04333264380369
20.03122280643846 -6.35034522824421
103.56961819101379 115.19363967750024
105.07549294786531 112.55112909164168
117.66058139011308 113.65927695217256
91.28125551435419 114.69247953611595
94.31098393442693 -15.488239700404955
98.54574824278824 -3.8715679068646165
116.63172425296746 73.002102264232
115.73382760359355 45.19492377437153
15.160963023609863 35.04073576031416
107.86029920173205 97.76676884457993
109.68594520748219 44.06925661963828
75.56646440531341 127.50904836195927
107.9325651195249 3.1890473027706796
102.93138943002499 65.28136364592237
108.52182766921776 15.025461447063856
129.87962934286963 102.00793215345598
21.82473475339715 -16.134098540227292
86.8882136810895 109.16239296957365
105.55238801220138 107.63597818688577
100.80144777316319 107.1109457230708
122.27628204841758 28.063096579241204
130.0516847654177 120.14143726506357
118.11898937612696 17.472715716672983
86.43345733080464 33.65045158612388
128.99985651560806 129.13187692841052
84.24783347487742 20.47239606632168
73.64164757622254 19.996366515169388
61.023705474148485 4.428667164653843
96.66405937658928 105.87383787842273
118.87073506487799 1.9044955569179929
110.6183540863845 26.761448937076008
112.31990563726642 30.462765677336673
118.81923760088274 120.3774757201374
13.403752332859222 8.738582031457103
62.674158157837155 24.157371536718347
94.07825265651506 114.60015311170794
92.99086863361784 93.78902070772789
112.78221058172545 113.97838227691163
107.19303068311399 88.77426364539562
112.99237441468406 139.01423168325385
118.89651250108915 -2.55571045875816
113.26469446076193 16.12582268225657
107.33607932939229 58.85768796104875
93.21436060143583 67.06463303577512
145.07904740755757 56.590225242451176
119.57995263649596 -1.3194283495228303
126.61459635622337 31.924710686671826
125.06345476872454 10.974488679339961
100.99169058947105 -2.1354541970253784
17.28338078769896 -10.994534337046735
105.6078573021643 18.60028422401591
107.04821151993004 9.214279495193857
97.35321509764134 117.29268433057791
106.26097966369038 88.3525054653998
51.9029134713355 11.150845454560068
97.5172101124447 6.666578278648679
93.07049709049649 104.98788763184587
118.78029374272582 24.97825395002148
90.82643712643568 99.2396560469159
126.97892181286709 128.29637439028366
123.02599781900484 11.823213074534463
144.38853084582777 135.6063057767912
118.84239870757602 44.103662363311464
109.74822955678059 61.04877512497515
36.201610917783064 42.92173942461317
110.28246765162905 64.0814122183218
75.6526574800196 106.00429435638586
92.1603496843639 -10.621785009207802
100.3933845083964 -2.6730037882890376
120.49619951420566 125.70617716277562
109.85619535327886 67.26193094079204
84.34279400889609 19.428175762987813
112.41213287846719 0.2302514465398653
88.10836484664891 12.273521438184694
99.97511577896125 108.87855801003263
44.79184383954781 17.124136867216766
100.66819555811787 110.49577878592436
106.90968726015163 60.128571299778116
130.38243248195752 58.230813445472194
100.83850434364639 110.08394218495528
119.80267135601382 122.60733117765693
112.75860033431849 11.566961778531706
111.70602398759965 30.569413419035236
121.39658375954178 0.3646393596533787
84.71988517817825 9.047470323938427
151.38601456495 18.029428822008008
99.72527450554863 3.3337882657491607
103.3197187602066 31.784236505798884
103.8994220575163 19.710864002113365
65.9813656771757 9.87896229156695
44.559264822413425 124.23342394070355
96.3879817142305 55.37760278987932
110.52076184630442 19.801904889907956
108.54496452802198 3.9519223707535733
97.04556399632634 17.34448244529315
17.627429561652416 -4.865397042901849
97.85359551309328 22.000163705655538
128.38406765947352 36.95443695432259
103.67913558557922 118.98558471424325
116.8146648697321 17.382204312484557
100.6393141310378 113.62203388618651
104.70618354190822 1.6144311851479585
81.37709920096114 -0.35671781605063085
107.79921995766777 42.94744879777504
110.36413714364868 94.58307770789486
127.8240637331619 118.62227198394685
136.62820009463476 119.94957776252758
115.23029945501325 24.966430859165037
104.17285255554074 120.6348630249921
108.32005285427864 19.637206324079262
147.429965848422 100.46155570906406
87.86559585800846 111.94732525920789
100.6291874065005 16.594800484312813
121.214750086452 89.31630901454191
107.89418850662355 18.705599200626096
100.70657917310149 114.0408852236854
106.85292594450594 62.64691721032808
127.76095184003245 127.77772339449264
122.01185334977318 15.158009137221779
106.75773684644705 117.64530079796214
110.5380591457636 156.6127514720307
121.57837569665989 16.201771210916128
68.96475126491266 115.68206583092528
121.68017664996925 109.99895127850267
101.46473388166713 114.52353780161036
127.23382519355341 18.238424000518876
24.449735709233053 7.573842801385321
99.71149440825037 -12.18233067681454
69.25522015079196 122.33913868581631
91.3522244888523 115.36258555499067
103.20340862185334 17.306896194791076
106.96470944838399 50.740729968530566
105.07503014837893 106.67375126217377
4.867792179261523 88.44342617500234
130.80484614385574 41.492372898716894
138.19296636599788 119.3409351314977
125.70764779245228 123.40956600481822
81.79280205164844 14.694261215782971
106.47587565089897 -12.321143041053931
126.15857034331805 119.0540754274803
24.53417756484738 10.180552984943768
79.80965246594805 7.3631190538095925
121.94159592072857 14.222100009785636
76.7620817960635 106.64388697640311
142.18280424095985 130.1400949564945
118.3087489369039 118.27388051629154
76.84963967781253 119.88615039319839
95.03190318075588 35.286081381093695
103.8584074353989 121.69748011415302
117.56426181393412 7.256590616251014
113.19456487455551 6.975752611023811
57.363723342998 -10.088694831439565
136.0911546266118 130.13253895359938
-0.5849565367868534 56.65541413845472
122.01800095900131 109.55755595556623
106.38358483586673 95.13663244417053
118.53375321851821 115.17845707788301
24.86046685587089 2.8842703878462954
103.15975562281223 53.62945287794871
105.62669340750683 14.261523836436897
100.17840642553386 7.65684522449218
101.92371382483468 148.29808219693007
117.4710867449737 19.82918546006753
100.0536266386583 -1.845692390461977
102.08310826431088 9.51470100059466
95.88647876200326 38.03667904831158
107.75859338780603 119.38086104985959
97.48158339053627 0.029847041661567264
101.83495871516945 4.844904298003266
110.0184681013053 9.65025724669813
135.0301565597583 104.4185622110037
97.99437631306395 40.35344437235323
125.8016386872719 121.19523129269425
121.08362544979539 21.134613331575153
114.14350079454555 9.096420549350226
57.56211367064298 -1.8300987933084742
110.33344119562497 23.377700672080213
95.87393186815203 75.9200270902944
79.1625281243349 114.66091989033754
127.97490061077433 -14.526971901605217
85.94266747405833 104.00999010164414
98.64463588823632 2.108583497119964
119.12009494326686 119.85871827227517
41.99401018050336 1.9134036518842532
94.19075740619131 -2.851938164223839
128.82770418427802 1.5857899047217174
105.12519355294849 13.029001881263728
102.83453587848798 126.74676839398262
106.52047603524936 13.543861499411618
119.54633523335771 124.23838731317313
115.74996235695488 3.8745250722411972
128.77252684143411 68.61083674843329
113.041955484559 0.2606551492387177
101.76156849426006 13.031643545876541
93.66509532527321 69.15106958129819
15.820141445456045 67.30393255525165
94.17706085603348 4.892349487163714
74.26058671385614 41.194457537868274
95.07222007399926 104.67416147085812
98.11280956872132 22.562281083918485
91.7504526522811 105.69914962427355
110.20163672463194 12.395414112528483
108.83079848702663 5.0153224454402245
91.24995781320524 120.70634535199525
97.82277407715557 55.528668385435566
110.1538595663029 -2.7297908299801072
111.96960846433444 60.84363024509743
94.07101634945921 -5.508066950584107
111.78564369376132 57.79913690245752
109.01510516521583 13.297787330500496
110.3423184683326 19.779070895787104
55.92790859206951 109.92269228969161
124.3881875967795 73.80866435636915
96.31827513017038 4.635990058365032
56.034788665154664 -7.252639267070561
103.33658255136633 33.20034266533201
93.13189413616917 107.31900577372933
143.34986293445644 111.02729219377568
97.49683511297211 10.839434210251394
96.26358289503632 18.750246165672877
92.79724455557518 48.594827753219725
127.73328581375016 109.4610571660526
105.41560967965921 -6.4376109192541335
14.096933227765192 11.719830402749471
107.5124385267113 10.295204261280539
96.22277259985357 115.93549747753396
125.54648789574978 5.5152769557935315
132.62786924277518 44.70702017359248
103.70426689480614 38.84076515222386
87.32366367881919 121.29410697663485
109.19593755711861 19.906513134838722
121.31812975343712 0.9943298026546368
14.91467200782973 9.322511896323752
106.87292261124196 119.39481486521339
108.10915763881953 -29.292816610806867
110.8999168460749 120.01244890543047
74.55747584485997 119.11227463375646
73.85082371598014 17.81854192675307
107.25003134440216 4.154067625094604
122.49648616031045 120.00157042885768
69.64320110933284 115.11775436503716
106.99127266954716 104.41370499845974
107.58132608468847 18.895797063957474
108.5417635010001 66.84190606419503
30.96260883289972 110.65263462973866
81.6486208031548 13.682527511636996
110.02175890022627 59.538208347974084
107.23139805938375 106.67467855414577
94.31311577774824 108.82737879830985
95.37984829958202 103.5439333366395
66.21104598479154 131.30056790957875
113.97658706117538 20.72922899645011
110.57315204794433 4.476151391816756
100.91944500639275 25.32246870166287
105.1489267601057 15.741508899330555
113.30660545236651 -7.004285389571319
106.25163019083686 118.79967175474934
88.7367979266852 26.536946324331126
92.20950548618966 97.32972734832839
115.00719641385524 5.921456913296086
123.9420262196629 9.43025063328112
107.48906528208775 7.492034280088411
42.878440649352925 109.26194391923374
90.69009429610705 10.04731262517182
127.7553615956782 12.680136825969642
82.35190161653561 109.22758137822953
101.51230179636367 27.68569376514351
110.88884967020431 66.63640855073156
116.28652259442359 24.91721637733031
99.51643008478673 18.68384482738194
125.15617938020124 19.2899157118924
120.83144255045282 124.08866379486054
56.795675697672394 110.88965178769759
131.278252573335 15.537110985780489
112.24758290984461 17.08702737905211
105.5132533028959 117.40404579066119
105.33177982558728 50.47943324646342
22.26534951383788 7.706070174849376
109.45685369633146 115.96191444881379
111.1167311054618 18.007972683359554
93.568484284866 50.83599658832102
83.95439125414154 127.15640529799052
94.01450472924992 116.56617338408982
114.68846651387078 16.695818039804465
89.45122401383688 27.064134683648575
106.84071932218912 101.54417823106128
119.72392934603343 118.53354681800042
24.47766423567538 -5.082287116182246
61.39746969967535 9.230478619651414
93.41563176865256 13.706635461983257
117.42190445457355 119.85985485614856
131.0178866951777 10.472159817968274
130.92172730802028 17.552080600890985
126.59644991482908 7.0595962279387585
112.48060767587576 1.5672373912557398
110.1464518799137 60.13663617614267
116.84934059199553 113.7967336147213
84.01063295808623 119.25534412574032
127.49688452200326 124.9130703059382
21.20158090085996 16.292241791325832
120.05978718125003 22.087693678757507
111.28728524266752 9.647648445229633
68.91990999895268 117.61660556140474
