94.08132322638271 103.66460112966233
53.86371744680717 43.84270549434913
99.05314299304376 106.41415844137829
80.80150348518006 109.86362825888087
34.06546455568525 5.070411750675025
109.09085994351392 113.89768514836786
112.38496007706442 6.5263068461907
109.20341137185487 30.801067958620816
90.17120827599521 11.425111933750847
116.33965075220203 89.29540438841897
91.28051514466064 5.994612472943396
84.49529657521728 13.152448572702955
111.39534250597998 117.72395905056183
115.56053733036514 119.4405273636298
111.57539814754792 68.13012974450612
110.7595828113879 16.267236990025626
30.842775740162534 19.12072653873076
102.08560820612028 108.97017443945019
109.77638978751419 89.35913497019057
108.4138785076483 121.33224493521607
96.85474627430966 115.8975581074232
107.6897581351018 5.51336548062374
116.56816641782063 28.40619267574719
108.73599512704644 67.95161792762678
109.20853025103837 75.3896605701182
-12.823027247029856 73.01097553137794
110.15559520675968 126.40574429212006
109.74683422379879 92.44823532217609
90.86421989031003 133.81645685925642
108.25105452735416 15.299844102473626
115.76717819571815 86.34342007026227
107.39406348715755 7.948981413435196
133.6550145426031 100.29822493369245
32.475909109727006 -6.279640746591914
78.3276077835402 102.70434136731014
107.02370900070987 112.80209657193542
126.39554582792371 92.35907639438375
111.54322510427411 20.505094208798205
104.49923676409304 119.24669820074507
98.04930616406607 14.766344236274685
117.43418360271856 60.407004958336245
103.91164708224896 114.72496275900082
74.88127296560474 21.359588490017085
83.73725368073731 19.94816506283656
86.67224032500462 11.437207476001856
110.83921620638321 116.94147975488616
114.84477437334401 6.497555954024323
114.42346156587875 37.90083754491016
103.02734027270232 8.985012176059252
134.7339656222895 122.01517151032294
45.244105379754046 4.687733422956736
45.5795800253713 76.59639766275947
109.29938508614782 121.99659233241579
97.7410729535099 100.89429870413903
92.37843694687494 111.81164601711856
108.18281154359114 104.62652863359398
98.99373615035435 141.54248818034958
113.19986894427518 16.17852367979761
97.72119800021338 25.07039627730027
113.20628956810677 104.19266953589118
111.86676914158726 101.87283168766393
135.00752197292087 59.780849249582744
112.19406137111088 15.15722812096136
113.76041299620965 44.32064644619138
114.2156282886306 17.83619096499664
119.0009121602418 17.48958981533268
30.703990652302977 -0.5391226510754974
102.03372508501504 14.413314609941175
111.61765940776027 15.669621721479544
93.8595876108043 117.43958145335043
100.55940272291161 130.48514212593508
29.92099723546084 15.93251655466927
105.76132433616034 9.823554677319093
110.71925874801744 113.14787607036247
117.55406351732329 -2.766459478106893
101.27694675529028 106.69679883289812
103.89128045775202 111.24077392400305
111.89355442445331 38.37561245533605
118.89156128783273 125.01290585551624
106.4649897207398 78.57677494162299
106.80668773222604 72.74030569927255
37.31867998446532 75.95875915585619
103.12979677560817 70.60759935880064
88.40381979430026 108.78003386858515
99.36424629986435 -9.567905282414017
109.0254876504154 11.442021262734096
93.08095647912086 139.82029966458373
113.3703567642058 83.23960199690747
95.00997766776533 20.07051957605865
111.83282860816765 15.106115928443327
83.05785295980778 11.242099788258102
107.12233506419464 113.65937058258271
65.11942329062587 20.732069109298614
107.8951179855076 117.47875457687711
122.20962618186067 84.63060808149675
125.84605371573883 59.492329467814464
103.0869837190097 111.82275807382872
99.9792983133516 102.78889696561205
99.4938835802607 22.590068771588406
122.91734520725119 34.58270272656046
108.11107350174031 17.796942295517617
106.50587028722767 29.16998032717206
150.34763252768778 18.334155227238426
94.47254178462302 18.927925471382835
109.70925257740556 59.12636943279871
95.15101899856973 13.958365491435874
54.6893582853514 11.828831778952624
43.87453161607336 156.2243046056442
118.95720775877724 94.18459529706747
100.3708938288898 20.376984124640867
109.16938819222898 9.633536739295344
83.94731767514487 11.857427028541553
49.6906984288952 6.928611189383837
116.29102729815736 19.841056748925887
115.31480396515194 57.818348587108815
77.18841079910112 108.37598132280752
111.68560071728076 19.44178789393019
117.77689146877842 131.75813552844227
107.98064758182412 3.6695410992818602
74.77592290427646 8.339108910378727
99.67350432226945 78.46820519707863
112.0933031468529 138.73723969979548
117.10330839287846 119.06377290918248
106.5250367444216 119.42174950150645
99.75358563794802 15.460791928129261
87.43591549497769 122.22100319144009
91.89340497368481 18.84265142137965
122.8665862270422 115.84412486269278
90.80027323937367 115.69920473888725
105.11011294698592 19.13879123648346
107.40098640315233 133.48596023465478
102.94294066553861 14.24119071548562
104.98445200957038 116.50333655443556
98.91904552095366 86.35128841629451
105.77158475499691 114.32563135731543
95.09478128276452 22.05802649697426
96.67517117240192 109.61202526864955
119.79035931098116 178.25453402116054
112.2904913763668 18.131260939948532
98.50111166754382 103.80261812473087
112.51075442884354 118.54206969356233
98.37846466548136 113.31343280131527
116.26068019082275 18.986899549890477
35.16456249884598 36.989003286476155
106.74689103758962 16.30019263276652
77.74992407030976 119.27622179603704
122.78391946583234 122.0189053805615
98.2264353777178 13.768743612935639
120.31407005521011 73.85803547891213
106.32865485136864 110.53217331862155
-12.26059672585237 148.27056044301244
119.74150919349321 56.17500126037853
117.4818396786022 119.56458016981793
103.89230016616031 116.99898603682276
52.12181937054727 18.778051186786413
114.12167493625425 26.548246255769236
104.84768711479246 119.66529074913059
47.94837839109086 18.52759896330756
97.25750788404298 14.076600237736132
107.00556759974978 22.335410500975293
99.58172813237046 113.92176249206697
110.73646024872102 118.83642398066465
91.17615182412972 114.45427515981872
97.75613300115093 119.58096405972228
90.63225074725894 75.19402286544087
99.30050434417616 112.32637701764484
104.44116507318856 24.22327817425994
108.73281336433018 25.543233835482884
24.243989192988554 10.818772733789558
114.57166920133173 115.97702261242486
19.609457756548043 90.31975675342557
114.66366765463718 114.50392042884906
110.20969103118865 113.67585159383928
108.03883247890177 119.42228902712735
57.34400185616572 5.41757782588343
118.24834328175426 58.77875418584153
102.5011815560406 14.800640368543421
106.11237918312487 14.13064220037079
86.54561772943518 172.78352476153748
99.79537260349109 19.895805277420987
111.96737394184528 23.030916877129798
103.6158451387121 13.371117701445153
117.13674099353345 61.84663748886297
104.68503506836699 115.91535226664399
103.22036001855875 19.48751196081897
103.45757561774035 7.101446731358558
97.08613749993498 30.28364621507577
117.72329636072985 114.28274713848307
104.67461509639534 40.52375902920652
104.74575651088239 118.63114640929079
96.91624553267876 34.891914553199605
90.85396633405036 -8.72418611362259
43.21411337243651 9.519858030066523
109.00872282984403 10.178440412020482
124.02587902479465 106.31295005163842
84.35201575522046 104.77092515007597
114.96018917015395 1.0671734318496862
95.48902838679876 110.25975710983141
109.05296487959198 19.825874606586915
94.94481219149212 114.6248811702359
45.525970995921305 9.791564028652509
109.96545987853658 10.243310486132195
123.24042013913447 7.863642470330472
99.38484600987049 8.204194877239134
125.16367591665657 133.56136131519045
107.64701462153347 15.112632766968625
90.93118103159149 118.81929986576445
111.60224057809556 24.555022043224483
94.05670454512429 59.24622382497872
113.2436762231584 2.538499448373708
104.80626802957644 13.021750569090544
107.85487897658784 83.01903457319344
-5.4621199107417535 95.00635390475482
98.04318428554208 11.227422451992435
91.77084457507003 28.664247590766458
103.36614664597825 121.78933846911856
80.2496173223017 13.818350195651163
97.48493747796358 111.42553813528676
110.99026455886603 4.635136910073731
110.65617744599561 24.614749017057065
120.08437543633956 118.74728521549356
107.48749337164814 67.20810913785591
110.13404339808717 0.39365263772427883
136.90296965463685 91.01372567808463
101.69047320479949 8.38235988695526
108.01060331314683 48.1715369208082
110.91765575215823 4.874898625030338
123.66584103550707 21.182444607162964
37.388234956618 111.3094693176075
118.36581456006653 97.1515614029631
104.66457578085718 11.885990380720544
20.374052397370537 -5.745939706928736
111.57948316994931 33.44541460595999
101.51995890229782 113.2811211261735
131.08026389156802 112.35048765497783
113.27754116343658 26.186217539051633
97.54981618310414 18.65564102800175
110.67495375507386 79.93777131656384
133.68047203329232 108.2380108128804
110.32097074685967 16.810382446858604
39.10499002001044 44.17138786402384
97.22620933939771 22.157215719751015
113.3433739862391 119.87512889879618
122.48518235633773 10.438457598771677
120.15036427125831 73.87813508032289
121.46666158620357 -1.400849119751479
84.10272688554271 108.55685841618129
72.47656253099458 9.863971631496415
113.56580927933129 13.505812153125019
25.070942612217976 4.749062313405368
80.18193900963838 119.5127434498492
109.45821604314148 -7.121854951449169
89.44527994933304 117.41200751483711
101.88503647721092 119.40956713877267
61.497139188336355 18.738768449629724
108.11636875825963 12.356536370986055
100.68086696432815 118.85178663628164
73.9654220622534 114.2358568335374
107.25124414791385 108.60221269056423
95.25788638987022 15.828983897391074
107.8287560174988 100.9018606468295
29.114998351820493 105.79802497311573
76.81779967733317 7.504035095288688
112.36210115236636 68.69314671290189
116.84421987591901 155.0782786482865
97.9812983736865 110.79845823416971
109.3601826845692 104.6875225071416
43.442862588582805 78.16776512430113
103.99960845751771 16.841730465784426
110.19825858365698 10.969308798040359
119.36347765487503 17.53451875650079
94.58951988363307 11.501233294917823
110.15315486015376 11.165077717601793
73.04056929309185 100.97732913686957
103.9001232579478 25.535601153081593
110.7895603572463 118.72754834246628
113.29756471672853 11.633897955740753
111.94760179120976 16.680344684164783
107.61722962329154 9.987986048447063
51.990648577310374 92.7548629738555
92.47827251029723 5.553599581670064
110.67391913656428 17.36667805182527
114.5778008284865 121.2894440092547
118.81083309705343 33.545322997979596
102.64209854680239 63.00798431854006
96.99470662366551 15.329003796274197
111.58332492626013 19.841617093369752
119.93485760290656 19.629622715124317
121.92302063319502 108.59620782680696
68.39008538339486 125.12501998690962
103.9164601142471 20.53147839064219
83.69887204010982 21.31228705150358
97.30108252350233 112.58847070789831
115.9005143010747 101.39404655763578
36.11506271237231 26.374515072315763
109.61839232265322 99.37977144044733
94.22518978283561 9.609694202961377
106.14078673273943 41.71400046407957
93.56834908593527 120.85009411554829
102.96311316737686 114.75329437892877
117.70824735465528 17.123518814829726
97.6073034506467 23.441372154009244
110.78378358585161 127.80575514752181
113.01500398386233 118.91042264238828
43.3237804198825 26.915868159659414
24.92526697018209 19.34507170348661
100.21445206854803 16.005208007199606
107.66562304573993 119.24828154478269
127.41932409514166 12.542812884040659
147.00444644385792 16.562980037711686
123.14655079550586 12.22189903622196
107.63915838276512 27.073525343091188
110.21657279057906 90.18731926910863
112.50472187793487 116.75437306503605
91.05308371847792 102.36013270296229
106.41112457917342 118.97176360569647
34.330148083702056 31.366997236348755
93.11351268317487 13.74048648621587
125.4261164967197 3.2008143176449777
68.97041186866035 133.5697144885312
