93.41747952411123 103.69339269899153
56.32035040577627 42.317073214328616
98.36832800258642 105.89513766146534
82.65791133062481 109.20213222215072
33.704629581439704 6.735192055610977
110.90775499890508 114.85159293146933
111.84320703093347 8.868558717879377
108.39587475187766 32.91388379547497
89.29353163190343 10.457116252080224
117.77415414481649 93.11746273080324
88.27705235076421 5.7529823436441525
83.55473119192574 12.850246818273352
111.51452989674134 123.71520063542303
117.82545251471197 119.43854724779187
114.05994532824522 72.3072582515227
113.0129285389421 15.053055407051083
33.24234701040649 22.25865122949496
102.32491612393368 108.92450933445623
110.20025215362665 88.28033696509715
107.27687049829791 122.19405359868809
98.27927380990081 116.26170083243254
109.5327080223483 8.975889097614289
118.48524975605187 32.07146047899306
107.8136530708503 67.68802832827845
108.38494512324395 78.58515485926308
-14.599343684797006 78.7788807499846
110.40679972413031 129.63580831489017
109.74377490433714 98.84060914882399
91.77669445631618 134.03159680425003
108.35784332817852 17.035776084439075
117.15805007898705 90.43977065338402
107.34839273953612 7.673939702450208
133.0244793054126 101.29470464636239
36.00110463895092 -4.272256017188999
79.06296990832104 102.87839747120482
107.33416132628712 113.90753824720522
128.70856817820962 91.75693148256869
110.06554637685504 19.448546902815636
101.53829555099796 119.13668601116265
96.1364775765726 14.711679778954009
120.8492664308572 64.53888851937765
101.02896631807127 113.15289615883401
72.90664097153086 21.358432677191033
86.4187960296628 19.93814100457856
88.90472928281608 12.675754362536816
112.48211929792176 118.43261343910909
113.99645123022667 7.927272039965799
114.67925534036365 38.49747564501241
102.19868398543453 7.1062882953719715
135.62428843121108 122.06838425823359
50.47727221392314 4.850895314584116
44.66377700379493 83.91185207916608
111.2684982153908 122.8055672958809
99.04500386164737 102.60240895764235
90.79704672780846 111.84628440481264
108.38639280418992 107.53278458405539
97.68217932378415 140.48577810834283
112.22505306882938 18.724891673971836
96.37831362618915 25.919002514830012
113.74169028392998 110.3214059730362
114.13096543193969 106.86034772628604
132.49903802446613 59.56900443695276
111.08164669893247 17.47757657825076
111.77834027586019 46.96135753549949
112.55737543771423 18.84564324237604
120.94874267263094 20.050172306667747
34.78380009847939 1.9155883007004815
101.97941449839408 14.098981753240157
112.09457624560986 16.673227850115477
94.27260755423212 117.58199859531223
100.26737069663353 135.37524444859267
29.141719606626467 16.709811958392713
107.08860914515901 10.69982457135068
112.87051717772873 114.4683539694112
117.18241903796381 -5.171120260387487
103.12767738755643 108.24182238228492
101.19734263769666 109.52876426965031
110.34741966326365 42.53153595627848
114.78439151653615 123.4374834304405
105.08136494993666 82.77402243585243
106.60320744611283 74.37151877805428
37.621914496673305 80.20478024218477
102.58056163940074 70.54766532169319
91.07778660489129 109.5887457186906
101.01818142549533 -8.008395417196304
110.13232586512596 13.682923271769493
90.40080598680495 140.42741373435928
113.63042237149622 85.99762789465474
95.8115084338345 20.096468533183664
111.66147722481445 17.144840859447857
83.70289826241516 11.427586325002444
108.17220096183945 114.56686611302082
66.77065349881005 21.10668572247475
108.86322761302681 118.49201261119258
123.34408519690963 88.03866640201953
124.47917706746242 60.2809378695167
103.82834010585513 112.51993698928969
97.97180873623246 101.05463590172582
98.26575476871923 23.882504580821774
123.70487196741945 37.14098793695774
106.55480258797324 20.07984324745662
107.21974245634001 31.281028468620377
148.29343492594643 18.45872567581542
91.12878212589015 21.0164091711572
110.48529242722907 64.33918402546503
94.54629924023908 13.485218935602996
55.20499194631241 12.39435351943863
44.608776774949696 158.48617284854612
121.4096969936746 99.5518527250638
99.48066989857377 20.417334210945455
109.26689619157936 11.074616350352477
83.71192137359378 11.492077869177272
53.48972556504252 9.146176877893641
118.28326311349247 19.552406883714575
113.4921260785283 60.18175311184388
75.49775803981626 107.50103284607187
110.92120622247576 19.717400919063195
119.43401872603629 133.50599466334077
108.54581917501255 4.653063943819724
72.92353447740928 10.049722535968236
99.12883092494043 82.84474754748128
112.1704939126278 143.4035203855149
115.38942632743762 119.13871810628044
102.78638371518029 119.35958477042048
98.35551896443206 14.4156702215901
86.50523401287164 122.2782963411999
90.68798365192899 18.789231477194143
119.08696119750824 118.00053421604106
92.03325991980296 116.42644116631529
105.96206247008529 19.481619078706597
105.78677267039228 138.21952785319044
102.71064625423007 13.966920319604542
105.78102161296091 116.98552270627104
98.48657587254847 90.53203618600935
103.11937229777156 112.91633539191021
92.40543082460644 22.8116575194535
96.07926631870056 109.04274322180432
120.49239440638151 177.45813933964303
110.95700527297208 18.479082267306072
100.30977501502028 103.15434354558046
111.21331936583458 119.6225589507059
98.62331908571154 113.49236173277427
114.544998016895 19.209979585465973
37.92719108515949 39.79777199007656
107.81891983728707 20.09698842026886
78.66358650497956 118.98044719346065
126.01298144954782 122.74514008941978
98.25921038842088 13.652478579574248
121.48531929722168 76.36254305681868
106.63984999940561 111.59351665073417
-12.869591180643967 154.38157413760746
117.86413650284251 57.97423146047645
114.37830176323851 119.58922245526792
101.43852613896891 116.31338675850034
49.525399670817876 19.317791750733605
114.84107417355709 31.261667170096864
102.36742434379765 119.73230386198189
51.80192566914492 19.588864608859243
100.39348273122997 15.330873906147904
105.25619905342899 23.21624614595714
103.09281974836026 115.16236119047723
106.81184385410604 117.46623985381135
88.6531573147727 114.17780150583677
101.13155472233781 119.5342984083572
90.96512873160466 79.4601744883115
99.15157471022967 111.42429694142521
103.02641860959548 26.118005201581287
108.23193919449787 27.573358252902047
21.646411137770713 13.891008831423026
111.53046090851463 114.49261767108881
22.44336399064015 93.2142446405062
113.40076170272559 115.4100340953325
110.66814007875095 116.2665384353225
106.78663036644836 119.97061089006142
61.97818278402468 6.482164027917831
119.68500122779832 60.293461110509725
102.53696624678436 15.06460498763588
107.03357420771076 15.16139780937776
83.40691219858313 173.2831655087964
98.03557040669868 19.901747735123674
113.38782573912275 26.027972258050088
104.12823971768047 14.273642854822311
119.49042081851873 65.30508167508125
104.53756807358957 115.75877627832935
104.22765408468962 22.00979153067576
104.06530255360084 7.771199491816522
96.16546388864971 34.82348190726163
115.17439584495736 115.75366909560195
105.68805715093106 41.74852383721792
102.27271195500211 118.34684030348487
94.45056278944661 37.50298199808381
88.97365217468293 -9.392376149469888
42.51143757966421 11.470617301715585
108.86609990058327 9.033079638950626
127.02797785413642 111.02572485969944
84.12181920541062 104.40755958201834
112.99332377384498 3.939284975465851
97.47788978432362 111.610723038235
110.4363866146574 22.053574798767656
92.62686121474405 114.2524963607554
47.58246913195887 11.53491848487656
111.8697956012496 12.456565335401502
121.87932936607355 9.095009149956983
99.09803853598649 8.287790042250263
127.13042986113575 133.54867513006852
107.88954312192887 15.653712307591174
88.37236761507194 118.19212823780852
111.04411937473317 26.993143255712518
90.4235921674263 58.30095473619557
113.05671023450864 3.656807778680646
105.3871058634147 13.579150591169148
109.61164285062615 85.77058349007605
-6.283258956182033 99.63461998152924
99.05632186397659 12.610564170046556
92.7289091056609 26.580318012596923
104.75009725233234 123.81908247712563
79.52202778384398 12.930901219275524
98.9457915971789 112.43488002441242
111.01688570748891 4.4819159535115185
110.82885702129761 26.781404922884633
123.22315222633569 118.53343924801881
108.8837282354809 68.43018546709818
110.10849835533092 1.9954706421117852
138.79732325115032 95.44040457706215
102.96476137870827 10.727235084203468
107.62994335588111 48.4265143074955
111.08656057103855 4.575107375112391
124.51546011350094 21.27057188957082
36.365502403044275 111.97648147101383
117.12072816682105 101.03727731040775
106.06080746984392 13.319087919271162
18.046922078296667 -4.37383955004285
112.56435407827125 36.31706516127542
103.11988936828898 114.42786869416187
128.39775055835267 112.79351407207032
114.9153341631393 27.827438174328762
98.55180713835027 18.693129090350517
112.96602503310906 83.3529937451691
132.99055683560803 108.60937527179458
110.91558521452212 19.859194621079773
43.67413726475472 46.71333928616598
96.603773622311 23.5263190875068
115.3013424912469 120.34880853626261
121.42149948193564 11.543291803496315
118.09774708819543 77.68079243420355
123.0888294738565 -4.853256165940754
83.393578615683 107.47706004458682
69.47069959560977 9.137233716338965
112.37713920726058 15.477180403893106
27.84523125341117 4.763751573875429
78.07739991878617 119.52484326141256
109.62542818173148 -3.235518319072351
87.847018799929 117.19001854347819
105.77394335946794 119.4485244852148
59.66280463412333 18.867805033059945
108.33882068625678 13.83442131267387
98.41315409077461 118.73178676320624
76.7578525678586 114.3985571806206
107.42308723965438 109.8481372176582
94.52785194838623 15.586337092580997
107.83673573861276 106.23955191937297
31.608082474378023 105.8904385204874
75.91957191711937 7.328887919201797
112.55842385230805 69.69967411613969
117.72158201782257 159.49912507096468
99.09964229592015 111.53508840481108
111.12591137115781 105.62892236565736
41.900207254194555 73.60586954148363
103.0091194865426 16.49926321471796
110.1158553299426 12.256716169620077
121.24260417224282 16.619235218889447
94.17166702657667 11.26872493137938
109.70145277379709 13.892170335464831
70.5121860595613 99.85743939897854
106.31630002187744 28.26136426170477
113.15161298848678 121.56891141899703
112.88989152302706 12.857005082906825
110.31371152425001 17.77837970255888
107.74154187376224 10.82299034257398
54.04759249023279 92.02223829086613
93.74557808039988 5.744549835294593
106.58415870614785 18.063441174429546
118.43305192250969 122.73175307860535
120.56942368533659 37.09742968253615
101.94303182665043 62.00768164254996
95.18762049211753 14.327572075691133
113.02784257537859 19.980646641130956
118.68940870110728 19.666237088770387
121.41309050690909 107.1739124198685
69.9208336789768 126.67233193816247
100.78955797608523 21.099581850713502
81.4642201131344 21.76366885800175
96.87815723528405 112.28567273247064
116.87102162736463 108.04873297456112
39.01757413367512 28.306339254000427
109.62419154698838 98.52189373086871
92.88090481873728 8.984636664395888
107.77858157371786 41.65529413362284
95.53723315682628 119.92497235979201
104.69409787896817 114.73129944134702
117.64416892022 17.295693916067325
99.12991782149203 22.768566264235346
111.22779926447622 130.65041182294354
112.01944468573093 118.99107224197436
47.521108589259995 30.58789258550996
21.65173574838244 20.68611913743396
101.49034667086447 16.459066774129816
106.49738984691045 119.16955197726193
126.30453495705795 13.15677386212478
147.32749466907057 16.546437477886162
122.0713550097684 13.146914454600424
107.13826182405876 29.947792133997297
110.19526575068441 94.24363621876638
111.80226787788803 117.29487296322183
90.65389838831736 101.24744990662612
103.90219940642646 118.25542752140711
37.144205447046076 32.51660872862321
90.60798272399502 12.995842484939198
126.2805392698813 3.118102390062034
68.77594245797037 135.09842558140906
