92.95240869218128 103.8465382800932
58.95326805878264 41.100141998875046
97.75273513363454 105.40852155175409
84.46581802953266 108.71865566717177
33.67642219272967 8.555044730832837
112.71772030520816 115.81408446029201
111.26732675237027 11.23446919482448
107.59532220588609 34.97657727387382
88.53140056501209 9.576611152351122
119.11504584408264 97.13863494163385
85.26835290298449 5.731450541368968
82.96231275521916 12.574561265692955
111.62622495740106 129.6506466965746
120.01532598866619 119.4397926625229
116.52770100715011 76.33898823277346
115.2450130713176 13.871169231107842
35.743421966460126 25.36866821919693
102.67742837988312 108.99393206436028
110.60407559754195 87.59719409956891
106.16363580650561 123.02484247225586
99.83127461849601 116.65388926074723
111.3778140881614 12.489073256675512
120.32772192425082 35.69063082324553
106.91515988303833 67.01504962181859
107.57351114255573 81.58488521838547
-15.976006307453654 85.03634032733586
110.65447407127462 132.69376190576307
109.73827635906454 105.34582173334358
92.62304891372455 134.20323758528457
108.48060237842317 18.803509864554158
118.47970751971344 94.94361503080917
107.32031813264307 7.5337742209949
132.12898655348422 102.30446456263255
39.87027972963123 -2.117692007232294
80.30446902947921 103.15068653039422
107.65508218597802 115.1062265145596
130.72286908107 91.38349132031115
108.5808594191021 18.39268607412049
98.6941485362575 119.02832846459069
94.34415501263331 14.687626962769606
124.21327584926594 68.552658202518
98.19430411500733 111.65554784972758
70.82609980866239 21.335558188269744
89.206949789045 19.927737460120397
90.52245566407399 13.998101710467887
114.101951238203 119.92668832551223
113.1217908629347 9.444380308712576
114.88447945270845 38.9858662026715
101.45997226266779 5.378658533950632
136.36924028706852 122.09281390315473
55.950210961221956 5.063734261557168
44.096783078246254 91.63983160838035
113.20518152144788 123.5980114997899
100.41340778093705 104.45877829770467
89.49222876100681 111.96208128195059
108.60011707068004 110.5136743251276
96.5660197733306 139.30970128336446
111.22214173248545 21.28236399371231
95.12876256209505 26.666813545563922
114.25698388973703 116.51998629931511
116.33909518952422 111.9890689763634
129.67541500317768 59.629649532233614
109.96420693687546 19.82573905463713
109.77849901865999 49.60118720362464
110.87188870262537 19.85755851639758
122.83533923115793 22.595695879666213
38.96842924838152 4.4761151740064715
101.93174267697611 13.839563473303244
112.55667104782124 17.70499018216471
94.789457284243 117.74130293764112
100.12840546114226 139.99393817357588
29.060027411244864 17.513615692581823
108.43795445753751 11.639548600589483
114.9762474220931 115.81557062481606
116.74410374068566 -7.22709975012252
105.04410689702938 109.85229446272794
98.64610639666743 107.92154470981534
108.8012658467722 46.79574020778932
110.65731711238718 121.84614194866964
103.76247770486903 87.61931270290222
106.41431924101173 75.88620685447779
37.97109384285725 84.985358775354
102.08137541440733 70.52562313297847
93.89570001618964 110.41004021272295
102.73775729296734 -6.421135780249479
111.23227588595876 16.01452985407509
87.82477820845251 140.8551890065226
113.85354348751777 89.10101502758054
96.24361117715284 20.118886509352155
111.46977511466602 19.18998951798515
84.54520059196552 11.66376438869964
109.23919313646472 115.56261218415044
68.3398834238802 21.4590518179977
109.8325863936911 119.51197039952532
124.31456985105254 91.92074092946643
122.98293550179295 61.16291752133804
104.6399815422424 113.24510133923918
96.08745279752011 99.52182110060663
97.24513180702613 25.145938623106055
124.43397900587529 40.061382531222286
105.0293910942365 22.35401587818122
107.95362037830066 33.22047141047576
145.8303824078523 18.59215539075302
87.92437752326133 23.099954363221844
111.24740177679382 69.54056444664535
94.20671412512809 13.07328620772605
56.12171083279202 13.005166835242216
45.20073544064831 160.29915829068315
123.78261845635596 105.17705997933346
98.67262742586401 20.45062809834999
109.3665704381144 12.56760200763627
83.73243213264426 11.224350311959483
57.52068221460347 11.49149149494583
120.22034735470726 19.264348240991325
111.65055600791263 62.96449604055082
74.06313695484313 106.72347476730238
110.143097134894 19.99274420105378
120.99212991775475 135.0980070882364
109.12445198276464 5.729313652118769
71.15280590886387 11.840042402943979
98.75983051554554 87.38690656762755
112.22664439789318 147.88671348943956
113.62013377644791 119.2152537973284
99.16484222180128 119.29925719804807
97.07642708633527 13.41962741145663
85.74344015764584 122.30249425157022
89.56790405833675 18.742310947396415
115.22464689212676 120.17230525089194
93.49463322068614 117.1782356618748
106.86943297103538 19.82264948885762
104.19592168648826 142.74298792419708
102.58923452403712 13.716901293706051
106.62200834040426 117.49869957724019
98.20369017429023 94.92831859128034
100.58185357492154 111.56440652658783
89.8916256007271 23.54388585374619
95.62248491419841 108.52200014319816
121.04475547815916 176.08884946167134
109.61790455065547 18.838398735272374
101.5118191795748 102.63267986514695
109.89479005148945 120.6984739799699
98.97736076818134 113.72729432500572
112.76766707142107 19.449428216009558
41.13159658196788 42.34571674386836
108.90299918122464 23.89524751092293
79.46147708114194 118.7108094709848
129.04221883306948 123.40637472416125
98.38205278615854 13.607184194110136
122.55577781298727 78.42962054081939
107.00254020746222 112.76779860473937
-13.005098336022492 160.25344767155482
115.90146370723708 59.683295039069016
111.21422280393364 119.61423627672616
99.04856674575556 115.66160079848169
47.227759875533884 19.861142302918445
115.51159014122517 35.85422181661597
99.96866196867727 119.79504456445025
55.75347103362041 20.648157571657165
103.65997953902323 16.642037778121576
103.54077136038615 24.04135682935515
106.70976539859153 116.43825484751248
102.90863590259556 116.10271116305957
86.38141983080013 113.98683284402351
104.5955500575312 119.48639917485265
91.47839493801365 84.30005995128825
99.12069342137598 110.603392154662
101.65048303444588 27.966549807618183
107.74942566635457 29.481951708787072
19.451280748837906 17.021977890689495
108.4575387470412 113.1264376204095
25.338097805985875 96.39406333337351
112.09304445912674 116.38569186046766
111.12455835677648 118.90514341646193
105.57642338738926 120.51740725588272
66.83375109979416 7.583043851087465
120.98725294749804 61.966622187459144
102.64845894401915 15.376908466371685
107.98698278092857 16.267429472221455
80.17057607180361 173.04905330107476
96.35149293507975 19.907189938693108
114.79158630389166 28.956958948273233
104.68942654760924 15.229957827382897
121.78685129156557 69.22297872469137
104.43103982697605 115.61437965314983
105.2740761513222 24.491644394947116
104.72180877536361 8.61541842362707
95.32840726971712 39.50613538428936
112.53255232512265 117.2803073057825
106.7393010695635 42.888395890896504
99.88080133180146 118.06939497295896
92.01746745847494 40.85523052730998
87.27439786208485 -9.705310692910656
42.126736038699704 13.446266164885895
108.72617277386526 8.080706167982196
129.76145402723978 115.81576929416076
83.86963288936258 104.17617715877417
111.0004431444151 6.935630437122178
99.56487252258472 113.01330159165747
111.81279966580804 24.25313103397904
90.52071274723743 113.92467520056807
49.583012570948334 13.363127978608746
113.75007586061511 14.777063743232624
120.47600379234548 10.401780317680473
98.85191282584584 8.41938350093554
129.0136443053794 133.51232823899196
108.14002910943368 16.218506884963787
86.04237687637456 117.57884700111399
110.48977732881795 29.325431912515633
87.02267539300348 57.61910708028165
112.82702522359885 4.848694476198322
105.97839240946702 14.227481965876423
111.32294686037422 88.68543315899348
-6.686958734688842 104.53050723286367
100.12615903956394 14.057258899283806
93.5103079056508 24.36753801596103
106.17167272883509 125.80202992919129
78.88986812966021 12.123185742471144
100.53538665336639 113.55112904084355
111.03266533708526 4.426987991468553
110.99455373419576 28.824272322373318
126.201728003935 118.32541257976023
110.29341005277189 70.10917865057588
110.08267118082118 3.8447083560838458
140.67384192003732 100.31817101067254
104.30990828527199 13.170430720755343
107.26449638535279 48.85331236098056
111.23789177658051 4.500617091768278
125.30362371815741 21.344193361062295
35.66266571328743 112.7104266104437
115.80325607901524 105.04820924480214
107.50957454636172 14.789608231329378
16.224020499614646 -2.7480823905160596
113.52627103795736 39.537724446523555
104.74196672214387 115.60746097519642
125.39269961593394 113.37558451713122
116.54198369563477 29.402698723338958
99.67607383438174 18.74310143205314
115.21977476342508 87.25215268253879
132.10708864639895 109.11850905227972
111.49941176813586 22.901655846615455
48.58981993921456 49.03159426927015
96.03738209826746 24.86505598565172
117.18525674545576 120.82112666269093
120.2787138302158 12.730420278000809
115.98677184468318 81.27154038534728
124.57929934205389 -8.086495013295604
82.46161624224145 106.54570596676275
66.80813547794736 8.52096924009616
111.15334868050616 17.495115858162542
30.673950033454883 4.861253831442665
76.23891819149038 119.53539447543571
109.7927877145258 0.7670629970384826
86.41212473569357 116.99828033879058
109.70180961919286 119.48838545631946
58.123716033584024 18.99896887790059
108.58407686668905 15.352261578998673
96.27589143814403 118.6214268114064
79.9365573291797 114.60711984638733
107.61561284352042 111.22778817960496
93.88852050800182 15.408913420915539
107.85902908942967 111.70397942765128
34.21844961695457 106.11554713176771
74.89750913663043 7.234703519846924
112.72599618303987 70.74867521951506
118.47886335265154 163.25047543255536
100.28692706582927 112.29477216881412
112.86542803235844 106.64879284533261
40.54655510208398 69.33632412884694
102.08584913089543 16.21742375710744
110.03212834141566 13.638996782147437
122.99159573535567 15.722042654840553
93.86018138816056 11.185812198271604
109.24730410951491 16.709324367165596
68.31311249640918 99.02697878559992
108.76787628505087 31.424462111438427
115.47411820119771 124.39244373596789
112.455829508959 14.122379492704994
108.67048382027576 18.882756484241668
107.89526433706308 11.703223831033574
56.482355477082066 91.5842576615715
95.07906291284071 5.9930467492088555
102.5436766350733 18.765066461698595
122.1331625181064 124.13099639005027
122.1967110423515 40.734529435403296
101.33922478274808 61.05961983567144
93.49615438607285 13.3618694660711
114.44032105963923 20.11751287181227
117.3785493289899 19.702156559908335
120.80598557908215 105.81512348785321
71.48651634880126 128.14960406377827
97.72202304992376 21.63252791383572
79.3664292595418 22.18939332598998
96.53388173345506 112.03009713835415
117.7291800508387 114.88339363931532
42.29536550708215 30.15276430182649
109.62655726091668 97.83746820438232
91.74271163563719 8.446262635829168
109.4265613591563 41.772113569110815
97.66492808291294 118.99548516884369
106.47945090356463 114.76581808367017
117.4855405518539 17.48943901339717
100.76351873963054 22.061837956902497
111.65442047618095 133.40873031612387
110.99726152051328 119.07611507736308
52.20336901798885 34.059115957156656
19.033614753306722 22.020310300927587
102.80700319455693 16.939909438443742
105.36040486734674 119.0917061960841
125.09522782697832 13.810264992128166
147.2805729646026 16.570663039174516
120.84389161028463 14.121073007690246
106.66920187740273 32.75531949774315
110.16970464838431 98.53410318345738
111.06582409595016 117.85633511499134
90.23711129174113 100.38087869902047
101.48571049995628 117.5581042925262
40.29124155558408 33.475308649998155
88.34522947860023 12.339738737529057
126.87109541651931 3.0886015374773637
68.28574703499022 136.51065544081067
