92.66574972325014 104.07180768848738
61.68797710192059 40.38341232546716
97.23506790587928 105.1427561521692
86.05569598401568 108.31885891086272
34.12110574475676 10.502412618387257
114.50820005715676 116.82050500801888
110.66599477592331 13.711593890758053
106.80489973060723 37.77836827335268
88.03565750479076 8.787065483214494
120.42856542203859 101.3741032605753
82.16760693602512 5.786370400428721
82.75507473070124 12.317466509011265
111.7157875954143 135.5390531475358
122.08134956054342 119.44239522175441
118.92366574283382 80.6611635501215
117.41599388917943 12.760728495010968
38.51093607017305 28.405855973106238
103.09591691718596 109.26969026302835
110.96539255449927 87.28472125809888
105.0710232364665 123.82840220247326
101.4671812178798 117.06642755876979
113.21022827399153 16.06800231556235
122.13747346320325 39.076047589336625
106.02515002527221 66.36648555536914
106.7983457136931 84.29518236169167
-16.79466126499511 91.64216716591777
110.892010186329 135.51794577754086
109.73217952353224 112.0206185627117
93.14089952257294 134.30378263617976
108.61724026756951 20.582891905223594
119.70157476330887 99.64672112194526
107.32149947753908 7.515445065504043
130.92793529407865 103.59979810413654
43.99394202786925 0.2173476427317662
81.77286169332561 103.71547923373984
108.0040668961878 116.3590401228831
132.49513421364637 91.25753032349144
107.10010989597572 17.340404073879647
96.01312238967283 118.92347582153155
92.65316587053066 14.673954940506873
127.3912104076711 72.68074249663579
95.51959689424957 110.26807079277425
68.76181213740114 21.295699376845345
92.15401861370297 19.91703224909466
91.59737728305858 15.365431731159848
115.66716746105384 121.420944329954
112.22942286497357 11.107457959236863
115.05121235645514 39.25043137157304
100.78941833775653 3.7859222495115064
136.73258417956401 122.09840040389233
61.77090656756452 5.440349333275844
43.518872862492366 99.76312379989294
115.09601211144795 124.3777683141655
101.93097980981663 106.42323619152802
88.37009053762716 112.14164002885228
108.81854014445406 113.58986529163512
95.58252067364302 137.985190754319
110.1930854014672 23.827915391081078
94.07122745098457 27.361664182039586
114.71547074642213 122.73919520560622
118.46476546733261 117.17238500991331
126.69356589602499 60.03662338341344
108.84512482476498 22.17400584283745
107.77837353771403 52.49707208027007
109.1759553601882 20.869272180400074
124.58014868536596 25.092195921686894
43.24277792506905 7.048530448200299
102.02244264735825 13.651728867859116
112.97835204218048 18.750035486678254
95.44005565869153 117.91745556925343
99.99262119887301 144.46280337803412
29.002916755554434 18.33637470678305
109.79936593866955 12.630256094377383
117.03584550272764 117.17392026833369
116.25394638674209 -9.185680823812955
107.00493535685564 111.53650702408447
96.11647364734493 106.3486166108462
107.26382922147972 51.03560744748989
106.5260424187785 120.24573566793772
102.52276771799207 92.64586448320746
106.26579771673019 77.03213631093755
38.36327542470823 90.04905537775899
101.62687750031213 70.66585040665974
96.8265958537684 111.34269310250544
104.53199195402061 -4.60898812485404
112.31831001136366 18.368311512328713
85.47282487121463 141.07589207991785
114.05241066198164 92.5237360783215
96.5673664415731 20.13753791156754
111.25441405606453 21.233198669943185
85.40515419536008 11.944972390406068
110.30799501009172 116.58690668293254
69.60213714874499 21.798348799394226
110.80042215727342 120.53068701647959
125.17460773537694 95.89228909458232
121.30903867061703 62.244434701935695
105.49328448070908 114.04408986697827
94.40571092238358 98.15802518962785
96.32488310974617 26.38860325839588
124.93624473758064 43.393236086545656
103.53186321348524 24.615608603880823
107.9788842139467 35.02285572187935
142.89327579685713 18.733507736622226
84.77486059224353 25.147294334809942
111.98814682582896 74.40490971439769
94.03189318392415 12.688749476468086
57.55627679415167 13.635431454907428
45.80153005225509 161.52615396505655
126.05327072520957 110.91554498736735
97.96103565156935 20.478115596570333
109.46618411984055 14.11171743182942
83.88194081707663 11.040131876888006
61.55057796997831 13.887657824968274
121.99658155420175 18.978199553789217
109.80072597432584 66.05851246286618
73.08417661217182 106.17486637938453
109.35417327815308 20.264752339750103
122.41932201881143 136.67261896473497
109.70938287582123 6.889991779777053
68.88954539963045 13.662765172209927
98.58081507890648 92.17368997144703
112.23844895421718 152.2483395477078
111.80013622988767 119.29654243371597
95.58626611937875 119.24064054544472
95.94148045172138 12.489470835440283
85.34069524718139 122.3017148502433
88.7026821883206 18.7069107652105
111.29725075068919 122.33418750134415
95.07095842696073 117.94123405225466
107.78862161030153 20.156415841678946
102.65064427505867 147.10718910709133
102.52809286781067 13.530813095619909
107.49488156359169 118.02440138936328
98.03810727534218 99.63057711223122
98.14355223104423 110.26966371631823
87.64291155299712 24.25892412834125
95.33331406494263 108.18163789583153
121.52453604047628 174.0577625142203
108.27918559804876 19.207478483662054
102.43424282114363 102.2124732376352
108.57199798908442 121.7642472417893
99.42170121454228 114.03164290275521
110.97182976394157 19.711137329460584
44.44452504554111 44.72123896361059
109.99531978423342 27.645728274290803
80.15477854195223 118.45018884078202
131.90675775981848 124.02628538447665
98.55591627468725 13.650354962462545
123.48468635744734 80.46847140017907
107.3790043855423 113.95931539945768
-13.01748989128672 165.72793018781945
113.90038211893828 61.49860444409084
108.03489254494427 119.63854415692687
96.70570620978103 115.03016307915176
45.246569921225216 20.40272692701095
116.1434253183457 40.31682971473335
97.69576200419809 119.85207139469956
59.97445057605735 21.690213531149297
107.01055114641827 17.987059949535393
101.91076361629065 24.828625678632815
110.33983245909856 117.7511022705896
99.1068558558028 114.765835229545
84.45636811944857 113.83693053572404
108.09845941129934 119.4369201924876
92.16182897689662 89.58304237833424
99.26012964083068 109.83733910200728
100.37463763750206 29.77856810687277
107.29380436134102 31.248219117718758
17.636130797053813 20.16079785793554
105.3901129348831 111.85886303559695
28.60906170844563 99.73973959432631
110.7500205493135 117.37578677310366
111.57714684986225 121.55225123214768
104.40876636042833 121.05200172472762
71.50031528810281 8.71695005774547
122.12068830407459 63.6583221347033
102.83361041748421 15.750070384435482
108.95778103185947 17.411479588924593
76.7578543644525 172.35747320030092
94.75149231467813 19.912343968539233
116.1293655232279 31.830199920117423
105.27814550625443 16.25068375284772
123.90203453663455 73.4061171513823
104.39150913402011 115.52864915989764
106.35957289568292 26.918328870479197
105.41264370576414 9.586042132605666
94.6399629754048 44.72743963200981
109.85060648005788 118.83264736962747
107.79501599417583 44.08816178143607
97.6144046489443 117.79674945228113
89.78150970333127 44.19244996263389
85.75404145665642 -9.597044596548567
42.1286346093976 15.4329958008957
108.59360009892075 7.181406733448523
132.33460028049424 120.64025000787112
83.7403371235002 104.2823135667359
108.98495656329155 10.04728483082826
101.8148063978267 114.50723660199321
113.15687401131748 26.39325268555244
88.57801721428595 113.67053058384985
51.68228843095999 15.291585283367514
115.61655013263535 17.142917948215914
118.973516498559 11.786343746417737
98.69789855249564 8.700284960678474
130.87679157360364 133.3552200498462
108.40734240847226 16.819900809576637
83.81163971258475 116.97332378527669
109.94564131205416 31.511107746638437
83.74847159254044 57.016546313572995
112.56703798270127 6.192979663822432
106.59049098630557 14.944876534315458
112.95390013884025 91.77242096731649
-6.803766192460321 109.65327574063255
101.21105052320122 15.567016879594071
94.39780163904452 22.126438164621874
107.62078305101451 127.70594169927554
78.76502877639597 11.39309616780536
102.24591856214907 114.71551028687682
111.03853139209092 4.55303856030113
111.1418277930571 30.81323120642541
128.99122537618976 118.12920197836942
111.7009008286772 71.87323766625475
110.05069013712317 5.780581351426203
141.99571344181055 105.42806495555615
105.71808363141535 15.677971914180537
106.91995000833623 49.66779252172303
111.35983682208071 4.60305625674632
125.96208132150774 21.413323845247557
35.46119284643814 113.50639040405164
114.4269319153699 109.1756454493389
108.99587941926177 16.279134137057312
14.429792596633712 -0.8999975254904389
114.45463111710691 43.283770514050616
106.4476367068372 116.82247223136693
122.07907594242891 114.03159565788403
118.08752821912083 30.896407804694988
100.8309536293036 18.811508530561657
117.46285853445727 91.44219594654564
131.1259641169644 109.73135141114045
112.06970656185706 25.89743823047549
53.5944019146214 51.043689141378444
95.69580238659941 26.146210671670875
118.93149491414555 121.2862761607928
119.10028241101715 13.930088144035375
113.79288227847165 84.31861403234693
125.99059767166393 -11.046003996252834
81.37052250334564 105.76712449894163
64.62107896395462 8.027083377102937
109.923486136918 19.52401573612635
34.06193017255954 5.115123462403215
74.55182206099828 119.5461261533559
109.95581695267842 5.09986390721043
85.33415008898152 116.81013905480488
113.62878153087303 119.52781604657811
56.222476605592746 19.13258964249996
108.83999141524382 16.89972213244712
94.27159975486376 118.51762931836728
83.40516312167064 114.86770351208186
107.82929208035748 112.6940599988509
93.41247406963744 15.267054564994446
107.89414518225294 117.28497540483373
36.93786789445819 106.53764592567761
73.9668521691267 7.2772662841517635
112.84822836746885 71.82985235141012
119.15883159167844 166.38901115434157
101.59598779078844 113.18596679512213
114.56719411094222 107.76506095381299
39.62442311776272 65.3901689026272
101.22488511665406 15.972060333102075
109.94331931705277 15.103280839057227
124.52488503000708 14.853575686764744
93.77961651213634 11.193723105435428
108.79662170636483 19.529201437905282
66.52947646574121 98.4476216386176
111.27020484831277 35.288818233337594
117.77158657131181 127.1406590089126
111.97975240136961 15.44357294356924
107.03776894423947 19.98819722270825
108.07640111758882 12.611091799719196
58.847480450132096 91.36704810673369
96.46094302748487 6.351481221040872
98.52702233606217 19.46147027301292
125.71270317076304 125.5005983802343
123.76721353185332 44.38113103136122
100.75775845437502 60.198780245480485
91.98376945928273 12.44414281865196
115.82042031356524 20.25061240122133
115.94863228871246 19.73685371813321
120.01509027096706 104.67592297279874
73.14820738721174 129.4818896915072
94.77899819065522 22.154134938468633
77.54855641940706 22.587411324468462
96.41687001509399 111.84688939846399
118.50755349056185 121.74069953655331
45.61046966324843 31.97308007663252
109.62672909051199 97.2773859247143
90.67398277051298 8.005138649995938
111.06407617175851 42.246822381116864
99.87127534368196 118.06698450901737
108.2899671623166 114.84782005876988
117.25049509216304 17.6991964373567
102.46872383397599 21.334471963046095
112.05462199770372 135.9863582194507
109.97159830105728 119.16199552610878
56.7925605166242 37.36041387311448
16.5584476288864 23.34858921147954
104.15108084604962 17.458317453933144
104.28866559373624 119.01546457174119
123.73379979411945 14.54554330836026
146.9300383175242 16.628239165078735
119.44543503445591 15.160542115199188
106.23989341892145 35.546590650269124
110.13657750095894 103.20810381492144
110.32459088313294 118.43105302427472
89.61578541150793 99.60798419846812
99.11671354056321 116.88286151218362
43.32161258688945 34.285401579951
86.17083658766552 11.70439720549555
127.32431536252571 3.356312983916264
67.63538932600744 137.7543691633618
