92.80007810511066 106.740869713938
73.63302899244434 40.66386428789207
96.69197392135841 105.16235822284618
90.71837692282746 108.23042705023718
39.25476639661968 18.84398622226103
121.12491541298888 121.16782111592944
108.20378172027682 24.022740299664765
104.05903118976158 51.54336051936856
88.00487572803274 6.729157517552198
124.59805290977431 119.81244651603352
69.6002667942423 7.16115551849892
84.20476243756822 12.417877034935067
111.76707852402905 156.5900960783267
128.70404247464106 119.46862353821588
127.75337570714244 96.68489398925843
124.92369976854481 8.986308705669067
50.849217231532215 38.97683179413791
105.63844118199229 111.00730607311583
112.00241025139879 87.2595661936191
101.07222320387739 126.58259116326336
108.87785702155654 118.89131218889226
120.10873448169382 30.328474576116385
128.20081869859658 50.3260806656478
102.90341384241196 63.08266193757402
104.00457785738953 91.86574174100957
-16.03237255508794 119.11164658485403
111.7142964637923 144.91175869384415
109.68194405927657 138.75841543177745
92.29149040202562 134.23191084194258
109.24751963859485 27.490037160206526
123.67454402919822 119.95804653367539
107.52990233107704 8.656638340477668
124.53308864129582 110.01454101484819
62.933330881124064 11.330145061124993
91.38424443915046 107.77579226360315
109.47919367158147 121.65264078171717
137.84271298816515 92.43689673083661
101.50667334723258 13.507169774147131
86.94781294520708 118.56237326056574
86.9830498360902 14.939627707404663
138.50116869362384 87.39930881802674
86.91870103465985 105.36747835242939
60.6089440818772 20.937865699504048
105.34294399967652 19.868708098783443
93.17743097664095 21.13947361004713
121.12588339234406 127.16967360905528
108.54497586800841 18.396231299109836
115.04476226958225 38.1813998852748
99.13606884456567 -0.6988332995733388
135.58401936111207 121.86343970854139
84.1003481648756 7.891549707739858
45.23921007564939 133.31409842998002
121.8854629995042 126.95810911703185
108.60783200903424 115.47890805954796
85.99705276074641 113.70329811822646
109.726851614162 126.11242922088145
92.85025648483538 130.40276039186756
106.1203099592426 33.48286211335396
91.70407254560347 29.078184000639208
115.9456064043099 146.69299733890017
125.95173099022993 137.42458972628708
113.72329102753113 63.38369778238836
104.52392164117653 31.010996058435197
100.1756011545467 65.54725169326085
102.54892580107503 24.73237188403968
130.39093203307613 34.162964713618976
62.31641983809237 17.957878454355455
103.33070894421517 13.570098353278116
114.26488655418311 22.920632037359894
99.72211436437128 118.77385126566905
100.3963512037087 159.48182633676052
30.893882536964146 21.654340637356132
115.14266896807311 17.141812159357702
124.21621326482664 122.6052893155206
114.24656435351056 -13.296368630449523
115.00573077968204 118.53232768751379
87.89414335463432 101.54669765195166
101.5608785325828 69.08632431260564
90.89284125462096 113.93223597229817
98.48060747289637 115.23448559299216
106.15339805887612 82.19110163008347
42.74248654821314 114.12202640042207
100.47514603422714 69.61393807194322
109.7507570851944 115.8081956704462
112.00331265978569 4.237040911508366
116.32673165219956 27.6066622068442
79.24938138941133 140.0898269085145
114.42566490833616 108.72940842986934
95.63057187047677 20.114156211908504
110.20647647450912 28.988133743847456
91.3735727905347 13.869317746385622
114.31529192196871 120.82145342415588
74.88120479502813 22.780967384193218
114.49504704080377 124.3589754655707
126.65426253297314 113.26961541611671
113.6443577382965 68.837618515099
109.17854875729279 117.8457393190532
89.01323628417558 94.74796083605146
93.40509695410046 30.501775985585308
125.56555259208181 57.814597038781685
98.5310970477744 32.956917950740454
104.37233655815513 40.915752039362054
128.87227173176353 19.383623546952784
69.22256288872774 32.55717493895812
114.6003850130028 90.75502779928917
94.47428421074432 12.06440737555546
66.82568560245775 16.469033138927685
51.82723726414616 162.79013194751312
133.16132906514585 133.9538457723693
96.44763816377483 20.539326217531514
109.85995039091922 20.69120634534642
86.93559809392649 11.116925011698546
76.91587539165143 23.743732811583353
128.08772244785453 17.913229722125337
102.64078434241564 76.68611421528229
73.37505881749756 105.76663757304671
106.31116225859212 21.26812774866178
126.60970101277182 140.81683069363203
111.9826671019556 12.714862328174505
59.52512983070277 21.129000329078004
99.01203163307743 114.1983022907202
112.14510761139175 166.05139402992157
104.40297201839539 119.61166184597054
82.61860557593305 119.0202696825716
93.64854328399038 9.40087650746647
86.15515443479192 122.01436073044371
87.97462865352723 18.677671915664423
95.82377427123531 130.47924458879828
102.40562575142104 121.07606011690442
111.5698769887691 21.359827726860072
97.18680274088358 160.48667594536602
103.03999106961935 13.368627819752525
111.11304883209023 120.19604836614415
98.37608228379682 120.23477079894081
89.63860375446129 106.11503998355772
81.52983721110803 26.687978362881886
95.11447847647041 107.71061555269365
122.36150770899725 161.25916922891227
103.10902450568598 20.666960747331014
102.17981935131921 101.7983382988632
103.55186706770505 125.63862078864527
102.33574171842973 115.65537833917726
103.85980561602378 20.745493161340967
57.94639958208416 50.56716378582258
114.23253055836608 41.79698070286561
80.28606498316515 117.66571617362032
140.19578522424544 126.05499188689701
100.17059743966668 14.340533172615674
125.59899319742642 88.00907397808736
109.06389894445248 119.09765495736809
-8.65792417695464 184.15576537531388
105.71679325156576 70.84892792364134
95.80662618170932 119.71257336753696
88.35714245212623 112.84217149943275
41.319965393634334 22.358516648205853
117.94723312973187 55.713615078376954
89.5738126372653 120.03233665956823
77.29724590300059 25.545483933781963
120.24249376521928 23.39655451273542
95.96536478437771 27.356446498368054
124.26307170792475 123.0077159541726
85.46349380501916 110.00059396350404
78.97388924539986 113.91542505202756
121.96222079147593 119.23427363424362
96.48025403312428 112.72048942255579
100.95869419226936 107.90655786806208
95.9454868928 35.8120760443662
105.71257333188547 36.71450467042779
16.237451441601245 32.258179624440736
93.86677313924113 107.964114136333
45.06785388913002 114.11766424792454
105.40428090560096 121.54028876860174
113.11281473740993 131.78831757178514
100.44132363282046 122.94279486892037
88.46410529204819 14.351671647396094
125.60688810483151 69.329197934104
104.3916609969072 17.47653292327271
112.81009600371961 22.071981708735837
62.78187480609125 164.30688052735846
89.80028792738071 19.9255512927586
121.00369247315805 42.03505337830156
108.04318772530637 20.519754825074084
131.22596005092024 87.76613883732534
104.62510390751805 115.6564954955437
110.8933327187534 35.58287526113313
108.41949173869037 14.286657301574614
93.52271196078017 66.73993187659613
99.3122066558043 124.92676501768277
111.95935073937346 48.36363332395375
89.47148621495793 116.94815987724988
82.62595081929807 58.548608666678156
81.49398152340788 -6.011276949381188
44.63915779749328 23.49427436709725
108.17809150252391 4.734293645700397
140.91759082640493 139.39163947878043
79.7009507591018 106.17376751221653
101.16714986246241 23.13575119060355
111.35103381139942 120.76596535222622
117.94121393264994 33.83100979753173
83.30164367717991 113.20488992378334
62.604425098001116 23.270524683708512
122.64223026075852 26.518360914644294
112.28336655496905 18.112039553796517
99.2336034835816 10.95338935558298
135.7644170212985 131.38303585586962
109.60797290322108 19.591258628652856
78.05728919913616 114.76527737850319
107.99788675926948 39.028272533483175
73.84967485343851 55.80855219037069
111.0170555691093 13.381223924086466
109.1480934280623 18.04688508224276
119.14971114481713 105.55743004097846
-3.000483283216087 130.89281458004393
106.25943678651205 21.968276591758443
95.07390175214503 13.214462256675382
113.44914805537962 134.5106951635757
82.30700836845183 8.901453534796037
109.58245693193484 119.66396557430095
110.93192970937343 6.878363511279178
111.55650175145394 37.155570522066746
137.9614022153765 117.48081347076246
117.02446374673984 77.7012554712369
109.89433320939085 14.433765762747655
143.08189776384313 126.60043230176613
111.74032224622549 25.859493517208527
105.88831795574808 53.671209284824414
111.70220641139821 6.403286152316313
127.49995325790753 21.51377877062059
36.15317751216987 117.21350311876529
108.50503273426445 126.65560184296912
114.9293132476574 22.35311297258667
11.677175287929751 8.408531869449662
117.59413143215151 61.298736216210756
113.46193631085356 121.84754423720702
107.98785748895966 117.35525079859761
123.27684118698534 35.58072099250353
106.06878616819327 19.187142567766
125.21330529519277 110.72669316326478
125.62694881401099 113.23274308970792
114.09096160453021 36.859408785425856
73.42280333471442 55.13911277725044
95.37051579717846 30.773005278707334
124.80561729845974 122.93555425557557
113.5179208699479 19.183936246699602
104.8702633479834 95.54467842386255
129.84465740756912 -18.909950657472862
74.93771867755173 103.69078315527875
59.6977934595931 7.35289550640494
105.08836673737635 27.446011157392903
51.343713980198345 7.588512250562758
70.88037884070728 119.5678847068547
110.55296628079627 23.458418940838
83.70829597255269 116.49494501769941
128.48591938178367 119.65976835148604
50.30520755313525 19.65246260141382
109.95042934282526 23.17412054494608
88.26277899501224 118.16478419803585
98.7646869929845 116.30367918862842
108.91579944009779 118.99568865423532
93.37073117599802 15.203636576012443
108.19076868517695 139.33865373361317
50.43626471879951 108.65472684326654
68.94981471429989 8.725833833849265
112.93629349130217 74.94980536074983
121.22639755267815 172.35715093241157
107.28439825926955 117.2469769538246
120.56968061415172 113.19247252047424
38.58174530685931 56.24082742976575
98.96798508911893 15.362676490213575
109.57500227946619 21.321570276780243
129.03497068129684 11.687060856792451
95.14347365588085 11.910721976858367
107.13213417276742 30.578751481327387
62.912583667897145 98.0999360626385
121.06723970733768 54.04949763692603
125.94688232108734 137.22861371412313
109.87980212730683 21.124792658305342
101.14613264815074 24.192527802695075
108.9349224502532 16.77370118055274
67.51242884804546 93.54393202790399
103.39252584087444 8.66866310794539
84.09454985017868 22.112995989668377
138.22141395786429 130.40974537591006
128.8802364306037 58.95325720864494
99.15648764419137 56.42766820789756
87.60807429516143 9.631749503550253
120.39340864176305 20.721974122613787
109.77418631191934 19.857832645099396
115.55132235973505 101.70020113385465
80.74587101669805 133.74052036660507
84.72739440018964 23.836473214942636
72.6041832673696 23.866692242146677
97.66189256507037 111.92722980223812
120.55339943051845 148.4955288115808
60.58323532277011 37.8053148800044
109.60544909150336 96.63026238548392
88.5131588124425 7.100372147265387
117.0309583421043 44.84447156745697
109.33769833569774 114.51328958653716
115.46378437496327 115.74473669630817
115.51230770187084 18.64490013665551
109.76004369529544 18.36447528912676
113.31011266634107 144.71795431632398
105.93569155124375 119.49557163370059
74.95851469117228 48.50892474384773
10.061425376454874 27.909520890165293
110.12865306613303 19.635450563581536
100.71114468497295 118.73347962026708
117.21828253083318 17.813690171024348
142.7904722731183 17.11274787595777
112.81433533334403 19.64076323548916
105.0101481857281 44.848403072791655
109.95096192197137 122.8923222553952
107.36706319456319 120.7594583087896
87.26313445995659 98.50545118599607
90.55416354414024 114.37662922066906
59.49855794642009 36.36128832454004
80.4260502148452 10.008814349469773
127.0614785465238 5.776949502800623
65.31034347021766 141.2734299580501
