93.26978238690306 107.73030527134728
76.22800757044476 41.015695008081096
96.9261364798196 105.47615834434497
90.92491681393189 108.61027432352923
41.009342248596695 20.96145027333935
122.50222594639013 122.24633578174901
107.59745839715578 26.537816835861946
103.52788809914254 55.68235323361019
88.40520985036086 6.422043749933472
125.38763411650208 124.52439786245374
66.58796249006025 7.830847093161747
85.22903461553554 12.594737908083077
111.72923696397191 161.0349286318164
129.81651011033523 119.47430598446378
129.6717528047442 100.49425464910927
126.36439572995374 8.310932281143135
54.30134844616068 41.191152377741986
106.34170515321809 111.61183516936018
112.16409409308488 87.21008655532484
100.22210761011301 127.10105798679994
110.81197962131422 119.36427585040191
121.67788225108293 33.7129210302339
129.33231317677019 52.36398719000679
102.31432016692753 62.31834919814197
103.43059723993822 93.80536962156135
-15.10823305261611 126.14629313084474
111.87355054784649 146.66520495266658
109.66617284432574 145.02076867083218
91.59909798376735 133.9308885174639
109.41478564817919 29.127472349782753
124.35995013266005 125.158880514908
107.62983765744683 9.237884185840045
122.58237484588852 111.84298385548779
68.01982493690421 14.434814950800456
94.35714336399589 109.07698803970845
109.85461749762871 122.95918435509343
138.5617478683438 92.83064230824623
100.25124474715743 12.713918537996921
85.09181742952804 118.4880760664387
85.8955669588438 15.102609656914474
140.6784061014074 90.8586079123194
85.44139444536219 104.47348964190758
58.6992645581265 20.79074629041229
108.76943148804394 19.856223863171724
92.76450753910045 22.575010919513222
122.18183842846246 128.47955600104868
107.64547671401381 20.261149567103637
114.8931219064915 37.423086196985956
99.03797653226786 -1.4748313996626021
134.62578682848797 121.71556563864326
88.95827796059072 8.783944512951965
45.921568530297016 141.51090802107854
123.29694810349145 127.42596345943474
110.34381471314371 117.85340076161644
86.14293457339826 114.22198004820389
109.95441129126512 129.17586308801285
92.54634193339422 128.23892956619264
105.18170414764026 35.6569762878234
91.60986257028239 29.213700206555735
116.12654324125464 152.11834475680294
127.53431764207909 142.1804238676292
110.41253656039287 64.21795827791142
103.5299511942013 33.00857519014256
98.54853564877853 68.67462734397196
101.02350482789878 25.594491292205987
131.452974053694 36.090793604618916
67.68397459903754 20.775460638105066
103.87212822844157 13.684152765836215
114.49141579761682 23.89399061816865
101.08965364016072 119.01405146943817
100.7538460731289 162.38599931850598
32.38121440282036 22.438030706426158
116.39249892181152 18.35433079971225
125.7157484907312 123.905625998486
113.74853724059162 -13.537776341491877
116.97830607820957 120.32286849644349
86.23669710016547 100.8235799541058
100.28556810772446 73.65771692110114
87.56581401839988 112.46237069464149
97.67769580308386 121.22505041871736
106.2197519599191 83.1554894781922
44.267321109352054 120.46180760574929
100.4110997063674 69.04862362366246
113.0637209121991 117.0707996474507
113.82762265200166 6.767298758973736
117.22110448717562 29.757738499059535
78.46461968053829 139.35885078700883
114.43861462339254 113.21120626243055
94.01935841772182 20.080880725732776
109.92725077737242 30.706461676977682
93.48342086692453 14.533267543385005
115.1916089860275 121.88192183327969
75.92166647548183 22.93276270782839
115.30368267687761 125.20744643140345
126.436135289009 117.9314402093674
111.60581513604772 70.54383056802106
110.12234188406441 118.8687165142942
88.04096867937518 94.47944233891525
93.00488662239168 31.350943848829264
125.24839539806649 61.47201691070502
97.59372810308291 34.672658442287634
103.07414801106842 41.965716045973934
124.92895578008748 19.565383518153272
65.16115412083667 34.13110654129451
115.12843054359699 94.01638907658634
95.03945148043177 12.140782872896505
70.01175395681864 17.212664618467738
53.69915618754872 161.77162019430833
134.2350809320877 139.3958926769583
96.31543056034097 20.53801252501431
109.9544690952147 22.350775311846736
88.33793011321451 11.400874000142624
80.51840502174326 26.17268599460239
129.29017722200453 17.68119379792162
101.02391860663369 78.7297913249345
74.28835396383151 106.03032687126304
105.62550168374173 21.492292384258548
127.35034511616453 141.1969828097243
112.49927424020179 14.32604230615538
57.13005039299563 23.0014559402036
99.4324162660674 120.0843292162035
112.06092890703074 168.41400973900355
102.58951789567226 119.68210261004542
79.78839818658717 118.97064487801532
93.4020319976482 8.858822240343175
87.01220881138873 121.87234381499684
88.38766629391526 18.684500643371862
92.26193029728833 132.28833918136564
104.42923910738689 121.84307933535126
112.47843639328697 21.618591162048823
96.18935803479569 162.81009148954627
103.32744708111368 13.518610618100485
111.99948489818102 120.73157442768394
98.69777402003908 125.47659121491174
87.97528071683553 105.42425278353457
80.59024954406196 27.140883889529135
95.37668925881219 107.8730682832452
122.29985353056718 157.07939111399634
101.92364614505355 21.015418492009573
101.2804646772205 102.06400565007237
102.43129386963663 126.49638895739035
103.3651438628452 116.1798355941431
102.17076350112637 20.987254770151512
61.7072330805311 51.53947418260347
115.20734548346948 45.0459554276986
79.86920190397211 117.52759848790893
141.32353729668517 126.38795446456987
100.87128173166909 14.64583462711397
125.78750306949503 89.20971968781933
109.50268882516097 120.41810225071579
-6.735916711361135 187.7695036048457
103.74848827672074 73.32574975852411
93.12029566786238 119.71859534831195
86.58812289516536 112.44406590233044
41.06528899549098 22.775866746864818
118.1179581769959 58.44695075192329
88.13977431341907 120.06309960880361
81.18442948981325 26.390312154796806
123.36670983246012 24.70763323388471
94.69859753477486 27.802694208366763
127.44610369783005 124.26526848030369
82.7193044812515 109.03899750740254
78.33329568271164 114.05222678734599
125.25635055118626 119.18535343358762
98.09525034123074 118.85561424099483
101.6163921381862 107.65877162536606
95.07037406595715 36.91587160370323
105.4067049379465 37.61438423354363
17.119300769405065 34.96502479428518
91.28142280203886 107.38808482337694
50.2552121539507 118.00147828924914
104.15907767456235 122.55885217053539
113.42183719792595 134.0990329576403
99.60754468741017 123.31716061328409
91.97457778735779 15.956608155146556
126.17264065174972 70.43568647545146
104.90195470785615 17.946096938144585
113.72143190815659 23.204060182963218
59.30159768773854 161.18817877967714
89.14406298692192 19.92697158604786
121.97055423807575 44.116584677387934
108.78857193381087 21.596036100404135
132.6234569755115 90.97286027969157
104.7795567467782 115.80500740345272
112.01543811949765 37.409554961805284
109.23942603888982 15.669508662045244
93.55965228069226 72.6005161610093
96.84755219668634 126.39569496066899
112.9378498197646 49.72356098614234
87.68987985805961 116.78525820232349
81.33336127890871 61.96658074804492
80.8464942119385 -4.473460362134827
45.70969719694547 25.412463687499855
108.11411147151618 4.456648127955023
142.4401371904245 143.57116966534005
78.56603913394815 107.08330765095812
99.3693315394332 26.413153425336276
113.73219024747938 122.32914266917045
118.9297801077205 35.437903747175305
82.78729694269927 113.28538817537527
65.52496670698692 25.224800792594728
124.14510520636654 28.71989098658675
110.53115398122111 19.76554430467974
99.52881871941702 11.782615589364777
136.56754105569553 130.54461594807452
109.92012747153704 20.317901573007656
77.60061592123164 114.29538525435852
107.59101234223563 40.531430763849244
72.23041479485585 55.65531458485549
110.5091543551839 15.388225054090013
109.80234998198894 18.859596894956645
120.48214703903133 108.70219173403493
-0.9920351902177651 136.07327732687244
107.63431576481788 23.56835504528943
94.27854887458557 11.085378534083906
114.8411912473846 135.97937281399615
84.22192641341688 8.551542624929958
111.45592494098491 120.92145429929884
110.87434524232644 7.82528847268488
111.61160963251825 38.302440487813165
139.5041251023153 117.37266618762361
118.19656975211234 79.04727485278221
109.85039049260628 16.739499135921964
142.45458758840937 131.9004994874207
113.24069236001993 28.30290658455953
105.74507457967356 55.16193851877763
111.74622097032102 7.285834693755281
127.40248965000475 21.494568143371136
36.96660635321758 118.25403405832559
107.04028415812103 130.97761190215016
116.32662042777581 23.834418190518623
12.99792845964793 11.126634053483917
118.2081532872795 65.88348838982819
115.1458961376939 123.07329739608235
104.39690644776901 118.23985735146992
124.2215914593439 36.40542967298145
107.49305253442701 19.30295957747696
126.75030406523669 115.94997186499626
123.83528616708853 114.2477086902639
114.48947258332325 39.21709497464734
78.01431725205356 55.05187864378023
95.63521560145053 31.67494222085584
126.02232528286832 123.24066110949076
111.95664569344171 20.532891104454162
102.68211914025383 97.47353894813422
130.4693377037503 -19.420804072603968
73.21101958341715 103.49949354983717
59.72635042336836 7.5875842179780175
103.94239037574211 29.24062289687959
56.170645048171636 8.476157571177918
70.8524364127335 119.56525913112007
110.67647723320948 28.092411552466334
84.03032235310577 116.51823985846755
131.85123712543103 119.68414660166692
49.542462664885065 19.782172817463856
110.23082301496409 24.67297230127747
87.27969662337105 118.09343154583865
102.88773382767349 116.74561852412693
109.2266159306919 120.61017001949978
93.70303714253447 15.266967677473673
108.29182730018194 144.5666018614282
54.399770386816165 109.45399841816854
67.20775855142183 9.400992844018894
112.87818962624753 75.73717605955972
121.51055998872954 172.60698350493576
108.78138460113033 118.39520602670538
121.84990980121765 114.76540104149132
39.01215654846685 55.2360589325115
98.66375212572231 15.356306619904947
109.48279284459116 22.87172271468098
129.67256574277542 10.984026223597052
95.72041743322072 12.28579986200159
106.76698536251203 33.15136176075095
63.128924534826616 98.72911775514925
123.42964359148927 59.43898109312519
127.74640593861865 139.2301300989304
109.33459764190108 22.55606268701302
99.84784036007494 25.110474158365086
109.17850709876478 17.886713383338254
69.69161036336394 94.70459768135579
105.34975534737252 9.490430084741199
81.06564173461766 22.703394361600168
140.79361080584417 131.39486764597802
129.69814426272436 63.095327213471684
98.93926284465164 55.18868337698428
86.9627826634162 9.236519464708717
121.34341374702657 20.823346844670084
108.20076272869551 19.883304855534448
114.23066651592717 101.2588211004901
82.54177621582107 134.48911327197087
82.773711913704 24.161120958215342
72.15318970744873 24.072096071915166
98.24986251795407 112.11769074489133
120.77249739186107 154.9129704709704
64.63863542356142 38.86400276842382
109.5965898966812 96.18096141150689
88.68734915940804 7.1270291825339545
118.30794228543031 46.1333540008745
111.75881514137018 113.68108035003937
117.11512256691516 116.07526833168045
114.92186471012546 18.88638411423815
111.62001953734837 17.646028644267506
113.49586565004971 146.52443187711089
104.98823045643766 119.56910882596743
79.55332943778882 50.630380494430334
8.987746168698918 28.795323137888303
111.65310640014022 20.196420819948237
100.05782864084927 118.67068197453656
115.41246559226664 18.661352276862857
140.99404564406 17.300189299167062
111.03291400737373 20.76906403037946
104.8335350799195 46.73132111383519
109.89596940971359 127.85555937058193
106.66852987523028 121.30974110864076
86.38590008479703 98.73385650428038
88.88353684427602 113.80908931553337
64.0489605869031 36.51097597143069
79.75428306766578 9.823039766860346
126.58417477678893 6.730418217621335
65.00611114887968 141.88900309142127
