96.52098011731748 112.763466893377
84.72465993901157 44.101118371388964
99.20741901277704 106.52114294852639
89.53566851605333 111.8200712283502
49.324943676508624 29.003550886440905
126.31360021272097 126.27683227408767
105.50858581782701 35.55985681950327
101.95412063513554 72.4041759772917
91.87257710545394 6.849963427521633
126.94184623493406 142.79010257303167
55.018294356920535 11.553790367165456
91.84947061117906 13.925194784325422
111.31320537186578 174.1552852508187
132.30323048198045 119.48792106548868
135.67241179009508 111.68994733771532
131.10336941647336 6.631055117812407
70.48121547332335 48.795205100957524
109.39844412313039 114.6915753271908
112.14968049603218 84.32370361474786
97.95920788843942 128.3700585861626
118.22062263268322 121.18154684094928
126.9016062528844 45.3948509419118
131.83867050150016 56.8226447525206
100.87650628062303 58.67641765794183
101.82180865649197 100.67957938745805
-7.584882884951027 153.21139653726294
112.27831817703894 151.5766559986118
109.59338221209275 166.04352039328467
87.04956181869066 131.7492762480579
110.06425673862189 34.49814666981803
125.98012215053946 145.20787485670246
108.16227958645707 12.392089967487513
114.27106701317155 119.71213966392132
86.49225432137982 26.83890209428391
107.22229205050598 115.23281339342523
111.2546810900468 127.60903784937368
138.6307840529226 91.23638903336307
96.24413132433186 10.368658395937988
80.7181294045565 118.25004803697558
83.70672494494377 16.230231112641032
144.53711691691805 102.8580702773636
83.03848718823069 101.8782319758213
51.07043579412209 20.019173606819603
122.26684419588946 19.808649200657335
87.06943106438041 27.85801508740304
124.9562591156376 132.82791200040248
104.49379019990978 27.45627687943449
113.64517841458311 32.66695163528798
99.63465144518443 -2.6563016290133805
129.02758722209842 120.90642250886012
107.90752405904749 13.356895568992723
52.14003560978516 172.25313197545972
128.1076582079194 128.75957604729936
117.1530079325687 127.20022599012795
89.58738598610269 116.82265363109053
110.78653351061088 140.2203046859943
93.27585311648491 119.08445072338552
101.94396255748805 42.041291123727376
92.88418172775894 28.542550477639214
116.16316375486298 168.44925352611085
132.54243786112318 159.2721668516401
97.76243725187885 67.21151608992575
100.09693618186571 39.29285127758534
93.36811546853858 80.02738398028929
95.95380401337113 28.365500813463726
133.89095018312267 42.63169826250074
87.25333124282822 31.703041365458226
106.63993081727122 14.598441493859662
114.92090371044831 27.263603118002088
107.17862902079699 119.9825512560171
103.04484298037268 168.35928127873643
41.765709264625855 25.086957741271828
120.70335349437624 23.214336760529275
129.7329885763042 128.6374769598482
111.69931204068519 -10.760926063479415
124.06512282697665 127.03444902562825
81.75729426366847 99.3833267748543
96.40957065461444 90.82789669992069
77.63473703604919 107.60105512701776
96.09173686034764 144.48260721874686
106.84069855744772 87.11021614323839
52.5471361733031 144.98797992867605
101.19504369006164 66.58060176816268
125.36582759716441 122.27822042862718
120.3927166302731 17.934261003483396
120.00040794960509 37.130938619867386
78.07381197817996 135.5685757491186
114.005877256074 131.4058743841261
85.35577737143822 19.872281081832924
108.80370349620682 36.294798647476085
103.43616007343678 17.53289330381771
118.23571802146046 125.79089007187794
77.19238208832301 23.21035146176782
117.81613847160934 127.62338214807043
123.90364004457793 136.44951678615368
103.70914648566904 76.09204794016955
113.71997988173123 122.92808524057952
86.28572767145074 92.42992067799615
92.54255850014347 33.8007067117659
122.31720336192436 76.35656732234975
95.25217500070096 39.85177600733254
93.36322062603352 43.70001238423057
107.86760080638743 20.297251013451596
49.06757938478028 38.83010603459578
116.62875315359375 105.54830568385525
98.5130525252409 13.161810527655753
86.28179433750675 20.028739071115655
61.60191907833561 153.67443252314868
135.89128741263076 159.3097881829966
97.11910754613272 20.470545172428587
110.29790625775323 28.811846139363375
95.6488402902258 13.544735747733878
93.0327090327774 35.14037491044196
132.23294985034823 17.03225622441079
95.89079890102971 86.00112588831195
81.10913735779069 108.44455067615368
103.38272481315403 22.128323631557027
128.81051478297772 140.16767666159896
114.23930546995169 21.034865114356915
47.08078997646489 29.868364187883476
102.38143046903316 143.060825912904
111.56747807049162 172.97296873471785
96.39249866940109 119.9204711045095
71.34279679262285 118.81343320951007
94.37941479671457 7.773295869248842
92.78813898984873 121.07538286573651
92.29066136533092 18.817204890136843
80.31269876045297 137.70780427944877
112.93445394216725 124.65929784365322
115.88159460146852 22.439332093721323
93.72892922910603 167.5387546883615
105.24597006486086 14.764487942951003
115.23197730200995 122.69100867097217
101.25041099557565 144.9631639709461
83.35664881637179 104.16231017506334
79.30104271691472 28.102912781596842
97.85497107707103 109.35651595146747
120.96122046324747 137.17279782885547
97.84655644802325 22.24703234962782
94.6361891464799 100.54820002610853
98.77804363594313 129.25665784451954
108.06271241660086 118.57216062914634
96.43477842004722 21.841856952381104
78.17058128575776 51.73701180708435
118.53208251753902 55.31257285424239
78.79218038761712 117.41644527675909
142.34702803923355 126.7377245170085
104.45946844366125 16.260462843327048
124.92120213668477 92.86815982091356
111.20432387382658 125.2907221895787
3.796584185032012 194.78650269578688
96.67941320795727 81.21010538502617
84.31815478473416 119.70013828341725
82.77185229599576 111.90062422213198
42.64978257482586 23.98223848784436
117.65996121030825 65.85782689014813
85.0719525142329 120.1087839192093
94.57887568533535 28.976881903400184
134.40752989473566 29.25445194778583
91.69953714030864 28.461044060138263
137.58255542258817 128.6731517607253
74.96272379296342 106.73143673093293
77.16161176163934 115.0457741514438
136.44663435340587 119.001611054985
105.6462751980106 142.84219679833313
104.8712454020375 105.06249688475138
93.26591897891637 40.067295126486485
104.74507896019749 39.13363553802383
20.78777771818562 43.67276332165622
82.07922561976457 106.38673309660449
73.0535072710234 133.453888009002
99.75004775228237 126.27498393205146
114.20618412649627 141.10674835061064
97.27285456609373 124.50908775708054
104.12781525138381 22.446032910150674
126.43229525408093 75.2940611320184
107.28157295883864 19.90936582862451
116.8849783288915 27.248928669430047
46.830233215310706 143.25063266180683
88.22495276866067 19.926948454383513
124.64883815904649 49.65736741237423
111.7708119978424 25.63488978483543
136.07273881937573 101.62666508571307
105.92308841682436 117.01769838955363
116.18972347767296 42.625411436513
112.49168718783724 21.37643581544968
95.23719611296116 95.27569067611601
89.03045428201374 131.55617652126057
116.32247946637457 58.80605364929021
82.99417914481297 116.46178262502414
78.68064962108271 76.19453410359532
80.18360294407503 3.9532682145469002
52.367424376462466 32.29183162993311
108.01754789132357 5.331385100157384
146.32348503842093 157.10340768710378
73.32238675362858 112.54708168250423
93.4141511757636 38.404885105086976
122.45665421516811 128.34194180157263
121.91659073063218 40.31363145884187
83.67426644912558 114.4302373233584
77.9214936778809 32.405948364053515
128.73761613430128 35.9177057256316
103.63331853622627 26.20888310499409
101.25845481007777 15.796571451310058
136.22222890693672 125.94845952823438
111.09396177962566 23.066297135371336
79.0920637537711 113.10084006953207
106.32104145259126 44.08425372333998
70.83734713483501 55.04058897354574
108.38497965329653 23.563648778550544
112.36713007065387 22.062024722228102
123.50355372026388 121.46068723303108
9.696539181153616 153.8999014021817
113.18305296640142 29.188123462323006
87.33697085606815 3.387159465325214
119.61877615995463 139.49865131116718
93.15115576333955 8.336640943572704
118.59319162279692 125.68843503085922
110.58534765691059 12.268677375305145
111.64920978192302 40.86652201557166
143.092836639965 117.19545364966454
121.6349260868801 83.37257250542467
109.67119786999541 26.037087874798992
137.5498256781003 151.26617772582355
118.69652174138503 37.19766270436785
105.56010806610323 61.75394959684447
111.77587565793323 11.766340466456764
125.78038770059328 21.215977799037894
43.3899988948055 122.42550780247419
101.6813184048485 146.87786542015408
121.38288564869798 29.194493280158035
25.93244121465932 22.35394450224537
119.89019578220811 83.97925310791354
121.50521581316985 127.49418388576207
90.83261534933904 121.93332061869256
126.09655790526263 38.22876973711359
113.25805599271366 19.79879199248227
131.14429491348952 136.96434855850794
115.74251234700651 118.84952318393158
115.45355712275308 46.917742019710126
95.04545879621095 51.93504881577216
97.96173231683812 34.29160439679795
128.92871678113582 124.0959842548737
105.68364119479591 25.654961878748175
94.681521575308 103.71306307834932
130.3826624869124 -17.64272780698365
64.20861360184814 104.9276285124632
65.65774611039929 9.822581489285582
99.86303636996722 35.05370232380958
75.0157895233514 13.17051454853247
76.0704139126872 119.54320594023046
111.01897814981753 45.39468924595662
88.70611314990157 116.9624356453069
142.31117145868336 119.75275937506225
49.42274297785008 20.24153177037721
111.28863984871829 29.783080636163884
86.70737194089719 117.88933791321669
119.68489063598894 118.75737636355093
110.46504944057926 126.85718181073611
96.957946972689 16.019815155502318
108.79494704239433 162.4048417964036
71.83484443754077 113.45486594419486
59.86650404007506 12.994763802790729
112.23798515239908 77.74488639024182
121.74510063221337 166.93316726231984
114.68523972484579 123.04732831274119
125.7310398033506 121.19324362742577
42.50186712805899 57.054351181878495
98.24425157112111 15.686517267036514
109.14850798531133 28.72174533001393
131.0574861021682 8.863152729360438
99.70060376443229 14.40708846516146
105.64560564233125 41.59037366191894
68.16017643793904 102.81643844710837
131.5251959989914 79.76663184170653
133.27774807885345 145.0543945935703
107.23234646368658 27.716181622500937
95.9123538158722 28.03621964040935
110.18415193379712 22.395773446106713
76.07539125628023 101.2331575427849
113.63935141721883 13.810914228569796
73.46085578876882 24.803511995022987
147.83372578389222 133.6383363048491
130.9057014462654 79.69910297261866
98.49430481479708 49.69719089557091
87.13284057834215 8.71320277049042
123.99413531765401 21.07365375082085
102.18902962665048 19.97934286716027
108.51042115318204 96.08851040398581
89.10620267363095 136.08173013349162
77.64745039770077 24.804453509908097
72.88760759935523 24.451189171210657
101.39454227403287 113.63539331737852
120.63856905955093 176.55114317760595
79.66997804919835 40.845846747306226
109.55505113385514 93.25748632122436
91.4942282408428 8.528468453288255
121.76103839810736 53.18393169067683
121.0262467240566 110.20093237428355
122.69410625713793 117.603027272322
111.89494607618344 19.817001334585154
118.64620553233404 15.145993708646339
113.82752985776571 149.88564446428109
101.5876671357484 119.81185592488735
96.09275338029589 55.72933231007076
5.602076432774142 31.234504645376756
117.35182590220471 22.331208662670527
98.07442612014741 118.456452124697
107.59248523940019 21.96710634454928
131.13024252750938 18.21108582307155
103.92605658769784 24.92702358309603
104.66515516941422 51.82333455814187
109.66213557210786 145.9950790479535
104.27935633047102 123.16529635008992
80.41079335452676 102.22897545558496
84.04470533855043 112.11240798457827
83.0461802898966 35.23935870632651
80.08302818739202 10.007217840527655
122.8460734886689 11.566241470759232
64.76320779281612 142.84011610835714
