102.88364991544634 120.64727270972989
91.01354083767133 52.34280369076387
104.69033523114909 98.31350904970353
84.5649977911411 117.96449768913052
61.66450932664956 37.044570639059
128.42596274146968 129.8118230255716
103.96795406148595 43.51668589413431
101.89800812454361 93.74891088986165
100.21611033424442 10.83391837416075
125.055151987868 160.9263718060344
41.802469811081814 17.67994762818508
103.77474514723528 16.519558200586943
110.37505111376959 176.93911121930466
129.8383533673881 119.51598405240867
138.4700359771242 122.24330688435388
131.83984748284794 7.0762175827423475
91.31701032174588 52.00282932637636
113.20303651878474 115.40240150411763
111.00526757200416 76.28539463761246
97.90160589509429 128.3359147192844
125.81356045288385 123.03928334245067
130.40528514381597 53.028061848706656
130.77278129179768 54.03859729539299
101.54770379450714 53.429518269847975
101.41543470738073 102.62308985181086
9.203195468795101 179.44468922914942
112.25585340192272 153.22504888303664
109.49859611295224 181.6382207093334
75.68449068491121 127.07935008539904
110.71963273527186 38.020914878477925
125.46075283589698 164.79804815989593
109.07816735269873 17.971353720350407
103.19243308263222 129.40486181071049
102.84985378398038 40.74347958474603
123.5352310453779 124.2966280119165
112.53590696311477 131.33831367244105
133.40086975592894 82.96203929590659
94.46409063495247 10.379827617506562
83.81724324739186 118.10737273290982
86.93238238650869 18.418231045176327
140.07431274273554 113.46378949958586
85.60964508169013 95.66093184371513
40.692886030176425 18.892332516351292
136.31665822876366 19.766407484605
72.67173874755835 32.43314486195073
125.31991499106775 135.61715171595773
102.06421613557465 34.52283338805824
111.29636289537297 23.721375501287646
102.46420117427894 2.1466192632802032
118.71106710022701 119.63547105207006
129.04203495877016 19.943297141313522
62.80882536164308 198.714931251519
129.82026311449295 128.8288858399005
123.50192403612282 137.03019206202592
98.66446330505448 120.48986174758859
111.43148457717695 149.35938583182585
98.22523189707489 107.54726757152216
99.27412820428736 44.301466090016575
96.6824259859746 25.618723435092896
114.84693769475932 176.2732288580637
134.9941634572539 173.06469242443293
85.33640729039013 70.50171141714974
98.3469881958648 42.79545542754711
89.90698290594527 90.21371663311884
92.84533727851452 30.017554204555353
131.93922725773493 45.43334435964778
109.29928629220933 42.671679164904376
110.66962763926529 16.830573913116964
114.4208954568132 29.682726871635957
115.18663383779062 121.04910145614137
107.06977969456182 160.52266103491783
58.01086052939613 26.888942349334755
124.42964635965957 28.680004200830325
130.6286224647182 132.0460518710349
109.68911631015082 -0.5145944655510393
130.00891843989038 133.13830605954993
84.03287319547532 91.26208351417294
94.12179935195502 105.03019292957185
72.766701781823 104.66290373865246
97.66996892161134 168.64653460639448
108.24788963642477 89.99276932942423
64.10761149086645 169.89171395435793
103.81608783823269 63.20982051660356
135.80434439458503 128.19062204796734
126.45418623400818 31.863490791059878
120.9698207074948 41.59687123009955
84.81455782710267 127.367035609661
112.70116560574203 151.03627933862
70.11225537317654 19.52765153010761
107.58998282264477 38.64132263482134
117.47110561874582 21.635625848075385
120.24681831099373 129.45349047547228
76.13728479369759 22.769728743928855
119.03684436094677 128.6271803163046
117.60164736912887 155.4279352367788
95.59127187157124 83.18208265350205
117.14635831892267 127.20191029492705
88.6114056415846 82.76554095892833
95.42314537259809 33.86324922221792
115.53894489613928 95.72150909762316
96.76522083655591 41.517759317245975
73.18334170884104 40.003351809188935
87.1378129412415 21.043474824441475
34.59709301598463 39.572451446758826
116.82667141473252 110.7539966446618
104.7595864203834 15.917936293018656
111.59354826901352 23.035434132437498
72.63325449395981 137.61527138277592
133.1284893735865 176.72888953024085
100.76953468715388 20.23095432323115
110.5941544322564 34.756271063226905
107.47901478319979 17.536427288791813
102.25956311088325 41.974838620233996
131.89842820075964 16.664592103994924
92.42602848234063 89.606892303228
97.58239331439317 113.7341155437507
101.7066352679009 22.302462765669084
126.65975505221101 134.24679400238327
115.76029704826523 28.94610956354409
39.31338185848377 36.082915825551865
107.53463251754845 165.6981345643303
110.5769139449553 167.6103035752548
91.50073864109092 120.06668681318254
67.85959157093744 118.7540009992812
99.31223440279535 8.620825779880247
103.24222042931994 119.72792303892848
100.65311032121222 19.14145525720834
71.82780928844164 140.8185675489209
122.83733363881804 126.77683877524511
118.78840669882426 22.82384700480572
94.14866728794685 162.86307395163894
108.64611008958359 17.183610517640773
117.86556785765357 124.28471754746404
106.12910124542317 162.3667286499492
83.14688568060654 105.84405496239359
83.6769507386996 27.565814092339473
104.101189238886 108.31016949717115
116.8203485547298 110.0328293350083
95.016279027113 23.135094597454497
81.46009729704467 92.74697948242905
97.37175236143999 130.41725815497804
114.11992772452774 121.71996943501247
91.94533160131581 22.491402164794472
97.75187901848977 43.32706203479972
120.50501275678201 61.02759721672162
74.64371468339627 118.15446492496201
136.44080196195688 125.55833499551416
109.91592951001911 18.85650442477717
120.57181602310592 92.92456240737484
112.90064085085365 130.42007319499024
22.25357872333062 187.3446301852705
90.94426538068507 89.48707002337788
78.81665948533883 119.57763488431134
83.53200654066725 113.05425775830159
48.04976916481059 24.468780885464717
115.52762929689196 66.06268877419492
88.09314224366534 120.03615474596442
106.84022272080271 29.823125100533815
143.98783183971295 32.0144935035312
91.59308463334698 27.930325679723953
143.63840942672599 132.10518137949236
70.98186609378004 106.65627257246167
83.21782124840053 117.2430957499477
143.3972543016766 118.83384761100885
115.81345236588302 168.07099296510935
109.6382185449793 93.61163171058611
94.47882118135273 40.29236628558351
104.96900378353264 37.51431695445382
24.945579091076237 48.32624475134311
75.10875259062334 108.47349375901263
102.26254456608001 150.4153977281593
96.79675290099091 129.45980547817518
114.00415731701945 144.92270705291978
97.16463697492736 124.76315917362768
112.3542797987323 29.79357115090732
122.46948053477128 81.92689088518144
110.67777356547431 22.292264958542855
119.18004697335977 30.663131372871057
36.7712360451378 115.33581800040076
90.82178214699199 19.916163335151744
124.06333070115717 48.490086695510655
115.0475647430566 28.92773727445728
134.62915894156328 106.00479568274369
108.24427668390696 119.2975935759059
120.09899018109665 43.062212755575295
115.80459502361481 27.979130147688323
100.03915641886657 119.20756811715653
83.64602632061286 135.6096025997665
118.71164065070668 72.34644720415584
83.34946296532516 116.69782520237598
83.6419132716904 93.13789721338311
83.87190006194254 18.00468234135777
64.83469862255514 37.90913736881045
108.2559308620872 9.271806143537484
145.11587951372314 167.93698129473378
66.75849131531193 121.58065445328835
88.76864082387686 48.15340440300374
130.5550959587466 134.18979762124323
123.09314622822622 40.92913068442683
91.374630652299 117.08878490260793
90.50480011738433 38.89950907129342
130.35336985679513 40.910323832586165
96.2312692232001 32.134424882070434
104.86596997197859 21.46259566157209
129.42770510446596 118.49838247953555
112.14229571049609 25.76337355505396
89.23398133717355 113.30463155316535
105.5550804247548 41.79613977006606
80.06930155280754 55.63246638686812
106.02832479252406 32.86461205370307
114.78571352782464 25.323050492677094
123.33113440828872 136.1173837838139
26.303394683124342 165.9551365976683
119.21191563508661 34.06947491462474
72.55155711708713 -2.8482177855001973
123.54969702039573 139.08526483845202
107.79907351348525 10.317081059192393
124.97159765024061 130.12395952909674
110.02747887187502 18.824178746079625
111.26784735083123 39.76918735878726
140.24366859980762 117.5543803618171
122.94977944722858 85.67500271372559
109.46995459581755 35.94193741521754
126.01823204820917 166.58609167246004
123.31271130938751 44.81294248325609
106.19983598427703 70.99870586354007
111.33190525888301 18.985850773423348
120.44874088335659 20.54792075974158
54.55771680610128 127.19308628565685
96.95650686220752 161.98868720351172
124.92607647397735 33.2243431959032
52.239043157975566 35.57700139120743
119.96118446613731 102.67453561793177
126.8259957546291 131.37297613779108
76.96245816273242 126.09042130368478
124.98790093985626 37.096572155100205
119.58901080602722 20.418528205409547
133.4974829819702 159.73271508648088
104.41261832085338 124.68415832312033
115.37069647213634 50.0778331687321
109.3509894297308 40.633003169771364
103.06815787905389 33.00020570693239
128.69645310536814 124.10161062220352
98.75246476529396 30.563718974172943
88.06995490315296 108.36253718609859
125.06373844007148 -7.871302730781491
51.9353441469243 110.13018801707598
82.23536848602605 15.132197054095371
96.83113785253676 38.65626651517631
94.36527185634867 20.45791542464595
92.17076631320006 119.46671397516248
111.05618210276354 60.566068282367105
98.96193408945052 118.148933238468
149.65977056652233 119.75321528296861
52.81959684200072 20.511791414868625
112.36421109271868 33.72554954669958
90.37714192156362 117.93100470928137
137.5901705025119 121.32286857898715
111.80790630036145 133.0134430907115
104.06328384936717 17.725104812207345
109.52771407026471 176.6790065021512
93.3838814752272 119.78406569615471
50.46365450861965 18.98355534614145
110.86082164361207 80.6614355011297
119.8761578839944 148.9866424113789
120.93829706612371 127.85159128795955
127.53330110195635 128.57779553266823
54.11519492520944 62.4334786645973
99.52994559296972 16.843298307928727
108.87929300296761 34.147388209260576
127.33464405288801 8.288586540311972
106.7921309811275 18.1544961159474
105.1030652151324 47.434774933099824
82.00729213092076 111.59121649144335
137.42445968472222 103.21044656960676
134.51207974867094 146.18923367672704
105.21762200495179 32.439195021772825
93.81602464552797 30.262439976064694
111.21723267167611 27.18822081231909
79.64962945162722 111.56565187637449
123.32679332877592 20.434887443116715
72.8798409858203 26.206909079224044
149.83668152156758 133.16338186522526
128.03265112751367 94.07830045253536
99.96440876053987 49.311420925149804
93.79514579217685 11.103494005231967
124.45756999736457 21.106385750140447
96.75193852289277 20.07385113418733
101.75194382369104 82.70451956236735
93.52319584023795 134.40981620922219
79.02448572917652 24.282827087857978
80.05244468902131 23.92423518099386
106.79185625752555 115.25028983113282
117.29570086688055 191.28184031145932
94.873364863772 37.25392481002806
109.50396154057867 88.99237881576704
98.86393876916071 12.631956359868916
122.61637957049604 64.10939194236823
129.67761992357947 99.21509004589397
127.36679591096834 119.81257169977522
107.64393297022815 20.737325147398714
124.88108046887496 13.088325505082919
113.47648500803483 146.6864037015568
98.7862304578569 119.94144176325275
108.62329737599505 52.65215724429176
4.172868071973459 30.761378256963255
122.84232488009238 24.327869589353273
98.2668440852879 118.27745179976685
98.47389203129812 25.22335035271642
114.93147216774729 19.57431069099526
96.76610532462588 28.84619388639455
105.77382214215898 50.46377701175455
109.37628929857101 162.3898201523017
102.80142985527023 124.42337556860774
70.2442454824339 110.16001785201142
82.89450710169416 111.48307559081634
98.53300059007081 30.574374317487447
86.50281407267228 12.61275578210235
115.54723031143068 18.719435905501733
64.50648292523637 140.94743124716834
