104.30236972369391 122.26586067422801
91.92583497689087 54.150598682738234
106.00362877438631 95.50041070180166
82.93920739501806 119.30361028018496
64.08031602521105 38.07336971829458
128.46264866255473 130.20536612671685
103.82925900547927 44.54024682549933
102.08779894122252 97.63654299107455
102.20162369487974 11.956617755175877
124.15273714876064 163.68726765787247
39.80328146668584 18.96692410788396
106.33168905845442 17.15035680671123
110.16474520294099 175.54033563983435
128.56931775454257 119.52457941132451
138.2507893510179 124.32093721714722
131.18555569017946 7.469556474393087
95.22034598584241 51.76892500415316
113.88549304080253 113.95124441358165
110.6630099817325 74.40251921122668
98.2743272769797 128.09444407140683
126.95188220761547 123.3075339874222
130.70951466386552 53.44264515857509
129.83131691071264 52.52398462755077
101.94255391124418 53.285509828035174
101.55468888878907 102.30173289138759
13.327377984855023 182.78088879999805
112.19018211395917 152.87119185972713
109.48188977158935 182.6259573389327
72.54236511749674 125.99232055040217
110.82061876825271 38.1242796930819
125.0306934407341 167.27516679157876
109.28460309342103 19.171548313413364
101.11733018594312 131.10082966545676
104.86223878200234 42.96762015814507
126.54522111167665 126.05742042608739
112.69228155457496 131.7302980475962
131.50466602329502 80.65135384948698
94.51021918269052 10.721226742486268
85.04046112597428 118.10772658938014
88.05715424780738 18.916492079239354
138.15620941857742 115.54172921319056
87.03379309544536 93.36308233442057
39.0608274049508 18.6762124321391
138.40628523273887 19.760573072860723
69.41117379016916 33.05518014951091
124.86770010936839 135.61856124431003
101.85236486166686 35.608421519624216
110.73370886098617 21.645601468494455
103.19309969326363 3.804656188242369
116.27596631805783 119.36274007616392
132.86123952491067 21.235754259702947
65.33150766462029 201.83322711883682
129.38013962441963 128.59584128678688
124.2089435225144 138.5809564124704
100.89296124578662 121.19673006504263
111.48924620493744 150.28979661641395
99.63783524081465 104.48373795840645
99.00412016737675 43.94664449482889
97.8263609635378 24.803974599844178
114.4273866029123 175.77967332469103
135.1502971803604 174.15121588809197
83.59788084111423 71.04870180143324
98.43556526633843 42.74968559153802
89.76369360257098 91.2557442893009
92.68504574455415 29.994937360021353
130.72151399346592 44.95818911243061
112.86272170675062 44.14646824370848
111.4639128934092 17.360872947922335
114.2009811000231 29.927899059814273
116.6639100233901 121.22246168193973
107.96097036283626 157.23960260531257
61.57342715661164 27.035605479066962
124.7879586125698 29.489986182068616
130.23817111814677 132.29955261847329
109.39816001445269 2.2925573855826267
130.5046077270044 133.91809128517258
85.29263722287466 88.38865272123034
93.89988736758147 106.61472495997474
72.79887602981054 104.43276874861
98.47331913481554 172.21631211641798
108.58412854360301 90.50862343948562
66.46244552320667 173.50367515379895
104.54965505873967 62.502849204594845
137.02452173340382 129.12403371183484
127.19632556329783 34.27538655663951
120.81173602935047 41.72527463520979
87.00091074351566 125.49287480616957
112.34654478911597 154.29254535060616
66.30905772644556 19.45190918732766
107.40539182957535 38.36408136844161
120.18766168487211 22.43919350580463
120.37717553921571 129.98270255768495
75.03834898640291 22.57695716131701
118.98050101564674 128.51174885895796
116.05396655707634 158.25032901525526
94.35516247926908 84.299185747383
117.6750116199863 127.81074554094613
89.77107857609299 80.33745887285714
96.30946334082284 33.414564056860705
113.87516404526265 99.34524171485468
97.48290377157622 41.04450564756281
68.53813293622152 38.59083830058171
83.43394645069898 21.162379593316267
32.34250417009262 39.04368825639962
116.66302911744958 110.85467602614659
106.19147289779578 16.617004960569123
116.82558658414194 23.51115059476819
75.30182306006 133.97443836687216
131.87707218035402 178.44183934238876
101.77666970865282 20.172547823380985
110.62943773110815 35.447520906247405
109.9881173826445 18.438929447245854
103.14617531187326 42.71996658386311
131.16109914850085 16.669188249316935
92.0889598297708 88.65639086637209
101.69900492984823 115.0202865953497
101.59832184869941 22.259374119707886
125.79208038254664 132.64196137188173
115.91060862735387 30.27439635662711
38.80487900608549 36.9380943736843
108.67208108164341 168.76434302427703
110.33733286559477 164.64604360244923
91.03656716683385 120.06610408204936
68.39892325776866 118.76303103614545
100.59140726663452 9.089794931531781
105.54867136477843 119.44111247295514
102.66955859005496 19.223537325323026
70.9866116479131 140.986644455884
124.49830184627618 126.9614414119631
119.03065781104802 22.77279890208267
94.7777715704412 160.6230228593569
109.37521937190334 17.743412653736904
118.15560823955892 124.41259699386043
107.24226056590545 165.07898485598105
83.81472242058922 106.54750759292843
85.3620686875338 27.212934011408457
105.56466162321321 107.22630756893264
115.79634437473514 103.92428890485145
94.97380046232922 23.182668174293102
78.56881984295795 90.59674218657696
97.45364987026836 130.3477668787753
115.2376900101316 122.28713444354942
91.43210848309606 22.56177689287227
100.76465936100601 40.81680398512969
120.51085002145408 60.83551914658328
73.71303749064701 118.39415462102734
134.29938237486462 125.10783174433301
111.05216828270261 19.422059778662447
119.3643124275604 92.04981966069592
113.176025561434 131.16729917725579
26.32449852838564 183.51473575201678
90.18868253703884 90.90526216101942
78.8427238928414 119.54174911649035
84.25858505999472 113.53285790810335
49.99034700409385 24.416320723251847
114.90554592547821 65.16721780763544
89.66773723718649 119.9991884900835
108.4771905245323 29.658756710202216
145.18615037098584 32.07760693143956
92.10252643260847 27.49115403190982
143.8249908853539 132.44483449956456
71.20715810603463 107.03541467342646
85.35317822590288 117.7718545724817
143.6320192720876 118.81064115219857
117.77264453571904 172.15041636350193
110.62987640379542 90.38700037236666
95.11386804812673 39.64321857731473
105.18582232702408 36.528840199246
25.591981759716052 48.28190048386541
74.8311335363731 109.37426979407603
107.6882678000673 153.0615599116751
96.78405017050106 129.9447645545161
113.8088613836366 144.9154581311963
97.48886579577282 124.65037817931255
112.67687308094963 31.067895760371027
121.2408256881603 82.3267841894108
111.35275364417046 22.712087205570803
119.40732294726345 30.970806698973977
35.550387651192246 109.71218318481004
91.84148247014828 19.911448227530233
123.61434303011528 47.26107232283969
115.5898010637059 29.310322717324453
133.72100542075185 105.3843062776918
108.78529643363773 119.79756336213516
120.57512274508726 42.1954662298819
116.32135869410432 29.06170701011848
101.36336924591372 123.7730200834556
83.01745316468296 135.68528652973288
118.90290383365203 74.75131597961948
84.33400969759474 116.81272330428122
85.74081564743112 96.37066912302899
85.36052457777302 20.93892236282976
67.91382361920337 38.412166765652906
108.34580868190427 10.339542321350647
143.70448186833917 168.84107898304444
65.38683084422784 123.50845445965636
88.32655664650426 49.23386522920834
131.47529827337797 135.10651025816347
122.80091349377766 40.43931712517459
93.61976377845185 117.71836445069911
92.44716211131265 39.82167703447715
129.97773410483077 41.265637113024
95.13820187793337 32.83167340840056
105.78159353753969 22.574621402554428
127.45883040676839 116.98049892181359
112.29727315161162 26.16423623789196
91.89979315052314 113.59462889806684
105.54749861659083 40.27337645646697
83.13133783762895 56.16636200845777
105.66769281046972 34.39538638534031
115.10061718644143 25.774899894241635
122.85561559183621 138.72185629725064
29.800935285523266 166.84211294338527
120.15350177216766 34.57907128706509
68.95608194151286 -3.376586699263684
124.02790765067081 138.51343536472143
110.93648786337192 10.955726138264433
125.81760550006025 130.67938220228066
109.9002222299172 20.187599163407825
111.12511649269423 39.00769145692492
138.93282065814236 117.69041888722522
122.80963369974081 85.27406544575537
109.43633090745033 37.529260142146974
123.10483303158794 168.31073283841292
123.80726944133535 45.626222884671414
106.45212973189597 73.13550781101426
111.16755145792541 20.496466889195553
118.91160486578984 20.37851001652091
57.08845177014191 127.91357207300382
96.34795696600057 163.8035811145939
125.33363182030851 33.5645458104064
57.65206235476661 37.887727420503055
119.75121172932126 105.66391489338973
127.34621031167464 131.76396737865068
75.0289732546596 126.74002350722911
124.22303985322367 36.31459465346786
120.62661314915326 20.53012881680981
133.43112387816453 162.97824319851293
102.24079609696 125.70143444209931
115.15316129056563 49.757897296794496
110.93836936659737 37.84541911206601
104.27703027968163 32.280254390408054
128.3419041614421 123.92687003798338
97.6000184323794 31.192024706306217
87.27701642209158 108.18127205560778
123.52680719266365 -5.231918513976783
49.94768645254105 111.65601838356815
86.48144421022553 16.42048244783209
96.67754332660387 38.99813185766022
97.24795130423969 21.929828147934025
96.13551799927394 119.44918042157298
111.01341525948871 62.39476590371072
101.43174618645416 118.42937195764283
150.6893046554054 119.7424381787753
54.21540444045819 20.519801508530286
112.52903280706317 34.142771029612625
91.64834629016443 117.98322515491985
140.5187884907195 121.78687184863789
112.04286825667418 133.81202815943328
105.71752552956606 18.135631101441845
109.68108385425211 177.70773912624045
96.89307188327061 121.11751768199521
48.665828539625096 20.240173065027204
110.54591020104206 81.5672721723882
119.11718901410494 144.21262562209347
121.96318525839301 128.55916175107652
127.42985731936596 129.8429598417329
56.822627867863254 63.879684053766404
100.09795684035613 17.175293066474566
108.83908015004363 34.78943799375763
126.0143203486634 8.400250284410376
108.39006323776424 18.960979146099675
105.17952228328464 47.98508042451983
85.82555532931457 113.77131201065743
137.8045052579009 106.91631532547193
133.87356323447017 145.6558260743336
104.90413206501934 32.97601762420616
93.84045486367698 30.392579668127965
111.3652302453002 27.939910682537594
80.31768400742945 113.87927464014273
124.99177391491425 21.795024902528986
73.92899584313479 26.31129710934865
149.15267364881697 132.65927519420632
126.96207684930043 96.7056800108334
100.59062082501339 49.70971018931641
95.74016024097885 11.85949576282524
124.16489041911368 21.083554880743566
95.93514369650183 20.08845428411669
100.65867262713158 79.75973138227684
93.47421550084213 133.63891756769198
80.1711355158209 24.02459401069207
82.2467182663813 23.707104269718037
108.03384254469263 115.03916157140982
116.27977278659812 191.74405025120527
96.95414435941942 35.59712431264966
109.49504751519244 87.73148902152788
100.66936697508127 13.660379763776106
122.13616779295423 66.2087040464775
130.82896686457354 96.43852884905124
127.82478821970916 120.2619017521003
106.79788136805534 20.876195123448717
125.69525444077074 12.81290438728567
113.30816624004632 145.30248393848447
98.41565380199275 119.9428337910523
110.05545426868433 50.92065888460371
4.28603207595492 30.279926241930717
123.53908323379476 24.56873792590172
98.7573934969818 118.25658667429924
96.86341139068612 25.747002818729626
111.41120374278452 19.858763167304335
95.66331357075836 29.445855374444406
106.13884778785417 48.91317916315842
109.32626117773016 164.40061694934428
102.75259631221974 124.54460427096977
68.03661520602002 112.07388009310715
83.52652311342801 111.65667607398633
100.57764120581058 29.28072430826444
88.59081152953162 13.378483328818463
113.77847447989318 20.204348091676348
64.53119967564942 140.28740506125186
