105.7631664215188 123.85982101495237
92.55413706379774 56.02363283893516
107.34266195957353 92.66770137141908
81.36156931523605 120.68368674635231
66.60496576223495 38.85329987949538
128.30238267259156 130.57561444699425
103.69914258641367 45.44405757374181
102.33689597291136 101.17183624998798
104.29506356803458 13.102080836709245
123.072949279878 165.69971417581667
37.617122392992485 20.262657492299248
108.90210798990167 17.802647704557135
109.95328665202348 173.45414018756557
127.05258049381831 119.53468466509304
137.8020557872771 126.34623047217279
130.4524441973869 7.957429175513369
98.93489834338519 51.17255532440858
114.53115287720838 111.96407469559807
110.30305362170421 72.5944903842384
98.78021684367297 127.7645718713633
127.90069724161953 123.5304753666301
130.68218546287022 53.457691323634926
128.82193332443285 50.51513185420621
102.42880707257204 53.10787820161538
101.76037090834916 101.5800906546664
17.630196958261294 185.62300366227012
112.11545553764758 152.19085576835013
109.4674934955323 183.13992090741687
69.38784912968906 124.87493012333695
110.90735977353764 37.983742834025904
124.35245832898414 169.31551245712066
109.49231286419236 20.377779011357816
99.11925022291588 132.6037672361522
106.28484906459445 44.889580502332066
129.3140068062907 127.80240486880928
112.80878814263026 132.07492837741086
129.45544156985483 78.00172867832758
94.74634237745883 11.154792511233717
86.55069843595061 118.11607389077038
89.45069295012476 19.421865637424304
135.82317188749664 117.59847780454099
88.74790591689614 90.82555590667191
37.445822301815376 18.4660432971095
140.0791494728863 19.756024030769385
65.99354089579293 33.547508818830565
124.2901508136376 135.453388363404
101.73473510866076 36.5766766508519
110.15269087890903 19.543879600544052
103.99241554268266 5.755188416807645
113.7841498303304 119.08909328250614
136.47542032891837 22.473871068493704
68.17081128284269 204.48245205527874
128.7836593982046 128.3262789274763
124.7954348234384 139.9672613930272
103.16556537443579 121.8667572206287
111.5308817607913 150.93005309215096
101.11407866342044 100.93936287252917
98.83018367546316 43.36314304320274
99.0822759211036 23.938528162683102
113.97372483913247 174.73650193473995
134.91413355445997 174.8529055838279
82.33308953920758 71.24163095041668
98.60103955950734 42.52495852884821
89.83609462492505 92.13650154803345
92.6078353399957 29.90181296613176
129.43858641506603 44.34647942990483
115.99018264233116 45.2341673553678
112.23901064495506 17.910190948134137
113.93052261101897 30.088051578857584
118.0871633069686 121.37898410660208
108.86668085396929 153.58106297849804
65.525937486873 27.089139433788397
124.95404414780758 30.21825159453515
129.68120521577407 132.43326398606882
109.14555040478798 5.2088580851437705
130.7803319993952 134.5075610369973
86.67375892272166 85.54678963376713
93.83692012130425 107.97376483489354
73.19652237316103 104.4012171681652
99.40067787961272 175.14749683328318
108.93326721828126 90.90346861136499
68.70012027972948 176.43872323457236
105.33091407218686 61.85540867283928
138.03896183931903 129.97773096549253
127.77933889164662 36.45560384705173
120.61827805762498 41.666785262603845
89.42187320785797 123.56859520666237
111.9834892725197 157.39690715088906
62.4487345780291 19.378618639634027
107.23388108163144 37.98246054188278
122.81030128146405 23.21335216057357
120.34604202760259 130.41485970357954
74.14299136802026 22.34058305890267
118.80045215396473 128.33315358954115
114.43807302910618 160.87567562565877
93.31836071335941 85.21509316640201
118.08008800470235 128.33355666352213
91.13506616813136 77.82539505830894
97.27547850381033 32.77915532458702
112.18070095399199 102.31646387633711
98.31520229522481 40.37625659679692
63.95398960241487 36.930725004594414
80.05875934262329 21.262941723375953
30.507058434120236 38.31804855502704
116.44068153502798 110.17434098903773
107.65784335367846 17.33196132761263
121.98479806947566 23.95336201824474
77.7583853990117 130.16408041809214
130.34704506537642 179.59377942955567
102.8568900604953 20.112359499740496
110.65225801882045 35.88140815779938
112.48860178955034 19.345193666384716
104.01513999320261 43.10568799257074
130.2563319322464 16.696413094835457
91.9337821393616 87.44688585296599
105.90307964455705 116.3193643410823
101.56430677734225 22.199683055221836
124.80572350927297 130.99396602158663
115.9749438908517 31.55970088564255
38.33950258018702 37.683305412713
109.81187641294287 171.28924245069345
110.09243989473798 161.18501682755308
90.69620870075309 120.05639336871963
69.39491867854714 118.77895723041195
102.0023699778485 9.631136461523099
107.87909306913895 119.1537924998876
104.77333498040826 19.305146761100755
70.70626347118622 140.89794541749666
125.92850430627863 127.04581091557797
119.22195761519485 22.688433583698945
95.50109205798643 157.86351597930718
110.10624349673569 18.33329955225631
118.3542746363404 124.49246742335595
108.38239153452025 167.39657251155933
84.9320165798522 107.37688975739879
87.37956202213935 26.765908229861648
107.07979921301478 105.89534878694734
114.75755361523687 97.4663751251326
95.19049032912673 23.218917153787203
75.27427520105549 88.35748681292287
97.62682758511154 130.18362026322288
116.30847547336718 122.81939889366944
91.1218620746465 22.62178016810293
103.18578704314972 38.19642687026697
120.33037122586623 60.51139370621945
72.79592310418451 118.64380071109181
131.7375187645261 124.61344570712122
112.18288582016471 19.99463854691114
117.9987526839872 90.64891406193964
113.41604538119374 131.70565175407236
30.448109422789162 179.53787947577874
89.59603540009628 91.8943486568657
79.05318685960519 119.5023739378861
85.34204485258087 114.07239668316801
52.264332397762 24.29028976549266
114.25014726360399 64.11311552764673
91.41257565206836 119.95779118870006
109.95711264637534 29.39526906887655
146.00156697955757 32.07210956214089
92.82863919140175 27.00958411126848
143.51961567374522 132.71635244665174
71.7479688890364 107.5757536684815
87.7597159498521 118.32417418323105
143.73320166508165 118.79219679713809
119.67584401049248 175.76109773824984
111.61895312207314 86.78743914958805
95.87579185205821 38.65019298906756
105.45175431585737 35.25556079500953
26.171576990361064 47.75236880536555
75.19773630536551 110.32607752831426
112.73241039055354 155.60127352750726
96.94608999248193 130.36504297974244
113.57426079813365 144.85457231138147
97.9654380526165 124.45954996288886
112.47516642019514 32.27748231687461
119.97374913759592 82.18305178331447
112.0055886413338 23.112387425883803
119.50133058795977 31.093845999137102
34.29534294351997 104.21875104388843
92.95570217086514 19.90622294413599
123.01800792402597 45.82527955934085
116.10008521356363 29.566050660987734
132.661075342436 104.579781753872
109.3342580952364 120.3013655397961
120.95527796154573 41.21143007978628
116.80444205197526 30.02529533609231
102.79551595598377 128.31437403041886
82.757112181552 135.4611274653625
118.98582528877644 77.30341781022021
85.74121051313804 116.9510549077384
87.98732788541993 99.64537670787657
87.006267603073 23.851390327421747
70.80615907424472 38.65190407741435
108.45355496954117 11.50883045808086
141.95385970320513 169.43518469245703
64.07484166879361 125.41157116005776
88.08813108333428 49.93390511774745
132.32996600918716 135.98872146204212
122.40500668430326 39.6876178910737
95.9934944606469 118.35316603730507
94.31189242505644 40.48772115302472
129.37290794854044 41.51284468227559
94.12317545121547 33.39265587403139
106.75080393953156 23.658904970790793
125.26691555819025 115.46758527213834
112.42035818922614 26.47406171718117
94.74191482420541 113.95453777435542
105.58386730031778 38.606343957488306
86.61517759459498 56.57465841994267
105.3744660225909 35.8211019139822
115.34732627802177 26.161013135791073
122.25256622117669 141.2663754021113
33.299786169671556 167.18498654037023
120.95265151466475 34.899169260597986
65.15529110606691 -3.6506032984240355
124.3794081285088 137.79986473611433
114.06339625699239 11.725909983065707
126.5368724819234 131.18279240019794
109.76945094659202 21.5442817472012
110.97247732527627 38.11940988636426
137.46621052119264 117.83617003931396
122.51547871372127 84.49031322282396
109.40697813522507 38.84860072449818
120.05545401696725 169.6661019777702
124.166294958942 46.3309900002114
106.76396484374371 75.54170060673815
110.98357734356895 21.998464374022543
117.26021148064834 20.20371623630352
59.78808319537143 128.53868451047077
95.84252588084803 165.3360979081946
125.5248028351898 33.75170092310993
63.22854593293363 39.97661621468988
119.37705584888107 108.4231315897364
127.61253175671798 132.05231546519855
73.62150596854774 127.33421750649559
123.35069766908843 35.37721034420889
121.53249639188722 20.63907745633387
132.94363207494803 165.6304352845916
100.11422259856768 126.65908981153503
114.91553221328132 49.40254412025596
112.1750798510671 34.88560045347554
105.5192010925156 31.424523420629804
127.70908210579263 123.72450811393531
96.55940507826722 31.658218748452214
86.80615506950832 108.10296606254666
121.79151705389779 -2.151157433066198
48.33037263889659 113.2904346459914
91.02310246136413 17.73133708481567
96.75714751111975 39.138699427790165
99.63871531178404 23.380267950095444
100.26293559309025 119.42891232274476
110.95969630759416 63.879700229918534
103.99433689770376 118.72359311777737
151.14729982252015 119.72502917343732
55.5908757307367 20.526808756314075
112.66671529198643 34.312511062401356
93.03809124451016 118.0410247651705
143.01554947204514 122.22738160786895
112.24117352769909 134.42722758564074
107.42618477673554 18.550603229623025
109.83590353225559 177.75431477316226
100.14492202187867 122.44957516619097
47.25026433842035 21.49399972513994
110.21782167344455 82.25318655149569
118.18256777133415 139.0442475521614
122.79076576777459 129.1723969220858
127.10360479919471 131.01636300692473
59.73653235230763 65.4373337609241
100.72042523524864 17.537095261574034
108.8015115910111 35.40267284802516
124.54686053610324 8.690605768009087
109.9971020319606 19.777564623171486
105.31311641470806 48.08798280047387
89.88743958766588 116.04272340120161
137.9651966439953 110.24320739268596
132.97722581026827 144.7813002072815
104.64046906498483 33.37303488616334
94.10745004094366 30.41515072706435
111.49881908210055 28.587534436812955
80.69842743089731 116.23254222504457
126.50306788901592 23.135805129539357
75.31282450853402 26.355226206853928
147.91548741738282 131.9433586003685
125.63068334992265 99.26131292298899
101.24352877343622 50.0672338593897
97.75250030290671 12.71359384545048
123.80232945422863 21.045055278622968
95.34137725739834 20.100624296175134
99.57886900391665 76.71753822315624
93.5257774540112 132.82202962254757
81.79895821119399 23.729643089199776
84.58248800475208 23.471946366016518
109.29942864055029 113.99095918641613
115.17656410026561 191.58308693684486
98.79864629004821 33.73759157200369
109.48685737551503 86.71395915594816
102.5763988763444 14.718209725152896
121.53349999979073 67.86415542124554
131.69921728020935 93.45823375901334
128.10348987436325 120.70325934367722
105.9886881948302 20.980687201081707
126.3244556737252 12.615618466421608
113.10232904301023 143.5279443052442
98.09245778911779 119.93280856436
110.63226200819057 48.95276580547216
4.605018128664216 29.744446052902656
124.00027971140969 24.761245783961403
99.2937301636772 118.2508401901736
95.4079300322519 26.204804550234677
107.8884837653403 20.141480145775347
94.67528884944613 29.964195082098197
106.51792351740697 46.97375029724781
109.28266200730792 165.85244910545234
102.76777159207958 124.58514095921211
65.7718058324908 114.07392218457366
84.31731302452899 111.88996118650161
102.42344784428676 27.89463501818938
90.96572966020939 14.209512234018618
111.97178914609098 21.673302613913986
64.94698070810365 139.55181514737845
