110.38261124298151 128.32510815047902
93.06595651916535 63.162871076458345
111.42248882418801 83.15966412553793
75.54572413751454 124.77643378651916
74.58015987626858 40.001059405855045
126.78249059955412 130.81352788131343
103.55047724316434 46.0028843705673
103.47869512606124 110.30091651530081
110.74739939674062 16.95475056131682
118.97087831423134 167.97803414860118
32.12505389736052 24.075648324243332
116.59862455182771 19.828708754666533
109.31886969262905 164.58151912301878
121.52409947485846 119.56125297408991
134.91617871735204 132.04888472495017
126.97571972654423 10.147735870237675
107.68329437816412 46.752669434934745
116.16334285970196 103.5345677325357
109.05188580944359 67.94607143947641
101.11155398388505 126.17618340474452
129.68353584968915 124.02096444902674
129.46964782967783 51.031213604814354
125.04017413214783 42.58629640856525
104.16863777337747 52.852603629331554
102.84368995097732 98.37512223406972
31.01018581003369 188.93705431460486
111.66179539351126 147.8944364162014
109.44153502069551 182.19035513455387
59.844325987894045 121.35701467864781
111.0755393812895 35.80891132606353
121.66676319421954 173.0908391543535
110.10104208994402 23.884607774654597
94.06456769284502 136.15948170561734
108.29762466358447 49.02065877031195
136.0508302949243 132.2533321118739
112.89213483566554 132.2979680144571
122.36565847691404 69.40771680952544
96.44258170207425 12.94324014419782
92.110367377815 118.21418803561085
94.11223350415781 20.92105733651468
126.81974303940737 123.59512324604802
95.47381261582393 81.24583136815816
35.3085542949072 17.923574666444196
143.13795947619565 19.750690163572738
56.27726715278725 34.37604468642303
121.8912438279034 133.91762171701782
101.72156027937369 38.46199574868879
108.42033711466321 13.353362929958319
106.6547575025085 12.25629344114568
106.16713479266589 118.29771966955964
145.433118287629 25.926003181827824
76.85580128275278 207.01983771904935
126.08125444306121 127.23917332977328
125.55754270665372 142.31720475334137
110.41870838153854 123.7115318333959
111.53840731185336 150.65245018029654
106.08062475396862 88.42022773770985
98.73851785742198 39.80873112484352
103.29333893266059 21.11745538706489
112.31354439112202 168.51391296767093
132.52415184945178 173.30255839082358
80.21575253516019 72.1987338572646
99.96299588813197 40.07567232116395
91.04105748706856 94.65387751624624
93.26491708974036 29.058910470263164
124.68546525662353 41.22955520970187
123.03969214122337 46.37390041584679
114.47039676431149 19.58763316535655
112.7758916423468 29.98364823836526
121.90416781469841 121.68307647982338
111.60140457270147 141.60438147110528
76.33210851470908 26.80857943750376
124.3510341821541 31.731659559320175
127.02985902139034 132.10557369021706
108.61658402768661 14.485383327833853
130.78926294854864 135.20881365110438
92.08008313169519 77.72413141366914
94.89695623776939 108.99678487839347
76.25499992728622 105.15750854265686
102.87128553499461 179.84029473949235
110.02889673952122 89.13221808463028
75.71233996978594 181.72103207789613
107.85985020211659 61.59185306158739
139.50684612645455 131.8084206646152
128.1990803780987 41.690533349839804
119.44206863259487 40.11110621518481
97.7449785309448 117.63998968629315
110.74101047344016 164.57322558966703
51.67871663488565 19.1540972102375
106.85346664511783 35.577433785630134
129.92889655146112 25.41092935067287
119.24968803236906 130.7628427844221
71.27533474867575 21.397099833743038
117.5900031592374 127.12762672169374
109.42121523371246 165.8051123939916
91.34658037040543 86.40877484554744
118.70079015471761 129.2699107837444
96.57172565375285 70.33030171500988
100.6947039817264 29.925149740248166
106.93682350526252 108.28564966883033
101.712427274873 37.036960476516875
50.56680886375514 31.318300145753373
71.50466237383255 21.48028649505585
27.952614262882825 34.992963387914045
115.28871981161618 104.31462367054439
112.07520375379403 19.581215327941734
136.23364260310527 25.000091505579363
84.32651734736807 118.37899060090848
124.88616863186733 179.95405414888265
106.47034694226397 19.924177447167047
110.67764406980056 35.99269782394586
119.66299813507952 22.04530020789351
103.01384448005632 42.63798406264798
126.33752477415833 16.988032215536183
92.09906586747262 82.4391177789313
118.55996031566434 120.35560021522282
102.11606805678933 21.80670328788933
121.00449474907714 125.40950277957792
115.90414725974313 34.745866925822305
39.14676941098874 38.83501291320674
113.14410723033059 175.12154079165975
109.33313774980212 149.06649170191895
90.9372388988069 119.98155355401605
75.1927414607036 118.87377621086381
106.57530609460972 12.081134318143892
114.89130655314321 118.33321684186137
111.25817626998504 19.562510900097866
72.30989423079069 138.9311958734638
128.65673944534612 126.71835042483868
119.0621608790775 22.20214603319502
98.30101804034138 147.07075002551016
112.23613650043012 20.19939454066643
118.30147537942277 124.3816317422778
111.81611433162678 170.46546480649968
89.60521355496266 110.35487923068784
94.28972818566874 24.96726966206938
111.74633960598065 101.10036946597475
111.38390452511581 75.24235539625268
96.68083680256129 23.109924093047102
64.81479075104936 80.18902682500942
98.92437354500306 129.3178669885423
119.17933044340884 124.11835094559633
90.84633463067422 22.645581571515233
107.55103981600564 30.106163452791876
119.35541536617302 56.13140580276006
71.5055855818383 119.58715997470773
122.92234473728983 122.71341787268433
115.35035620281272 21.684860123107093
113.17530654941304 84.29686713149634
113.83256783427143 132.45219231907055
42.75310645019793 163.1981833705846
89.39144734040973 94.24979584352155
81.80620637220701 119.38607232991951
89.30280334623019 115.85723040002188
59.9765486463632 23.722345712945682
111.9724973964422 58.13766065823229
97.38368995920153 119.76996196449421
112.7431289515175 27.99974549727087
146.41254316902643 31.54385250967105
95.78850616812677 25.191541776559312
140.30529727005333 132.84013337409456
75.14468471495556 109.9813579768691
95.68256636050907 120.0262631509657
141.91398641365546 118.75304844947057
124.83899492149637 185.01535465128248
114.4167426186459 74.8654410981133
99.13792844656037 34.70530019708031
106.57740087697105 30.58976517264591
27.505289122270778 43.788116200440605
77.7833034845742 113.81164225623651
123.55274313507583 160.58180311642818
97.93743665128805 130.9698527991917
112.69081627089129 143.5522843278043
99.82795315530645 123.5860612194353
109.23807667105622 34.8844795632225
115.56392334759343 81.27469538819604
113.81556503292539 24.10940213806981
119.23114905452923 30.688077929049538
33.666212591277414 88.76378868551211
97.26949073020252 19.886422047317797
120.33639811133784 39.92931409602038
117.16309802470661 29.557174388987658
128.32621361827398 98.89318464610852
110.97484271001606 121.79118501100382
121.35071279942646 37.218729449551105
117.64987885541659 32.45370160789852
107.41600787076783 141.41057848538043
83.69030938922725 133.7019282411274
118.63192083608776 85.95631864861313
90.74073603893275 117.44328073213293
96.02116208424752 107.69530337389753
93.19579649908127 32.19989006917733
78.2304137750352 38.66074503503255
108.82127618912679 15.520867201255813
134.626216037631 166.98987093662333
60.662413682388085 130.93042722525476
88.5094606293865 50.06211738162575
133.8297030528001 137.09556207880084
120.46524029627805 36.21722800962518
103.764585028508 120.28783890775965
97.28449152950971 41.03649440473131
126.72249779510437 40.944101637934914
92.05379472589937 34.13831923781267
109.79186938290525 26.582622949241053
118.18908190818472 111.22722055055165
112.56738899138124 27.047445198805242
104.58893430317046 115.32209260674698
106.0234457792333 31.815378979034598
98.77740722357547 57.88330113366307
104.73112301129062 39.65041249424781
115.64263943108816 26.783652547723126
119.49210946876973 147.36003726733327
46.13838424487012 166.56751103706546
122.85087544417578 34.64576288782976
54.510739265774724 -3.427797623260787
124.23837395953402 134.59638041944805
122.92209886965983 14.27243095679371
127.55988824032151 132.04078248299533
109.37518360848891 25.409083275311726
110.41815164950998 34.507497238467025
131.49931869704702 118.39905457524291
120.48576611177722 80.98703290559062
109.3352414536739 41.76766762492324
110.42230986340431 171.45881255029943
124.4338861009644 46.80580935598955
107.92547631530734 82.73822764747773
110.3442637788347 26.269383534642728
111.90063995374192 19.655210771330545
67.75851577319035 129.85711202386582
95.35927758853383 166.63725055399337
124.82512044934035 33.592357526538024
79.5276240030707 45.217475176960306
117.53476615683438 113.5570791870302
127.28761947823145 132.3721004467456
71.80828225159598 128.64141692111866
119.98689028489373 31.586521361269707
123.72214907793028 20.914057128509445
130.69744524085755 171.0494146202932
94.4346275787347 129.04235154322382
113.84356539172413 46.84538779792961
112.85607174329586 25.688036692775942
109.45048997778231 28.091199195368937
124.84280997919704 122.87879490954136
94.19410736393169 32.41927554743916
86.9256911720687 107.63554728951641
116.0785472303912 8.139199689339645
44.86293547663664 118.78162292858248
105.21027872808799 21.743534692510593
97.5617522248382 38.70980540229786
104.83749233574149 27.22997215650151
112.92754873350714 119.3683496704341
110.71437255888961 65.88008693708642
111.9586841074084 119.63297009515253
149.9835388630785 119.64693831026543
59.73084329695688 20.453299112067356
112.96314604428733 34.162237797505654
98.09646742580243 118.27321261327917
148.90369437680513 123.36879644640892
112.66738056351981 135.30364505466764
112.6240744505852 19.865432747362274
110.29511711247119 174.46348843090993
107.26869525098681 126.26418220922329
43.50210716557669 25.061147096088714
109.21266682505063 82.83887192420728
114.76299909862162 122.14413127789226
124.36884426557263 130.31942038851273
125.14521254774453 133.70538891212468
68.28163318455023 70.86631567988256
103.03792904375841 18.72045649184485
108.7400541351134 35.949425408227995
119.22722197407718 10.316697142088373
114.77141109752046 22.180602994520527
105.97933939667764 47.57255505396142
103.31260017945596 123.00292899726648
137.03055553668796 120.31944123964429
129.0159534727919 139.92723437145492
104.22832242205882 33.81061864345853
95.84206541538123 29.875837328773837
111.77828431252554 29.98075508094589
80.76606958551419 123.24532027055375
130.02056293796016 26.81716889480552
82.38471580937937 26.01188203990178
142.8836591618001 129.33568510524253
120.57542464094739 105.04511759935929
103.71612524107042 51.83544714251642
104.28010129841994 15.67868378681678
121.76092823037263 20.862478365663502
94.51118569377688 20.117919733448424
96.87301500908465 66.94450455521834
92.58872053494049 129.6753475335476
88.07602430943933 22.616446018242165
92.59324053335074 22.61664282354383
113.08491867988064 111.04077669384313
111.60072189601203 188.0327856244323
101.85708963677298 27.356299011538116
109.46318979818929 81.79483424276295
108.66735424203516 18.07419986592478
118.76362702866003 72.41538938219017
133.53201511054917 83.38768305486306
127.75958880785127 121.93855665463906
103.81964274669245 21.17009002073733
127.10478836799851 12.39958173423701
112.29476801307474 137.05592506688123
97.9541790180781 119.84418857522216
109.1755266346685 40.904880359180424
6.442428475283936 27.725647794369788
124.5763745497937 24.940417930763836
101.45569012962635 118.26958932213255
92.08027450372693 27.107697658531414
97.51996099780975 20.92351272051955
93.01735653991695 30.610031270794885
107.82976954055853 39.165503955285416
109.20147500196086 166.76577621649207
103.22572957958558 124.27380414362227
60.22022946307621 120.43301033569541
88.3027349060398 113.07882711726442
105.30824567526548 23.153591923769525
98.8991516422968 17.001106566688183
106.44799294141988 25.92982720209531
66.26336869600057 136.09570429341
