122.31191529336296 135.24062823198594
81.21782170193973 79.96885873529347
121.37007450855393 49.244022076901146
57.432999925799436 133.9037209980466
87.6305197309333 32.75741374144347
114.20628424394658 125.24019224648669
105.62132939173136 31.7682733083342
109.40289169636002 129.85402313583737
128.18802522823592 28.653848625891104
103.03483482468957 149.39484555435553
31.12416206018252 31.653253390755687
132.92254174383947 25.273140981143552
107.77511050252227 115.99814186081922
100.60539267959695 119.54007523392681
117.00543819560279 141.6454633696294
109.06603744189701 20.978843903408766
113.05190669057717 22.86424992574167
116.8954404790753 57.74174859082773
104.15161071991244 56.03187903282284
111.80267862511128 118.86779056373837
124.63067456637 123.12088563251771
116.41121962998771 28.061311875492834
106.76978726695731 9.206891246515939
111.66993480885435 62.495754665455834
108.23789137975068 71.4458806116302
66.21758487371869 158.7591864782207
109.33190677812645 121.75195077448147
109.49496209178818 151.46112616045497
42.3353485118485 112.38611708292319
110.64741340670837 21.315952782333227
108.7424532361944 160.98378166737555
111.37116882680262 30.71252210928296
87.82210869919182 137.58535686431438
94.29654707303723 48.4999090010439
140.38579620246094 136.62851390480526
111.37339920476956 126.48092595983455
96.50536335528673 49.540569087169445
107.09712713096286 21.44718757094227
115.17528228192454 119.06387255616714
112.7690830892489 24.362508520530035
94.24701135832078 137.18337628359083
119.34732252650491 49.4918812114072
40.94691274226988 17.166679957125655
135.0846167488949 19.803075282728493
37.41724660734823 28.11725398017387
108.9311995216895 122.75466925943687
104.4147524845431 34.88781759145944
104.5597977230445 0.12240168034087484
114.84962444127807 33.25939081046866
87.44677046299982 116.76397271955932
152.9117963347653 30.278427138601167
97.8479963393328 171.33518966509226
111.02670313862203 120.81944571828873
120.54781240896894 132.71635395264036
128.9141568995083 125.90983343093461
110.83768083596541 133.1395357544007
120.82598446443733 44.93059914400723
103.61391472514337 20.280762709131626
117.42662238362037 12.539320226262475
106.47199094551279 122.43044089362692
116.34029253042306 140.23895107700548
89.77103214543094 71.38751725506897
109.64996576935505 23.103971031620734
102.55645918098767 88.2407066081918
105.27773048986536 22.260831356087547
106.65034822064155 22.156923149320367
107.9331224672525 35.96495364956279
118.17241285736729 23.636279152212126
108.07886521111281 23.67590933593166
126.40249647086998 121.05048951279429
117.8879229075301 98.45073575628994
103.909766306984 22.00119494095052
115.33005902513506 28.405217617221687
109.5989799669975 124.31770791388246
107.66679720082114 41.146319731544054
120.25976601378684 127.22837653999609
115.07300332328724 47.77031733053532
104.34676139730347 87.05686760279728
102.37291593876736 114.43690898074041
114.92759129113165 161.07977368786737
112.77268751039527 80.7327296186166
92.5265775616855 157.55338167785482
115.42063444378674 64.60852888881955
130.490252256488 131.55185483424765
119.46630803724591 46.55957694438682
111.1882250951798 26.44304197994488
125.34212273315164 94.39770467371815
106.94232758652932 159.24442043863422
25.685560198812748 18.521972867725054
107.16529001998305 20.22763618375019
134.22386277847357 29.0890472831107
112.27044756516273 124.73178077337029
60.195975025876805 17.872108069366934
110.4987574610857 120.68535846458933
95.83300714610026 151.9858130434105
95.38608786501173 82.19335341268955
116.06467937111286 127.84275891261673
117.3187365621428 52.45527084252531
113.77801935448524 17.21611674322053
93.10112566098019 103.87635431487634
115.19656210617313 17.194953251268764
19.252312836761373 10.097310949176643
66.07220896236282 21.372900187630446
37.96309332553838 17.143272220954913
109.20929944958175 71.38895992417115
122.87822612924465 25.306553652562524
156.47151855205266 25.783062094634527
94.35939900391872 83.11999954936401
102.60244241322944 150.8075921960121
117.95169227180646 19.375850008707083
110.21444317011617 27.56385493345431
134.19160221788246 27.764457971664637
73.43286654045225 30.172315517198555
107.43245596919307 19.22521373925288
102.45010579174384 62.48146055985022
145.90111751463905 130.83641646978265
107.35428838483121 19.80435134841252
105.05057162588622 107.51034448392289
111.60475706776926 34.62610823337906
46.85744368337688 31.651022297576123
120.07230334666959 160.3803683031603
107.41359532275591 100.64897432760557
100.00990925897975 119.36710120724716
106.88666408608975 119.42672912223034
119.74092448781387 21.71572015651799
131.598704696518 116.7349928952978
128.1242261254645 20.270270000860254
96.10663051121888 122.37879674133801
127.31210097850193 122.16998067684202
113.62800670891572 19.514784428239757
110.93807350280076 104.6307219572311
116.62419669420694 25.21689862811699
114.14643020080428 121.3862893401935
119.93298934507693 149.42291834378415
113.7685854932016 106.97799932892354
121.22732254939916 18.13324750374974
122.11666931753165 72.66945742803193
101.95702297592175 11.76135959683076
107.37875508956034 20.932368179532894
41.53809313850939 60.38005209293886
108.27290654329256 121.53216553093806
121.92598813651948 125.54387528145648
97.83416519061475 21.3018429505628
107.1362754077951 3.771319861873219
112.63387513361243 27.109833711106617
67.49331485088973 123.33640994197702
93.48499251141551 116.14864757640929
120.81247425128674 24.91627672443734
98.88218601363799 60.24476631445363
112.44314970364019 126.8739082889075
84.85122346467092 99.40455641100797
98.48738167767351 87.1039995062281
103.06815905648322 119.0346517293795
109.58404233900684 122.41586197748191
78.01753310109045 20.200801637473035
104.66884178517267 25.765975789537126
119.4004317636489 119.00776368266669
99.90849989434624 19.92819756022525
131.67281415300837 24.48131023485587
110.592033243777 17.644394206915557
113.66626004355933 127.2637903435968
95.60544160867042 120.82378323825559
122.3919362121421 124.13688270552251
119.20714685281689 118.98664159405465
132.29564838727458 180.05837971521967
118.95097130501912 44.20018003923865
112.75568764495092 16.920490293268475
111.21819094496387 12.337771109560427
42.70517998362451 19.83508167257942
99.27048136786546 126.79891747883859
125.47520315363892 152.70019142438153
106.2883883457523 125.40560114501905
109.06315640577796 128.53835051800965
109.87762363362117 119.18398015663165
76.30033756205039 32.07761801349437
99.96397205083443 69.37508935948775
116.56748829801548 24.908366201375735
112.67352886190521 23.476491958715933
41.08182173521093 52.651629675500786
114.78075630905276 19.816018999985776
109.10406292939528 13.359889065244964
115.79218732770269 24.619298381923187
107.97152122581014 69.0840898955414
114.72102071844441 124.84297890511868
117.12924956611727 17.388596727820964
114.951148060286 32.03573842917461
120.5266630812281 167.30246930239173
99.43050662406915 120.7225034468
112.6005368595954 101.81409612470766
111.88795295143558 119.44851443403375
124.28502986123587 104.62132910448751
116.98501268404462 47.38288681319715
87.9439761551046 27.51450935936135
110.11776283981655 27.950825559387027
102.84833165125374 138.48942538330311
50.96661890699305 142.30330934785525
100.26572095234947 37.56318965382482
125.31111341775302 130.2227227244613
109.36251285141815 20.87467579197512
127.66093775272833 125.05056891075593
89.17325978771031 31.511852088819253
111.35905496042689 28.619851450976324
94.5149609963459 29.421431524230762
117.77226935022091 30.766597947932564
94.99624984064894 84.04254983844345
111.39238116776146 24.642014879070377
134.07828699299782 120.34939324252129
110.01735697175427 6.803618213394636
137.00719109083155 71.298468251473
105.63779242551523 41.79912877398059
113.49603548263786 24.756324283894582
107.4740728897592 147.76331377107945
87.67961189140965 143.07090289086423
120.31549549390505 25.748881387778425
25.715248136445503 8.018252934386464
117.54034147196262 120.47559519513946
138.73531299890365 23.141392987807162
123.97428737405026 128.15563606421892
108.42872038209796 32.96757957478278
108.43333525339928 17.267980475227116
106.72452240210919 120.31000433251742
109.1412115082647 64.82296826345754
109.35566944606039 38.03292663426003
85.65793263739786 151.09877104019304
117.85510863963059 36.84618916605356
111.9645077114472 96.37077397572176
108.26705590759775 32.77598447417318
96.76546200728406 18.200917576982224
88.60671985235454 128.5941117679178
102.4016622276509 147.07716799274428
115.8734784211859 26.501817542385037
111.26629391576527 45.28614641694946
108.52719555066997 115.03605997623352
116.42311800234457 127.77671905550417
83.26293911654979 126.79412766452833
104.65502939840923 14.789035781071167
123.65026690112666 21.136522472344893
112.9396506103519 159.42816794485236
87.94334411359648 130.82967316124223
109.01819556770681 27.697914422125876
108.9641697803278 -1.5072761255346552
119.55856963285824 14.287215683859529
110.48562544534136 118.7692760532813
94.16768669454648 26.79375436450114
97.91887855730849 87.28440959818994
98.34156262830128 40.61780178058932
46.66905146935143 134.92537113816275
143.9519456242522 31.29321357363954
106.76742410216617 27.55539111986054
96.25135414914914 33.21687358832606
144.84069863423218 119.17047684323319
109.30164994143165 46.02752231189828
130.2793138546019 121.82002206471407
129.68084068139063 119.20892194561654
77.21660214808207 19.855244531412794
112.39331810331902 27.94158756018028
116.55135889277898 119.39811565776233
144.25666672665682 124.35773517075697
112.3169324270517 129.28317399587343
126.37039589906834 23.250670469749814
111.3160292564664 136.19875072096025
124.00301828445892 134.28248656225574
40.143204253920956 31.910167165124363
106.73988511102831 76.66651017667095
103.48088700602668 69.84516341423392
120.91052904665857 127.90947285550776
112.38948593352058 132.49623020578358
93.21585661485558 86.25006025482786
112.40792231930781 22.462784933170862
109.123625012049 30.76228312191732
100.34293080181995 19.444645876265838
124.39937868668845 27.467011088723737
109.43046074055037 31.31441305079435
141.8005368903898 139.89070736864795
121.68067690555154 145.93519439683186
108.22477031893202 116.76525933979697
105.14708137332853 26.771236496504834
106.05442388731849 22.826000378211198
111.48993282033649 28.464427285883122
73.13338098248585 139.20580940998693
128.9183304931505 32.928426375198136
113.9574401818227 21.641922973536968
111.90668105499573 117.3081543232821
103.09185372783507 104.49692125266638
112.83327609344508 62.645663913448765
123.42695539650485 25.647949607590952
111.81620941468765 19.866840754731918
100.25619938674623 20.020458169557998
95.10904971442804 47.64829883480354
80.00899071004179 115.56585729353681
116.1783532060213 18.18821413460422
120.57297819657902 18.942141309571056
120.30909828674386 85.73185939313319
100.94634224485516 140.664320948184
88.35993487706135 5.027933210418538
109.43538977888012 58.3493566817078
125.2866337502386 28.204778631552177
107.16454652354807 85.74827979132282
128.13935178707916 47.180643504273455
118.4837248918088 124.08491328066513
101.37620958218608 20.37353972567324
120.46571908301443 15.734385125879818
108.85838226378996 112.01677561828227
103.1767345520321 119.26817163040212
80.83569518576606 8.258341385519767
16.342372838074628 18.648282750146624
121.3280444650939 22.93663935491897
111.85727117846663 118.68304110049877
92.30732799556154 25.731588265568806
75.17693533160732 22.289300554384198
98.38286407357887 26.864202315395453
112.35077127840809 10.286135794807162
109.31023307509484 146.39767211969829
107.77493511719008 120.87477232876914
52.30822422839418 137.839360500575
108.5982817899774 118.97310540825971
105.49519676314021 8.679821826163924
125.73760371223555 25.791257538402224
92.61809589567774 33.22164751784903
67.78352679607734 120.50172561411608
