124.36910634026803 135.069492498502
74.30081992068115 80.20770005664434
123.05735961251479 39.2890672537613
53.68929180511236 134.62673367186028
85.49114873748452 26.836012308336727
108.71234329690606 122.15140336735215
107.20701079265669 23.729882733452516
111.69928758533423 134.98404255368087
132.30922784589166 31.30268509825988
98.14115690095032 135.78512717107574
38.02324328473914 32.232086205921156
135.42214981283414 26.296068434504793
107.5206881974182 97.96291996687852
94.30940674577857 119.5125225189676
108.65913395220704 141.15089117982112
102.50923362413766 24.686997140165904
109.3230290296198 13.519840809682055
115.75967083577355 44.146973737615745
102.57925535063087 53.93519528976922
115.4296400891305 116.24682111608868
119.98094280682822 121.93278424455097
110.3384287515917 17.60264166716693
100.31488779097845 -1.4353652053591044
114.18627709520842 68.8663753972973
110.46224157683235 59.353446355348
75.87547145238729 140.54596571135073
108.50664680625376 111.38746202154576
109.54042606971488 134.30986361120324
42.38386202111511 110.85099420902505
110.24988457255155 15.428560074168951
104.18453979915402 150.69230638437062
111.46178040331615 31.078708313562974
89.70826361225916 135.4881218479063
84.53993649198753 44.062450335970404
137.46043206554134 135.14737355953267
110.50823833013247 123.07647942654208
88.53943873815408 48.1941568844126
111.64290956248122 24.329587777381086
122.83220129470887 119.44190695040481
119.12993496005926 24.81103057605808
85.6986886484197 139.6769069615135
126.16881813793444 41.6808508213864
46.27336440283973 17.209543903606587
125.7116236182385 19.835646068364305
35.71052432119703 23.664550500104724
104.2199104018135 118.004339384887
106.50498139217973 30.858684508241446
104.2114065137155 -0.8265254454240616
116.99144456527374 38.352184106219156
84.36150965663424 116.68233441527427
147.77400340524966 29.083049460368116
100.4689042978968 148.20430376119765
105.01575156924864 118.18197951728018
116.84518504500276 126.00351796930995
132.3766691483201 125.02227391119764
110.39951609186231 123.99544926666452
124.40422785350012 34.803378387149735
106.91650685649405 12.788755460018336
121.27767903405949 10.343379280496793
104.81348185257986 103.22559033540423
108.77175593146659 123.14220737214838
98.53563171882763 71.07173547324695
113.441267861845 16.038843401214162
108.29036463213589 80.63354152378342
110.97217584113605 19.393037932313103
100.99002055814994 14.29191321873817
95.45114930013767 28.415161146477985
117.98295307172437 24.319327572713224
106.58086274088114 20.635705501954323
124.95185508577286 120.47330505846561
118.68651616787031 85.58498674011312
109.59795065435058 19.755766838356212
110.85274258932725 25.121875586648663
102.64059188697262 120.29456665713506
107.57745847726056 47.20861946837042
114.50030310855051 122.04723262050516
122.51654862271766 42.16886097506339
109.05389762673084 74.67090421162305
113.85791717585872 119.04489239613687
118.45519287402945 147.24382180912895
113.15393043468764 77.2884845844092
93.93851950377282 141.3182281252731
117.26352651581638 68.3860501655652
124.35150615237421 129.2682684848628
114.21885009466327 43.82473836504156
107.74811609583041 19.8677959681663
133.2164237670735 83.82551347147692
106.02698276363367 149.64794125872447
22.222807108680314 18.38417525198694
107.72788011352189 14.012496893534628
129.7568698029259 28.91139883970656
109.223866655189 121.18969121789466
57.40815585701004 16.753683333401995
107.69501783009484 118.09961199149458
93.2436480526385 142.053153036962
99.77346578653221 77.06919951534417
113.83899288620688 126.15959366150432
123.4247985177544 48.68548865997715
117.97788370397306 12.954956450655677
90.43036550202795 101.70952265892109
119.33093449793101 9.994184790040478
14.503040844025472 3.7733499858440616
71.71374845674492 21.011814652693115
48.75140805869345 10.829032633516958
106.9009789914759 58.80893816164101
124.48090018878032 26.088164042756617
154.37813854284263 25.41010780290561
93.00629224260013 72.14705344158142
95.36903194567256 133.91269634588946
120.67880742743336 19.255143908514228
109.93510969602032 22.7326199875737
135.21268293067976 28.40275716173606
59.37124644475035 23.3872132489311
100.71225315710969 20.171994189771375
108.05142848038469 56.12251989143955
149.52321279100644 132.62920054002353
109.69140546689913 19.020358707366952
99.54636098222315 103.22165517254798
109.57411146554915 31.535218621206983
51.67011633203478 25.457384187383113
121.12923376510179 148.45022434802385
107.01155587557228 85.36276668992234
105.24358197315583 119.09275783266686
119.24813086734142 119.64717622259191
122.96535922981278 24.899981144721412
134.25091654036947 116.6313426551887
131.2894131129298 20.429964970446136
107.10440163889905 115.17913614075417
123.86674910179349 119.94983123973569
110.78782677011245 18.529834919508154
115.26362389392789 91.23034309879365
116.84559661249739 26.21545340458607
111.4864706074769 119.82698873449256
121.04491536298792 135.81953003179504
122.04069152813786 106.16626416069909
129.51126102207297 15.928526182241699
122.81799625085597 60.552611718005416
100.16174270908078 -3.936101809709318
111.96467053752124 19.877328117889846
39.148762741336164 54.34106418053195
111.94702990633068 118.29719625346831
120.71098277244079 124.84139085612796
102.06640015354569 20.528339521328558
107.0792467102576 -3.5359691040805914
109.34032512918917 14.768487068726404
66.1402087994461 124.49266742533074
85.16582540581561 114.21508792079749
121.080494850042 25.026391731300166
95.76895691891401 54.44552792673236
111.29778872723396 123.145373726815
98.26306892736606 78.9784011717947
103.93940274806617 79.76201559288731
112.44922720498347 118.95550428992337
117.14883031222635 124.25677821380341
81.70369806308238 18.74258647334227
102.77660479690759 12.147640671856827
125.49738327031275 118.75209125415097
95.7745959583849 17.098962886628705
123.03453826498539 21.033115328296052
115.93557246575993 15.151777602963309
102.79896116357301 123.99589581177466
105.28433147257854 124.66260366371651
129.79915462438683 124.65964740590888
108.86230076686533 119.15469658193786
131.57324859633522 166.1612465151112
118.93487265358047 38.44331836965535
117.20983272462941 10.805607731135073
112.70435167078092 6.923197589745654
51.9687974551412 10.539111110790982
108.59073952834342 130.56644949109844
121.27694853465258 143.47497992069137
110.297438824439 122.23895712749803
107.85520475091472 121.08731101778258
113.603889276775 117.52358094493474
58.86711800256878 27.925939521214403
95.56740137524935 63.65959771226844
116.44125389604847 24.21373193956564
109.57981769373947 19.98023557320639
46.12791159202376 44.328700271325495
120.51305365190662 19.79548522954662
105.13375875781671 4.692208220096244
114.1310301912867 22.032198638932957
100.81941168852563 56.42269998864506
115.31559749806692 125.22670170034536
113.76638643806102 10.270110122243688
113.05307051918864 29.555653364702888
123.33570807144255 167.6096351773873
107.67119043935806 115.32097006286726
109.4215231557113 105.31689363698604
119.45061977359346 120.15155934696195
132.41811021911096 103.0954334329296
124.50593489863905 46.978478871320135
88.35452920670906 21.83692641569724
110.48751504587251 30.970664116401093
91.88944881793739 125.51447542122607
51.01539840526586 143.52716160084162
106.64394252028778 30.32380617543343
118.86296963762464 126.05022992328686
104.97577775863772 14.878835084931378
133.25302323392845 125.80317315607675
82.71251700878463 25.908197952923377
105.65758958633701 21.58170754157396
97.78615628885075 25.830777816004865
119.53301670954191 30.56826690988272
88.75830574421242 70.39961292494489
110.61771895871567 22.71574523927883
141.01970011476772 122.04795616819196
111.79799134596185 -0.65002306044607
147.01155844137412 78.06113700450581
106.89035650512002 38.47985132193657
112.21081940410626 23.166301074953594
103.04775930465543 143.06703320869948
99.36723161218785 129.93084108058554
117.1596826013515 21.47318199796389
22.36331104874154 14.142762176771798
113.6804438647209 115.15654462514453
139.1157420653176 25.507634227641486
119.54832889623579 125.11173479748747
108.29731322841575 33.32805657567573
107.86815225619803 11.145164251104225
97.86555217211038 120.86929392561122
105.05403076228693 60.73401664581986
109.44276007437092 32.97144259765702
81.04436063417708 138.8656417183007
113.46469252194372 30.695467666365197
113.0165852764943 96.8115039721241
107.70391962897429 32.36989212393539
93.93584471688729 17.885163259366585
92.87668198382264 126.21943886222233
106.6153344788638 134.27439058216603
111.66866545524498 22.43413536586342
113.04902387880458 40.70623493661031
105.37531177912953 115.90134197597942
111.00312856379298 124.41069915890704
92.78012439231888 124.80688248795113
99.66097445825584 9.168880584571358
120.9291192547386 21.018204526236993
105.44068765544749 147.74543261110855
89.91218466272768 129.379403550923
107.34368438494727 18.700558785531495
107.93316864481467 -7.815083251967524
121.51402075487373 10.096056277639782
104.9989311786251 117.30425527711049
96.94605234391153 23.081619710444656
104.71847819782259 75.20832776779139
93.56223741584678 48.491170260580745
50.744919552203086 139.0475758462355
151.09987743281022 32.53756365178806
110.83926062301677 21.642276406948287
84.21004548153465 33.00273600416295
150.1074354561454 119.11360086545922
108.7669327166762 32.90824558324443
132.07117263689472 122.17311642877097
119.01954053426866 119.0518063410574
81.54500840663412 19.573088017714618
111.64923371989939 24.913248101154085
122.30824514776155 119.7523154141131
136.22180252139643 124.00137589368707
111.61891102927301 124.98573834783588
128.64275892792958 23.874760785868656
111.35685679115551 118.94205322630091
127.66524822303626 134.72796110206696
44.59132212542878 32.354079325463914
106.38126845873538 71.90106738570014
100.49947587789475 52.88255531213459
117.5180082952266 125.36118772052909
106.90390565332724 129.4372218102848
97.18116197555293 89.10031025727886
115.35907722762416 23.39841628554796
109.36929144881543 26.979343246662197
95.28307956226132 22.79464690469583
124.79817514315523 28.147321509386344
110.76217226845242 22.68738702929862
150.55900588108483 142.52886187514983
113.94403859502026 150.7498743553694
100.65503023713077 108.49533287406074
106.16611641439482 22.799327928005987
110.41033758819053 19.54062983867573
111.04066520787936 26.337781881711827
69.1254737991192 142.03998972754582
125.06655259675154 32.63941717416154
125.19447797528117 19.58642958675043
100.1331761070929 113.1074019506259
97.83884257821042 102.47868690739203
115.54733746212345 68.72979982587918
127.7373013523073 28.13176245984188
107.90598908807712 19.46886449729484
104.03327602225853 19.950492887575827
97.50983701150757 45.4075981360169
73.26275231874506 110.99351692834685
125.4214669231515 16.743346634627304
129.01569230890422 17.66604730962612
120.70455734038902 73.44826672148497
98.27371509201988 119.02645917993907
77.12633098758124 -0.7061244663702138
109.44584834657019 49.18855289420544
128.48549130147705 30.63577523335499
102.91658582887773 86.8690104568408
123.1746966225752 39.039803194042655
112.89895057732805 124.22840276510125
102.08677971943611 19.743091515650757
115.74122969864834 17.945046606834936
107.7427620545538 103.78389529918702
106.31758923617062 119.01846455304504
66.06803601026088 -1.898352228318589
20.48106101006894 15.384721478717122
117.98060381453831 21.70709841110615
115.38439611244468 118.9065518697268
95.19658012750486 23.795886256379077
72.85624186707226 22.230274074929905
102.71977622039249 24.141919228805985
113.58085830616777 0.8774953920120669
109.45572185726488 134.3204783043375
109.87172787880866 119.1109702786587
50.72724322552803 141.11349847413751
116.33838072104278 121.20246423326797
105.93414121599625 5.03757804261913
133.33967969750583 28.045875125459784
90.5118823765274 32.99728777192556
69.9520728694702 115.05229102383429
