122.43585102586758 131.85747329469658
30.80521883354025 124.19342387889918
118.48215449391967 126.66700511319367
39.67272982972682 136.36239147723552
22.678469994741697 40.764366606282536
125.65306792752689 130.6191664678595
110.98346306323681 37.84099653502473
108.41660531537724 112.39088442006916
125.47223127269162 36.38442608262128
108.54156357463704 140.72298443224278
37.993278376205836 30.80940810577078
124.90670385403503 31.50359371094745
115.70251596663344 124.4164532376248
39.85712155894907 130.9381049112615
131.87070756639108 120.13022624855024
121.36658921384607 29.280464967274952
27.736181479680727 34.338977513650484
115.02451305796572 136.8472610747225
32.133279153721126 133.13284742722647
34.97412099020711 130.36195099022717
120.91396916532696 131.71272121773364
121.76016497145514 41.035722222595794
114.98720686531392 24.93731647037501
112.83302909364411 112.43893296626578
115.36337603677765 124.57124091619524
40.124194112727515 138.57298899448278
48.28894982410606 142.72494934049004
113.23140894100221 126.32156526017098
38.69977814138817 121.82577208406317
110.41224336668952 37.46476690060042
114.81740954638714 133.84882060090143
114.90389517463508 34.984141536514656
76.55194615338195 138.3859646211197
25.57799217348534 39.053789102187366
44.87348083244342 133.95978588277322
38.64383190765181 131.00315601544105
109.39269134896578 129.3634079484811
103.02767791495202 19.689282055721126
105.06636135909652 121.25613163937135
122.33470228049006 33.48409735074721
40.219699968294776 128.38916541160484
104.07008539543664 121.8559882637317
28.05444286103234 21.148021519583608
126.67553424662036 27.312316948866265
30.140684098618173 29.591508837226705
119.26294422021452 130.08593694592668
42.70942169435669 35.283671530298854
117.22036552554182 142.40946064094518
118.40286291381531 130.67181871822956
65.94096187460198 126.82104269937119
28.23004829835783 34.33302516404506
36.783831583947105 135.7148720457817
39.311222955671795 128.5166571787301
41.1079930337315 135.74980634536712
123.10305852241879 135.14785040225027
37.340374126452176 135.61868568331386
115.51492385558649 119.5589673378284
38.2843396564061 37.56228807412397
115.1995487038548 23.31552115650661
112.3798459056161 135.41243558042916
126.25831475507321 136.37673502107555
74.5301310582382 117.06095145910949
113.72540720260928 28.250071909678972
110.47532962207877 123.15888956135791
121.82984447784247 35.916275803962755
117.01395501810624 24.472784324912045
31.224522211252253 20.396933886864417
119.05262561539283 28.80564503661469
115.67963129834294 24.04987176964106
32.95188628065109 131.4610992041658
122.73122775729182 133.01477712132188
45.78762027003482 26.5808585401001
122.69758703996212 31.741266460587656
33.628331662076285 135.89949746519923
67.29233406205444 135.13908819661083
43.227813042360815 139.8181658306792
34.43188869225722 125.8659797382565
110.43992099896798 119.64670708191662
93.26423914520119 117.53215208761297
111.79347426592224 106.81620212422507
115.9802651171018 129.693138713234
32.529409562791265 129.94334178009538
117.61866372705387 122.2045512668688
136.6119987230213 135.34285791835242
47.9546001579076 128.8528638119289
112.94421268304075 34.21157200274204
114.70623354917736 140.2715245969445
115.7718317961534 121.85411636389415
27.856698555831255 19.371388501198552
123.85798003959826 29.846244405705672
27.929395463763825 29.023047986929825
30.98169996340283 130.34756534248916
20.66784010838372 24.512772596063982
118.56771085029372 126.12264816028234
119.37351037341443 133.428526599482
86.91793649931685 88.40076568189275
121.11939557669152 128.08353601273154
97.40329742712099 126.88605997344686
112.44521639758703 24.611332860869354
109.15806417311195 128.62062755707672
108.2420674283072 36.88467130725962
24.108802372221643 25.478933488742484
74.91680820472943 19.832228223508906
26.195878172277077 32.26421179898981
125.1846507993154 141.22859706253465
117.260801236156 30.846626151660455
18.70037570876963 30.17078505948205
40.43903317548906 119.2526922186305
115.58505870580912 138.7848237144636
115.18097171009353 20.958948775746894
41.038891355976105 33.97688956466023
124.45418751946258 29.065014898202275
29.80132918232027 38.616081603598275
125.03333845390755 26.07557424299095
93.89174455423418 97.12871655063836
117.70014137291369 131.9054753486381
120.81693262402398 23.461219686903103
36.52912299283488 121.84002372979526
119.82073723220867 32.99395254398237
29.223102622458498 34.43848653255316
128.28941806836133 134.68099361619863
114.3873270880715 131.07896985380177
47.549660228384546 120.86841004008205
107.97137830156201 125.07956301899952
105.5752502135145 32.643503833845806
129.46569487996746 126.79566382763379
121.44206630586939 29.05362557626584
32.058558325239524 138.72634094247283
123.08190224355644 127.56389820516667
117.67801434073824 22.682169792594564
44.23655095999873 131.79353468746484
118.23052361984789 20.02529063350771
117.71273345206438 125.15209923963435
111.0274156209354 134.96241913450694
111.76261869095187 125.88272904327033
114.62209288973868 27.028373803451306
116.55565667621225 134.42665582130968
118.47710676262918 142.7598434302743
109.23275333355943 28.55556803252509
48.07309064690786 128.94649734993448
31.648102301106178 131.28074456517297
123.35562068142376 129.9858648524914
22.377399874179396 25.86816680164151
24.73404548612074 28.40406880771147
116.69786905376796 39.3311616846907
33.605911891265606 124.52340473070139
40.40998188241478 136.584468847197
113.18876038982535 28.109473341997553
108.5952784124995 127.92954861738444
43.62077877806452 131.64112925388338
35.51755916126582 131.7085174678652
85.82205052407889 90.22772172825609
87.6293236607908 123.30721707748253
93.33450827404823 121.4595058274921
27.026364455386805 26.954088120149862
109.57906622946282 35.52820982108892
125.43498145924491 139.99873034002746
22.850005872058453 23.473246844872207
122.07385260948864 33.049319723979075
104.30769734865044 24.8088467629848
124.2262816267331 135.20104414237275
113.06176583988858 124.18846971412519
34.1668136972302 128.82566195626018
52.869272988642436 131.77639396410612
45.81902282851266 129.20758411691938
114.60983914882472 135.09264358470597
112.66325393785051 27.810415250645256
114.90469687305563 28.028893019716413
27.94501992099943 45.76149769541215
104.36855018313626 113.357202551309
27.02769662153056 121.57347656408871
124.10104113549669 139.68930913451587
41.16236695152859 136.1412223882261
115.77028277327764 134.87638309381052
36.48794683499243 44.51139408718735
119.27094850552805 128.60883546252742
117.73701565376064 27.216949244218412
118.76723363408247 26.114303821255056
38.241533026581315 121.15400540619149
113.13427702947848 37.30985581080399
127.65963611337612 31.05736429763312
114.39655422721044 30.240034203200118
109.77907184171339 126.08464367148687
113.69544498699827 123.66850887423254
114.09394915996901 35.34401979461901
118.34004887370288 31.800893314988585
117.08475858757149 124.49120629282137
108.76978653377593 133.04891351922407
122.94444602849909 117.74837363680324
103.35888531717788 119.51758029607402
114.30092056827016 136.07643296027268
124.11137932262912 36.19755245454248
36.17579944425703 34.54695996667969
120.44896743839352 26.092564304743743
45.21818104872725 126.50753715075422
41.294629873291406 138.7736387142796
34.87774217898383 28.272271860487752
126.3851164745972 135.02378370510647
121.01496039399287 33.45274078710505
118.8809052063715 122.02458959812145
38.37369143867295 28.943424045750668
37.36733230458123 122.6030723902944
34.37490052431745 33.99013156784835
121.955034303176 27.149686537655654
122.39718229957356 124.43826772683556
113.93128249626355 29.681779716695203
106.30218459226344 133.62196347373234
42.58238542568755 131.6372092586725
95.95187128032185 115.85971281084169
18.880701183506865 36.375326768765945
21.750886860639483 32.28920447311493
42.761764832958605 132.2749430997086
31.164081986415034 124.83981519280675
21.932183047317846 35.475403766629846
28.42407299271103 30.21408033111629
118.95337110604648 126.71887502824006
127.10436188233855 32.884707261123346
124.25002920202387 137.76606297282203
117.87185192905139 37.04923647771904
121.00508887871531 19.38548863103875
32.15124014382917 138.34338601242388
116.99689160071243 125.9051354607685
115.92503953179379 41.52787262941632
46.337447425124246 122.99787291976384
118.60766537144653 39.18925053028444
114.27297021712002 128.39230194359638
120.79907863926776 32.482842995937176
27.049682976780495 23.307293299381534
44.1983154890846 130.6545982580138
108.63956486653206 100.49351597768451
115.28611991446287 29.604606309158566
35.365428368339295 41.134630016248224
117.21837530049578 110.76182100244704
121.86332552882723 126.85638486504753
79.0460012331008 130.33818129161097
28.840673386732735 23.28657731687701
122.72504970480313 30.99871930958077
127.42685229489071 130.85377352217614
70.6822159972974 133.56001771360843
127.4703385763132 27.412465314777283
23.622823639304805 20.931606558562525
113.79214883609168 25.22510042464235
122.96810565875448 125.76883046218647
28.84227192315875 29.59219269080394
85.2426759399895 125.20279423164088
41.002729464615676 116.68744620225878
43.21385354353844 138.60880972225266
120.09099695362688 29.00201203622278
101.00957484025649 41.91182979152573
27.31752568713093 35.716043306302225
31.654396871097738 122.79201912009128
120.74456228980391 45.437669026772305
110.69899241673745 124.4745472027214
43.19584743572587 123.57329062817037
27.72251311728882 21.44113902891836
116.0969720378184 29.696027439759586
40.8993495700834 131.2774270945617
41.91586465183869 125.72718336539363
111.9196635725279 136.61046650103034
120.02756903461264 31.895443709848955
112.30074283214998 141.10194903286825
36.24082658896405 132.61472490810874
30.006548938128446 31.47181203726026
111.638303127812 140.49521033671328
116.961090456498 129.74150396317253
33.285121811995225 132.9131467371201
121.90456136325912 128.67703927593232
37.315196117235864 141.5411823685799
118.81476776256812 31.303608534874677
108.04372544180555 36.529448755895544
112.67983722629673 32.751822148624896
124.43528250101751 20.978631086662396
113.52351163807438 35.166784757027045
41.19117266785378 130.5490000105153
50.103998701246205 123.46273917400868
124.90527061408254 138.25406842856503
107.9573080483295 32.799986405835455
27.239740910228164 28.092818605611885
40.343338412770194 38.49571597011253
35.362663314069245 137.77205046573
125.03150776051922 38.13704954337819
29.321586457148996 26.036905075123563
34.5069364757851 128.8009618764446
117.77608609798611 113.41909115535098
124.7699165976099 123.06959803815276
108.84843048647117 23.289593690882988
111.56978925704063 22.757621442532137
31.12394804902471 21.994274152615482
101.01563960033985 88.0684376136526
33.43200610555468 136.6054207154426
31.20402908155476 28.928282621794494
116.29803488736677 25.64155835030996
115.98633117941587 127.91812810378885
108.83176867858555 137.1804210222606
29.046444426644364 33.922551479950215
124.38814610207001 127.11493479364174
125.49031591206244 22.051157358705105
126.29895205864092 130.4356721491236
132.45297339345638 124.63692427988954
122.54423106675985 123.53553509725418
31.82012556848643 21.957215850910046
120.40174642590304 21.093551437772465
40.463726446711014 130.92735045356255
39.856394607660974 125.69126463760811
22.91999601288084 25.687089711600443
26.54458557193371 32.84533724741451
123.6533128454271 26.712870290368844
104.05720724025112 131.06582468140854
34.58652891316272 35.95386976822495
50.35096579388093 23.78350532443284
32.18244709385552 25.371858230806787
116.92844732018912 35.3766029487861
122.15303265164326 127.3853182444162
39.39160899609238 130.53124152321095
33.7157474446799 133.96061557692562
34.39886791758126 122.69510425424122
24.908506790765312 19.22473024588313
122.32067206490143 22.191837373127
110.84038260583321 32.71756270190272
33.82570499456404 128.108582987493
