124.2690790648106 128.54627751181226
55.60702358468585 71.57830838702827
121.6212776108717 29.731961415470778
50.23271431017948 131.232071596605
67.88836870129032 8.991916998490694
95.4994438084887 113.67524230038717
111.86351930979839 2.278599409626701
116.39906652121249 143.42271029736568
132.32569536411305 33.80496225160565
91.97812132568029 96.51137693489437
61.732978834665346 28.432049577533512
132.27926662612964 26.595743878571685
107.81010437086888 55.77827912629225
85.29968245243289 119.46928639234923
90.0217025471696 133.37924979277466
90.68224982599072 31.382261994407607
101.03913374840464 -6.325402175109932
110.33342104362445 15.427044432094092
100.23204342866475 55.24150540222952
121.30709405188946 111.0101958460987
104.14303044088557 118.05408386275687
95.28281050146134 -7.580777480662965
88.24816186332784 -18.724524555839213
118.01569016330005 87.90312838313005
115.36109028699083 32.693408655379145
95.51358262652161 87.62582430585958
106.99980396850603 85.09390497611135
109.6937839439569 86.01539939424264
53.8298274036313 111.54732886216853
108.88832184477984 3.5685876470756654
95.22189638929508 115.23241852983071
110.85733783195283 27.991075240235958
103.339519005657 123.3144190892131
52.76329560981135 25.738828628827854
117.16433920946581 126.39359795435917
107.8779718470093 113.25833010989015
76.61987711404547 57.449801612620796
121.9679879315368 29.224672618100612
136.0599753202468 120.2879199640739
130.63795994135774 23.87270698220087
80.00764955696506 139.40835793323973
133.96470662504808 37.32378093781608
69.16295814996779 17.98722409201006
96.32505126991764 19.928125849271343
40.01232134632318 10.545460757934231
95.10402246240315 106.71184325993543
113.22003106012747 16.629813700490445
106.24695750185022 4.966045839682385
118.4836595673566 45.22944317544524
84.74903510955463 117.74410899767528
120.39078709135413 20.71817312961014
95.20465783713875 80.21602684968299
92.3727683643274 112.36930882757342
105.17119729250616 106.95342864591208
132.09089740838635 120.52761999154959
108.94420608113516 99.97028587715214
128.60640451226348 25.19567455346548
115.97804586578624 -2.548445948439535
126.27464813499887 8.69405589173179
102.92096582265968 54.24992900620004
90.89887918208768 77.69026559409915
127.34639978682188 71.2451903895834
120.63576927223045 0.4902520190824733
122.81510103739285 59.053860766144496
124.61858386192289 12.65775121202648
91.07874474891216 -2.2902999075046924
56.981747239382585 6.591586748500566
114.57227724917757 23.949293986508593
103.87561594038081 12.805971014853146
115.10122234179019 118.64680015855103
116.59673818104004 50.76350086181352
123.27320690048253 14.44997285077668
99.58385293458205 14.659990640482505
88.99956149700817 109.79531744871497
108.10894122152739 50.573192888360694
98.89955458201939 108.40616045438469
132.1015256007387 41.79805538759554
120.60452342008811 43.36203329745632
140.01680952350506 130.82946395359247
123.09538681383448 105.11714320411794
112.49676654149017 65.65384580040437
87.00301479089359 93.73666214200968
118.97697373831105 78.57188979972979
103.39762430813906 119.3279969221424
99.30616857217376 28.86780165511881
100.09946276682122 3.3116390577961425
142.11875344295854 56.857025910034636
105.15546316703812 113.34564351998574
18.18169193014733 18.299249611135288
109.95964609565215 0.9567510024416039
109.53622492971816 24.797850531435053
101.68289553677742 111.77339350982332
53.87739175057713 14.944532503552823
101.53916222592429 112.57520683073187
94.03270420079336 109.57826787843776
114.8960886729972 61.79143995710903
106.77513444494815 119.82245442248606
133.30273665273597 49.695563604482885
124.61737511820988 6.209861606128571
91.82595850563077 95.62485869795972
126.12165073669368 -2.5468024863262593
6.016971783683542 -4.368466383842708
103.30095026641733 19.55934043076021
80.01814584108418 0.3428172122576534
102.52195001961047 34.04772584903675
121.97869871290773 24.905664704410125
129.64126592892433 22.70159871902199
80.19108590035998 46.250773759486435
84.28324768525468 85.04836628719073
122.13822164308085 19.185102424170115
109.15058510174104 9.417567661907603
127.68526861741678 27.106424116071
21.831938124961425 5.109340150466086
87.64374303197688 22.111865592227204
122.85873813338225 50.35520682513707
143.44132149173254 132.09908302130464
115.42441962625429 17.417216846772835
91.16949255122269 94.01033928061128
104.6940149959772 19.670858805935534
67.02486626567762 7.838597596014887
120.1280370825275 107.78664922369776
107.33597658870136 45.7849653483822
119.78597612327039 118.47828389965856
144.70062322631145 120.11468037218843
125.16107517346602 30.426812474620363
131.5106606490133 117.71021163141954
129.65357158850716 20.525854543390402
134.52364204512978 99.0800038597816
109.99281348468624 114.46846172863378
103.28111104117308 16.57697560374786
123.65582971365723 57.80199736007055
114.61711319896061 25.934744419361802
104.30687999750701 115.78879911923309
119.38928478303353 96.36026052018985
137.83260351651685 110.75988175025503
143.20931608308467 12.451676059776402
118.8975504456307 31.788011216114405
100.27878467846583 -6.910600038620594
122.17301610001155 17.13261410140294
50.72179284529153 45.00270954673677
120.09414258854957 111.1300023952662
113.17732885750819 120.56805244689248
115.29703097817205 18.36535445756449
107.5325192991575 -11.56502105181737
101.88567814853093 -14.216902455207906
66.19955912635601 125.88163896295288
73.24312898710748 111.56655951858538
116.55571711952157 23.014732393787394
93.01896690585073 44.10109864880436
107.91285167575677 112.15478352606706
122.1236477210626 28.85549585537614
119.80447942937901 52.96434081514003
134.150309920097 118.93390789169207
132.67318774286113 126.80933011930951
84.29382351266881 15.438231992359851
100.41027507647186 -18.47472623004156
133.44658888091777 118.3362768933709
92.27827477239536 12.857417471569919
97.63103630030929 12.096524802048378
126.63145599193366 10.812728281520823
79.86410982809218 113.71000767497193
131.08837396735478 130.89087032059908
137.40581372446334 123.3332222794786
84.46642852625497 119.66916132660553
120.95810779450969 111.82296821359849
114.94278986739515 39.800270965170455
124.5717050005336 -0.21935173615971604
114.9935525827943 -1.130254817212697
79.21124554870428 -10.762994490593876
130.72796520847558 135.8684119143574
97.15440668485277 111.942572404454
120.20504507426422 113.54646131365025
105.85679484785405 102.26521289333748
120.94594359716761 114.23999635862482
18.855590502640112 14.524149106712565
89.90653712373594 49.75666333922527
113.30701218454878 20.428705368978974
102.32070902889426 11.44531702911226
71.73756411600331 33.540793757991054
129.47037736468508 19.764255844641028
97.43898107671798 -10.765355827453133
108.13849596014126 14.573186187784312
86.73818720667781 36.82041191989187
114.09790140400463 124.2081059933218
103.9382429513525 -1.6952740566436444
107.35206693351559 19.026827170169806
125.87395862848237 146.2280277096337
128.43711083659912 103.91704710432613
101.58464346926128 119.47270514811595
133.9891389848723 121.48033223906127
142.19986716202587 107.64727674149324
136.99188677397913 34.072835652182
77.87908907950349 7.072513942272585
111.03521211858936 34.30853826929057
74.44451288950408 90.66078205902146
56.25491572478711 139.50281395958172
122.74648951154958 8.976593028648356
99.03953921351182 113.25950151252054
95.98937679392913 2.834229309692162
136.3454374377701 124.6917929550121
59.79379536845159 10.010073772184773
92.54133138234724 3.9183588468406505
110.7769382775106 14.781973125194513
119.80066849293034 26.622512621407687
82.0434806438788 32.96746840603461
108.40868598173961 16.68284116607217
144.54195640884816 125.19891385887013
116.0712816698991 -10.275012289848467
158.52713090104388 97.60320275357141
110.85342846280885 23.116754489505972
108.19835279290629 17.696479003707537
93.47892543284264 119.55160625383323
117.28768619272307 94.10212045228256
105.87368219629118 10.584053465103045
28.012512975820897 30.428440827013432
102.740977834576 103.43728022262725
128.93186756650297 27.93818191904383
103.9201919483784 114.91181233019354
108.46343176973873 28.159748189489537
106.94999660379187 -0.4337570001409653
81.1341008700688 121.6764267142642
97.49219137534105 56.23001963817175
109.76053965789734 14.425555973136873
81.19944984213814 102.40860279509678
101.33668861059279 11.264881139220893
114.10038179369049 105.5895707940363
106.99349711156383 26.78948596871721
93.65174377343729 17.73793802705146
90.06457102936113 117.69029942717366
118.3645558995485 97.66944292304717
100.63496996594138 10.883884008050444
92.72647461109254 19.246875498563334
100.31304410213437 119.3065428077242
97.09088007301204 114.17924400136994
121.4042993530919 118.46457493367737
91.8112186798972 -0.5513569850745895
109.2900511156785 20.297006408646038
88.8018886601328 106.5481903900901
102.61507912644943 121.6244885056859
104.06637772100318 -3.3321746937777825
106.99431778076342 -12.322214174431622
120.23013756518917 3.348916737866431
93.72740924054474 114.60431941068379
108.94086490106271 12.099171175570264
123.73776012147498 42.65411516908371
88.42058084711454 53.77649257396313
70.13792326113057 141.90755109093683
149.65669923204118 29.317307471499795
120.38035972220416 6.641116598135354
48.50737786006823 26.3107638433725
143.01942871624934 119.10423749022549
107.75786949458634 -5.213976936615917
128.1651730241427 121.57756151128552
90.05511540219156 118.82466503600463
86.43351243042834 18.699687550972627
108.92490988477331 15.938118438710388
131.735168020873 120.42465359794095
107.72917292339987 121.2689808692196
108.95475990018016 112.20517627008043
126.57677490930442 23.431581685907652
110.56738903967762 74.64168506306825
128.96907292269543 131.0220875099425
64.94675697688488 26.20834157413516
106.93451532390188 56.206656929605884
97.49272578493314 15.594525865075656
106.13942211708941 116.9687926215261
95.00075272799772 117.99640591545402
91.75523775979181 93.2355802255096
119.92977885923867 24.38464843752673
110.09642958084646 15.655515917415649
88.98258450530841 28.957842935737304
119.51795241200121 26.185572816030355
113.55533165971507 0.5101482612102322
154.07635335642604 139.00464499958676
94.85703064750557 149.75936541375646
85.29620846807468 87.31057778648578
109.72306148925101 11.924859899038292
121.08221739400261 11.443766941871537
109.31459018845283 18.553781521841156
59.90073632154136 137.2042861733097
110.43071964846123 26.345054245782208
145.42147446140623 14.10887130060629
74.83624326958048 106.08202114631428
91.54847604256588 98.80723049869307
120.28188408318134 81.33601462849616
130.41014319375589 31.78756662991616
99.08745694972174 18.614959191894126
116.02682199555596 19.730183778399855
108.79971793873587 50.19206326470317
62.40423403441653 103.95535404572443
139.64233378378944 14.24154776114715
141.85057663945946 15.366062025751852
116.9005014204866 39.599861750014846
96.15086937185572 58.88898039461026
47.76062522956851 -5.633380036195788
109.49263841733973 36.8949378698275
127.9529874596377 32.032691521615774
94.20387077078958 78.74201658187853
106.32363503061929 35.538117015438964
98.18972347570153 122.84807654093066
107.73934413042923 17.92689352747194
102.00592545855662 23.918319715334125
106.12798014617165 80.38255514009415
115.24383143929943 118.50432825396162
27.859956025984566 -19.766355398472218
32.91800745334398 8.19689791308724
105.95403869321879 17.970823340861852
121.81313202012223 119.55186655069767
108.32364227679233 17.047772083400435
79.35267056167883 21.128991534682587
116.31374257972865 15.304494027984529
114.98012691356998 -14.117301150919019
109.98548005513464 98.34512261453514
114.78046737081026 114.97573355746853
54.71990260420994 142.55409419833308
132.0880855068402 125.85944122457336
107.68654446849722 3.1315281192804187
140.9380406753733 30.1093964661042
92.89568933324215 26.9039853471108
75.97059588025667 103.78678828418313
