123.66729339953787 127.21121231503263
53.93174630864833 69.67207063939139
120.8875620714085 30.149820269535343
50.6329249711266 130.33082592189564
64.95449352992918 6.9017248936459445
94.26046098006965 112.79730578034271
112.398780696674 0.08140998317914638
116.78630764093943 143.65808367363124
131.30551946933102 33.50625351296577
92.12353842421909 91.31895772975348
64.9764375667628 27.474699223363718
131.00240954428654 26.308808693127354
107.92863356538757 50.48522948273629
85.23242172079316 119.46446519046214
88.57092757791588 131.79675669655833
90.11614647926137 31.85812799289865
100.42908129454224 -7.430112024198678
109.52852622162025 12.572454994474604
100.23519717588574 56.535004703692
121.63107156154642 110.73606468821248
102.21624958291798 117.56286364168405
93.72938156787338 -10.15390653588547
87.52976090025956 -19.159347622845335
118.11298057268432 90.2106629150475
115.75109584421371 29.737549802394533
97.1836859161397 81.14401860801559
106.89897307114533 81.30367613457173
109.71881625614208 80.31708432168796
56.123335998932845 112.07633338785008
108.72098035549392 2.796026914218042
94.66998635515104 110.61841922834358
110.7251560238824 27.271201555386
105.44686856274976 121.4109551290842
48.499578465884426 22.928540523670023
113.952620115068 124.85664326526668
107.59134419410019 112.21285780530425
76.32003311543514 59.007577546274156
122.83697464363462 29.469032297568514
136.42168504239427 120.35394765627419
131.15635111335325 23.50065753451155
80.81938288878561 138.72618463755202
133.86559302667533 38.955380876666524
72.15973319326464 18.13341559918417
92.7988180564139 19.937794740368435
41.92642387261159 9.087882468474493
94.48113724184472 105.6639368113282
114.01592159091248 14.798476508733346
106.7065316718062 6.489654727225799
118.1956961545142 44.910289411936574
85.57822506772278 117.9900014525686
116.29923039339414 19.386401103321784
93.27314833152997 71.52650444466087
91.48502796050829 111.9858297001816
103.78742228984919 104.95299594287151
130.8931675134916 119.81532587390376
108.77647266061356 97.6317904348055
128.57126320520936 26.18725400857046
116.92098493234712 -3.7591251723394707
126.29777499726777 8.912539388709563
103.017877111381 48.97207309940825
89.21162817895127 71.68181450316595
130.78662969151821 71.63830186784331
120.99921625359192 -0.8584165643119805
124.20545136442914 56.936344010247176
125.96197872346934 12.105679477069184
90.51148446292638 -3.5587757432450164
52.424662188154336 4.1980927386102165
113.96911768025429 23.636509938167833
103.70396708130835 12.056127644232218
113.54911693812257 118.42734924183354
115.91503934901783 47.23494219862489
124.45643472859264 13.90324161863369
98.42554403388169 13.489867040069448
88.14613305759984 108.86400638817358
108.22460758613012 49.33919787777445
97.29398464070663 107.01498910085957
132.16732688118833 42.3268882093939
121.60201495609564 39.874342467017634
142.05578830793448 132.0737996367263
123.07875357030683 100.015600884213
112.25877412409906 64.0671099955007
85.75777296596762 88.07328856475138
118.8162448195276 79.90410011131956
100.7802225579951 117.9235349876461
97.6627924783372 26.595939039927735
99.46964265899885 1.7049117301736154
141.7831884146728 53.225704352168165
105.18288350498888 108.60897183948218
17.69102771966235 18.29492444048932
110.251730530059 -0.1332732859434187
106.67240889788327 24.019858239761962
100.85476497882122 110.87409309138171
53.55627621462576 14.898646805203478
101.03215440523533 112.17095696518857
95.00177905672835 105.53939361308238
116.78711517242532 59.87893787746034
105.93396311803096 118.9211604646543
133.50971878217314 51.518476128682096
124.63504809590228 6.029754035662521
92.78935194885416 94.00806037364343
126.35305843752924 -3.000933075442577
5.4963502765066785 -4.313406919122062
108.18559311970206 19.3675442257213
83.1004290297525 -0.052116947944436165
102.22410148036906 32.61251353310547
121.13672550055911 24.477639443519756
125.1123045950511 22.244377958286403
78.10478715660521 43.92709608487378
84.06424417034677 78.41885074434302
121.76803385190478 19.206755851545562
109.06421110824246 8.03772604917395
125.74887693887729 26.62289286468734
17.85755054280003 3.187063574698629
86.94882190742662 22.239523587449575
124.40359872577767 50.67491347549001
141.0033954616107 131.57052951380248
115.92701542064921 17.313360687059156
91.04978785716631 92.65071516980181
104.29941732140303 18.031426651171856
69.11670144903938 5.8303356924561225
119.49324747676005 102.63621143732679
107.48722185910854 41.42884001244337
121.22389564511558 118.4327689109683
146.61049237611346 120.14852379946561
124.77773355765373 30.763584238521634
130.34725652815646 117.9676052117775
128.29920398549103 20.50668775435678
137.227863909686 97.63730930829544
108.0180949719759 113.93107280442683
102.48116325504935 16.45404470586469
124.37414971547513 53.64665142592222
114.03620611957722 25.57004750717615
103.58958182059988 115.40710689568698
118.66014936732854 91.81831773566351
139.18707224516643 111.81191487618463
143.95727574337465 12.312106299373585
117.93726908045136 29.445391198503202
100.6603322690604 -2.8899365206680105
123.01679909482829 16.838640554790157
53.79667885454319 44.652062439041515
120.79668335252039 110.54625718226535
111.96228559022435 119.92356665959157
116.89157234724327 18.136565588374243
107.65216683771106 -11.218793091074252
101.31208618496622 -16.746371527514263
66.55067961878109 125.8395404139822
73.1900323423232 111.51255943733621
115.56154082627694 22.56395836560765
93.31601125584113 43.16312026434804
107.49783563269692 110.91733153053386
122.89888233535746 23.44842765423884
121.57201781072675 49.821433532583455
135.97263769082366 118.95029043099414
133.80612067665717 126.81192763791785
83.7579882784096 15.148178021191313
100.43616412485906 -21.20167843803447
133.53416266160573 118.31250091487601
92.52460165378476 12.697422337082077
94.62108414248978 11.213950883697821
127.35641553154277 10.574241861792347
78.00031240165366 112.46545203159889
133.74535962832582 131.16245137415297
136.8783626221328 122.95639482950291
82.52520652992001 119.72436001929724
119.0002334134245 104.5706979084329
114.12761503889915 41.65059597946759
124.85314674035773 -0.5950336348343699
115.04520842081786 -1.3670468373511202
82.6180130995451 -12.436894932618042
132.58006603741765 135.90809232234113
94.00166195192978 107.91019671307683
121.12145897947973 112.6376267849804
105.74006058309642 100.32775372997433
121.39492651752255 114.02101079906592
15.0112453929911 12.844980511892764
90.05685297625102 48.413038598583626
112.70720335071834 19.845826851879835
101.65919965327615 10.72691827401434
75.34648264620532 34.20201311222166
129.8023686994117 19.763472796912847
96.97355689068948 -11.669084598191937
107.36178768904742 13.712526976834924
86.08352422574445 36.82997168240312
113.6771268391517 123.89333419079095
102.84166419562877 -2.1801914015169603
106.66889954534706 17.584927285981944
125.45987202026613 141.88552335864333
130.4466680621961 103.21646684311996
100.88810439997678 121.39008063291273
134.8958410286984 121.57644431902965
141.68763179805097 109.07730058305917
137.5566479115867 31.48603155945907
76.21500611055315 5.537122968699009
111.05466791846652 34.08779726319486
73.71953422057238 85.86553563935685
57.88489283933032 138.23264975492503
124.17976153701879 6.5284884173769795
96.73006762902234 111.7370003130491
95.15762650834444 1.9462789414110642
135.67784663373806 124.2105966035253
57.012333909824704 8.189786471539596
91.59697731414873 2.4147590221859803
112.59744772830004 13.516965179886526
119.4069102089782 25.79867129581882
82.29745333031606 29.732994296689704
108.15632678327874 15.992175686772608
143.0823794755385 125.36220537372782
116.47809728801785 -9.900862482201997
158.22296962164242 101.20387888856168
111.33861709217263 20.89387350331937
107.70081210802107 17.03014782763371
92.84234410728075 116.14433744948393
119.20033226390035 90.42320067320463
104.43885748335336 9.47543605108522
28.898417967879027 32.02691608826011
101.63103470917186 102.27957189757466
126.52718000002164 27.70248616241716
101.99091568490692 113.6756330611302
108.53381608944973 27.049761738757596
106.91262080220767 -1.1981580497696345
80.20934671566471 121.66752243749593
97.05533438824031 56.356513174254644
109.80064594489926 12.063371356452912
82.66827156031864 98.32462264577255
100.05288580609655 9.069467630364139
114.06422150360262 107.41144115161683
107.0240353555616 25.701931244113716
94.20097974746575 17.8136015673751
88.97098555622514 116.59809246350423
119.52397252129035 93.69291432569797
99.51497541141853 9.72207762758054
87.83270864290016 16.2745527294484
100.18914550659585 119.79285775900094
95.69371855075318 112.98903460047265
124.80201679023655 117.65578737849827
91.64068633380771 -0.8483238577028775
107.7061638657922 20.177320122033972
87.40074442593578 101.51512784514935
104.81436503075639 120.49564584393192
103.8566905191176 -5.167547405611212
107.05816686419418 -11.945315512477983
119.51664253324581 3.250660903965201
92.9634253409724 114.40804815322275
110.65334405527156 10.814962726129753
125.67300609838423 39.99653480700857
88.44087494524634 52.470421222514865
73.09592112158298 141.46018328150393
147.20644288299093 28.326739480222557
121.21624282802836 5.256230097088135
44.931049273475104 25.20564637232395
140.15569942798194 119.11282055873167
107.68977973359664 -9.414255990335036
126.7080783765517 121.37473322472874
87.02626861097153 118.8237509350541
86.56697247579638 18.609802944081025
108.58048023741647 14.862316780271266
132.19429546843438 120.47201389068549
103.95858153211356 120.77923782250136
108.60780604829242 110.76561310597623
125.44626426707387 23.209069063756655
110.42275488693586 68.95334501396066
128.27915202035294 130.01892250060274
68.09098537209388 24.909913234105574
107.15050614614447 54.430242391543544
97.83133349765112 13.25708863207676
104.71856682646334 115.90631637412099
94.06585383187695 116.48589467479177
90.34472265583236 93.7025609351475
120.1272310218438 24.322586956486777
110.1778569487797 14.299685536303045
89.07504709691482 29.277648818835203
118.33132592174707 25.641964634452194
113.78953168287966 -1.5185883556592663
152.0668580624579 137.51937841078237
93.12150450250817 148.05251372988977
84.2022772632481 83.91691689233717
110.20005671088111 10.724982364655391
122.08694979833837 10.771716861299534
109.08988067831639 17.516734902740346
59.38719444732453 135.4014200691251
108.37944577253842 25.1183663785285
146.88765677239704 13.532849579413568
72.97325549329481 105.74416057237235
91.5869199437455 97.26645240978685
120.4316048513431 82.48765313829979
129.78410264608695 31.833758192968293
98.31753544795 18.54286961926952
117.40889763033532 19.70447578168658
110.4554429063061 51.26811121435168
61.3470946067797 104.00179837957229
140.0185248764264 14.126577706514341
142.15893439794192 15.283376703814632
116.03843797707668 35.979230022135674
96.42531434097364 50.880259620660205
44.63040371018997 -5.131489510432203
109.49782889817445 36.93879733415947
127.09159995201072 31.528157896842664
93.54264024448935 77.07034267593093
104.16660209321711 36.74075303980915
96.56240635202302 122.50327447188332
108.62743158558442 17.7140437651157
100.41269640224881 24.54242025027749
106.10374717666481 76.67204787858975
116.22894330481925 118.46392808057745
23.17071464498999 -20.36133572966043
35.21442813312497 7.616556626871402
104.43102339384038 17.548427984091287
122.05733736039696 119.62309830428286
110.23416355588195 16.21722607215104
81.56029192503479 20.899329770483057
117.88590776819964 14.27160677025959
114.93360129473903 -14.304000522346128
110.05502908963292 94.08158415121376
115.19874024041756 114.64065858068194
56.1652825198177 141.8876561439484
133.37278264699518 126.18323574470078
107.94033952207371 3.8795122573304974
140.35538149640385 29.825207952913356
94.07764773149471 25.67253800080945
76.8576115757457 102.97775450127847
