122.11218892619023 124.4544625545746
51.14918229217506 65.84265064275894
119.1645568835611 32.169978080707104
51.236871666643225 128.19711480998518
59.03765756430715 2.9869350437303037
92.4403985710178 111.42442762498693
113.36733810142518 -3.958440312848732
117.33105350532088 143.7381746811787
128.67488256628167 32.389780531311445
92.72759493309105 80.3155343420739
71.23287163923018 25.389956460490286
127.78022646504976 25.61622871684596
108.22111932925347 40.82479969599738
85.86587667081254 119.45441292495501
85.8540302213806 128.31124087823088
89.28647194759546 32.35272407623601
99.50257791921979 -8.627347737921534
107.93266819503256 9.47726111849517
100.4703771695824 60.168819239276345
121.9809145321573 110.5559384711477
98.69793247251117 116.63542689044013
91.37456577105284 -14.191846634665126
87.08454532398486 -19.199561832204726
118.10043908425546 93.89702171530139
116.30554868889884 25.378476582067204
100.17342661869696 67.59444768277079
106.81745561289942 72.7659555465575
109.76847189599081 69.05288779797846
61.89242722901824 113.37205022624583
108.42321442666046 1.603536701885953
93.96660716889895 101.7807637151524
110.42744112403848 25.726816185035844
109.68979356805474 117.55598782362566
40.42333895317391 17.183434603410017
107.42002870493866 121.62396649434798
107.0891595950739 110.2994875572884
76.85059744417916 62.138427023439164
124.27414079551227 29.657868959171534
136.62569884878914 120.45947156048429
131.5178496948623 22.61273698223173
83.96852052982379 136.85007957224335
133.28190775298017 42.988762528874304
77.53074520673574 18.458719186952038
86.13159747380732 19.953983256280317
46.52941943403783 6.611409115138516
93.90156871345015 104.05107480239407
115.41060360494791 11.240714836345978
107.7794566976513 9.850479763161966
117.25337191706285 43.799800341069385
87.94361361826994 118.53239048790351
108.05777474863463 16.65740750630791
88.52191548294411 54.26172354845114
90.39104854056076 111.56363351684202
101.2277047894869 101.6579369013859
127.84325584667233 118.3590295290303
108.46962108496506 93.16988456860715
127.88372310021954 29.25954115767604
118.5371004857204 -5.7526555489538485
125.84207916066353 9.781327200004883
103.36609459452984 39.19331916222434
86.88477741700949 60.04278442735356
137.18328955979607 72.41349331757459
121.33858722374181 -2.861295737029481
126.78147441161177 53.03937492248812
128.22541208685874 11.14909042494944
90.16370813442298 -5.772934202508928
43.64251273616954 -0.044583614989336606
112.66389230105226 22.862773206355953
103.61025357507715 10.902478416601653
110.3425481168184 118.02317124165266
114.41794023020952 40.23669841935887
126.31287500381941 12.948232148712789
96.6558068612685 11.455405209675499
87.47585030494577 107.3562871916496
108.4834439189581 45.90551299023203
94.45050809027308 104.4896252697381
131.6097846518148 43.94158133298528
123.34020630520585 34.84334683987755
145.9051838441527 134.2347576588397
122.66024547373001 90.30301382505012
111.70528244090235 61.627260574083174
82.96435513400303 75.26522633208599
118.1806002913694 82.62661654641533
95.89032694858646 115.18867624949496
94.86433615672492 21.972716644456753
98.33895454478112 -1.103941262553634
139.99604398731816 46.1740572598408
105.32255258225243 99.50232837481094
16.74520532929089 18.28573924969501
110.81334221359548 -1.8380924863897956
101.08276267181418 22.322091947289916
99.4748862764358 109.25812817811864
53.47548042675969 14.952707402361101
100.29298193475383 111.58897326358509
97.24188425929057 97.71630356716676
120.4164863033909 56.59686248895204
104.36356514074093 117.15233657304447
133.58897642465973 55.09601236974812
124.14968987964559 5.972678102781092
95.20555910326041 89.78671903845967
126.29134706867599 -2.969314414502118
4.908343439993745 -3.660794799883741
117.92794596372102 18.993590149661646
88.50453120381816 -0.33199463214827857
101.83997314159946 30.14440072529223
118.98218347901592 23.422316096525375
115.63752420295958 21.302469636016554
73.50031738442212 40.509117348167706
84.32630234595044 64.8710404411419
120.69996094099585 19.264239537695833
108.91160481638943 5.483739376447929
121.42041561614356 25.537331994538217
9.952903821415266 -0.16793523111385822
86.2470334265294 22.417455464431136
126.85635693458718 52.30088949455525
135.14888708023983 130.0836896396968
116.69927351414628 17.155822405397185
91.31986067191475 88.40188830643014
103.62811195857003 14.766958605749577
74.13758323809783 2.3879444016037263
117.84548079639514 92.70347350899857
107.84274818736411 33.629795590639894
123.78906556463767 118.37157115883271
149.0828930298247 120.18151684834145
123.53707860653617 31.185782468766295
127.65526655286084 118.53806978767072
125.03732226783556 20.446161198319857
141.68051579178797 95.32154385731133
104.11561346310096 112.98876347955593
100.9866976215213 16.300319269564337
125.14003220048869 45.732866939662
112.74709224303237 24.71757922265374
102.31212260993262 114.76113354720425
116.83325985480086 82.98922037554867
141.05901590056786 114.03974978815916
144.7233978943908 12.222243790523743
115.72304404123088 26.481207140365893
101.83877402824234 7.109711912814298
124.16390457456625 16.302831599844684
59.787434792169854 44.505978386655215
121.78896166819659 109.73116215391028
109.50738131062329 118.61675275132126
119.76278495383953 17.74245296212497
107.91644754287866 -9.095980720234381
100.36321217834016 -20.771886717442438
66.7669165435077 125.57361103250578
74.1158643828503 111.6627460241524
113.48036987916124 21.554650233835105
94.0904172803578 42.096157934279624
106.73041284306447 108.79617248147218
122.60243472329623 14.056389282101168
124.84089840080398 44.10561397804289
139.340154889123 118.99127548907093
135.3537866490259 126.54332203928489
82.0807497067901 14.711367307296921
100.6718462543995 -24.931073221785258
133.13338622139258 118.26997103215714
93.33808900580306 12.840250474003923
88.88895142856406 9.661663660709458
128.30938056563375 10.338856961840907
75.74695890285051 110.1367650907178
138.1639153214162 131.29735915082935
135.2280492012421 122.14010972769454
79.46845271712556 119.82611335080864
114.86191609226533 90.67717513469837
112.38638350276084 46.483262534268036
125.00385762648756 -0.971314111840719
115.04440100070671 -1.1924890447699545
87.89035987378374 -15.188549356166696
135.6825871298312 135.60401905678665
88.17060513192234 100.10409534822561
122.67359991398925 111.013567095472
105.56740503594229 97.29916187435684
121.74537691583764 113.66803788498184
7.4419364770997 9.68667148675624
90.80411810655337 46.40858046913963
111.40974739989142 18.67785414286237
100.56483311206522 9.545945763042026
82.57815529981599 36.03861413477612
130.0734444634716 19.76400314633104
96.63019156468698 -11.714684214192541
105.86104138400648 12.184770350383653
85.5397877379522 38.19608210018265
112.7261168558075 123.19905180728132
100.93952962205258 -2.3366752498901686
105.35177871680624 14.770320197030259
123.91903924594052 132.61688073559594
133.7004805408505 102.44481543927155
99.79752479144103 125.14717466604374
135.79557067487943 121.74616863479976
139.5038143286283 112.24568645748082
137.73676630631294 25.82367659260576
73.04153004457463 2.935499210057684
111.05324954938816 33.407456838513994
73.52674628279955 76.11509100746433
61.22629646168541 135.3809773242808
126.54538837069894 2.114632130939496
92.57881248689229 108.90111218523779
93.72284855260153 0.8732330596118798
133.75349558822342 123.15715226049461
51.82534235558823 4.980317645905204
90.31246920150859 -0.1579106786001847
116.08884634890957 11.16613204060282
118.32023670181292 23.990514329554724
83.40961969147175 24.766082563153322
107.6909030997066 14.676841718354638
138.74345293520383 125.49736150165937
117.16712245024819 -8.54037804438521
155.77482761547415 109.057087189036
112.21905304711206 16.44602809592078
106.73441307011025 15.736539783631295
91.9730308551329 109.35048994489128
122.63241135841933 82.58679539016653
101.73154425377753 7.714420748064873
30.395633786785453 34.970355262683356
99.73678264562801 100.49511427020089
121.25984666951629 26.950628831092914
98.41359213533558 111.44087236145103
108.70881465888014 24.621301900916674
106.9056192557704 -2.31554109035266
78.87192342635667 121.5690276826266
96.46419730681481 57.07788265685374
109.87593953667961 7.578354281863797
86.34656843622028 90.01008935337948
97.76509963844245 5.100258166389688
113.91955728639213 111.63535417108784
107.14665683132495 23.381841847443102
95.8348047254848 18.021798539802802
85.90504555872538 114.53540410118538
121.42766109824032 86.40523510505226
97.43405145879385 7.678471254922897
77.7422601255557 10.408328438098806
100.19161871515054 120.76203367146165
93.48424126837395 110.88466210304885
131.11192256995724 116.12413369151321
91.89712938908733 -0.9948588886712647
104.61527958611968 19.93550069983144
85.44878162319131 91.44640104453943
109.30654007084406 118.235553668244
103.6084614218244 -8.46960949599503
107.2624115808295 -10.218445125474343
117.57113697331981 3.4507172512508806
91.79493055249513 114.1578156320216
114.05344020313014 8.702794182061496
129.1707187287197 35.80202620055019
88.8229368690754 48.677736616940365
78.92700743713957 140.14993199946474
141.16923107590173 26.168870625344272
122.43003378877553 2.9523481590558527
38.51260602124566 22.72785806972407
133.77173919287517 119.14288249195918
107.61160577616727 -16.807043383934914
123.11382574418629 120.92715888217639
81.57852520020543 118.8317217401998
86.38037194185979 18.45769677317662
107.93559349274784 12.849594551547874
132.6914027716876 120.5183554176911
96.61827040806442 119.7601106709708
107.93378935309829 108.14607312723285
122.71266448988239 22.620056456001443
110.09916005217437 58.42807468950509
126.13396941364834 127.69045768902188
73.94430789668097 22.1070397185033
107.67291702785576 51.839937467011424
98.94955499845003 11.600272592984444
101.98339177190643 113.82374578139077
92.80274256474758 113.58160466557649
86.99983177997838 94.72529772111038
120.29164938282763 24.039004515289
110.3263408354214 11.79313307808015
90.03870396471345 29.667251788453676
115.54894145245574 24.41643175430974
114.1311927533884 -5.028508883342315
147.21026894198505 134.17866564051144
90.2862166903954 143.8447506029063
82.97814629813291 76.66669633918112
111.12854144819221 8.766580181485274
123.72158557814764 9.675103008483669
108.65441701848287 15.537823329980272
58.423989493634394 131.4720466553836
104.34188799002416 22.48961948871443
148.72019235036328 12.512666066006496
70.26140779266869 105.66615349000344
92.4309550702671 94.03629739431729
120.4687474754053 84.80804285555021
127.78825290206053 31.503777968265428
97.07566771650231 18.429134640105644
119.8562126602093 19.65791168589117
113.72322888078659 54.26044917846812
59.526816634865725 104.71160268038304
140.1082391767626 14.047355649510642
141.5484184705262 15.286705882839358
114.03689169324373 29.497623972346176
97.2755942124088 35.502560837196256
38.51080279990249 -3.220239796511953
109.50706641519834 37.73657595370547
124.81681821454183 30.20227313801981
92.7157924432507 73.53077741853281
100.0455789439769 40.5630470329436
93.69748887904447 121.69966575637943
110.4129112957911 17.33095076278802
97.71608845780499 25.665951000743604
106.19842051032182 68.93650484034643
117.92075406460167 118.40163824222094
13.724077428680221 -20.285944897646363
40.26351098122329 6.770415632362218
101.57570317283766 16.757347503390033
122.30639415466266 119.75327370680529
114.03072017316046 14.610736554335562
86.9618923216663 20.40506068030619
120.77360268544382 12.365124509449608
114.68712313560266 -14.077029781308843
110.1913845916379 84.77695793118377
115.85722380006975 114.2030846695584
58.965873459967725 139.9473687489274
135.5288206996474 126.63528913069173
108.45136276779681 5.873847054278439
138.7158463055509 28.81097778865893
96.60135057001901 22.997236924343106
77.85766798650666 101.69177863398289
