123.99463836240605 133.00804352193097
28.457020583227656 126.54353364162488
119.64508767596786 127.78848090005857
41.382455597866795 137.64405353098968
22.538525805824168 39.01294050293175
124.0925693900708 129.67624377625083
111.83441104444043 35.18442217507969
109.20434908107538 114.93545201449001
127.4994078121904 35.85481645687551
106.29359698990525 140.97859692196613
37.946727464407566 31.55542161303878
127.42937132730731 31.86873820619374
115.26217937235188 125.90580678492468
41.21759152814726 130.618123504596
129.39220970161236 122.4351004413011
119.54118302046558 30.14852937747874
27.980712130216272 31.45095067802308
116.00368693384563 137.0220365260934
33.92353785094455 136.263559828471
34.557268413899365 129.3244972305938
119.79309881222285 131.62377239994154
120.10534038881518 38.685470126368315
113.0306010833929 21.531383232801794
113.56199130807212 115.28191744696139
116.73579783101526 126.70935721909565
38.51126921359846 141.41700851154695
49.17564482580093 144.64877009611232
113.09715110092841 127.4994040393747
40.240710764055336 120.79808134737351
110.29009728795668 35.838323734212494
112.64784004106721 136.0037703152563
114.14279769028701 35.45416050543325
78.5513878611854 137.05874976151318
25.964701398804653 36.26524570290576
44.919382114590746 134.36333324292121
36.495231623499755 129.6157636311857
106.61606751967007 131.98211083883007
104.33898798884043 20.848967796783203
108.70899789424084 121.28272957790081
124.49119900005724 33.08820300099098
40.559286046830366 130.03894920220569
107.582286353722 123.56148737365054
28.585676712913628 20.80007092853298
123.87506233197426 27.407035116029068
29.068755023977836 28.4762148593357
117.97139662542786 128.7846176568633
41.456289156343516 33.7257282052459
114.97371235843521 145.10322601718997
119.2941515871362 133.32805017381216
67.43645778849664 125.31618103210162
28.92085843829963 33.909945841785714
38.00085141738282 139.34642148473066
41.16021872791822 127.4153738502552
39.10884133481642 133.39813597871665
125.32119288999897 134.6925072240385
36.65711745852232 133.56286950772582
116.99609977179777 121.85342124113026
36.739481059350005 34.922432980871754
116.4691156453344 22.063444062099066
111.08877195903638 135.80625217331203
124.25877090713838 137.58595046843195
77.05768106350067 119.18333623017904
114.63344653043373 25.610509504978378
111.73540199875947 125.15609313316284
122.98702748353307 34.2569947525134
115.3658508038137 21.454358441691717
31.121493911189134 18.074437638650476
119.7139309130267 28.40341256062766
115.33815626461633 22.813114197885447
34.283363257508285 131.54045092917238
123.37325865214848 135.03427554025112
44.154703598722854 26.476429274427005
121.81652324910279 31.19631085363827
35.247927067064104 134.3103487895647
69.4928270660555 137.04488860451687
42.31634102879054 138.3283135626998
33.747032803555015 127.24340617784497
112.06060066091412 121.87880835750775
95.7658870566941 119.08124640221487
113.02687918865182 109.05281222514253
116.32149825258875 132.48197415125114
33.618560848872285 131.2599783521812
118.62487424339467 124.29081732328164
134.77011736900215 134.47877175603168
48.03745014015389 130.5979202838878
111.81572949956309 32.11200308480841
117.76984111058603 141.22843339173758
115.02212364077094 123.14233933813438
27.338827970027275 19.370201379096034
124.08229863588936 27.636408357395798
27.90895973821884 27.852012741609023
30.866460041413067 129.42819944320297
18.821170222635818 23.913108017120106
117.64930776710528 124.98275738904896
117.07417251323207 135.14331373602118
89.05557960678993 90.59779018945973
121.09880809829401 127.40239340859267
100.34625293345073 128.63139181823365
114.21525804419022 23.516820152409522
107.43866946824626 130.95640456422646
109.80366104599231 34.48215142219685
23.083394712148433 23.15894406526869
77.01851696922368 19.82372228228695
24.70730389783201 30.46505117887668
123.45120945243542 144.15923899340487
118.34067237601221 31.336308717264643
19.113258549394136 29.32491256503859
38.49244989901145 121.87287662078751
112.98003887672492 139.88501553869474
116.90073748944698 20.819342255760542
39.31016287749078 32.754930534362785
125.71585678149594 29.39013477117011
28.91135154129462 36.97583065328648
122.75147302906588 26.38765078124086
96.43063014474389 99.86557177460477
120.70406247995793 132.7676982092469
121.19547217326189 22.37963003906389
37.659645192571595 119.95060752438658
119.67948843707833 31.830330862680565
28.45770051675849 33.938261542056196
128.2334735705412 136.47186797399948
113.86652954656992 133.12950785142743
47.429918846848494 121.09315759784685
111.08243237783917 125.01401535733774
107.80862792048289 33.06922960894065
130.95989009309693 125.74495831134698
124.25545672510832 28.752674540196484
32.057933949007364 137.0032712011324
121.30771524152 127.04382633028996
116.97993061067142 22.525334945447725
43.11592168174151 134.02973504315867
118.61067789277499 20.941278882886404
116.98279473586754 124.72685393251624
112.36343047589402 135.30975237395626
114.29549369605246 127.13001783949467
117.23596582506745 25.8299087302047
118.14210699260892 134.24580319456393
116.6285155054524 145.2339135578349
110.8462440118784 28.009889295382155
49.279787202199415 130.07539963921172
31.652190024072997 130.03105425659209
123.4481609504667 129.50568754074217
21.856310123076696 25.403141072743907
25.686602789424356 25.535520954889158
115.94194038289487 36.21366991852021
35.26523331606881 124.65305108367342
41.37109308604339 134.979670521595
114.37618615912106 28.181967930413723
106.88907845626876 129.25124158014052
43.02250199843732 131.99861910196898
36.780581951892025 134.02706783882286
87.97083623867252 92.666092354879
90.78678170031297 123.29573204050585
96.1466109949834 122.59279664113501
26.115666922778082 26.594165428438334
108.90569786846818 32.119373936160216
127.16066065591693 138.48464137397679
23.381613687055058 22.550097149579077
119.86377365150017 32.08060120191385
106.34400581497651 23.790476241379306
121.85687013260286 134.82202267619206
117.01261623285552 125.28293216124659
32.79190934736043 129.4207521928603
52.14161977444029 131.57127083452977
44.55866333233986 131.89586746140185
115.48829555609097 135.7545213228332
114.26108663135344 25.66240778159018
115.27113776812658 26.27291610028641
27.120292869253795 43.25064208250098
107.26454140292861 114.90325960475441
28.409963070707008 122.79960375335732
124.98884978758335 137.96095241579667
40.07019651256031 133.92639371487232
116.987461370472 133.69327395097858
33.88717913734071 43.01111142439174
117.25368431988247 130.65180127118097
117.53711037142591 26.843441033306277
117.9579312291848 24.940847213907148
37.03295428485562 123.75073752304908
115.05989210492828 36.348858837252166
126.3367635168567 28.667099276588228
114.04707941667091 29.45890709154964
107.45588608671137 128.61608788378314
113.9266208122396 124.08442485514706
113.07658372093813 33.75421610199934
118.10735923324285 31.13520878016385
119.00166475120463 125.55213430883275
111.75373530283012 131.41643272558386
121.86915740686167 119.75725714972492
106.4683989043092 119.78362049863777
117.18042622289018 136.61061623989366
125.12838408011231 37.1440680879867
35.004932357017374 32.92615035373492
119.82263320717297 27.395868907423495
45.83355642873368 129.69356111994693
42.85284022260697 139.5952547428206
33.65695021020106 25.364903997402052
124.52256399499962 134.04752586575947
119.45937809250695 31.202027747003758
120.96642028892583 122.39569449061793
37.2663813988232 26.89536768811238
38.823134036719395 124.09723040231883
32.7309300152246 32.53117715091308
122.23436426238887 27.977337037690848
119.76072798213468 125.09410925847456
113.69863335051323 28.940833896848766
109.54133372611426 133.87141344118191
42.94860425225579 134.27677606521968
99.23356955622017 117.7290316436647
19.13608405099271 35.15668432889373
22.163298954564056 31.15985102371744
43.39471004195486 134.37261705612246
31.768993052161928 128.44392637805828
21.64585215727745 34.280507114060846
27.351273863076756 31.067268502781115
117.81897923161188 124.87726813186369
130.0408981918119 33.496531727647046
122.90605923965357 136.17476857695092
116.42357001265158 38.059011459191375
120.71207634170274 16.30934265282198
33.669432696405835 137.86245097507862
115.36004387009277 129.05352800238367
116.27081401178609 40.1691073103373
47.641654469883335 125.50068898511545
117.18364214614657 37.58924087451603
114.65598353533198 131.50650653635037
119.4603924350101 33.70692194393315
24.474982715444476 23.184584333258968
43.16127808116213 130.15147438356058
110.169023871072 103.27876800933313
114.34233591295131 28.707822144718378
34.78514611547248 39.055568833826364
116.34001040068965 113.9076781830945
119.94613031194095 125.75893196049954
81.54212921817822 129.11020328286716
29.543579458714255 20.879245164757464
121.34018520591039 31.137904629018944
125.41724285738826 131.99373292055566
72.8110841516788 132.72954159245
126.7400705068058 24.65202908282474
22.923609142919865 17.045601867723562
115.08045385214008 23.303360293467456
121.34072099571297 125.28662886763415
28.00199463905975 29.25674696920571
87.56578990356708 126.53474457686569
42.5432376304758 119.62804182162311
44.675083142948196 139.74069393711093
122.5962739004429 29.823278229507384
102.31298894085012 39.47069585968123
28.053417871671662 35.78519251689399
30.459744560172172 122.69270845544223
120.81955267983305 42.84508836068809
113.17232191676779 124.5503967156168
44.17034948140779 123.3896401383175
26.95355232949512 21.1844410414745
116.0689956270802 28.19925776173652
39.85790554241906 131.51961974417404
41.69186882245718 125.6130660637812
111.58503660946526 135.7140119212582
121.91121076771192 31.76108629137451
112.300153388575 142.29576426268486
35.98307913346021 132.27403391001138
30.392164018707224 31.708615721288908
111.05940694024282 141.71858708898404
115.88814988740499 132.2420293181812
32.935609616164655 132.325359147115
120.72708805225896 127.31533708197358
36.30682165239278 145.02130198768182
120.08319131614667 31.20088626416672
108.54132417497652 35.18261482839835
110.03171222261327 33.38449774835235
124.87936757267704 22.019982116145364
114.00746128783662 33.56835366866398
40.66829952265574 132.45818300093103
49.51011356133991 126.5664882499525
123.34490018396141 136.24570394516363
108.56244664162045 31.614077437957423
26.124841384458787 27.06380874123445
39.04990024760199 37.58421467246398
33.28939224325763 140.24647330943696
126.44292446044005 38.26544263396266
28.51862512454896 25.329689249397205
36.009620568591814 127.28612330606568
115.91471927741398 116.02507922077437
125.35893597432243 126.4688308121004
111.22045112604856 24.302461092609427
109.70260179760353 22.599420724688184
29.99953681695135 21.932986973795934
103.37801233193325 90.45969244383902
34.01300414587721 134.78266388773042
29.64147781354141 28.35020198166576
119.15276438988484 24.989583200685505
116.92110959589071 128.1965157666
107.17427028324013 137.5911490546016
29.351551490014202 30.922869818830485
123.52219358244183 128.34365442726667
126.64147264753399 22.891805275508393
124.92712078683144 131.5608481520783
130.1974162593322 125.50993779982386
121.75089121254452 123.23604340777898
30.803868892563486 21.754763066080546
118.38910239668424 22.024159740748466
38.71014466825357 128.42513741981313
40.07334202066132 125.95547369732661
23.622353486376067 22.815298212430548
25.586000191668013 31.673729233699557
122.3337927781294 26.255817501560696
105.96516949351566 131.07691106993184
33.24910602768383 35.004656577188975
49.282933240716645 23.482809659768566
31.507048721775753 24.225493074041637
117.55959211855757 32.64094382091483
121.3352269130562 128.81377098904963
38.74008236102364 129.8736660854482
34.4904419036207 136.03029647205517
34.631170065538676 123.55484225465878
25.140484030489688 17.77254572772184
124.37616712519362 23.02997622968165
108.98059758256733 33.75478585496241
35.661568648357594 126.61919163538427
