119.11915177412112 120.09282913412365
48.15568556781351 58.40519458408566
116.04890154146446 39.0187689337321
53.045048867553895 124.5298906382753
49.22086426083261 -1.469928333136259
91.45712681572529 110.0626077147935
114.52692915326925 -7.65149542955152
117.64822286644541 142.65302872665907
123.27431312934793 29.758200086130643
94.78603252777503 61.40880694310689
79.5238253633154 21.86075245172895
121.7961893344661 24.3550217895311
108.75309814395277 28.588402602317213
88.8069780466963 119.43573120605865
83.42805355918456 122.73920510845375
89.73617057445159 32.22876804544532
99.0346676136126 -8.162931579155634
105.68242608570135 10.279785003848554
101.21565842237744 64.76473257747612
121.50605180607474 110.9508357525868
94.26595907003706 115.43017575693678
89.17685010740821 -17.263336894729967
88.20980583766948 -16.618353033659535
117.49318214888248 100.30647707636946
116.61238991246573 21.437955693679296
102.28945182597 47.88808203163829
106.96135347608147 58.38570047732975
109.8286717766413 52.33262087731539
71.68140941658103 115.99969405444463
108.08768547222544 0.6074113164441894
94.37359651667133 90.38272331595256
109.899130893752 22.98968888794242
116.00660299835705 111.984524652552
30.632026740983495 8.718985469038968
97.98787926930359 116.7030696054348
106.63233999829548 108.11532266544442
79.95290364452772 66.9344193657878
125.66352463483196 29.096972590278327
134.9857533461254 120.51042322599501
130.3369507783386 21.02615692115294
91.1566552246401 133.0333920675103
131.0101845910998 51.08628942572645
83.27891855105248 19.022561806637054
78.30158127497128 19.97116183822982
55.39688741345714 3.9619778378086745
93.96475098703083 102.88497943366477
117.18692730744797 6.57210056132364
109.49269517944272 15.874675358223445
115.39804788353398 40.37166552916999
93.24501999752425 119.41382801098594
95.93673727980882 12.870407705841702
78.82507928965632 29.395114012862525
90.33394695880209 111.5974627297265
97.81253998229302 97.75947560853646
122.1803971818271 116.19809993088786
108.13074016703357 85.81351081071755
125.20467703009868 38.088052008080254
120.30415113422032 -6.985666179122518
124.09556317410234 11.948448501068325
104.32713675767891 28.378906429781896
85.58784894120988 43.57345513644336
144.526257288167 73.51424005699711
120.73850947651393 -4.366073620722016
128.98012781983599 48.44296480173168
130.4087760474165 10.530581418711455
90.49839186363373 -7.655216932085991
31.178628723323367 -4.670839896721349
110.4236480013247 21.51029903261982
103.89500828204797 9.940502249941432
105.51308229149106 117.55239324215381
111.84989072015333 30.512504355905932
128.0009522733175 11.969821895091206
94.84122905365221 8.951251190769009
88.35873421609361 105.7936269201874
108.91394929505083 38.893881555297725
91.21984542011253 101.55955248856279
129.36577620406652 48.23166499345946
124.82568798872175 31.37917614836844
148.88914053218915 136.39760785467584
120.64092431770572 76.49884945926361
110.69706199220532 58.39870223532025
78.25728970382946 54.448355318078065
116.51593790203134 85.96305895657953
89.46736310509063 111.35082563522992
91.86415460807073 14.941901014972101
97.60626870108182 -3.780740601005142
135.89386262049948 37.43711785151963
105.86270835261512 87.75958418754465
15.522251765008813 18.27173154801737
111.57123913872394 -2.299360730595454
93.4969275634881 19.590548769684027
97.99990700748427 107.47881220679041
55.01213994272321 15.33038860547618
99.91440328488798 111.31029176519591
101.07318189891764 85.19810024297331
125.31076474175168 52.541534604704005
102.41201191312007 114.78838315467517
132.19476371108843 61.90979490505532
122.23418962215555 6.982473596433042
99.29921430980842 82.3307156981486
125.00198723418718 -1.0967100851163822
5.011064623927448 -0.4276965499854375
131.68157846881263 18.46953323693271
94.93906778870743 0.9088789607456909
101.75321962974749 30.20130189376544
115.08820644966873 21.50816504175505
101.10209319475842 19.863846790063338
66.2694714113212 37.86204130688555
85.71888479062352 46.029689417108976
118.28112502987948 19.381343426442008
108.74635098036607 2.2637854270399957
114.01430996999731 23.582677443893896
-0.7639341194303158 -3.895705788549768
86.38196724126387 22.41836001630461
129.39666548395107 55.83260592226147
124.50941122398268 126.79091360667944
117.2230503036939 17.122517038691395
92.80617444057535 80.67714603643456
102.97811691153497 10.144598499897654
81.13909826391756 -1.2916535012920634
114.9599385176602 78.79121918904896
108.55115203022066 24.208671550860693
126.52723295954881 118.36296781121955
148.9828974563698 120.17474739850863
120.36304624066446 30.89661581494337
122.56435035702455 119.45462909648865
118.79407423222071 20.29917932984902
145.25825372681408 93.41641682991154
98.62895998199616 112.0957910579638
99.37096702386295 16.254365822593876
125.09094204625566 36.62803344647504
110.6272752217993 23.218949806471734
100.88242398418105 114.1117008268063
113.42947269248553 69.05640143590881
140.9371430542184 117.65436992457417
143.11795031427096 12.643849514776566
111.9634166446319 24.54606052023333
104.17897527756452 28.03403349842241
124.9732778003481 15.64511783501486
69.30127189403225 45.9831615758756
122.33834480951307 109.2312169887589
105.86764219997504 116.70339050815083
123.24036588126644 17.346226297931533
108.3365441045252 -4.485858318567485
99.67125069349215 -23.380331388548353
66.73740041889761 124.90472612944065
77.18568264457278 112.28053081756464
110.07336049406203 19.966987239952683
96.380956897869 42.641838545832826
105.75055815709977 106.28725477852964
119.00049879441968 4.1124935701320116
128.41470765765186 37.41749160926629
143.0525796846249 119.0922789713367
135.69889779118935 125.82975346042751
79.3896496654936 14.3132120760294
101.75699436657877 -26.454959651895464
130.72380855557725 118.29281169271235
95.72809820970434 13.924873134780322
82.1310775946399 8.16038983181598
127.97289449790837 10.671241302925461
75.13831562796014 107.39811508609364
142.95630332637168 130.47686774082607
131.31784454526763 120.75920404937993
77.06675907785913 119.93401095162578
108.48355668911367 70.58241583551155
109.6668353095777 55.38120498292896
124.40395832720655 -0.34121445417550506
114.65875148070855 0.8847347510500193
93.40314415869203 -16.965709678286427
138.22408391638086 134.0530014302279
81.62184566914117 90.32653802754167
124.17649508577156 109.32429272968518
105.74873152624586 93.95767018336379
121.38334216948583 113.55853531715049
-2.9270508089313694 5.760976816918712
93.30045872782694 44.192467640312664
109.33035061117926 17.003537119491288
99.50631330602528 8.452018378764278
92.34723543682992 40.80663637923092
128.8988974451519 19.771065499041537
97.22782840016693 -9.054842132346405
103.91421284064437 10.391448645020308
86.73382931071491 43.95833345375768
111.10386037597165 121.9318056213006
98.84592812751092 -0.4384506579182398
103.83790998045059 10.858836210525624
120.2381060363872 117.90559009633509
137.0462429705955 102.47772992445134
99.04288749396214 130.56814565986141
134.50340775040067 121.76765023069679
135.18020966773514 117.5506570788033
135.54396161683258 16.73368924681667
67.34594345669265 0.29507130348853094
110.94626060736228 31.44694026285192
76.33422519644209 61.65173310236107
66.95520032449855 130.41828353205588
128.66110408957027 -3.4201769184916646
88.15068830859077 105.59236011878347
92.59985613649341 0.5118717124047346
129.9003813614239 121.37944630478675
44.86399858888902 1.3646442596008443
89.6111323161428 -2.356822407468588
120.58098686186192 8.279993856330247
116.00835006124558 20.901907645182018
87.05073990080189 19.68362333430523
107.08694978923766 12.958947370160084
129.87019665349433 125.26281248648539
117.72259592471262 -4.410529211817532
147.20753322869717 121.56205201963417
113.25420711367812 10.058680403990287
105.44875648443185 14.11135565845916
91.56274551147511 99.92998751801093
126.38995435080939 69.85174682024562
98.47987481827946 6.0900892576911065
31.91218974573274 38.260243285621755
97.49775584376393 99.37784520417762
112.71046793813969 25.262240992346868
93.97690245505 108.96977793684498
109.03368591125249 20.645663415928464
107.05332658161437 -2.5718370614883184
78.45408572255289 121.31737436160358
96.53598448588797 60.113251267260345
109.97214869036482 1.9635720924858062
93.85582654369215 75.72950850752072
95.23535144649166 0.6936123186323373
113.44199602794995 118.78454044020168
107.45316981943753 19.700969204918863
99.79216809652067 18.457600811278844
80.79288406311902 111.82332368060565
123.38810097718894 74.60013603851257
95.13626768528604 5.356878681142622
60.84642803344803 2.272323891205141
100.92938999814774 122.09734094336804
92.1349598908946 108.44643047732205
138.22860561405562 114.13033240672509
93.67020340820616 0.18878642501497872
100.3602579994584 19.572288712976654
84.4613073045688 74.09835144691742
116.03430425098956 114.96503052739668
103.82405994096443 -11.157545046692185
107.81382329093184 -4.78556597133523
113.73479648356916 5.30080674786272
91.35462138947236 114.22907274395865
118.7481985751771 6.371923065035515
132.7187659575553 32.420307614075604
91.18946780543783 40.52236182108894
86.19482615398273 136.5219945762281
129.8055473946924 22.44930948102166
123.27513703452193 1.0332902346547488
31.164621631860687 18.74565078236494
122.11773172114044 119.21664536030474
107.6435063677946 -25.15748740085919
116.53401624598382 120.12138246030044
75.15071406097196 118.87854283392706
83.75949727869569 18.27319608672729
107.10083600628107 10.366859319001342
131.6653686941833 120.49822259586398
86.39521789586709 118.21300760308525
107.09077005869031 105.20842946199083
117.76038141985023 21.5207693643954
109.59196992007801 42.67521937668897
121.87942240782624 123.86399610735161
82.8084181651361 17.709986999126823
108.58497062733612 49.55033889845003
101.62723266729742 14.693511590094088
98.69442843123838 111.07047084163042
92.63070121670752 109.63952918964493
80.4326663591319 94.47104037749149
119.67845154600342 23.247861355042158
110.50882611938546 8.643716238053534
92.74488818023391 29.273873089161338
110.9027704457403 22.28307359668546
114.30633744559786 -8.112787035384944
136.49623767977803 128.08600073663388
87.87693229926356 135.8859139090591
84.13302545659852 66.30938599644135
112.35069715363281 6.824506294671954
124.96475618718245 8.729493361756283
108.08300036277544 12.977690101603613
58.49838665828486 124.28872186473178
98.71654983157393 18.375597439219504
148.55931061209085 11.359483344978019
69.136988404634 106.64768370139446
95.49531556502735 88.85186996257598
119.77256448632302 88.15513145980115
123.25657728406253 30.04667809884315
96.28359441214045 18.359460269622648
123.06316136307746 19.601162283896837
118.44833907059785 60.15631318088857
57.49435587810714 106.48363932129914
138.0402786011902 14.382488711722496
137.92607549760203 15.666446915321941
110.78039152205685 22.045599610873605
99.58619983399537 15.653060047607202
30.20101802116997 1.338064158523878
109.51831073309617 41.19509732567623
119.91388961459819 27.301416649509175
92.591151417879 68.88619499490902
94.73886311974995 48.17314528970266
91.01214183901195 120.28303877251109
112.99547921795906 16.857136083518828
94.652425593729 26.818288942866342
106.75471445914246 57.64322065408
119.93833554360181 118.35588465726154
0.3028913078883182 -17.233606852609086
49.344555555480326 6.161280235868495
97.96731532313305 15.785551881938591
121.98412655762748 119.92278483570043
119.44089706692188 12.546483398059513
96.44482043661837 19.58607690378371
124.06677931307017 9.951534466857998
113.86182631921042 -10.822145560663328
110.37925741477804 70.2025762838707
116.36858456832543 113.98067886335306
63.988041215855866 135.7288768512104
136.6272440209518 126.626582433786
109.08017118049035 9.641899113934121
134.13681026242952 26.58972205329593
101.26152348579349 18.745099304301224
79.90561277585923 101.20600884618356
