118.02923386910335 118.61893057242371
47.482147943736166 56.06377912345755
114.86137503229932 42.26425166858094
53.949870627455475 123.2384099675103
45.98507880812461 -2.4207365862096855
91.70207876204265 109.83234604282859
114.86941802831684 -8.34103285195701
117.59258545638177 141.92149236481467
121.13771218465254 28.721530304309887
95.68117920745381 54.82771837718005
81.7443350981123 20.628435797522478
119.69062706600384 23.86802859373666
108.95190750405193 25.219143214499937
90.23757891472354 119.4307505156124
83.02720529268632 120.83228149948992
90.2052392939036 31.921870607235775
99.18064620224362 -7.503397698442235
105.00232631619309 11.852899043840644
101.59637332059492 65.72043100199322
121.05887417796113 111.21016377662669
93.11013152595064 115.11269178245414
88.78070028166812 -17.478791923341394
89.07790268230215 -15.10637802072258
117.15131640390524 103.06888254983406
116.58439498203686 21.248408178390015
102.3204886965909 41.69463831440462
107.0678247222659 53.41788337503754
109.84786561515824 46.720736380361835
75.08267097612591 117.06183840590326
108.01409320431294 0.7632135594232401
94.83877367673276 87.18312114810105
109.71184536258475 22.014158770984764
117.97377689836884 110.24405168291659
28.039626630810663 6.1235248239017075
95.08200643580281 115.10931557051285
106.56652365280661 107.6540616394735
81.63264262974647 68.76502652945805
125.965766236733 28.734585357650566
133.8010122391611 120.49482721949168
129.4334341746365 20.464453770064537
94.09824051149866 131.52611027568656
129.76281688609862 54.243729014351004
84.82505670101033 19.21582513921565
76.64918319978979 19.973821011655815
58.988581135590046 3.443698610202728
94.32414347299402 102.89043541108747
117.66389634149151 5.237310904275355
110.07950146190672 17.983189747495654
114.72383685516995 38.87458740235792
95.49441958358922 119.70907216975019
92.18425681158006 11.722064303152496
75.1162632100851 21.569101361863204
90.70785468633234 111.72703317506776
96.85373508608127 96.80417192661265
120.09067313396304 115.52997845795278
108.05911490476913 82.93127998493672
124.00528691816618 42.27184848881512
120.775573612267 -6.50023331718278
123.33604703276994 12.814554655286805
104.7772382330803 26.04537034193967
85.57283202933937 38.26972099805869
146.4149584394309 74.01513140665546
120.25002577848952 -4.374067172937069
129.23476581130927 47.92654486975367
130.93512124758672 10.499003098673228
90.975489190663 -7.83894731217967
27.017383285736024 -5.671841356109323
109.64022670450258 21.010980339549572
104.12708649638137 9.760624141703834
103.98604170962587 117.43062073534995
110.94322281901452 27.76575570360944
128.3120424127386 11.759473948766253
94.39295637420562 8.303710114702755
89.27435761605595 105.57577219930425
109.06179610552395 36.17788328010492
90.42331125238248 100.95416862196151
128.11187773205674 50.31891070650698
125.04180479286994 31.261161306852525
149.06561929488268 136.81548187490426
119.74212508650298 71.81880557556033
110.34151632312513 57.339673570941805
76.13751328336383 47.494604935722705
115.73293443442384 86.99096685022627
87.64038174592419 110.15879916939609
91.27369793936579 12.64131868732133
97.65632510370139 -4.348610543231465
133.89310231540304 35.08260960386928
106.10727576206014 84.62052157498479
15.188750490432346 18.26740492868706
111.78171401275655 -2.114483384457517
91.27582138609941 18.668776659097833
97.74565654224452 107.18357847710334
55.69887752328811 15.523107829466694
100.02599917020818 111.46156371837185
102.57552554509338 80.8894678271656
126.68048053740866 51.63567810387435
101.94847361423926 114.0607181056005
131.27537128522042 64.53144452450755
121.29945318428982 7.549542465025727
100.78073400903185 79.57388816748461
124.3551531102607 0.05509283759892547
5.431003109569511 1.0836129817378433
135.85901723104234 18.318582542684894
96.64225891883756 1.8058155603731196
101.80471274212474 31.245103061296753
113.68340693070084 20.80670849654312
96.35820709715341 19.390462085588076
63.55992681800323 37.55159926139745
86.69569679258433 39.86024329879757
117.26704249716087 19.430471695209743
108.71728044782918 1.5156702404850102
111.36947558517099 22.84021585772591
-3.890365171313751 -4.579729242147029
86.78877023234273 22.353937978644783
129.93631528059845 57.24701756635483
120.67758475474511 125.54931910385673
117.1941403035535 17.15110010571418
93.56360688121251 78.06869600179188
102.89921964086194 8.814107392232463
82.74359762036133 -2.29295859684269
113.9163327193147 73.91245616656431
108.8171295858402 22.091178204521952
127.18646573118265 118.38201715568285
147.66709133361607 120.16014823306112
119.0168679266798 30.615960719701732
120.5443963421239 119.76706472931637
116.48826960433293 20.24386697855705
145.7730995553178 93.23675660723657
97.09243741036136 111.93522182062456
99.04519215535841 16.31645312125618
124.80740359479171 34.3660239408714
109.90058196291909 22.661587752062147
100.60229358361828 113.98970366881964
112.18858058767505 64.37403694456731
140.2514998266683 118.89989904894934
141.87554851792237 12.935557368138893
110.62793560617862 24.872075030118232
105.10161508352694 35.69495916775885
124.87668793777561 15.49599542788222
72.7204579178871 46.47202566017347
122.20067393166917 109.29070329880032
104.70965706298853 116.09072373535582
124.12726539446322 17.261388525054354
108.48393961049759 -2.691045409408354
99.64253110368227 -23.126555430145974
66.85958324243592 124.61484385145474
78.65332492036212 112.6097447210936
108.90901191906936 19.42996479693456
97.37209968393526 43.31861693074873
105.48526088504002 105.63184144247951
117.12974231247149 2.0106979527012805
129.31821924964348 35.740821395469
143.41130286643863 119.13292987727468
135.5799726889799 125.52035557569945
78.12356041363884 14.276029562314816
102.34302463901345 -25.92032204302085
129.51989168257515 118.31593701491416
96.79788325880804 14.41845726250503
80.3107004015577 7.909038902519207
127.39557492904862 10.88851221740656
75.493443797597 106.73076798029459
143.9565504432024 129.9454838424531
129.5731233926775 120.2691685217402
77.19388831213564 119.95925629485266
106.35521024989733 63.70308157987016
108.74684521028647 58.42146222052775
123.94319700563852 0.29706660416422187
114.45431136851742 1.9500682587214588
95.09608962799824 -17.142371323522717
138.6937423379603 133.22288313852482
79.91937418807406 87.61723046160128
124.37950491875124 108.87119500839474
105.91182669518793 93.36319197356872
120.95835528800252 113.64426365860375
-6.077833158261246 4.637474400147184
94.52584314112589 43.907983875366504
108.63168962752144 16.48832917815775
99.36282010883397 8.325001431545127
94.75124849426156 43.170755909463665
127.99074161994227 19.77492697886428
97.69983005469366 -7.475635736765248
103.31875630649381 10.006288149191926
87.58442279081635 46.79472716112703
110.51986209546465 121.46146457280415
98.38794048886115 0.577639030936098
103.46823253422589 9.73337525280843
118.72287537918662 112.98459897233074
137.4728811122331 102.9334212529641
99.0616917323953 132.14960002710987
133.43624380420988 121.7084442578194
133.41239926695297 119.38265472835724
134.43102934002795 13.718696633306443
65.38062979126461 -0.13485702134329602
110.87997088684178 30.50164266946905
77.93407241748983 56.90153911604759
68.88112908421988 128.58831551046987
129.08339569030468 -4.989319852802076
87.30481574928868 104.78785528937996
92.68661919174907 0.7823372235292227
128.20120569732285 120.73483197470374
42.62006081748353 0.6909667148705992
89.5698382035812 -2.7113936964207284
121.80252009972412 7.5049671807965534
115.05913949038658 19.837933461767477
88.85956601158622 18.570007949071805
106.92058125875462 12.452341680521195
126.28541446491136 125.02351813051492
117.74579017356318 -2.6104958436431445
143.71511291310026 125.73532701106211
113.52353196747062 8.117478060274033
105.07629906690505 13.660953280254471
91.68352365443555 97.08599648350595
127.26327766137068 65.82728543529176
97.56479845428036 5.874394492632769
32.23986523822901 39.08150622110201
96.93656555730972 99.38229374850691
109.74568871101263 24.556476790817886
92.78704535175953 108.39951809340847
109.15263410181254 19.291895704369793
107.1512630870627 -2.211312597291071
79.01414731188412 121.22033977375649
96.86396083991815 60.95096539418259
110.00084180470577 0.5673769253113485
96.76443792428567 70.4846223795175
94.62498691629622 -0.4610927358664507
113.21447262334718 121.24498173271868
107.59324917993226 18.45411739083653
101.25615536113573 18.628321286350552
79.11376831374923 111.09524157265051
123.75469571353254 70.45468177151305
94.52643043356113 4.897231054951035
55.0190515585271 -0.1751215772075061
101.41111696928937 122.48634520549241
92.1635533970575 107.8550409431419
139.81801686637874 113.64680091961559
94.52560544153395 0.7166214235131192
99.12656393568876 19.454815493079913
84.58589939936198 68.18440807451951
118.23610746020627 113.99856640641293
104.04922470116945 -11.464557322165744
108.06842457811162 -2.5494902404052904
112.35783269885724 6.276398318207306
91.46152171687224 114.32576531083836
120.09847732235407 5.780580838108141
133.39610780172669 32.132007056165065
92.42932391627913 37.364017599140254
88.12911649658133 135.0419497160935
125.66218737974035 21.1317497747457
123.39340391856712 0.8028325888144027
29.35465448495977 17.4068367197658
117.81205523507518 119.24654669947522
107.68903663226207 -27.109461397779658
114.23217090014256 119.83238341083667
73.81062330274817 118.90358839980622
82.39294593349604 18.23096141104157
106.8848557300713 9.709356121223456
130.92183140648874 120.46808699003137
83.38166042097717 117.71572669989811
106.85224604238934 104.46856755762796
115.93786281914684 21.123167506664593
109.41934804105138 37.60572324562564
120.08873994562676 122.54610183435295
85.5530847658178 16.262512379363724
108.90347161419868 49.501360238332786
102.68751299193919 16.6771858164276
97.85832829075243 110.31830169812386
92.85138217791207 108.46255307620821
78.12773418092738 94.2064837801941
119.2497019232414 22.937782458313954
110.56342870670191 7.8485005801354575
93.98196627355895 29.05260248978672
109.31574707364027 21.498845106935477
114.28005836368503 -8.420008613628582
132.17288510143464 125.85512944290629
87.69341433091456 132.9795227722999
85.17418620962863 63.25828752067208
112.68673363627471 6.504721056377065
125.04008919453021 8.607385108747781
107.93236122992701 12.289591818696689
58.40968830665152 121.71710244126427
97.07840605413291 17.012229497002355
147.87522226964697 11.084706497411425
69.19941077645346 107.31967766605383
97.03333163304353 87.38835611939957
119.4278890885579 89.12944057781121
121.48823599976566 29.412007769530675
96.30455450902198 18.372898822992855
123.93904055518239 19.586102648188476
119.94592248439666 62.26920164882113
57.27683853864899 107.34207780233956
136.691140033123 14.623412942405396
135.78459738486814 15.887515952465225
109.6508012616225 20.15576425055578
100.59232656958574 9.776240271530693
27.14306882183069 3.2952276101431273
109.52068864929656 42.86545985639573
118.08134581400009 26.216835259401474
92.77842981996557 67.20655403657642
93.27336235174708 51.57367974835935
90.49953207226764 119.79048060816918
113.80163375682042 16.75424715079983
93.89959566641662 27.017799291226947
107.01146190213188 54.1556009807341
120.5199923586958 118.35286871456964
-3.7123352372604055 -15.421610857660937
52.41527865293384 6.264986155006395
96.98459933116865 15.5447010912502
121.6378114518572 119.96460900113699
121.0920248380233 12.014461774982642
99.83806761999935 19.307795611276298
124.84588491313748 9.307434810784102
113.48100121578909 -8.81013981392369
110.43103043824654 65.34373891314155
116.44729940884095 113.97022341027076
66.02256473873818 133.96874292350262
136.33977194445353 126.4518594546736
109.25789209196823 11.064384457036876
132.09400248254835 25.701777700138493
102.99183954955247 17.321434628510467
80.43042475975437 101.42332692375513
