116.90210703237557 117.1639462033839
46.708476811252346 53.59959317821486
113.63497329278374 45.996649177671586
54.86704764577337 121.92042597733041
42.609845269817214 -3.0909357877708588
92.13797522423503 109.73515761960518
115.15054219914241 -8.637380960808844
117.45112999220996 140.93367202457287
118.8604296565533 27.537334057479494
96.62659507723579 48.59361034064324
83.76001744924883 19.380699231188675
117.42976434620306 23.338424570901324
109.1572879183106 22.300089558730114
91.87077386749249 119.42905970667586
82.92968929907084 118.93422084929657
90.96055826600467 31.559011614319058
99.45933377783555 -6.3806608813274925
104.39051582197126 13.805319575774222
102.043217382937 66.50477444675528
120.52914669580883 111.5842166263268
92.09928705192122 114.80275420678359
88.60578485060496 -17.381090337290114
90.14281464310747 -13.377958074686465
116.77817768162906 106.04823533470666
116.51003160736555 21.658866695818922
102.20389724108284 35.62322339942324
107.18595652445578 48.18534124240216
109.86318806581458 41.35917570233408
78.22808376063793 118.18051611747829
107.94638388750806 1.1199915804207943
95.4215921490511 83.51693891343677
109.5227429652408 21.013542288804114
119.87746372839258 108.55816745833148
25.813450810227128 3.648481369168941
92.37352837871116 113.53819094609834
106.53578627892881 107.2817047085683
83.56650174902045 70.57577277347582
126.20361827143662 28.269992849339474
132.48278948260227 120.47076836492023
128.26845190265115 19.891019261294257
97.12273460470426 129.946459962758
128.34009000575077 57.65500626328762
86.47491340306827 19.409778296014423
75.25404870143409 19.97574581496245
62.646168808807616 3.1485900504216424
94.93112332019761 103.05276704271093
118.0919067872566 4.100822557552872
110.6642075423415 20.094479808576484
113.97512919656592 37.04545475463525
97.93222868885302 119.99925187603966
88.58417398236982 10.619567047903095
71.47983798568436 14.521964165548976
91.2807017966897 111.87232022681438
95.97572819338696 96.1127112316145
117.99091257288596 114.89157040823494
107.99897458263618 79.96640757985622
122.72712576070349 46.98245558761273
121.14340404547391 -5.710251861050525
122.43066640429713 13.757780454802845
105.25619785762521 23.93563282235083
85.86855170032511 33.03625160464681
147.73624108174312 74.73880391842921
119.63730068464729 -4.225761455748611
129.3054633443463 47.745963255373425
131.13156806046854 10.58047471757343
91.61302530794568 -7.676043183158509
22.768424727639992 -6.6218013391406
108.85414134317752 20.48009722664306
104.43504083399657 9.675463209943102
102.5122959496296 117.34109089368461
110.03538839554875 25.856679221188784
128.38689905453325 11.563039814083341
94.10556747180004 7.792378740499195
90.50900049762345 105.44166852130503
109.21078518975055 33.17779921014102
89.78609046060187 100.52537328018273
126.59307082975307 52.57584607001552
125.06825017435632 31.472956018919746
148.84326543637232 137.14384167206617
118.73672936123359 66.87861074911025
109.98249361003847 56.69090710211603
73.75507264258793 41.07093557653058
114.93594173012902 87.86752383240871
85.9181865211533 109.09417563642035
90.94294118146111 10.47332320079874
97.72966765682285 -4.565163576958552
131.6010926210306 32.79319216267771
106.40864117690975 81.22233358595791
14.909084363697247 18.263127158374147
111.9716558939924 -1.7620906739996804
89.22071303596105 17.74992869770568
97.6318639831099 106.96548067225648
56.45458445173423 15.730676830799531
100.28075199690687 111.71967821800793
104.17742472634438 76.88906622433333
127.98198803469634 50.74158030487168
101.5726734897177 113.40312069265548
130.14307235968948 66.8500714570591
120.14413919141714 8.172072464107519
102.38237038674141 76.58122545324439
123.5728910626832 1.4174849919294912
5.969345165924595 2.7195783014850807
139.87645820104305 18.18441244677509
97.8857552052041 2.8823418505440213
101.94615620434283 32.48330728913819
112.24299560461739 20.0842825986876
91.84840520843291 18.928909462107878
60.6280767124898 37.363869942283564
87.89586811054585 33.98745239288199
116.22197894905624 19.480899643819374
108.70220341740264 0.8995868391718659
108.71364539979568 22.051458455060544
-6.85595000418763 -4.998240298017497
87.34695139399255 22.273524712445894
130.35414227471782 58.91899904529926
116.75483859880265 124.25777874599069
117.1288094578958 17.196372397599838
94.44941765509489 75.14478909849036
102.86393696749599 7.664404841838518
84.17367561053962 -3.166656526263866
112.86286634423993 69.34288992911797
109.0956533487457 20.810747181511182
127.72778664240732 118.40684459802455
146.26909777645747 120.13509094468833
117.59287931280913 30.21138954340568
118.41388075902911 120.0740770962135
114.14162506774183 20.183176228837482
145.9853979128686 93.33251006189366
95.69894608864661 111.82173702079271
98.8640716781281 16.41455880752083
124.52257216799917 32.916553833560776
109.16999716878232 22.068613412543925
100.48568237590435 113.94003523739279
110.9158336465148 59.38444040548821
139.48138167062064 120.15383208469513
140.29794629443558 13.263955041387275
109.27858140898353 25.201489248556253
106.05884843028876 44.04123518366106
124.74897167362545 15.385460852166778
76.23666952744493 47.02309306763677
121.9221944807844 109.37231352373182
103.61790187291905 115.49237707685452
124.75182706238056 17.197817205268073
108.62998483810946 -0.5345483200221626
99.79452005569505 -22.58246825712744
66.99883132825599 124.29920265288483
80.39880842943643 113.00276058180201
107.75177682422704 18.89653118636735
98.52137186599485 44.339880008974696
105.273137676999 105.09954426819364
114.48371921206991 0.12763604056529254
130.14480880532716 34.28158849008683
143.31146839481215 119.17753737755729
135.1186344046927 125.19124117831332
76.9563807475017 14.293189453116394
103.04208611195698 -24.93238117621478
128.13902284226117 118.34752951231576
97.94011022210621 14.997785679634358
78.68824308271036 7.776511680474504
126.63475930441933 11.142807219332035
76.16454038851329 106.16562396250367
144.74575205342555 129.29938363297805
127.61654118319389 119.77036855413927
77.54138162299269 119.98049260911196
104.26125378348473 56.81528012842896
107.83294738685343 61.432606990076756
123.34200412563833 1.0879779404516126
114.19080369354519 3.0872899434433236
96.70368313872353 -16.9042211877285
138.7121915275508 132.36535085884483
78.45355264949154 85.48476034794353
124.38956458260553 108.57109368835432
106.14405398669776 92.88257220687254
120.3547607397909 113.74256688246166
-8.94346014643475 3.6513180310866336
95.81330083142645 43.91908991822836
107.93735802713385 16.02002088748684
99.29263649219392 8.27933474151066
96.96449769871877 45.52668283987616
126.859120443948 19.780060987299176
98.32478665231666 -5.479496032209492
102.78727182894305 9.78607215478332
88.71478676844193 49.74582864215216
109.92838242659379 120.97505456515597
98.05968999302364 1.6627235565161453
103.18303002866638 8.709611413542717
117.14223882324882 108.1778067288748
137.606475922182 103.60538344659821
99.15185826338703 133.6260893444303
132.30901221143495 121.6133376804552
131.36523021114613 121.21389566357935
132.91829667322895 10.786184859993261
63.13785515901372 -0.3708899186600165
110.80907628532593 29.439736987533674
79.7615349865396 52.17705116896379
70.76319664633158 126.684631110239
129.29123343734386 -6.172038783229671
86.75510529859845 104.10287089383671
92.86655815515572 1.2495469163355377
126.35782058371534 120.0858993630568
40.27600789725147 0.3095377186305284
89.65610832349489 -2.942488380649828
122.91926549113232 6.828776621959676
114.08105089302416 18.767230318194457
90.90461859295031 17.738273351106887
106.7887395153801 12.014380143465887
122.55782315486427 124.76819992097846
117.67277976983405 -0.44933395708797663
140.14559086998287 129.87044626711526
113.74676168764803 6.301645384397383
104.727881458962 13.240306719823394
91.96327884764784 94.33701502750758
127.9017336266967 61.71752540419867
96.75301449246517 5.790059791063784
33.02845074602366 39.634514462648475
96.45008545067049 99.51575164633837
106.77959687641503 23.7970316681871
91.75892309031012 107.91463617771527
109.27244690642897 17.941461004943818
107.26893432909468 -1.5668084591488554
79.651022847334 121.10004056535546
97.2325918730662 61.759368261000844
110.0265135113676 -0.5215490175931277
99.8190338270654 65.20120200446136
94.11591326331263 -1.4089331609998628
112.9560951869238 123.69514210758244
107.75878610494256 17.22154467643042
102.79260360452673 18.817982200479403
77.33521904520508 110.46100578647419
123.9380801041793 66.03103817102726
94.01923004842213 4.568446617103565
49.282250177960655 -2.50212372315341
101.97877631079322 122.85666648885515
92.38503360796742 107.39774696131232
141.18396323700946 113.21086439262712
95.4426720726265 1.5581267100617913
97.9145049162509 19.34010448536858
85.13889845554041 62.3341974121219
120.30487179515247 113.07749224118979
104.31641234309008 -11.30219552897005
108.37547878365909 -0.016532650957914452
110.96143917789655 7.36438951651253
91.73286227751461 114.47902591390407
121.38399409208814 5.249581854716543
133.88002133137257 32.038342925938245
93.86851927325762 34.03653600726846
89.74707069962804 133.51107900058787
121.26450221097882 19.80201022431935
123.41983474175437 0.7254543409540941
28.03228582461864 16.08092967379539
113.42741140243261 119.2796196921624
107.75443200794855 -28.95505201667252
111.89463895674615 119.53619302451463
72.77589640008813 118.93330684717607
80.56968534459206 18.202277687268
106.67177966342314 9.165223094730308
129.97224770800236 120.42399718480307
80.64552220684989 117.23803095066806
106.64353351662922 104.00235306340183
114.01629111320771 20.699881299078555
109.24771419876686 33.13027694421919
118.1912964868518 121.21092247689876
87.70594309525328 14.837400038232975
109.2300067804356 49.66651040075831
103.7835779538585 19.038793570336544
97.10822830312344 109.63410979537085
93.25630273463497 107.3964379559017
75.46543583297985 94.21215026604173
118.7106471004717 22.599141558243627
110.60645827857361 7.160641409699908
95.5165999751077 28.680912422219116
107.73183795881981 20.701596891629077
114.18432931744545 -8.633429526198142
127.53481247088644 123.61591609694848
87.73674114762781 129.95438403276282
86.3614599749783 59.98452833622544
112.99983903885237 6.332454096097229
125.01919701441139 8.4983124010801
107.79046304203244 11.682611916896352
58.597225344928795 119.11083928935972
95.53860212391231 15.700008401434546
146.739573906214 10.88553288411654
69.96745492091948 108.05883058440465
98.61906245019526 85.2741708633899
118.95918984217123 90.284810102211
119.53754571738658 28.671386812265244
96.42853550814762 18.40433102628343
124.71831193042492 19.57293871832585
121.2635873488413 64.58816609793926
57.20196813536698 108.36633132681428
135.05626346368294 14.89436034137632
133.27138374789737 16.137038464548468
108.51946367744212 18.72578964737684
101.64982614598478 5.021421840846368
24.066584192955904 5.4020907133005664
109.52190070242975 45.0473458698842
116.18327853426217 25.049711666729525
93.03328241433135 65.52974353208548
91.90001409871587 55.3508942074727
90.23605099870794 119.29431020429459
114.55302657295736 16.678584026692455
93.37066713673252 27.18645377008543
107.30898361804242 50.6555803861615
121.00607898414329 118.35366221542337
-7.639645407229521 -13.226834527817374
55.6139375674992 6.3752682529263405
96.1795558213854 15.363912577679109
121.21448271132132 120.00019176976106
122.62852902782866 11.540462714392007
103.34904236620393 19.03231776502871
125.40854298214171 8.755415202545736
113.04098785062709 -6.363138261128766
110.47630956457407 60.13664000210032
116.42752009238627 113.994635115246
68.39260964576131 132.08929756028886
135.94726303892423 126.16486417928158
109.39665160085556 12.551093401565874
129.7822581572449 24.776122601782447
104.81546709517072 15.91920027120898
80.76271823730148 101.85172695433552
