115.67085341319192 115.74201044577423
46.20714766451743 50.88224112438097
112.37191159943818 50.32361551100679
55.911500407747326 120.61158153621358
39.21335246140212 -3.500168651643405
92.69750454710231 109.71316242526431
115.34564609812979 -8.863423153869363
117.22430087712522 139.80293080527693
116.56105933333801 26.331290306975557
97.7161023149556 42.29369371269276
85.74415470513155 18.134120958883518
115.16379975694694 22.750392849072618
109.36472229848509 20.11922407317105
93.62365780515123 119.42641382029645
83.11825034167812 117.06858880044263
91.96048346336097 31.06488567193863
99.78688010147322 -5.070352812182099
103.79558845804785 16.604448187005367
102.56564985286238 67.54670832240431
119.8065547638379 111.98906642027634
91.30631167125021 114.53320769402268
88.71882413208753 -16.916648678910942
91.38323301854842 -11.370750445875652
116.38304859414323 109.17982470967686
116.33421699416022 22.93217072801406
101.92239186078905 29.965784481958586
107.32709832888746 42.99241649039839
109.87324099299646 36.33502097516203
81.21356672949756 119.37028302876054
107.90067805543237 1.7665118767452428
96.0525378082515 79.57404941895845
109.3337368583728 19.98681715348194
121.65501698788151 106.96402027514311
23.473205579812188 1.2035931411624294
89.74814073463585 112.00790189440401
106.53902465845795 107.02482188197413
85.79109120432425 72.2695999513327
126.27100459181928 27.70117217716314
130.9330672652331 120.4354129453908
127.05185066978076 19.31162978862665
100.24610184307824 128.33679283425994
126.71503271664918 60.86280513814191
88.00328976063865 19.60130386133315
74.16976002307186 19.976515133179184
66.07379583027544 2.91672523615118
95.71137028651881 103.29338728155058
118.41664892951395 3.0285017404108725
111.2469060555592 22.200721138804276
113.15611587402859 35.09280443462353
100.53537745664768 120.28602494204016
85.2398588202673 9.59651369117187
67.87202183332815 7.806710354842431
91.99349964686526 112.11305845252294
95.29232032034541 95.78793582490357
115.85930959900638 114.25585556094597
107.95231587239115 76.47696452760401
121.29477099279326 51.82244606826752
121.36511791119041 -4.633617326663367
121.49467088739476 14.75032158060839
105.76373982286664 22.120251218702425
86.32066504689689 27.87918591642811
148.47496076209455 75.22365605922154
118.95151577604109 -4.010686219645742
129.15417427262392 47.81741104982948
131.14468947101003 10.775320924688637
92.48455945753005 -7.175084233688375
18.479789349143648 -7.349653898772027
108.07738094324046 19.92727394766189
104.79992675649366 9.678848783524602
101.14983907068614 117.27189706194599
109.12077375933356 24.278784378516374
128.2609671912097 11.481422499315478
93.9673246254178 7.433295451565742
91.88270806115179 105.44147758125114
109.36103701165916 30.09181923403075
89.52824819531034 100.33894248845745
124.8276368569898 54.92829820709318
125.06364632512398 32.291416426275156
148.30496730772396 137.2719184643567
117.59893454020902 62.330719673833784
109.62285723208849 56.057711146651755
71.71600911221853 35.06885788614722
114.08395662422278 88.82130960604728
84.26386236262908 108.19674339586265
90.80446667975156 8.334381579005354
97.93849979916267 -4.557618731285079
129.13837477716035 30.78220312673131
106.74927317284956 77.91020827011712
14.637256447724909 18.259016248995014
112.12317482943271 -1.248225299168396
87.29927026343199 16.843007767436944
97.59179215850362 106.83401433226102
56.97598790085621 15.956881277673249
100.55117369686116 112.03593467607001
105.83812443638935 72.61932097771782
129.16106557108668 49.995765208886645
101.30471639040447 112.82762760274684
128.65459756034554 69.20180145243076
118.91661883135993 8.88400158172315
104.09449818030185 73.13034228004788
122.7384201607316 2.8408799704234333
6.770843515590295 4.655776818759501
143.6672652172843 18.0720351877738
98.51564806538417 4.2040688856071
102.14246374955354 34.48824958125354
110.77815470944323 19.342723254723435
87.68589397279243 18.479805647460147
58.10622886135752 37.649960276210074
89.36629489337535 28.882285669427436
115.12802987521549 19.532964473418016
108.69508775712855 0.6259638389954241
106.06641576046691 21.245536753494047
-9.50983476018984 -5.11243001554237
88.16132893949366 22.19180540518194
130.53604303770823 60.89857161544009
112.7296421362653 122.94507496908389
116.96895955522983 17.244741844106777
95.50560346159558 72.1799781402473
102.88845474931531 6.611269811951212
85.26717474964077 -3.863057241917919
111.80062155614992 64.82039204079817
109.38113721086111 20.1916245605212
127.98013085883785 118.43669529601041
144.24136082419827 120.10080314573378
116.12603496927956 29.60663884814805
116.22314419331443 120.37404903291308
111.71720526030394 20.114556959010887
146.057202954437 93.6368189429255
94.50360703686917 111.7691646864507
98.83905827753514 16.538057449479556
124.09578116211053 31.444714512756576
108.44513897356676 21.44590243315185
100.45579194459773 113.93661358861412
109.63000619140269 54.47897206033997
138.4306572557866 121.39814549752995
138.52382254550184 13.714697151994772
107.9338279042183 25.645428892236104
107.07200117586834 52.475800420517544
124.47421970068844 15.32028189155279
80.0335584466973 47.685544904985434
121.58041662042638 109.5596904805807
102.57410523480743 114.93914698378067
125.31114655536145 17.162314261996674
108.77830274299059 1.8132375577154183
100.04042185248656 -21.549056690989925
67.29847325814782 123.96548479995371
82.48168790568035 113.4427204768513
106.62488650153243 18.373293677551903
99.85195057065314 46.05332548285573
105.0744437782778 104.7164148175241
111.29043247447433 -1.2546594839555727
130.79411687804227 33.405065412300104
143.08736142289396 119.22559144364827
134.4341524230469 124.76508284445072
75.84828790499195 14.365709610979996
103.82288839221205 -23.344808383105214
126.53483993841064 118.39099651989605
99.16099833634712 15.680121036781413
77.6183013085093 7.813993412309375
125.72627142962982 11.55640223607305
77.14731350732457 105.71248909539995
145.1192563425468 128.57154401573925
125.43887216509302 119.26449053851512
78.09493602724422 119.9918080546649
102.23065597081411 50.08930797508309
106.94588695051691 64.9262959973723
122.57131674464101 2.136942040524693
113.90639122618165 4.410562042145943
98.07941040135015 -16.182757435344918
138.2826939086514 131.3630245101692
77.2745979080188 83.74976445133507
124.22313048003689 108.39412682791928
106.41350566663122 92.66604650113162
119.62725103780498 113.86947469414832
-11.42661790983264 2.856945062361271
97.24862367808616 44.115576693829254
107.26133660003678 15.581049649352853
99.36017277570338 8.337986591187212
99.1493675172143 48.316648984522715
125.53227663119105 19.785442556449386
99.06261927995838 -3.2440897469558387
102.32942086121444 9.7245316223299
90.22091889984702 52.97486226232703
109.33640640426539 120.48023339452189
97.86922015661132 2.9578643952370323
102.95093695817741 7.717926483040578
115.48840304120779 103.42420148928925
137.53363208307505 104.45281206399348
99.2701638535004 134.91650741953052
131.10264240117544 121.47809460463053
129.1203477778381 123.02698643627306
131.16499805542097 7.962966015262369
60.90394500845821 -0.3489644996966412
110.72202058535945 28.334196632792214
81.68453521125834 47.60393708815782
72.72902472620717 124.74711674730781
129.26853851365624 -6.952373367383451
86.35997978273912 103.51298073124833
93.19844293051783 1.8900836863846546
124.37034653854441 119.43317965137811
38.04146462052923 0.17068567959109915
90.01370484681851 -2.8659668250237162
123.92836447660038 6.184778646896967
113.07611265599974 17.701867245376167
93.17903603190125 16.9770264661783
106.67436457832108 11.671757052370667
118.7052704740423 124.45182235770596
117.58165982210173 1.9561973719561578
136.23661832347986 133.96536469887155
113.9377073190226 4.510667509896158
104.4282192904395 12.869849486216578
92.47576756485618 91.70984797377126
128.33950604440437 57.790079354088896
96.0939731294382 5.772794876303645
34.186915235913126 40.091468698930676
95.99012210377035 99.7817959712874
103.82939898633965 22.945073479486307
90.93318192118522 107.53391276043975
109.39339370155221 16.60536071157699
107.3976826273084 -0.8171835603980568
80.56349766824506 120.95215646383087
97.72951774447029 62.943033792505155
110.04877690766712 -1.265003852709789
102.98973737085923 60.153193933954725
93.88393416542723 -2.2458759009671385
112.66172396054499 126.10784433590044
107.94302580556003 16.002653765260067
104.34777253912237 19.013558025245484
75.64074384360666 109.87445304699155
123.96636072650018 61.554762090670124
93.57223393578869 4.271294561316015
43.73301882221051 -4.464413462790933
102.64054934840034 123.19694561809808
92.78947514219605 107.11704998300783
142.22913398661484 112.85258669040384
96.47999645298194 2.5729946176681464
96.78831275634964 19.23052711949574
85.75902935702597 56.618061099993774
122.33927352664664 112.2174577082381
104.62407083218633 -10.76028475637856
108.6894895033356 2.614843998406299
109.55159845769528 8.576967739106722
92.16973050330988 114.66637164341351
122.55118325715834 4.902108162061922
134.2347699298032 32.15650327226637
95.46863067977985 30.48441352572688
90.87689689085639 131.8808430455662
116.770702141902 18.47315420062166
123.33765722985284 0.9075402072065968
26.74510517591739 14.78471752755419
109.0103045731805 119.31310217511596
107.84270610961083 -30.395323151499284
109.52412214471488 119.23796570544678
72.06707433238154 118.9639004725939
79.01931766739484 18.189002120769022
106.4865638547103 8.742786446468129
128.96213960330147 120.36825919369791
78.34685164733703 116.79442346705149
106.44951456519756 103.67001712367257
112.0837464812033 20.267736519091898
109.07779822713636 28.737382476112224
116.20264058790684 119.87290072064638
89.88997732836214 13.451074648276979
109.56146197598761 49.92344824836708
104.9767921613825 22.056141377771713
96.41618782577727 109.02677069672673
93.78875194940971 106.37661129284197
72.70199572956862 94.4446579801163
118.11018567127154 22.252717149023105
110.63827496047016 6.510967076333469
97.30463661882848 28.258814988430064
106.169013667912 19.900035984214217
114.02861447534667 -8.694924000722555
122.75560819406533 121.32581888666172
87.86965608037157 126.90008572381382
87.84837278638364 57.035412798960124
113.28279882471291 6.369059377314875
124.74101270086932 8.499218924794258
107.66707753132309 11.13174556836107
58.75146688540307 116.49321093709605
94.19391800802381 14.417178052187797
145.20514231391974 10.689079963337774
71.07281388538023 108.90770726527536
100.24504192458402 83.3098129482128
118.41795933914547 91.79600853892373
117.4768936944505 27.88122779952168
96.72658709236663 18.450571405768535
125.40106117500967 19.56227588580381
122.52183782622163 66.8490330385437
57.30565319093348 109.43959694461131
133.167370549639 15.209831105584218
130.68416754930087 16.42733378265409
107.39514490350203 17.404761352437596
102.81442206989453 1.1863493371084468
20.919616411316238 7.625354327082139
109.52286502034099 47.794900030562324
114.20052181386852 23.838400510985196
93.32706330266738 63.503432102484595
90.79717715548911 59.26158699234831
90.21307802955774 118.7980879284083
115.26472813434155 16.62491799629289
93.01541577125963 27.291700816651264
107.62997236712347 47.39733055338169
121.4349943666398 118.3618806251798
-11.351459460313825 -10.641044702719295
58.97696028027475 6.525053372592427
95.59015129405037 15.233025517358453
120.65392539649486 120.02585541717788
124.05258735058027 11.176551701473874
106.91742852155606 18.758325668681536
125.81978544175368 8.31669888417813
112.57271026636326 -3.7350768548476005
110.51394033953676 55.179528800414914
116.35987469400267 114.03992206559606
70.52034294354688 130.0430415516252
135.34640837006162 125.80650740089035
109.53091500309266 14.115467359552596
127.385600702791 23.833771194180866
106.65984941629343 14.552670966029163
81.05969114824153 102.46281098592858
