114.35909768306092 114.39134924896096
46.016381789608246 48.26411324129031
111.08540301710829 54.80000698732115
56.952270395229 119.30665896427519
36.09923708880077 -3.744995134394162
93.39912989095578 109.82637600567114
115.4567059566662 -8.813450616136473
116.93080370676823 138.41892030497038
114.20506052376587 25.05859832714677
98.96441644281978 36.20123301570214
87.54411245155197 16.905420038859265
112.86482875254868 22.128991445241976
109.57852468454894 18.301515967769323
95.67146191269512 119.42284590571408
83.45268784566173 115.264109582614
93.1342320727746 30.404193105674015
100.2400533107684 -3.5002363534487673
103.22575342027811 19.596735998729198
103.1239665233606 69.05620832040931
118.95656110613815 112.41193678430221
90.805861975032 114.34842598971346
89.13138159035928 -16.27036798888357
92.75928832091574 -8.983403887952688
115.93695158729366 112.42290717554656
116.12567453090111 24.415138359911218
101.6891493888727 24.493577854806162
107.47849004283324 37.787583901515
109.88194249868238 31.654161811469574
84.06169565525676 120.61720098107139
107.88165783026098 2.5104582687769352
96.8257578163348 75.4062496081735
109.14778398707921 18.958656880304815
123.36254482969363 105.45684016392701
21.079914491749975 -0.9586234497407831
87.47349479110899 110.5662742292594
106.56554600907762 106.88899218540504
88.2624641158289 74.14935221823501
126.27299018705656 27.084825885683305
129.01263091869603 120.38742796398955
125.64417538572866 18.733558191746358
103.50728804666399 126.68666966157815
124.83621353097986 64.03477445651146
89.58642522942037 19.79235457370243
73.51825854014827 19.975840606768795
69.45432143110142 2.819669785648949
96.64428438322106 103.68608635428328
118.61084396905271 2.107395235548881
111.8121335471376 24.273268791308343
112.33063148503327 33.06831059041871
103.28374829504524 120.5633281099802
82.26055595709542 8.634400595100342
64.1680085036322 1.1101534187253685
92.71409565886873 112.41440106403218
94.76086026784535 95.68189806347628
113.64821222166458 113.65846844273155
107.92864054873621 72.76827116543953
119.76603720212435 56.77872349594654
121.4359031688138 -3.372172884600867
120.43309590324489 15.814600811321617
106.29776189680067 20.633320662548353
87.01398404507856 23.010822486967857
148.8103845287144 76.26124523929168
118.1313645305411 -3.4640207250966273
128.69403137798537 48.41481685339247
130.92209158469825 11.031443887656145
93.56682730810778 -6.448398600899215
14.197427323578873 -7.845557263360937
107.32276440058884 19.366962646513603
105.22368548773687 9.718631998577258
99.94301722372302 117.21525414953392
108.21205383531826 22.74314774551481
127.87115753629043 11.50365101959712
93.99090158367905 7.251718033803743
93.40557296830382 105.60587205518041
109.50686600281158 26.90306998758551
89.34784119925891 100.38385561438415
122.9668790253312 57.72267337166207
124.92549861386513 33.50378168603425
147.3092112394859 137.3487987925586
116.4086307817642 58.08936792061961
109.26582887286278 55.25061757118152
69.62417781472021 29.813554420840333
113.21675347286994 90.20038539407379
82.81055810913962 107.34970615211185
90.81192531903622 6.301832844287258
98.32517515023225 -4.42911186312458
126.42792102201332 29.2453625342333
107.14160477072915 74.2423210483759
14.402453568786198 18.2552467809222
112.25790104803032 -0.6259207791585482
85.66740837203203 15.96551026834603
97.7005116944392 106.85157385541248
57.34516317729671 16.20983043753151
100.8895846339412 112.44440459800475
107.52214850225953 68.43058102797343
130.3043031611384 49.68754631918927
101.06790360635301 112.32834387123195
126.9710924337416 71.42454936137855
117.61409001579341 9.660257005449242
105.85357348978889 69.54498813334747
121.83173340444813 4.389982376324875
7.6863799896249105 6.6848736969745115
147.18919458422164 17.96913448599087
98.71323553008202 5.795098222023531
102.41017186320167 37.17774122588324
109.29337752191748 18.589306827210894
83.87887552218378 18.050092754035536
55.7259037539978 38.71868798119441
91.09073261043385 24.5538142499026
113.9571000168016 19.586508149252186
108.70000193075535 0.4986199373461978
103.47097690578745 20.41584109760791
-11.6404469096086 -5.002999293460674
89.25001432206382 22.068939922067226
130.43385866133667 63.26373593812691
108.67260750361866 121.59978433409746
116.70531014467817 17.297351494316803
96.66946785161979 69.00107944899693
102.96827014065387 5.758720791839222
86.06715567631406 -4.376282536399786
110.70661134076556 60.48224564826609
109.66882070299495 20.32321053094033
128.20566824332488 118.47382245085355
141.76217984924222 120.05851066955167
114.6360423463832 28.88720760216767
113.97031308665497 120.66420607127017
109.27958314901784 20.0398322904896
145.7434520925359 94.218908227102
93.45831961115246 111.75249365810168
98.92851955550043 16.697151606163754
123.60617233736183 30.451898426468325
107.72933704235437 20.814886880296463
100.5021424360039 113.98136672788792
108.3419152315765 49.680991870698264
137.12517490252782 122.62822428423661
136.19565323472972 14.174024402420189
106.61861819538821 26.636589664486557
108.10060694768498 60.93456824675488
124.05413852295327 15.324820503099708
83.86048570288793 48.60598010977105
121.15665350513899 109.85291592211668
101.5499828326362 114.41838688386493
125.75360647574503 17.148101181324105
108.92586005274005 4.356496225484959
100.32708848763656 -20.1412664103398
67.6253766778003 123.60773509368376
84.92983740091427 113.95539490205124
105.53331250379155 17.86606520871164
101.28255651338394 48.154746567906685
104.9324374598435 104.40257097420267
107.68822412141056 -1.766488629167411
131.3512662346706 32.748177418350984
142.4527017297859 119.27456419657238
133.47370557325254 124.25760426132459
74.81842721638037 14.473547989721279
104.6802312738835 -21.643458539453235
124.70283690008246 118.44605417552111
100.45419189942962 16.45730126564331
76.87429286633763 8.060367904678536
124.70749869539816 12.015165958113496
78.46242022605186 105.41760420615792
145.2754533337026 127.71580291523557
123.06566093867363 118.75984612919027
79.03144510969362 119.99729149592137
100.3029319005176 43.47907787916002
106.07023496666383 68.37206884643578
121.64922621056284 3.4463675986638744
113.56479977578805 5.830581591709699
98.9889572577997 -15.014077301848918
137.64527107031498 130.223028579145
76.43016561573504 82.37829896481554
123.87707222054456 108.27257465146602
106.72843036420355 92.648147169855
118.77177416570748 114.01736739274673
-13.643630225507248 2.167565115234903
98.7659637187012 44.3911349304487
106.6200717627522 15.187772637192374
99.4422013796961 8.555288025845735
101.0811364073567 51.461366227887545
124.0269527397282 19.7918619973115
99.86691012788498 -0.7978021076536206
101.9229459575567 9.78595371586566
91.8702627232658 56.31558317668314
108.74790211299278 119.97177010739568
97.7938551878221 4.443363579024362
102.7870054892873 6.877028472067075
113.74979757869941 98.76446751626233
137.0872561083618 105.44782598170313
99.4301187756798 136.12401787655898
129.6862405019384 121.33800307580402
126.7287229008089 124.78385406024954
129.18654086267838 5.294154807116966
58.831889179982 -0.19143151133847178
110.62008279999239 27.10285167265328
83.84416876325977 43.15883358417938
74.30091527324909 122.78118402079848
128.91010941298035 -7.408786215679939
86.23908965072776 102.99954993859797
93.71327952659531 2.771037309295845
122.21070104772569 118.78434130123159
35.93595696040453 0.2312632922869537
90.55242103454754 -2.534943599755373
124.76196125266577 5.753694254456935
112.04098437111706 16.643689923455312
95.73557232073887 17.231965994075896
106.5751379296433 11.367994168225787
114.77992150914815 124.11357486724609
117.44369916768967 4.524144757527813
132.05545708872182 137.9821240692457
114.08675141786827 2.753838014887756
104.21002797536978 12.526144133120598
93.14579528698013 89.34264570322074
128.48528039674022 54.243015870131565
95.5838381535086 5.865384726225171
35.74612972783999 40.34816416185693
95.66239742779901 100.33576477938267
100.92732585428466 22.06283518829377
90.30853796088627 107.33175906994566
109.51262083846481 15.296069877422646
107.538868607792 0.2529210490770202
81.74441587971118 120.78164788118919
98.34552009084871 64.45720399723655
110.0681786193253 -1.744738853497106
106.20314635770235 54.9882143650599
93.9052330592621 -2.8569822466091437
112.33562471223144 128.46639188266332
108.14940067586595 14.842860720387367
105.92950116427657 19.217616719556094
73.91417032399357 109.3617412134463
123.84812038257846 57.29883554493961
93.39073032497525 4.212323066822052
38.29747778943252 -6.347769231181738
103.3811953256973 123.48865961198759
93.39717669419835 106.86130719967515
142.9928004666032 112.54133462220145
97.56504279954311 3.830648031249977
95.75093721222235 19.127881434496416
86.57211868476298 51.33552408817502
124.17299046901242 111.4334365669407
105.00695377024088 -10.066242930372407
109.02250448591424 5.388906647612848
108.13926661302243 9.9155881021129
92.6753581181788 114.90885556164643
123.54331265417358 4.667126290081171
134.2705916777194 32.75081410404628
97.16557164599733 26.90339444872322
91.94659072412536 130.19328878002253
112.22863735128756 17.15793459430216
123.132764438572 1.42256674851442
26.082501988355723 13.517909455953484
104.59792086093378 119.34586417953852
107.94678684853983 -31.250011042443862
107.15532224966775 118.93964922803727
71.74888765284784 118.99988921182849
77.54193354557074 18.17918731959813
106.34375640618043 8.376350112339193
127.82900526701027 120.29729988032624
76.54509910996684 116.36957271757228
106.27249500722438 103.50673618658585
110.14130514613284 19.830298796503
108.91279258426339 24.663347517669933
114.15083592246611 118.5292884054202
91.78511564961414 12.115540331365775
109.89299592073749 50.567144626811874
106.21847363358228 25.87828966672591
95.9034446354958 108.50807537130542
94.532221698491 105.5082078505362
69.79284254476649 94.9721022062436
117.41064906247703 21.89369403709078
110.66686980310823 6.0536712772052645
99.23638945443243 27.688824525053036
104.64626083445157 19.097661074042406
113.84275356602122 -8.474222417461169
117.89163307896754 119.02577174387433
88.19176071804117 123.7648461931184
89.64433189819489 54.62461175147618
113.53510476764357 6.4370715728495345
124.35153385614373 8.553021517144442
107.56961236088155 10.679687762715918
59.25676750827254 113.87859567725707
92.96528812518275 13.215198460435637
143.0896327253748 10.555865975163625
72.50587692133512 109.8621862152797
102.01549012626207 81.79383279507218
117.82181919874284 93.5038670211359
115.37074581605098 26.984610371130575
97.23534203547875 18.511946115828696
126.04356346202837 19.556061077260274
123.65090309642342 69.07866854433175
57.48317011126356 110.59351300028295
130.9008560672038 15.596320501974143
127.95271607270206 16.729990592899895
106.28569331291712 16.8495114527888
104.09876784393497 -2.4511270499683713
17.750245696662716 9.894192428666466
109.5229917101818 50.45061825033014
112.16593830907807 22.564836161972945
93.8297095948535 61.54325354077906
90.00109440722544 63.1858209210383
90.24117368873146 118.31512959508923
115.91986531582396 16.607812885196807
92.85821543991592 27.331686891453394
107.9755986597785 44.079348789798054
121.77209811801818 118.37307158192932
-14.602182781821787 -7.619476294632128
62.40158481112348 6.761838245509352
95.18547163289283 15.149612416450976
119.89944258277244 120.04616703304849
125.23719119812033 10.899015469565546
110.50243192827823 18.493482853918756
126.1705471644489 7.963114439558567
112.0950982576087 -0.8065632518760983
110.54622857920057 50.28314890383511
116.22746727930513 114.12492792145352
72.64290182303621 127.86185996136464
134.4813451962025 125.37733503239691
109.63166636124215 15.753402027702101
124.80670689714174 22.826027021898877
108.53421902910188 13.213351931428857
81.28735798075785 103.10848954049621
