113.01627568845015 113.12285624267211
46.03284578293083 45.89015455277649
109.78259490412046 59.28134564637556
58.25290830611608 118.04948308100634
32.996169753715904 -3.8675830187398907
94.32237484775473 109.94842403257805
115.51702610672653 -8.511157643337484
116.56439460189388 136.75888483773375
111.77852577076953 23.686970124617535
100.2526801442035 30.16912681430298
88.88249006140973 15.704847079709957
110.53455751381553 21.500945409923958
109.79312722176996 16.49591253048443
97.89283236377982 119.41860911604621
84.1347745356437 113.55589414714262
94.43037438831924 29.625862651109664
100.77940869256159 -1.6587041632552304
102.72122785455501 23.130893599062553
103.69708966919148 70.43590548418581
118.07508459687767 112.91832356243029
90.46522880317475 114.23806527464734
89.73201629163333 -15.372911255832312
94.32597978096138 -6.4521987517629285
115.48475240086343 115.71211948426425
115.90593481791429 25.87799840544616
100.93555245817431 19.832682973083546
107.67039019742303 32.59669536365904
109.88985638397287 27.203013402092367
87.14375248480303 121.86805981548338
107.86738941798092 3.384395503006452
97.72650139673837 71.1581448089083
108.96467103430227 17.935209005128094
124.94452446296155 104.04596643174904
18.657269604316298 -3.014758222254551
85.41892417610325 109.17597000552198
106.62808514680145 106.81760875585091
90.95766355899133 76.15275481543294
126.06582248695541 26.3750997373716
127.01148861413253 120.32552838637588
124.07091778127001 18.15872870443555
106.81733905292982 125.03587570142221
122.81767516006416 67.07908657509086
90.93965632917188 19.97665950717528
73.21353951033062 19.974949170064278
72.90811832452725 2.9074709718358096
97.73786868923727 104.1293698983613
118.6892731316844 1.3532791582314558
112.35872602385221 26.296026848524576
111.47443252214943 30.897214791467537
106.09641247158235 120.82860729112423
79.57766332597886 7.825056457200513
60.407179495023136 -5.406860178699751
93.58303490426724 112.79451835742759
94.34682736939725 95.85583753588837
111.40590573562834 113.081916341518
107.90884507603577 68.73514630722838
118.16821005512168 61.688114348617525
121.30652728975139 -1.806630842911859
119.2091903280351 16.923684064954386
106.85395461028206 19.912860952037374
87.81467031778651 18.506362319697484
148.49619304747907 77.47679507665218
117.2872474277219 -2.6741443210000466
127.91602604857952 49.182913295281516
130.39216378789763 11.328439034953423
94.79257827693128 -5.492837678601044
9.957213455211264 -7.969485963293511
106.58912382282536 18.80576669019999
105.67892850062799 9.91252285046115
98.81278617172657 117.19746009832804
107.31999028308081 21.26068819533687
127.34824270650569 11.619751223755925
94.06823931707586 7.144255290433117
95.05641579719348 106.01215226388837
109.6476907158837 23.594254547023326
89.46791969343445 100.57192816670661
121.00027897368696 60.68640483847554
124.66595254565785 34.86730032120818
146.11041027084497 137.22037982822806
115.13279554223423 54.03941784742689
108.9142650458005 54.91219316733251
67.65235769299174 25.033956131569962
112.31897906971572 91.82564103417288
81.66893962630958 106.64169189784283
91.02637577707667 4.480148090892982
98.90015851130221 -3.9953360342900144
123.61918740519545 28.181300049887888
107.55195454413378 70.24345305469485
14.193047260659888 18.25189748288585
112.34969660783312 0.19448592083773208
84.14093556840479 15.118706160695476
97.8784315969921 107.04143155878822
57.76818938215897 16.47800309165605
101.28784974130541 112.9173716902452
109.23371378194142 64.30547240167112
131.36964524416 49.370523419124645
100.91392310715581 111.9323199691963
124.97422971859032 73.38065046274968
116.26918880493452 10.510633478259928
107.64560239623101 66.0514676286733
120.81497096855527 6.095161896710948
8.787316942840139 8.86448725855159
150.30039040648956 17.896764643783197
98.91958946641431 7.43524756387324
102.68566623698129 40.505297181484686
107.81232259926907 17.84619631566732
80.49855929803043 17.650774396553807
53.71261651665248 40.39880257340827
92.89874087088081 20.828381098462025
112.73561617610244 19.64141277279444
108.7148433870416 0.5086510084767812
100.9924343945155 19.582655953322107
-13.244591388889676 -4.679763194594019
90.62875645623569 21.923552157764714
130.2180393757495 65.35112525229451
104.61557619444571 120.21517837917936
116.40996315521929 17.374160637003605
98.02196150762728 66.07330816359162
103.09295130803645 4.989227893294351
86.68833071724572 -4.814763356594335
109.59134202359826 56.225920807729324
109.95654558357467 21.31742538334889
128.27265726177797 118.51810490445959
139.0748388669375 120.00789813599243
113.0644877900877 28.109333082284657
111.66545731178414 120.94446261367668
106.84269603428262 19.963322770104
144.97304065705214 94.92626063905927
92.53333545215673 111.79603615106117
99.08303540766022 16.87936444021029
123.0917637912477 29.609058646539065
107.02997435388636 20.17423846497964
100.60290000670146 114.09084444940851
107.06437682482424 45.133762394019875
135.3864036310235 123.8369022647484
133.55604121043012 14.728085251612695
105.3506733006888 27.95004666429812
109.14691995248529 69.36364321150747
123.5018993553401 15.362342638188057
87.25159736509342 49.507149095251485
120.69773071118952 110.25809632478237
100.55055827178019 113.93824724131203
125.93798564468995 17.144331480086933
109.07904437087441 7.0366017998147266
100.72916959767501 -18.3989884629948
67.96218255452588 123.23451951909286
87.8679274663834 114.55335085854448
104.51757260943737 17.384385079655605
102.8317444183182 50.8991700050482
104.85171269513901 104.37198436602296
103.52333720885727 -1.972184697290301
131.692490693153 32.22341838309963
141.74020718726703 119.32373226328853
132.388627694793 123.70353391096191
73.87019386626291 14.640668835497088
105.59025711120127 -19.604618260852522
122.78437899558261 118.50516201321729
101.84898821559389 17.259683243664256
76.30853705227764 8.375582428692953
123.49426837597342 12.54043676273822
80.30174931420447 105.23336578313804
145.2747391219858 126.81206898787512
120.59532455897049 118.26032318520431
80.0378078619562 119.99437044242632
98.47059238996104 36.86446740590701
105.22405849352029 71.49557981004625
120.61497072689856 4.971175506276881
113.19109626240869 7.4402500019599405
99.30707015565824 -13.518225956979801
136.71714239791444 128.93056588965672
75.63858720781805 81.2882032490308
123.37337108408353 108.34257271227588
107.07575727613771 92.83484616469146
117.7694976206232 114.25637782656398
-15.681335277220574 1.686027309420519
100.44153440385278 44.836558049541146
106.004425594267 14.83819740422419
99.60898419652824 8.791075195197159
102.44524886671371 54.82492889674936
122.51598823379466 19.798680175523927
100.78046807605166 1.7626491651630736
101.62852714133383 9.937745643140511
93.63559222647987 59.51067548544248
108.17090018747095 119.46502406761653
97.89793376575963 6.017235800835598
102.67321538022546 6.211128649771681
111.9679632019133 94.35929168486807
136.28939643719673 106.66818503688668
99.67603868220519 137.1481314537773
128.08571565781907 121.18211010532997
124.05808069413143 126.44904917167179
126.98241696213188 2.7102309746158015
56.766043449584245 0.010751312440792166
110.51138926881491 25.818434345874348
86.37487051977959 38.52132433883342
75.58564300547113 120.80518357591052
128.21996408657122 -7.355985508005012
86.40114017902927 102.66999684190051
94.29754025753644 3.885608618684872
119.82891410076603 118.14232642266913
34.45118600431996 0.4286999763371767
91.325729143306 -1.893962203632391
125.44087834520424 5.583850954534693
110.98736051889173 15.593824962764847
98.43860202749926 17.900792928772105
106.48671801496174 11.095311821345769
110.82913243635261 123.7507864645325
117.25970897372586 7.269034755506873
127.62523196388138 141.86563061808556
114.19669397730325 1.1067447228908247
104.07944300181724 12.240044977609587
93.9317993259277 87.1169656951397
128.42387541171925 50.67800416277355
95.11005977259735 6.13316706703843
37.788367868033816 40.41871759570058
95.4884851715275 101.19634516050462
98.10121762410354 21.14023633933738
89.93984373506571 107.3467160061611
109.63089233489265 14.014019411388732
107.70163644228401 1.393921409859147
83.16387115286375 120.59797480313007
99.13021585919455 66.01291178740296
110.08171761983428 -1.9336779313792058
109.4382720958585 49.8629551402378
94.13055558076658 -3.292292357980454
111.98579575910676 130.67855796617104
108.36036604363566 13.738929724164072
107.53983065513087 19.428025712264184
72.344930548334 108.93548859827293
123.51110169505377 53.40618893596166
93.2782136224395 4.37475874286848
33.42063737298637 -8.0236768687059
104.22454857469098 123.72167108980504
94.16849329366036 106.78179219817832
143.62091671497268 112.29120885506582
98.84717516685072 5.169822019002487
94.87915164730964 19.029221544079522
87.57917820791809 46.05095449525647
125.91650779438656 110.7744754649334
105.43350043307844 -8.964626463408775
109.38091912677992 8.254677818026986
106.73877171148268 11.309623109276721
93.41869904852786 115.18344650257933
124.45170867549423 4.637605047344285
134.12340111995059 34.02568028341439
99.03411104623999 23.238631747436887
93.00661851737459 128.39130796296996
107.66249881187179 15.866892633881054
122.80526286313689 2.2661233930732867
25.503384266779655 12.337314254993714
100.26673916892406 119.37778392795165
108.07104923791019 -31.261529577465183
104.80161018840452 118.64308899942918
71.63506349750854 119.03667686658963
75.68929458439581 18.175502933241276
106.23446213173476 8.12617906714588
126.47082075854723 120.21989777873006
74.83680584536302 115.97176007006892
106.1146573791226 103.53228301165208
108.19287703295667 19.38801132326081
108.7537266717722 21.187132895453534
112.09685096148104 117.18796004856338
93.67029557128889 10.850728641733436
110.22326326331192 51.50281446515104
107.50268172219246 30.166756226420915
95.5146428099841 108.10912898873856
95.37392554196633 104.80274834144389
66.98518474143832 95.67252206967606
116.64190948918883 21.504471266905487
110.69474631960233 5.723059802284406
101.26216538269811 27.025806704803102
103.15910300889027 18.307740306444927
113.61426378896098 -7.979284785394834
112.91641783037463 116.73725061059949
88.65579816648481 120.57411329747896
91.63406020394163 52.063485545524586
113.75292865995215 6.660344132581983
123.94251952246107 8.680128680854425
107.49679762270299 10.261249999308756
59.8505030252521 111.32732849684477
91.9243060297562 12.04949724316296
140.4979503664694 10.452655080037479
74.36157628440226 110.92959951146423
103.89386923299654 80.50318349499625
117.1694735622955 95.4433117823347
113.22481981160772 26.022089508635922
97.86189320579861 18.586062290993343
126.610023859841 19.55401944447925
124.64310027118074 71.02372399023902
57.84103774711619 111.83145881568967
128.35904541363487 16.028326026187678
125.17407213566581 17.062826141952414
105.21602768553119 17.13485681578753
105.45495620551281 -5.675726412629219
14.590256454535712 12.193060030017119
109.52262336593725 53.26235126460868
110.09075169353503 21.250805488935775
94.5061399295217 59.95782784112165
89.43185052096156 67.17819020614373
90.36249695071795 117.85292559026124
116.45558916999785 16.603401936634537
92.9110164249178 27.274640589899477
108.33444675873584 40.93373191775993
122.06147694420348 118.38717670081164
-17.447329257680913 -4.363368703939431
65.75955777318545 7.104103526129487
94.99767356663185 15.095454986861535
119.02331615187701 120.05954558642895
126.33011401754361 10.699763297180594
114.07602661456393 18.23861924843738
126.41281828332453 7.737063615597406
111.59249138499459 2.3588869202811376
110.57137686769742 45.75068078675432
116.02278076301687 114.27548115434769
74.8034377292436 125.59412599321347
133.3750879619964 124.90019451476861
109.73278395078502 17.427874892223173
122.12487091059779 21.79333601993566
110.4189121188155 11.931580339981206
81.43458680439541 104.05242599754826
