110.23364220294197 110.6750136536909
46.722499639088845 40.799512542582356
107.20660356825897 69.27330027150107
60.403157311449654 115.70750095425421
28.307051834896598 -3.365955873690498
96.68013120417129 110.38825974658151
115.34137763061996 -6.839381297025257
115.60942224334966 132.91796935432856
106.90838686978422 20.903728611193074
103.15412665016423 19.97995805864865
90.95731662672638 13.388365877466196
105.8866068075045 20.186930087537668
110.2145734648257 12.991965098552946
102.64126095720034 119.41860377323233
86.24295403178984 110.36835006070552
97.29878474338616 27.603424145883434
102.14570044576772 2.6700353302118716
101.93735242964632 30.993232848386608
104.90817141078405 73.34630975256857
116.07857422109076 114.142931868786
90.41731974318402 114.14828724334052
91.69572082173745 -12.242273178510816
97.88618389182186 -0.8105795375575555
114.4721577478582 122.36842247635995
115.21366658357476 30.2306322716953
98.7640052553774 12.007550606283964
108.13253537564334 23.63600264747693
109.8962391322691 19.828469787609503
92.16697043904905 124.41167294886122
107.88936582428356 5.666719767061414
99.85507473143974 62.484329805770784
108.62576883128635 15.972370913642724
127.41727776879218 101.88148583559646
13.883006039434594 -6.77207243923544
82.20744789662297 106.86666554916769
106.86088988891998 106.93367380377276
96.81106294052378 79.92712944698071
125.02365992206973 24.731908717656722
122.8094022918663 120.1709665692447
120.58346910542704 17.059777543331148
113.4450449018591 121.619806322794
118.44087315757473 73.83990426760126
92.28274933982371 20.334254653826612
74.06103618992259 19.96897413508467
79.21622740324311 3.691836696095663
100.25949043920116 105.26267755767255
118.63097906092943 0.33175179931342513
113.34874561755846 30.210945627148874
109.70718751158512 26.37289680947385
111.8177827154995 121.31391865235966
75.14937860978715 6.6038573851320646
53.050561144875324 -15.694942997307908
95.79330830930823 113.79576313510131
94.03080355597022 97.3999604883717
106.89560671033531 112.01981244817713
107.89945432917095 60.34000831358466
114.80378931067833 71.55763907114479
120.69199050878797 1.6434361364009569
116.37269658944942 19.178175283163313
108.05334700541005 19.938038928887682
90.23887395902798 11.415877069629826
146.87730430789674 81.00096167812723
115.36087474451335 -0.5444731928690825
125.81652984502347 51.2833576520651
128.82713826410355 12.159282824672262
97.56957068008958 -3.179891821510484
1.7013389165983863 -7.349404935792292
105.1750529287194 17.698950568388227
106.77474259126652 10.656127369176811
96.7588327807921 117.21060829882796
105.56457991034013 19.198767645040462
125.88214104744671 12.110302206260732
94.41805934009899 7.1548789310498275
98.70736350233841 107.23110505972915
109.91493265597674 16.914528967224385
90.44048178997224 101.45254590437392
116.7180110606787 66.60777313211594
123.64012469245387 38.98487287559096
142.80307053362594 136.72648673849164
112.44201309287645 46.72971867620843
108.23282074889632 54.58146891596858
63.97077617851793 17.667361046924185
110.47320121851006 95.64148093804697
80.03074770934 105.52096227756977
91.90600991801145 1.4538614988602574
100.40108585706253 -2.324817946761425
117.63896795923436 28.4821546014341
108.45475913288232 62.33590802224055
13.881612112544179 18.246311460031443
112.45641181564415 2.263828912156123
82.19367881212474 13.56618130785458
98.54241831117028 107.62716903032057
58.93110911406338 17.06708958139724
102.38543279906327 114.08927649855377
112.65458538140875 56.457378017586194
132.66737089948114 49.34095060109788
100.97352166192667 111.4251889069456
120.3560971921958 76.51994506780969
113.37206379426344 12.407245559956943
111.23908895562965 58.75412185576902
118.51652551112834 9.823473417217098
11.435723792032762 13.376628497411296
154.7735137003411 17.80950785456947
97.82246815790151 11.09594974017565
103.46523347052234 47.35787427070407
104.95477714289991 16.434810231530623
74.21055146165719 16.961516967286066
49.52315473142602 44.03237363924913
96.77122310709542 15.391281650412676
110.19007577642039 19.756611839569953
108.77085184986662 1.0917090428734388
96.19409073228817 17.922161827797254
-15.03482440906072 -3.05291397256185
93.64417545899921 21.535336755293077
129.40509935995559 70.73185014598106
96.68664417229202 117.42445203271053
115.7146060411946 17.561029497857813
101.01713595651984 59.91982187795053
103.6797291700787 4.0750763943675965
87.31049506252353 -4.848231753441347
107.37586496320905 47.442676798206456
110.5266456723626 24.05610813653059
128.04039719479837 118.631928729476
132.73932771133968 119.88309684232946
109.81433965806788 26.461303242681705
107.02262912049177 121.4495940343479
102.05845495618028 19.80128885504999
142.52598773394536 97.01308447341259
91.07604298394556 112.19810073646808
99.76959846830636 17.314552649125886
121.4798247035802 29.175807299974856
105.69099503725315 18.889074235077878
101.05781731723401 114.45124975018781
104.5771030961383 37.02563776859766
131.02618815016677 126.12345557688468
127.48570629881807 16.01519951035798
102.91568421121389 32.20730325527968
111.24823731437588 86.21201802713998
122.01463584928364 15.511544913658401
94.07070454189537 51.91003595376813
119.46852775478301 111.2088831848932
98.82975812680843 113.1292270850682
126.0455110481105 17.183822721570188
109.35311399452938 12.704356427439981
101.84355181966096 -13.405845215667956
69.08672476368567 122.43644591979911
94.4457712996967 115.77014394333219
102.71826883044494 16.497113208615932
106.07312967547797 56.40103916428385
104.78673022667016 104.51933531606957
94.9528587993871 -0.4467912179408495
131.7477112086814 33.28986853561258
139.3150752188775 119.42557931187568
129.243965969136 122.53420133450547
71.32051068079338 15.076946850851305
107.4761901584034 -14.558905665439369
118.6178656152464 118.64766581551582
104.77659156772549 18.964769313181463
76.65649763924485 9.363597180644266
120.68440415737658 13.92185949417674
85.24534511653425 105.21243463576546
144.08879893117978 124.86852483870105
115.27891728147465 117.28393656142374
82.68027627716334 119.97273608610132
95.25923618787577 24.883348302587997
103.73796826567754 77.55558597118048
118.16095908393362 8.589896911479661
112.39391363502698 11.098537632681591
98.98986624574431 -9.71801667657193
134.42337807190265 126.18571555378131
74.87354687456295 79.76608075024953
121.88867229100704 108.92871383101992
107.83380830869834 94.51695168950019
115.6866173509261 114.92296215587014
-19.06926656799963 1.0241612306073473
104.01799043383838 45.93548253940595
104.86809279635305 14.254618441120005
100.31115147991632 9.538299448874318
104.09386534929169 61.70898845935591
118.92651374857452 19.813535465742373
102.88839087677404 7.321296308684708
101.30814708242441 10.62469965304325
97.2787131304571 66.83408443029806
107.0541035363351 118.47053230932958
98.62777803691527 9.583620040217232
102.69031258935438 5.117817913390618
108.33201216445342 85.8991742057893
134.2161415725207 109.32549941360143
100.3694571659404 138.48222075155851
124.4390471160055 120.81010196348497
118.10190900338712 129.4978845510227
122.24297893047152 -1.7291405132846793
53.21578801238521 1.2011225743237928
110.2659839794434 23.12478548944376
92.01124000549054 30.42216577939257
78.13055578314253 116.94216967280298
126.33925812603127 -6.667014721815359
87.30681621232041 102.6111431411167
95.88315602682759 6.876383575056197
114.72978383477981 116.88664848576556
32.699201486361424 1.3168423087625252
93.3464819929804 0.2627600025619904
126.57600981294699 5.867873520296556
108.8506938126297 13.639819770851386
104.04925372791526 20.70192989368014
106.40772766196753 10.877284318739731
102.96278605263106 122.92653039913871
116.73457374696046 13.210730855034427
118.20122541891722 148.67813810567816
114.31903118394126 -1.743886019054425
104.01120916300339 11.962674051495107
95.85105609678784 83.40440482083177
127.72382685518869 44.245255692872874
94.46390986867803 7.0100872345968295
42.09006330733526 39.75896294618621
95.77657991139274 103.21227898741743
93.06485587826089 19.177764577033845
89.96159607296735 107.87097770705972
109.85642967892086 11.732100704620438
108.05952199740842 4.001758059226967
86.65293666667218 120.19203890193663
100.97942773825817 69.33969330898516
110.09119365624832 -1.6889018340885564
115.88632975276093 39.61117797855792
95.19957461543187 -3.2503726359134864
111.23132601400302 134.76654859078246
108.82254102958476 11.66141743584946
110.79443497299198 19.853184373183552
69.49822871718771 108.58570682565754
122.6124101807323 46.278001078990464
93.55021149120323 5.070045604450043
24.126911617451732 -10.105061196292512
106.0365494247354 124.06710141328593
96.34012707972332 107.02418464712117
144.1719913404888 111.97406891769766
101.69937368291512 8.197451836618152
93.79832155297652 18.85783321375305
89.83721496068176 36.15063436867501
128.69465099616806 109.81523879518932
106.43723409134192 -6.048703135764479
110.13840195976127 14.214782131584201
104.00418894831704 14.354678483277207
95.54348613798221 115.89260254802251
125.75810530046871 4.828046577551736
133.40443035889797 37.89244481764403
102.9948427607216 15.790484788893203
93.92370024937479 124.65951497671348
98.57857685124698 13.38032839903084
121.61914406185304 4.401268439326841
25.554167304048015 10.243687337942983
92.04301447144967 119.43426938029842
108.3576243980426 -29.401408584696604
100.34450404774209 118.07202141527658
72.15472163216441 119.12159112794733
71.08689220371083 18.196961929678253
106.0926162611044 8.000936738217746
123.39879097390873 120.04480223382664
72.42761100279823 115.26021820383335
105.92866305848214 104.16840732681396
104.3356473340564 18.51251309417083
108.45265507130458 16.020332775854094
107.9653397669893 114.55272194759793
96.83189179395904 8.648014393149369
110.8799451160987 54.21515566292458
110.16443727918173 39.822626663727554
95.28969039876972 107.74708014961304
97.52804829089303 103.85265279510531
60.894799580728666 97.62950156566443
114.91556969566177 20.696071953033957
110.71951200227375 5.459674967173823
105.62060040320216 25.29569672680385
100.3923416908187 16.800070423553716
113.05634048163705 -6.358453030030652
102.94831597202413 112.2572508910026
90.39627327899734 114.18767170774501
96.16090205198614 47.48155513314205
114.06792566879064 7.745547184115019
122.63371561819552 9.244389866727458
107.44153862312331 9.77308262806908
61.41046154340796 106.37554467256594
90.4953542743892 10.047520625744212
134.36101558191615 10.429015140036313
79.278286999219 113.27401197276946
107.84468529228825 77.66952881099259
115.55735207858723 99.80129792946151
108.84444870353438 23.92709066518613
99.4822002512367 18.773038479061164
127.02156688551631 19.564198564336003
126.22693783720729 75.27353077808209
59.17661317024128 114.60582912208427
122.5977780980457 17.044500345583984
119.15445800955852 17.829408722874504
103.14838641681337 19.585962526264066
108.21999931036324 -9.552287548948355
8.396415262378644 16.96241004118779
109.5196688285768 60.14008907977431
105.95083649463739 18.606304940200882
96.22781812042226 56.725733036920566
88.99983174220664 75.27423025061866
91.30115524248448 116.97718881613167
117.30494041975757 16.644173492475186
93.72688166239692 26.982515609528182
109.10025590213 34.56540931500352
122.14241039286905 118.42723289128153
-22.318050730061554 2.806213938179176
71.9224733608814 8.153327983073098
95.20601311380099 15.167527556596214
116.98191036920579 120.0579452223408
128.17634076887845 10.545032974665528
121.08263191248633 17.766118942720407
126.36233495876365 7.692827446078092
110.54614247177476 9.30562217105525
110.5852180031404 38.28004260816908
115.40161497286526 114.7269988759845
79.19153428783636 120.89504336055114
130.57557451827384 123.77087818912283
109.93359338759868 20.79956710353108
116.42769481394014 19.683232285368003
114.14699344033177 9.56004449438879
81.52152334165375 106.54826133748037
