98.79555405130488 105.25051021335743
65.3623925903581 29.713720176900114
98.7530930151819 119.41316821688928
68.09982752880474 108.45209395544254
21.407178501288126 9.53798972188157
113.70788999652747 116.78787007643758
110.98777362297034 9.291782442160558
108.37887840474384 110.13868091196002
86.87348782997834 8.095008698273634
118.76974829366478 9.651258290571821
80.71759399091573 5.848800066681733
86.77913616561466 14.253427894356367
111.76737156244286 0.9924045679047504
126.69077488395035 119.42515700430786
110.11467543790376 103.33485890499274
116.13636396448932 13.816654505158546
112.62722174966159 31.121153373574213
102.26304098315511 79.69532964517782
111.00614409631578 83.07566550602995
104.36014827802512 122.08441395093635
100.17605817101156 116.76434121308914
108.59374171425412 18.075106222288756
119.41210914262027 33.82101015204113
107.79139026755533 151.89141114214098
109.2672751095716 76.48867421015706
70.54161419632749 10.651256455534073
111.18344207314372 0.8397435929815307
109.88701203672497 -9.267335718130267
96.24560527916493 133.16539414936565
108.765631515746 24.177309457168715
113.84446608354071 34.52266164321162
107.6892720965058 9.701111576007257
130.10006965955154 104.16620370033488
-3.9008425639433946 -8.65916870611281
81.90683212589994 107.41352462012266
109.38996237613958 113.90503935294065
127.27027289886635 108.34114700172952
112.44075430714791 14.245018416094485
99.20635989499773 119.0892598344839
99.19143638693745 13.163340477356492
139.38962796520332 106.20700074380646
95.15663888473892 108.80755837834946
79.7260405736154 21.252890292263107
98.83959147059176 19.756827026240018
97.92382947213987 13.685285412067483
115.78918798981259 117.88978389723148
113.5600867267997 5.999718029454631
116.23198481579165 40.99128350539423
102.05412503607776 3.2196601175215545
136.1498117278938 122.57057863196091
73.97889228202865 7.719919122780448
34.41372175125809 -6.1201848392129055
111.86054103057707 121.79210555327242
101.63690982915658 116.94139709250793
89.44385049467967 110.72760738828477
108.90645932278325 25.859369595852442
97.31147760939012 116.75430552276094
111.03647460756409 25.065136863176683
100.21012511073035 28.083537965230352
113.98061327004592 48.12683912153675
110.99350352958598 13.83883515105185
123.94335158036004 115.45664411469235
104.34339109385031 20.732884715416432
106.02140993169957 69.35407927054358
111.19806747035462 18.59650667769816
116.67908491385441 18.117149347105723
-28.17089384493892 11.180539712574836
102.29619691180011 13.628408356032695
112.8402512547242 18.526519640940332
96.54674761022792 118.25337586047644
100.58405866243294 43.455347652046775
111.91544973949478 18.78112869113931
104.76626457036625 14.266955347361595
119.83022297294461 119.23119175834191
110.9838169878844 -9.650091312490737
103.06206288911005 111.89395155373731
94.44656133990213 87.64249145111744
111.81840464117083 69.3901685011153
109.71491177931328 127.79585777472654
99.97483708483928 30.303194843809273
106.26399803994337 55.31208172080362
48.366563897997324 22.45476562992915
102.18550222509994 124.50857137299414
87.79331766655302 107.21112227449697
105.77432312176839 -2.824934409020087
112.33073872529467 18.888191026222678
88.14821497614953 56.010751677095826
112.9749139066183 37.72302784623269
20.918827033101024 18.369169488447568
111.19257127657329 18.795251507948368
91.41356845775287 10.403122825292092
107.20239791677892 115.36022995522916
66.50439299048801 20.57657071496502
111.13093499932265 122.49785319505652
125.0527083584366 36.441244905939655
126.6451244111358 58.111896629860354
106.76956196486331 113.72352943073948
94.98278876013585 86.00168045774383
99.46102519235112 24.506071530884707
125.13609771010393 35.61571803680441
104.42423064439495 30.19001424477756
34.30024569381549 35.545798034106554
147.59580584759073 18.167114756872834
79.02486334192312 31.151524843982855
109.88337205092834 85.26327442457989
95.32448101163773 12.064897571205305
61.780604808198085 15.843230503709085
43.83865934517844 69.24049590072126
120.19927217813019 19.149055375777383
99.16885790091102 20.015424917726197
109.50834434375388 13.39953495031035
81.5186015126682 11.547022739136906
-5.3535505457395525 14.814003921520403
115.19092754805303 18.714057538002333
114.92568618580331 97.77461575293624
71.85035985724305 106.98143714008307
110.2940994339697 19.08808702577113
118.69338978687902 39.780098514311746
109.0595326245863 7.151183971241041
74.7986431411184 6.33284038225922
98.75417464804994 22.648833064348125
112.60137778279892 61.05442252778703
116.69030029070838 119.44102158046152
93.96551068206811 119.14729082405718
96.21895445132408 15.60809719046695
88.82137249756111 122.39121453730766
86.72241579103029 18.868772254165684
114.39225761410151 118.1957099325819
92.10412222544606 117.43379595042194
107.56783219000387 20.176163154402172
107.79776808403581 39.19047996381469
101.7706111589187 13.876470158208612
107.50846091715228 119.26895013344134
95.87873792034287 27.311607395065053
99.18072026823972 131.55245750784766
92.50171485331029 23.635771758883163
96.05618230497304 67.19548036399566
119.88260623291144 173.18421455440466
108.35415181496934 18.163100771031605
106.0943937769515 72.78067828997959
108.36149948923965 119.19071648584493
97.8599221706966 113.42893176024903
118.27675273945916 18.693280633120516
110.61002698537528 39.540996516915285
110.34296979522237 25.116965269731462
76.76482814927199 118.82599255939341
131.27624006173195 122.90983834835384
99.20554958132905 14.533394325461328
121.81734515032943 91.89233260613415
107.01627598502851 111.74958480452054
44.04392293396793 40.530149622189995
122.50271935171301 61.35905802512776
112.85813785147991 119.82815392516271
105.55176896249044 115.99743878258663
58.83113197610184 18.948680518651233
116.51054893281227 19.900329063967686
95.95808756771714 119.54378931192056
119.5211030528485 26.753711632911344
96.56710255719575 19.709557005926367
103.37453131777293 22.79832960255612
119.57998442480721 110.90912560639026
120.86947002052192 113.53549462851255
89.61720726210693 113.92427324383438
109.47367598351077 119.48916340532234
90.00445238059926 -10.313142574535904
101.23214520188696 116.45455119471497
102.52742561307299 30.22823979619575
107.6765689216253 30.588585105060215
76.22932069784304 20.54063919872103
110.79384485404046 111.88874511056527
90.90711227397573 94.18642862172472
109.80666328885992 117.37552716085942
112.22514798523625 113.92037532845
104.23081586361315 119.75663810297114
-10.75074957282907 7.666423189698607
121.32943798062311 61.013487995153696
103.07578234259641 14.386721329317924
106.50667398589505 16.544070319854686
91.84885133889883 93.31277480577383
98.88825299321762 19.70297623541596
114.82374918932818 37.80016116059482
103.95058322532965 18.818066711352408
118.17513043119905 105.00520973829016
103.42842219870508 114.84776502434204
107.6115780154823 30.159479581723897
106.52480621787164 8.775351837684848
93.14384804857522 50.48994200652082
113.36959651181206 125.82175491406538
107.21934506455574 136.14185238178507
102.31340840127348 118.38652281456068
87.82575774262901 136.67465334815853
95.34916706976948 -9.042660267208948
39.132593188817324 15.943843021171004
108.8726485428326 9.644604131895026
125.04307716616091 17.338997865450487
74.23238056059037 104.3431580002002
109.7040875764147 9.245149818488269
101.93305036389711 110.78509729331108
109.46227767408531 27.56245312749896
90.1913748889736 113.15651260240124
45.667974556310334 16.286195519988517
108.66361398966826 20.693137387406956
124.96235621963868 13.341886095574333
100.87410361984057 7.965758246595623
131.25181747932925 55.13316917760241
107.85489996877487 14.52872309219533
73.5583961862625 117.76342972983512
110.98509183675421 42.2142455645922
74.54268028728265 160.35831447777238
112.39071345737865 -3.02524821398472
106.7426470571038 14.594478069193984
108.93997375205885 69.7053610485701
113.6628381012626 31.51865187834399
99.10524589748577 16.848522283664828
68.13119819617498 24.45337296511774
105.69192017527043 120.17207622998585
81.91796822291765 10.082226691622653
103.33067666157193 116.92587592620005
110.55234351262328 6.220614516885745
110.42748529979055 22.5099385421147
114.61800953336177 118.15475741209515
113.89258717837996 78.66694046946391
109.93746277281409 9.557149289924672
140.95261166219936 12.86451479022018
107.45999986452026 13.71998702540208
107.3993095535394 144.02461451155938
111.38989586164875 6.517284091863288
123.82647591776274 21.24660415586065
55.29733700768293 114.35007333170903
114.00347476046996 26.384344003600255
101.46244745193279 15.851432237224664
-18.999714176431922 -2.4935151046200685
115.66048972542417 122.89515024666963
112.82670896526253 114.12972675512174
130.8218344539824 114.14395736173049
117.73313879111558 26.47966829489583
97.1329924655403 18.576264132851136
109.73863672248362 20.71796746360558
125.89472612349448 111.13999866009122
112.65285889324238 20.322924313396854
113.48200442472168 41.95530082854121
95.45918422829837 29.738555366456513
112.4369262403303 120.68429961229717
122.36248278680402 14.564047851525155
118.29887931513058 65.95678856661517
123.45850631789794 -13.535212221844407
81.53068753225327 107.54524636448106
65.1408885752084 6.840317838857883
109.88837082422685 22.613945224116254
42.95608989972995 7.237301988214825
67.2823101824212 119.5507253069256
110.11256466201834 6.10193915979413
87.91439348477186 116.16239602320866
93.56744044370224 119.58408377940812
48.07146747601784 18.670671029585016
107.65599576101172 13.78390464994565
104.17046483444021 118.70381260192083
80.8624388837246 113.90565130821312
107.27457886101577 115.040121311675
90.74238406837577 15.208793167086379
107.7151100807473 18.134833771591758
92.04855143239278 105.5245281494458
93.41846054157371 4.490030298900107
113.24873877460841 75.66658379598331
121.90779601811826 97.21429765672545
103.7421951383793 111.38974054419309
112.56334402579199 109.337061857817
44.47615526138959 116.6361053996428
105.51521050037178 16.634530534944226
110.27219840851343 13.227800824266872
126.00826500536483 13.710272816602696
94.69263776632856 11.70063123594378
108.72804641744713 12.309094513345684
65.3834992082364 98.45419401993523
110.83292129909876 90.20947428646213
122.5888270078204 44.90169281952563
112.98118044421352 18.9075818700132
110.51350430554763 17.63433258119441
108.25572990214754 13.711440558818813
70.23484724802057 91.38397270966186
97.08654312477223 5.014520880759237
95.50049947609163 14.536419465475783
115.5611868647444 126.07265664963849
126.30574456650916 64.30388814031394
105.55869063332126 128.58663170730094
90.38730647264806 12.654890725229134
111.10964051598256 19.917382930836354
121.16864306923067 19.61627278799839
123.58169625337509 90.20942117626034
77.38669936596497 129.13570996434106
91.08635949443763 22.473290677539655
87.95823829345875 21.957991636563236
96.91289028882206 62.00435108017768
120.17902244564135 6.754931805386507
-11.17333634654927 37.61204555807576
109.5426376340016 91.56716988440337
90.47241570618664 7.077564632355931
109.58002884693013 50.832109302574224
101.2773592061745 118.66467998034854
103.78765768357138 114.68422772105937
115.48061530654087 17.614347477412004
105.46281606093964 21.878905044446256
112.99998404561957 22.72393897935083
114.70887451744738 119.0243490989183
-19.641105654865562 40.26034927543207
87.57109362178227 17.440174265154944
105.08029399875609 17.63232134041427
104.30860372282449 119.5687747216596
129.2813254187613 13.950632929216923
144.45759564728556 16.75260366730669
115.66126255061315 15.119298638177511
105.66034167375648 44.73915530160447
110.20151548255495 24.668155164998918
109.54077785662312 119.15445008430619
93.14221362571332 101.35624629442282
106.22798908751228 116.50373025455603
110.75226202431273 34.701555267673875
88.95875203450876 10.445643759858386
127.31189083997702 4.747677144268843
78.76176054732728 125.60654984076055
