96.7198461659886 108.44392718601276
79.70969595339267 40.29330510210035
98.6414338850897 145.24917243109337
73.07769875294132 109.54690652969104
32.78202215210913 20.421036327559257
121.80554310416973 121.70477062756231
107.84346608438261 21.51023105186694
104.80101693671436 100.5782967527246
83.46791134317814 5.310157248631189
124.79839658563864 29.68727713208436
60.72959871594834 7.249033737889647
85.8222924903412 13.21459954148369
111.95707980606144 0.770635637083952
133.93047269411147 119.4403453341371
124.34704414925426 106.56796885957735
123.98371306702316 8.177788489702232
117.60698733653557 43.55237621678349
104.58996845787183 97.39524276434024
112.96770644475345 83.27144777700612
100.08849909573699 125.78581699182534
108.89829090542143 119.38167228011541
118.64484669832153 35.615365484232306
128.69971150546348 48.060802405863974
104.86278000959861 156.68028841991307
105.93745851175923 100.86895677359757
52.4668193748988 29.891364471300843
112.31590325430243 14.657553964901222
109.86965534613245 -16.350928281751706
87.3643025422441 132.94275498040827
109.54243951150528 33.378669235271694
120.7236081783893 34.17279047988288
107.91418796924528 10.269311179872771
125.01322782681751 111.27182115950492
-4.789782634984592 -0.5685090076400039
92.62223424658549 113.27493294631613
110.91518766086438 119.9899551410989
137.46481649371106 129.48216549538637
103.99141816805289 10.183447557514151
89.86817053693994 118.59351779230477
90.60079229130997 13.32678016386288
142.77069771912227 102.72465447637506
87.55850596484909 129.8072931279092
66.13062697526962 20.947521393554833
117.29328192428369 19.556508453242284
95.02811143059806 20.802000469798443
122.65469126768444 125.7232793664518
109.43492140168239 13.437176502683753
115.30932200336689 37.52997963526719
100.35989237376835 -3.328399813249852
140.50794187779417 122.09798536801001
88.18912649432231 12.403008911605761
38.48724581031801 28.24159044324798
119.81386882260101 125.5634959850035
110.00638339941426 129.2202172749295
86.43910195160075 112.89122503776701
109.73591361564633 22.060792006449454
91.71295396889896 141.2829940145765
104.78442044257235 35.99463777404798
94.48619697643292 29.143989072899128
115.3774704970856 80.87772676316169
121.95808440738332 35.128159462141625
107.5538964990422 135.18698337171736
100.13821882158737 32.40997065647418
95.75688691938844 81.52870818151949
100.41516785637144 22.366707591668277
125.44427605039871 30.669344113471176
-29.598288599463366 24.815931390036297
103.33308912219309 13.534787152348052
115.1607737201079 23.447053266061854
102.52582462138486 119.19141877875944
100.95894467635753 70.34554322747196
103.5179472899889 23.060970013513145
112.84441506455073 20.27869175880061
127.49398889956842 125.97298723711468
111.13889405760243 -13.520903603789582
112.04249149346998 119.91996062712052
86.49974354372688 89.72698558840162
104.16283468764253 86.39480342452678
90.89226671706464 120.43306508390054
96.02305967789142 34.17682832929174
106.65803121178375 61.22068247239256
49.4060287846029 48.35502514595896
100.6513441549644 139.25760019261045
98.63450110000755 112.99403285336392
115.3970793047401 2.920632295638095
118.03054547306162 30.989508914309344
79.46255728056339 75.30249131858855
114.23204490064496 37.897461072684024
37.29155123243863 18.7175350076931
109.77296670975166 28.45453117131941
104.0991557006733 12.423627476221919
113.07965997799309 120.897590250011
67.34760559833119 21.920150836525135
115.64744360647485 126.09046582572442
125.73660237711367 38.535487723344765
117.70812337444431 66.5776270733314
111.40323584314363 117.35837202123278
84.97021748337353 85.96513681024639
95.799939310407 29.25279827347049
126.89743022242317 36.54551398627692
98.66401580935337 37.12908227611012
57.14026729739958 42.104393449685084
128.98271445115765 18.733081482783888
60.16060394833499 38.8547875078923
113.185677650681 98.41894346349714
95.21351050962386 12.279111162494464
71.58839578456578 16.995302048755622
51.78334561561616 92.19572290815437
129.23397227507613 36.70946433959305
97.39580953300002 19.893157106261008
110.01767007478121 21.816600144481338
84.36275509926098 11.193141051170738
9.877473509457024 26.049711164272964
125.41944969130844 17.2988801136922
104.3406415716114 115.57975446558531
70.87708444572431 106.6616827865697
107.0728625537156 19.96229662975791
125.45139038345044 41.90460971129624
112.23721654312533 13.741322060753241
63.27238812185391 17.97206099989782
97.05861980944906 22.499336016212467
112.67827835440113 83.6774331619991
107.53177907551188 119.83131803853644
77.6181506660712 118.80374630328325
94.23832111101206 10.473631175641918
86.47183478407709 121.66393543010712
86.277606658687 18.50889937732467
96.20884362272842 130.83647545940875
99.09167173176894 120.80676529886689
112.81271909377489 21.371624518109808
100.53360531610309 60.68398048958142
102.61652583575409 13.243944570421956
111.88914368721584 122.16132741365958
95.60934962922929 38.05029613754726
85.06913633726175 129.41471236968778
80.29483781137813 26.240659435082883
96.38154138255281 90.93786827715395
121.14549833457647 203.00522053773832
100.85697611748013 20.009876182877452
95.59619240058007 85.9063950698839
102.53243568536831 123.92695572526223
101.60064147898413 115.9771016007286
110.71122820904972 19.975863867696365
110.92730897507629 46.77891915006211
114.87284496831828 45.00306695368166
83.79746466521686 117.77995419507857
144.6140212979575 125.72259350966266
101.89244274095203 15.457340556800219
126.38174025546905 112.11398073917259
109.18727885793288 118.57023949231645
23.945794858611205 68.19560028358642
113.35781302256662 81.38740171921106
96.6063202848653 119.87386386954752
93.71379520512548 113.47878137395074
52.76968824118966 21.154823903630298
118.59394533843756 38.92414500810672
88.4748663853384 119.93737116778607
124.05791779241379 28.60187997484057
113.26262754803732 25.665924536076837
95.8510621973481 26.92737902363702
135.13316205326396 116.56530797960427
103.18932489629313 108.93357405970416
83.17303884394492 113.83421275122619
124.7983744043172 119.14615250458024
93.4306857050811 -4.599427002778127
102.837618950493 139.1459868537313
96.48079785431078 38.39072974913421
105.7715297028015 36.47416604800702
58.018920330560114 36.60071438024354
96.67012775746355 107.1219851581133
104.95352093782546 112.33097784285164
102.84337182385711 123.18334715208742
113.77207767410569 126.89614942844467
99.8202355285814 122.250251555889
6.880441766337826 15.464488076726727
126.33105831157654 71.5996204850336
104.49019158069615 16.000991686668087
110.8883850543393 20.904615401824554
75.93877048331535 107.01628392623842
91.60002810059207 19.55969040234676
119.76396065923052 47.643847205020336
107.38899507388791 23.620684846663853
126.63465749169669 126.65609752216267
103.84688792707489 114.62006843124165
113.42205740249364 37.67261714104958
109.68148542277966 15.090409505007088
91.2964314702237 32.8301500197341
99.95784579848791 132.3644756538384
111.65306526482196 130.42458074045203
92.37864023221202 117.2964804225796
78.98705905660431 133.3246016984594
85.37643821027658 -2.613006325113869
42.733550890855334 25.340018641520984
108.3614663776241 6.3188529739859405
138.64968382190753 24.906491822562224
68.34872713954944 104.54620287626209
100.0196355852342 21.843877102862972
113.29113891910949 118.80447458654655
117.23172740862178 36.69964398566424
82.81629567918773 113.75430435700368
58.72949410042285 26.58466010085626
117.51798918461131 32.17505057727685
118.75460592506319 20.369352860959207
100.06901162012335 8.394912499472833
139.38750501485174 78.97930704608743
109.39079670441217 18.348472371890548
73.59647015970612 115.36848165512842
107.6876942799393 52.26127415387782
63.62641536010483 150.67042887916608
110.20273502387325 3.850089509633611
109.27678113310958 17.732292981575622
115.04908826073041 61.77012099406737
103.50064553869944 40.81397000263379
106.44100935000344 23.234355783395888
78.29327532657291 13.59194749092866
112.59061710429022 129.54442840062828
87.90653913228512 8.16020658445919
114.30557049969593 123.32229156296117
110.48142278882308 7.663949181860207
111.54461975384865 31.361853858963848
128.87057575982683 117.62461700278416
119.85636746179512 82.84437574559882
109.78218508741097 19.105986643668906
143.22830875516235 14.093668845334566
115.67545999152797 26.934361887849878
106.26426139125498 140.7256509844003
112.14794494999973 8.219585437562996
126.56701881761177 21.197030280321737
55.14436553253121 119.88915503715357
107.57369541478542 29.739408584494935
107.89496735824518 23.093440397079522
-32.75978902703602 11.569565454138274
119.04030830999314 121.09194443347802
121.3004275311013 120.73371373452456
116.23350712836981 117.59618048781364
123.9749691109733 34.140667228689175
103.85916875501348 18.89338107342856
121.2345982838451 23.876514151366138
117.40261079859853 114.6380347361376
115.27746483661609 34.56010901827854
114.24672131855002 51.049432385585746
95.99975039927517 33.92571198851244
121.0342625509103 122.85506837023017
114.27512336208525 22.172648847274303
106.57559194321912 82.32179721568988
129.34035789115293 -17.73927357039307
67.43038216726939 102.4786759025445
63.03208599054679 8.49633385459204
103.38847139608774 31.86780862638621
62.120231515476696 10.344189727890626
70.14101587287286 119.4848170623131
110.87439718535838 31.768647434073472
88.79251617861311 116.06162493994056
110.76146384415831 119.75396791021682
38.74333713959265 19.2016006372231
109.5297586110718 19.091553528181507
95.65975926003274 118.10444189485968
93.37550309190213 114.94771093477199
109.00658834224495 123.08303109565136
89.93726518903694 14.828910236279762
108.0758189311456 32.85208167059388
90.2191960605131 105.64919223454545
79.3540564117704 7.569642268372421
113.47186290674841 86.32520782749438
124.7478889403787 126.0342469923317
111.24450991903036 116.07289719216371
120.4039986922343 115.96547071769908
43.566153494940195 127.84012262702755
101.93120018949 15.470442145822657
109.83632356997671 20.012185930002737
131.53805752856496 9.019819790469679
97.58136002182059 11.930127187546757
106.55917797622683 25.033392117390413
62.32341659942405 100.10861446650198
123.60206859760875 79.04652055319868
133.54707384586794 57.83342404936916
110.73721069081583 25.42417838618444
103.10285135031376 22.973477262293233
109.3053377555638 18.509315548527006
74.06246899967017 93.9113914455892
105.86989508753075 6.975083089675559
78.77933220949998 18.59847310362992
134.47986658518272 130.93251680819054
131.31761545484682 58.83685102612561
101.55770635191305 140.9006836798186
87.15470414543731 8.485766293089183
117.16227279286926 20.42487578843551
113.16651344152297 19.62038470094296
116.14204679838447 87.84695367921876
88.33724662453332 133.54080240584832
80.97455139664584 24.43851834525491
78.75105395697777 23.421360869609547
98.39462328464683 94.11685629043491
122.22193939922899 35.59347575808063
-11.267508275298702 41.245478224599466
109.56026596061591 100.93558899583711
88.57115491608232 4.359277136046025
116.55683126171049 52.7552718400672
112.18125371395043 142.41780349270033
112.66909308545227 115.27542115414718
112.32823949126774 18.498586292538484
113.80312505059274 18.187369600173692
114.16648523812039 35.56887251529964
108.34030067088734 119.43546529683748
-2.577315570296906 54.448538291323196
86.35059760147104 22.99862999735369
112.73569775266026 19.707120534532475
99.06182972849838 119.23001529340672
122.81114311185567 17.760191769050014
146.60743983148313 17.074514639299274
107.48605382810652 20.686183209372707
104.37551183608257 54.59571721560437
109.83245504371682 33.14269845024133
106.27160088149729 121.64028007677949
91.47102532303693 96.71548402977587
93.81754724692557 113.57463097872115
110.89322213597492 37.15756515880696
80.50568221321785 9.011820270768352
127.78513274808454 7.57696303409182
76.27940445319146 135.0496240892921
