96.83252138473082 110.52365143645775
85.44400828252324 46.44205988618003
99.23673327383713 153.82462365364694
75.79646115974472 111.06477696788653
40.18650229035583 24.827381299339542
124.28973160736109 123.65535672309346
106.61256198235506 26.403720417521015
103.67500563884713 96.61666694945386
83.86479839378609 5.1594318484595805
126.05230416825782 40.5993758191726
52.31698513820496 9.08976739188453
87.21636491487115 13.155747427291026
111.86961958251823 1.7613242385048997
135.05342374482524 119.4546937364753
129.39779116871577 108.89187017731408
126.21593134944521 6.555914874334926
119.18367794695757 46.87633041560496
105.84588552693761 101.81490948334893
113.41648700363 82.35789684202102
99.07851629329717 126.84707899365384
112.50451700046534 120.4511460104761
122.22690018490462 41.756837862580795
131.42547375526917 52.66634412459304
103.95711899884873 155.91814642347916
104.8309964166621 108.42544028983387
47.08288131724972 40.03231805800023
112.60406990888417 25.253935736863117
109.84718609410291 -16.454001177373488
82.62403254611834 132.14321034386242
109.85981347920034 36.257358797539524
122.87349871646765 35.857031563519485
108.13420037193016 11.085257206548352
121.64248453430972 114.85120441503098
-3.206754282934734 3.9355080008415126
98.78675056580391 116.17142529994887
111.45129544966426 122.46091612876
139.6170384771595 137.44870987887063
100.8954974730662 9.045977880644793
87.33720176417451 118.44831731127407
88.23477718219996 13.779057869391535
141.8844924505131 102.66657947133723
85.95578683844383 137.63766204002965
61.46323113318917 20.696435448914908
124.45516240848912 19.46108035872182
91.18345710038197 23.57453675140169
124.61227954268618 128.61896800237332
107.77892825487993 17.030735626825532
114.46769320954866 34.8858815109752
100.09819971335777 -4.191212078710861
140.30820349325595 121.69694043750195
96.01153968685205 14.762354093096533
43.36041460709014 45.34442073245445
122.33352236147955 126.56605439396134
113.50644244339121 133.5735760824994
86.16175078035715 114.1881493196219
110.06581142333278 24.081450503019575
90.71514594790152 150.10987832244942
102.50894948161049 39.403211956205226
93.07876264521437 28.72654972635531
115.3432287051751 93.31090455183147
125.53925574547033 46.901546455332024
101.14745490808419 142.3983099487043
98.96557858036894 36.15613222478928
92.50530727399581 84.95911300032553
96.5417316652749 23.71687117551954
127.76788435909936 35.00362003210951
-27.455507708680727 30.107810219547524
104.27781130884628 13.954148013480598
115.74282980564877 25.254500289524103
105.46013782958141 119.60745942500412
101.71118021817222 81.67432924563212
100.42896985089259 24.561721761696116
116.00695452903048 22.720957058626336
128.89665068982396 128.21868974524938
111.06233988612448 -12.34801760747728
115.6366176886447 123.14668841510984
84.66991865261421 88.25368059292965
101.40578036883164 92.66091557441803
84.10962731949418 117.33480859275367
95.26159388423488 38.37067620643471
107.06075884813961 64.28087712784408
51.69717272397201 60.527006090243546
100.61844770738696 144.1456963317069
103.56656290920442 115.9700041836879
118.98782117213875 6.507523210202257
119.8011254361646 35.01435794175967
77.72901349327977 81.2434321652533
114.39085085577935 41.100887027274666
45.471457033555275 18.87516541521499
109.17798735140039 31.871598451739768
109.73438640711905 13.597093213109233
115.21498229836621 123.0789823762624
66.60438246975534 22.294393009496215
117.0835565613175 127.08941965123192
125.1462878148447 41.170704808156465
113.65913720479854 69.49778944245278
113.17066487085775 119.0035267311258
82.38852541141522 85.43309157731117
95.22466560379824 30.341732840154112
126.45042049183307 40.35140612833873
97.1854672673239 38.827555737976176
67.26874406567364 43.26817322703257
120.06333403328469 19.015589225504968
52.34824461229549 40.850964019510265
114.22272608249827 102.03835767346486
96.38027889423489 12.87276239344159
78.89711024843875 17.72925141792876
56.91226038810145 102.94355780449945
131.62758177147583 46.18824907858067
97.35565186338499 19.80384716954391
110.20878481274634 25.106642347725177
87.9097111035307 11.594267274446711
17.007031424379043 30.09649555910697
129.0660466363791 16.829160346129626
100.42368735435969 123.108297079408
73.70188330054681 107.40472700063886
105.96614870739326 20.28565154252234
127.07183557313772 44.04799834905704
113.33422570866028 16.931838355974268
58.174943384681924 22.89382617461694
96.88379821821897 25.15114845361352
112.48457588071824 92.36510092917109
103.83224981842982 119.9548066327736
72.71342499719067 118.69741971308238
94.77642868634345 8.755914999545588
87.36714599958854 121.16478793915653
87.54901217242154 18.41441671571354
89.78362397264303 135.34661624663377
102.60292602999974 122.11050108496127
114.74520098610152 21.733694521755677
98.2070351331239 70.10104432211821
103.50376124681125 13.484632533975
113.5321158039349 123.15965509719486
96.57780467444529 44.791377288117886
81.07408501575692 127.62987627718526
77.50305806492888 26.780198117814873
97.1992579705124 98.96259904812324
120.84203582640649 208.1557543480569
98.43180758954176 20.70529943164446
89.49163005617692 90.15261326834472
100.73548220038155 125.53985695774847
103.60798948145032 117.31701980343522
107.4519534112155 20.49123727965434
110.96783099240982 47.75467167722057
116.39822455946195 51.44003312123067
86.52514708166642 117.60526611907363
148.3210641605643 126.57171064227987
103.62848879904882 16.08645606750734
126.8837952751885 120.90525348673188
110.09617615030385 121.4490091986062
17.75012119453237 80.81361007706113
109.21786357186772 89.92999225857001
90.7163220623576 119.86789640780907
89.82411845238767 112.82830037125174
50.906581064177985 21.862102859310607
118.7414194187518 45.49751298793375
86.77978725884984 120.05240935707158
124.76296093162485 28.860598199568628
119.93712429605901 27.672347756554622
93.74473668557387 28.125777250820914
140.0060228810846 119.09935753559212
96.38889000637955 107.73437249654924
82.20152542222458 114.33474172274636
129.998420696906 119.0140255048134
95.86926768768197 2.6079397627199112
104.02963648174193 147.21160154599315
94.9971285103939 40.25385509379499
105.25031740224965 37.76619958873898
50.43927501762532 41.9591283621836
91.77358353479657 106.12327602354162
110.88618125454624 120.35292202057016
100.53557067570777 125.3425593098781
114.20219635991202 131.69540292889207
98.81129615039478 123.04812409380739
15.070163335068298 18.84135733510813
126.68692969422462 75.086528904058
105.48850314796712 16.88885903526118
112.60875685443943 22.61591797288837
68.67394274756475 113.36513977744465
89.62060963396864 19.496664599431764
121.00834071526661 49.4434641439756
108.98132805707657 25.283673309225392
128.6427843528899 135.15313496221262
104.52011193082468 114.94600928952948
115.53490012704502 39.479525729489986
110.99716143850631 18.05087959904706
91.86730380551428 26.78970037612123
94.86761087896254 133.96385835684467
113.26805485721172 127.07041378328016
89.57897798824139 116.98148147734501
77.43127625714438 130.9651003462735
82.92747018814889 1.1802577390139108
46.223463533790145 28.564502917532334
108.25315152399824 5.9999878796054364
142.50594619544842 30.963121922775294
64.95381824975703 106.0241862488285
96.56615368466086 26.86039796837572
117.71175283617247 122.09587764383497
119.8347959076359 39.14075981548139
81.33982870444541 114.41992966756794
64.28819135308497 30.37926584548578
120.57576157294174 36.12585207086871
115.64374450470413 23.2225096951138
100.31099952350539 9.213655109187417
140.99992912281598 89.26083982927769
110.03595472386121 19.9837796808635
76.27581878418215 114.70527112442835
106.59331124777063 54.54513071022508
61.34075613601532 144.93248537971286
109.2566183977476 7.691311719140436
110.35532736774005 19.105874709319796
116.99925727993472 59.247280282358574
99.50603557696816 45.1813143009125
109.79256315694897 25.699373547592305
81.87066742147081 9.451104430875388
115.22368856387307 132.84024476044127
91.90468127035739 7.996765910018512
118.53613107477874 125.67424134206651
110.36296764301625 8.952477748608793
111.91420922881905 34.12927841772888
133.54566479524058 117.59257745171936
121.9035055093561 84.07740279441174
109.71601981335263 23.08508628620362
141.99736643953187 16.894688821911032
118.67918406510704 31.927700543837734
106.04498023254014 138.14808986516854
112.24540525547812 9.650353659349651
126.4151039639762 21.055257658883264
56.06347411889783 122.15461288609953
105.08605141328583 33.15357930260143
110.58835090085965 25.846284837725293
-35.226769730411434 17.895624283662247
119.78402433304451 120.2796072099496
123.86105597704146 123.37808561308358
109.69641707020622 119.20554709510941
125.73109779653106 36.27485856894142
107.07583494708543 19.0701098150063
125.23000187634347 24.93666251654517
113.46336336027436 116.51013375571927
115.93410715890674 39.06319443796152
114.19606941550617 52.430942786542154
96.95121138295586 34.24830699143081
123.65617873768417 123.49630254729779
110.56106061999147 25.066926225231246
101.93943728809738 88.93091475534281
130.39395333142195 -17.439016834545168
61.83146038698116 101.77341672261173
64.79651081082235 9.767604793011689
101.12293070988844 34.91072222943184
70.40838166414416 12.208739683097983
74.59600309282058 119.44092347109932
111.10960966877974 41.409079740459134
90.88418863936191 116.2909368586912
117.83863257597217 119.78552717289445
36.831737448112705 19.42915837267123
110.33475595841692 21.34754329684488
93.12243514314493 117.92936499840862
99.33814785770954 115.66669788134168
109.73333741932127 126.17992612332031
91.0793262435513 15.041815310095995
108.34595360523174 41.616053122354806
90.92851674949495 106.40912700253675
72.98162557983775 9.862320943072236
113.32479144972277 87.86022266607046
124.75703257234747 137.44586765958218
114.16503315180177 118.27722034321826
123.07030848613827 118.85820504163837
44.47387559475673 131.7346698867834
100.9288862166837 15.263437657322477
109.6576943292104 22.77732602257312
132.75964994479665 7.679841617209476
99.95396135511454 12.593775571775334
105.86488808056014 29.734090058182723
64.35668159171549 102.17030557495066
128.10034748217703 74.22832779488236
136.75855713435595 64.74774452301043
109.72868848709294 27.71756489402086
100.37729636478427 24.854887985921174
109.77362652046865 20.568364052689862
74.78883592881874 96.67905059496815
109.78576553287114 8.732222928730929
74.02463551423773 20.261716606999933
140.69858501347846 132.08557673005984
132.23441032082442 57.42286605010774
100.49842260927072 143.84731777942054
86.80458931793542 7.636462876140156
119.06226073688815 20.597981522814543
109.65136039570375 19.611588331362952
112.46970012302997 85.79360231268497
92.36019943419876 134.1529872313643
78.61791847143094 24.9744952526076
77.20079776869501 23.70941824520449
99.6831747661388 106.69622362581423
122.17244461911403 48.72399013369448
-9.537676018769961 40.917296685037805
109.56927401495138 101.40705452685063
89.21458234604538 4.240869377658759
118.9015486495746 54.58192054044382
116.56019272776281 150.2025939210623
116.18749436650369 115.77362360023562
110.85806740717612 18.870156986487597
116.96207083048532 16.798813062479866
114.35259473313958 42.31284913371244
105.80815234104311 119.59226125077662
6.755825936698221 57.72945602632191
83.88460255610124 24.98861060096164
115.71319807019847 20.549513441186807
97.62847691971376 119.1073700356108
119.3673798069697 19.389507774007825
144.73839652890695 17.34740282843977
104.22044866539343 22.85390950586077
104.20244480414108 57.05348083992537
109.68157586964804 40.14645652738475
105.17530115581337 122.46985017692022
88.4792644825596 93.5642526841784
89.87787330958025 112.76553657535248
110.90423682573682 36.6910820487078
78.21989140279017 9.473125746215155
126.30935331397713 9.358328678181998
74.38305404316455 138.0840422397379
