97.34789886267305 112.82025524764632
90.88178888531607 54.286230748195635
100.37854560519212 161.09546452912573
78.21702475237234 112.90708384913069
48.47510732511931 28.984817578466146
126.55049088612861 125.55332970083366
105.4471521171677 30.917541822856734
102.73628836942706 90.80955146226263
85.38766039640566 5.563661770423791
126.3562022010475 52.56385357207661
43.68154650491215 11.373433777506882
89.22651033396879 13.390447032222184
111.71178585963696 3.3603830209050067
135.18555469719954 119.47141811330071
133.6768592062845 111.66831902557956
127.7103421289753 5.34592046422442
120.27357763491871 48.78853502019538
107.22846871592674 105.14804247148048
113.5884662907175 80.8771489916988
98.31964091878248 127.69413252768337
115.98816688882701 121.46999861012522
125.25407368336786 47.19961297812287
133.18241536462844 56.02111722345011
103.25129893858849 153.4804273521236
103.89659297702586 114.65691882739547
42.079228214326015 52.14053210847256
112.78072661503715 38.49281237635834
109.80341065173646 -15.019403204900787
76.8343548426456 131.09874741883968
110.15565966105639 38.33845047422113
124.43953419072317 39.277776475279616
108.43590119408245 12.4427295453478
117.80847982590036 118.62064870481746
-1.0986548035087738 8.654488790323516
105.5062997039297 119.26532153455517
111.91888945932907 124.79683988379826
140.7654554781173 144.81512576148296
98.12004469219389 8.28554822250477
85.90395957107653 118.32960402296999
86.80049273621952 14.515575964390365
139.28107243345457 103.28049079456913
85.36840714774154 144.4220735974352
57.58424353157465 20.397673578605133
131.10733844786768 19.358494074623792
86.21424693066807 26.106924508793043
125.76607368134917 131.13717415677726
106.18263029112957 20.720686002652535
113.50218771664265 31.678160425268192
100.07895648175466 -3.733874299676731
139.06468669626892 121.18601153509412
104.64914744632996 17.27419039650225
48.33183937617211 64.47089364280832
124.38370662779359 127.32897190872471
116.83628681172766 137.43010680726593
86.91445510986644 115.69854540781364
110.38367209833886 28.132545222104252
90.63101657753803 157.40600510411863
100.6398785788287 41.856875891919586
92.256863628335 28.019292774370825
114.96759935068116 104.21036285969903
128.48637770152354 59.96047863256901
95.30318670759385 149.01623548727048
98.29623523266635 39.03220476122143
89.82096537326827 86.53773888320393
93.35293958942164 24.861039131158094
129.46412607108127 38.667350794159226
-23.697572878596635 35.12087458519998
105.39709943597649 14.518038996019627
116.15167326622357 26.816722270351995
108.56589407674872 120.0221737310437
102.82946220727399 92.95843312196041
97.64411359444804 25.831628572587103
118.89614169914658 25.01121726710927
129.65998850152093 130.07611567708804
110.91286142986348 -9.896047565656891
118.95683959955666 126.30243169515397
84.12608968861767 86.23773847719353
99.03187132245901 98.08701140854417
78.34236172320315 114.37671050643996
94.82499539898777 44.85489709464743
107.55815431749141 66.56130948986412
55.46968860355666 73.51020227513371
100.80202321029239 148.0529979997071
108.60656474078084 119.04970075601237
122.28975896819806 10.83836116936578
121.05749122971451 38.691047980450456
76.81033262625168 86.5574337015788
114.37211390381088 44.60930624363294
53.66021170961848 19.04006681983095
108.60679363250681 34.713646439572194
115.34783544212074 15.038950688046999
117.08326836312257 125.14423526705022
65.1703922229101 22.49143004442086
118.25998380111358 127.82407825530576
124.10646471737189 45.77760311602813
109.50684977799848 72.7937947553593
114.70867372863796 120.66725374667081
81.35983230039682 83.94537980734812
95.04303003318076 30.957846047808037
125.54681690846903 45.939656107782454
96.33978050933455 39.8611124162763
77.64867761759318 43.335375777617536
110.66871131166032 19.309485018145534
44.85125347587531 41.89659618499055
114.98599787416806 105.30601903459987
98.05338831941981 13.703946253711077
87.53214834383117 18.56023585701736
62.21527698695138 114.59840764978875
133.37438771256515 56.80142014143519
97.91966737818323 19.699438908420777
110.37658494447935 28.235841627176086
92.34317162076925 12.37869868055462
24.256765082605853 33.72196844666381
132.03511334461908 16.45600752611971
96.99662096698391 130.40796427161936
78.49745799788305 108.44192973546737
105.03953051787289 20.563194557693485
128.02460586123735 46.36826695549379
114.2517481052611 20.219612513184575
53.24546919697829 27.70709932023649
97.34596744150684 30.516413127126956
112.19780841576647 99.8386146949652
100.23052056723826 120.05004251939717
69.30229959588337 118.61033166645278
95.89528352353285 7.563273909263039
88.65320372977253 120.6157032253477
90.12714089259427 18.346820935489543
84.03531675445232 139.6708458815034
106.46876753164366 123.32979011797198
116.46552960158373 21.936478017358827
96.24213870963821 79.34819469611863
104.56639358745076 14.027542316057232
114.97638606727853 124.03215709839982
97.93597609525403 52.7824380868015
78.24369981945026 125.46288563524676
75.60119244028357 27.095217320642536
98.45035170286887 106.95599524963086
120.16459807050731 210.65652961071416
96.70421684150163 21.315483191020334
82.30427117084523 94.09871908851855
99.3051339546957 126.94581346422083
105.80961250931131 118.73497671977842
104.25786927444356 20.963886864391707
110.96794874162458 47.78475384095243
117.71596232624285 56.762690318543626
88.63469898183367 117.52979233690078
150.16895206199698 127.15060749912422
105.6148709241669 16.792255459298488
126.85738027139253 129.61533473278888
110.96604801844275 124.2045522705753
12.49120161067984 93.28096760726024
105.08590583178037 97.56074015952687
85.68677105279001 119.85227670139462
86.56677336225366 112.44789154877252
49.730552611163326 22.449798976614716
118.49581321004017 51.22220302885727
86.08068169742309 120.13009072732848
125.00937107085414 28.883330194326458
126.10887664945875 29.239823442012106
92.42704331246625 28.898711472619738
143.54096815584492 121.62450936413231
90.14188129018356 106.91113373151592
82.28326012224534 115.02652648474461
134.44451584626552 118.89305591223308
98.86934450059432 12.895355714337034
105.5112478699688 153.92428592702916
94.13516997619435 41.648153585946424
104.89146263242382 38.42684337927117
43.25174256183351 46.20809042032881
87.59126467214143 105.74204330548365
116.78255146559954 128.3390089264979
98.59675088431231 127.26110608029889
114.4597316274332 135.87564890470586
98.56829291578434 123.61216739220676
23.43247283699057 22.19469244785299
126.34016522623264 78.02581769074983
106.61303892496393 17.868738502261163
114.23363097914675 24.211455061411204
61.736769028969405 119.9124753602177
88.29321399223758 19.437283308037962
121.5681772978229 49.73337393615197
110.60266011101533 26.753433375393595
129.89822035709562 143.1723928289459
105.36224027071849 115.39214497725565
117.38778075126082 40.8486821375747
112.27524170378395 21.0512311430212
93.29709299536282 22.49722046945272
90.39670003034362 135.0622844952892
114.78314804848381 123.47566950933246
87.8441021090667 116.72994635124465
76.85133420332174 128.0215091842463
81.44435531893991 5.217165843687733
50.91989138881201 31.383250068114002
108.19658544369 6.207843486227593
145.67469439880736 38.75185686406897
61.225419067407216 108.27549734398937
93.44754958971053 31.70159508645917
121.86366313160757 125.22979881788586
122.01651483538274 40.619887155433574
80.87715274701308 115.33488964981615
70.18154388858099 33.7433829608916
123.29495890032553 39.126980411049765
112.4064760035689 25.947582432201216
100.95242894801156 10.424231586565464
141.6166706830154 99.20551142211869
110.66863034099019 21.594135894203966
80.28187139879516 114.35147786979826
105.66328367485367 54.95207795347555
60.674787753736965 138.15945986646878
108.32868391548541 11.973153209537028
111.40665545553274 20.471556537383254
118.48254576955335 57.755526317328446
95.88146587885565 51.31563333965115
113.12800643310356 28.002550781693223
85.29623271724883 5.685587361401607
117.7453908245515 135.82606753875606
96.44730058402028 8.167760950168168
122.54218308280048 127.85281824232722
110.21449696738225 10.488124390026664
112.21169529874197 36.244190552376786
136.75278155950156 117.63651171195018
123.74407605540152 85.41843945574017
109.65443587935036 26.86722538732896
139.45299578467652 20.618224084551674
121.32996104457409 36.485723580607186
105.92794226902343 134.69339995399463
112.25461185585874 11.359983970823622
125.72406276402299 20.84637192153739
57.26809871211241 124.31222995259984
102.8630919508024 38.32410238270284
113.20431919635402 28.45115442383423
-34.892666690812696 24.263325485111235
120.12230283314625 119.44936781691499
125.84360456182091 125.86025100321551
103.1405851380348 120.8135601366874
127.11694200014193 37.55469940817391
110.3748602073252 19.25926415408856
128.64015400708288 25.79121165102404
109.38252373443757 118.49060522744615
116.4148692898898 42.28119906295608
113.9657276939967 52.97679383804756
98.58652369446665 33.89665273741996
125.6335994192396 123.94078789934754
106.74821915952589 27.61132493794797
97.56349940414856 93.74120234745985
130.69578560921403 -15.549352323068238
56.90497882106723 101.82755778585499
68.7721144298957 11.458532854377093
99.24347114860294 37.17518678238813
77.33924712421499 14.41136448614819
80.62946693395531 119.38895094530227
111.2843077464048 50.044562247572856
93.59974658561111 116.64091779450489
124.50871737539201 119.80092488438488
35.46373171397877 19.64030741528301
111.10946146333555 23.513040131608516
91.22623131944788 117.8121244283752
105.5966795792165 116.5143882909754
110.4496475348163 128.99450007595053
92.89705142090621 15.386000654911372
108.67518185540642 51.81784868431058
92.5231812647754 107.49098537199902
65.96429249227671 12.461807205409041
113.00643030126588 88.77335185464484
123.95194052621983 147.7200297219989
116.91509707617764 120.52288900785372
125.20993150816875 121.76052330164401
46.28771297212908 135.048800249223
100.21044961754892 15.29643107995394
109.48732848940645 25.46943761858061
132.66758591485555 6.898148333531021
102.55066358856143 13.452257314998791
105.4162179779686 34.11828765022054
68.36204972873907 104.87365318429862
132.18838621148137 68.23455860568977
138.87621850937137 71.70662263856701
108.70911337420678 29.854584923124584
97.96368031415135 26.412010453761514
110.2374523922775 22.574828366162762
74.77335279728031 98.27320620691444
113.69525156707209 10.7714511536044
70.30836554363731 21.83543584033984
145.1659898253271 132.7652516507862
132.2534243533658 56.37169979831613
99.81160851414046 145.90738656575547
87.42352417333571 7.396018958665361
120.61969886952514 20.726970514518577
106.14169807672495 19.592406053782263
108.659297203165 84.18028956816877
95.83960988126796 134.39996255200919
77.50507989154028 25.25085401769658
77.33739645212756 23.73767557858837
101.36305781530058 117.63675730334843
121.4690079924003 62.53953698146452
-7.012639514172285 39.8225435296636
109.57708908773547 101.0267476006608
90.52424541232655 4.789292319960748
120.91028567841484 56.94779651139957
120.54304378529504 156.7619876874498
119.43787491013177 116.34366589897064
109.30818211553705 19.23190613416791
119.73070371120112 15.511166436944345
114.41054914465509 51.11760542369232
103.42906982078574 119.7344161904336
16.398465991903137 59.34677330110933
79.99359613775057 26.609396054813875
118.3769673738366 21.352234331864434
96.5495549379393 119.00296231341171
115.46797802987385 20.96820406404686
141.49488058683866 17.68093583051228
101.1973618254406 24.839911455463508
104.30404977528778 58.599943933865376
109.53686539912452 47.855555871321364
104.2870142186569 123.15068257496289
84.398065030077 90.03433888791814
86.97683470562816 112.23684302410996
110.88004012915307 35.419205732771125
76.8951474572034 10.512958594014025
123.86050171523951 11.65923068707606
72.03997849037857 140.43156611077612
