99.52092283293531 118.18904923353821
101.08817612726136 70.58318151559826
103.9306075803514 170.6587114974332
82.37018567172504 117.32551577781042
66.31776050376092 35.91933141151702
128.3347228210366 128.71368544004227
103.7928227806187 38.38878484815027
101.56330148354088 74.58299587032498
91.72634470660408 8.380402952630558
125.47717091141732 80.4126821568703
28.088592573365258 16.978102559001073
95.73037983229123 14.524725039800323
111.2570570594621 8.82147406779604
131.2091373159129 119.50330606490756
139.29901344315692 118.06642946085277
129.2390310298503 4.173849201551279
120.9864410751816 49.75746267492585
110.25924198645656 108.8239802545152
112.8841800784539 77.35234744918712
98.48442023226018 128.44756210196988
121.9846569084058 123.24624353751307
128.8830671179416 55.58809908008544
134.096542263597 58.95485615015764
102.5512419504616 144.207481914018
102.48318344981013 127.28222130484309
34.20457186544939 79.33550498354872
112.72117021856158 70.22367547804262
109.69811594158558 -8.533682752555151
65.8627826977192 128.67743147486368
110.65206417542464 40.68332303411405
126.02610350033298 47.656511605173236
109.17519623820857 15.988209231211906
109.32338272314728 126.07951325138032
4.8761488988106585 19.242994038248074
119.16036909491547 125.46101246789884
112.52426393591902 128.70621305811403
140.10261773808506 156.2369658338047
93.95641451465762 7.999357518662824
85.30809253138602 118.26808371645778
87.09402711785691 16.498236381767207
130.22976293206582 101.83006559629112
86.04833658685075 154.43922051982955
50.580245304552896 19.711811854197308
141.39769494889953 19.1635204099676
73.01841614274919 30.391837233560366
125.93646983489514 134.68149267171478
103.57913503107656 27.91801311432191
111.1906666546511 23.9905279755898
101.19550058964954 0.8943477256140502
132.36796816482342 119.91726063334643
122.28137966695397 22.372296213545084
60.70195833771857 104.22538928994432
126.44370538124303 127.60561859899964
122.46277529741684 142.87144372573113
90.67593033258962 119.02893842096583
110.92097822655055 42.1264145488739
93.09497408798816 168.42822101147797
97.9383404267688 43.794780352584574
92.97623087075377 25.551078830571992
113.46159780536733 123.7872002128164
131.4122187046357 87.52180732459507
85.75104084907831 158.7156026736278
98.42804991642716 42.890125115014726
87.34802714133181 88.32014989249014
89.7196303871849 26.287232117402667
131.30604257433794 43.944839752264244
-9.6174030934785 43.97765863488264
107.9785817839595 16.281923081066502
116.29416964689818 28.662588070364823
114.76409921915119 120.76298680627279
105.98861568462368 112.46197111484102
93.6452322639106 27.349281027379924
123.34030000645946 28.915413969693816
129.10371006158906 132.5329695692106
110.48973792196898 -1.8415499485140834
124.43613436345886 131.6385317824153
86.06642758159322 77.42529994923612
95.79695781950245 107.28096815219354
69.96763418011635 109.30166092338773
95.67598937179855 60.17866360235683
108.86699041338768 71.70709774624572
64.33078448485475 101.10605140462673
102.1123623757981 152.4604530604827
118.6091896217537 125.13484238108332
127.09493629927523 20.430190365590654
122.17892236910552 43.01595720792832
78.61948655840547 94.40213963009731
113.94961971125137 54.43787546451731
71.56964513365659 19.359697457067934
107.65408358954905 38.40014896212462
125.34189682197379 18.32773706409646
119.99600340074932 128.71237403268339
63.191083424187255 22.37899543333702
119.68255984092879 128.34651628582367
120.40350136641024 58.26102367219743
101.50256140152399 79.03980201833288
117.01563053867366 123.8503558418608
83.03553921890841 79.64538301461315
95.98877586857841 30.349121157039058
122.26551329099551 60.26867443570816
96.34572144238194 38.40843811376274
95.86008708290885 40.656581559554354
92.02759853921455 19.903769977896363
32.43056238526051 41.17772326684175
115.81974901398075 109.17003957354717
102.66165255733407 15.883151760823065
106.8492636810883 20.342884179852017
71.890877623772 138.05062959627978
133.58571043677856 80.10649906872543
100.35142267171672 19.473097029845
110.63227239555697 33.1700433979641
103.30868349976167 14.484339223691443
39.09880924543605 38.950675647988255
135.80603840585877 16.053419073610574
91.89949472329508 143.35645187759607
92.2613478617588 111.89623579455616
103.70040917734156 20.90503976059254
128.17798980764323 53.728266549884005
115.50480406968458 26.57951884052149
44.35486349053924 35.988113642010546
99.55224788280849 46.07398121297678
111.3861739007901 110.26243203369916
93.95207925002471 120.1469766908838
68.07186736140906 118.54455588130624
100.18716257246044 6.3134017093561186
94.28279265789494 119.43451981189395
97.77390175938449 18.353014447929613
75.23369697987262 146.08529949595814
114.4006290590168 125.34198531916104
119.2906271717258 21.889537031176307
93.65681973607498 96.17669721473072
107.13679601701186 15.721322581373629
117.36844002721851 125.050903255505
101.87092779949488 69.48095209709946
76.13469066517337 120.40086119963269
74.87744795960923 26.866994181060512
102.43296826141628 119.24672783702853
118.00302243620852 204.42328405901895
95.37775145568003 22.205237721933532
66.98007919504428 99.08382697394704
98.02583337856932 128.4914130757255
110.45647281881665 121.54851651382434
98.70502510456592 21.675796918689105
110.88742270132772 45.447874163499044
119.54610750641079 62.08849213467456
91.41294756537704 117.81321796786683
147.80736064141385 127.22779732762397
109.96999096891118 18.471201885271952
125.20405379286095 145.916068973187
112.4185489262385 129.0981567907468
3.585523575086982 116.50061560349342
97.60227190914269 109.85337711043799
79.04874843899832 119.77641771788382
82.09398403463821 112.74607866218838
50.41091202254443 23.21960258938584
116.82207535288133 58.29335179793529
88.55291261200493 120.14592298561014
123.60679543611599 28.229563472875036
135.67546946377414 30.977220348020822
91.62303390397018 28.870151743732947
144.71000810034266 126.11017069499704
80.31198555230769 106.59213003841529
85.650025082445 117.01197016786512
140.30951929024238 118.70621065627594
106.12363252718339 38.714417936410655
108.86499589161988 162.18664566522034
94.86952480835917 42.10923798441518
104.90695774433706 37.101645353783596
31.407505852401144 52.19807210361146
82.52351008495017 102.80542883631315
127.40593228277089 143.42643409037674
95.95553505684818 130.39021205827999
114.35847962823918 141.9293092406037
99.90074986368198 124.23258609827039
42.61935118160295 28.35032895817486
123.14464834930935 82.8497538800849
109.04402656646702 19.994787157736493
116.76283446657392 26.72765187380872
50.27226403951508 132.7840948839934
87.76047179394642 19.318826472050723
120.90027501197832 46.151651883734296
113.62345305408002 28.71025321941544
130.17236307937247 155.35328099575818
107.46910357768144 116.83457784734206
120.47443438239301 41.22004459956544
114.62631567690367 26.635146434216416
98.6815223458985 21.9704946890424
83.31738562592739 135.6848788765317
117.19518308375334 116.04205892420127
87.16968744734415 116.56885402637909
80.49161118601944 121.59640394777821
81.92219466178635 14.786844174176121
62.83851928717327 36.1020571542877
108.28461492566701 8.33834582043658
147.05537319891536 58.29055703893739
53.43441517260494 114.25501982808505
88.92148241258629 39.89571508119994
128.64534835151358 130.615576858392
124.66537204822745 40.938698453659185
83.43891515886297 117.75369225508165
81.82600198067901 38.12592217809108
126.47713666609046 42.55050525902389
105.78507781920823 30.405931555643726
103.39736667145203 13.818975323107765
139.11808642227103 115.27870957815828
111.81688253746026 24.545497394588974
92.33495213879974 114.30341790583905
104.27085792417438 51.199895749582595
65.41347287252229 123.08611186613292
106.73499198138776 21.26142237692936
113.26324456953633 22.907749628293708
120.00762756162591 56.8842581894107
90.42516390778026 64.54429931973782
119.29904799654 31.7384182961858
89.90771870621286 0.23072729666513636
121.4024726611671 139.39425713411933
106.99570435628881 9.938788575222611
129.00261940222256 130.8575971922937
109.88226808535453 14.179234260727375
112.54061540037317 38.7226254931962
139.65306256918805 117.91835059338216
126.50483593212626 85.62512426797768
109.55762372312532 33.333836207661236
131.7605978432181 31.556380398941762
125.01860506683545 44.069099079676924
106.1898551063428 126.27175067261537
111.89080184572629 15.969780038672901
122.45313961718838 20.23330643281133
63.12423479797053 127.95859875229556
98.99963616010601 51.48067645996116
117.71059063565336 32.44164396956262
-27.143528638565694 36.075095940137544
119.53748846355137 117.87035087189776
127.54510981702724 129.9145880056134
90.78368875495057 123.68886497616305
127.1728023945102 38.313395685026315
116.73719648950322 19.658819436152914
133.59487329283806 27.06230950629566
101.34055610211166 122.5773396833318
116.89556252890326 46.00039779996472
113.08279444516347 50.761729249548154
103.05350348986971 31.485388469409894
127.9799090022267 124.22981278396126
99.55347860837607 31.178226041972117
90.1492715179625 98.49888403449467
128.63626192708037 -7.759370323968991
47.98654588102985 105.29060251136865
80.94058677205385 15.709542076549667
96.90186233299565 39.64995394804506
89.63162453031026 19.25746847200893
95.98937721707317 119.26785519794336
111.39099982242132 63.2713426250116
100.91305818876813 117.63058968186866
136.2321090067283 119.77546448801861
36.294911930146284 19.93901212089983
112.48438354495362 27.26179886625926
89.56258031562535 117.75687023978503
118.20933082880882 118.42221225127449
111.71245365191736 133.44362846083155
98.74924311971571 16.609108124668875
109.41699480226146 74.46043985568
97.72072859043548 110.87424830950687
50.49061998132959 18.15961114016176
111.94897433861124 87.93070169472863
120.73371171807648 163.71771740410907
121.59386220127885 124.6734287476471
127.68629812513659 127.15457703274645
52.16561805659201 139.77275714574753
100.11118461021755 15.89544387946824
109.20686518812403 30.091362874413168
128.97128911479197 6.491142113632229
108.48290455108807 15.967171233021665
105.1215309487934 42.071900741592295
82.24883628593867 112.35850067516128
138.8461690295815 56.60857234942609
139.0557492935298 84.39100083370302
106.81830451003924 32.56907683060749
94.56892429162613 28.58754086498017
111.09167602862011 26.34424907388171
73.5168432164972 99.55916848654374
120.9717484847363 15.768177813283915
67.3503698645898 24.431963233028306
151.56543067920887 132.21903471377018
130.4081172184097 55.53495181031057
99.76720534493865 147.31524214781572
90.8444992081397 8.35313645342298
122.81610070020172 20.814348508414565
99.71723428105281 19.53254184618876
101.25706623001156 80.06544155658705
100.93288528895589 133.68110174538495
79.12914974486188 25.121710136194725
81.34045376702801 23.325762787538224
105.68893817340512 137.73615234565546
118.62412284428342 88.40319992884338
1.0507616756926357 35.307771085572114
109.59161565338067 94.78504378090979
95.8342049695428 7.596115469473256
122.89770658663386 61.56283725614464
126.83039658214504 165.2524567821624
124.45605407652101 117.81143989143513
106.30105322741801 19.934635358931075
123.51813334652522 13.642247514062404
113.94693375469414 72.91085187334568
99.47290412116675 119.95954433826962
35.41820636370211 58.25180317121266
69.88167992353672 28.680521963377767
122.7893627821509 22.834454726537075
95.94695825439051 118.84506696418057
107.13336361832219 23.73545029426489
130.444349565541 18.490814581082464
96.63918374396803 28.09393060342789
105.26373944587088 58.544317648281535
109.2866887431283 65.39902175995766
103.2558050841506 123.86966113630945
73.82216409406658 80.24804991956435
84.33872670431771 112.15654191364177
110.70630830655321 30.58327025248897
77.62947602757602 13.639058898798083
117.06193876591881 16.801837896202073
68.37526221583663 142.28511433236812
