100.21315397628213 119.59170563623795
103.34748115420513 74.62766793458124
104.91568471921391 171.20038853229488
82.93823923677772 118.5469447737927
70.64400584889036 37.173710083562106
128.39213456556337 129.33758929501093
103.55396139083994 39.70355319295902
101.38266438488795 69.96567144219493
93.5472419165609 9.317872576877962
124.80969422977857 87.46595651060602
24.751535955240563 18.457078836217253
97.73090042623389 14.966354059844209
111.10948473462282 10.497938157688855
129.45735249853456 119.50811748770357
140.1923780649065 119.80436467327299
129.1754363161581 4.168590160618499
120.87549460175201 49.22858953409324
111.02481049424152 109.63847387745878
112.58141225288213 76.05057761132555
98.85989901021966 128.47141669253216
123.12293389784637 123.63762891218171
129.43576230457293 56.96123456379052
133.86436806134918 58.73932576630346
102.54683686959682 141.37591956129478
102.2496278946955 130.37177786458724
33.20904481095304 86.91980513013549
112.63118252016123 78.47998691766313
109.67396400912789 -6.350130909081987
63.0940821581905 127.95615573014483
110.75757340295245 40.766767538641375
126.09487299498207 50.749368266703215
109.3810176532123 16.987792458352303
107.1590300776134 127.85851351950211
6.834505144909062 21.952218183586062
122.40361223764889 126.95085062707203
112.58211701389877 129.4573823033936
139.06681185303708 158.63478892367618
93.17979959563826 8.2424218660256
85.63982314966252 118.29143435281749
87.79748190480429 17.07921618360868
127.2787686031606 100.52974338242285
86.66116768603624 156.12211462143244
49.050676933294746 19.525596480830032
143.31887529283426 19.123105949550652
69.75947261382528 31.302010320825953
125.66118495500623 135.22633509981802
103.09912914668942 29.56318360529479
110.55132375951592 21.92864802729001
101.65403122120416 2.349194801120217
130.2359178536337 119.57981404978146
126.46492386987086 23.604221298827756
64.29402768162703 114.7895221897259
126.50512697472965 127.41628281248893
123.51835002830444 143.7609148508397
92.12323395066316 119.87624254142749
111.02967306315763 47.005686843250736
94.08807470185623 169.7275682262655
97.53336045984472 43.50522930720394
93.50566878960657 24.738202799768832
112.9708591030322 128.7171634648762
131.6306469497036 94.01130293274187
83.95581003269866 160.35493085466965
98.83973050072298 43.269407558863946
87.27328508038333 88.43721008491156
89.30445734910703 26.517274907112
131.38288236553308 44.58250742999906
-5.209594926483372 45.81336655825876
108.695840200622 16.797112879935028
116.09586826835681 28.903189428153116
116.25073848502997 120.91704583757354
106.84838694998624 115.73565554443937
93.0666505569312 27.501271207192815
124.06342973556366 29.66129909283589
128.46066500923502 132.80538021153058
110.3647856758647 0.9770020872560452
125.55665763582506 132.72603628685738
87.09751662880858 74.86727099275126
95.40182708092028 108.95435939814988
68.71689942349299 108.25489694928763
96.34633685817231 64.31312319377324
109.2278676067768 72.72627480609725
66.86850640872753 108.61552209824882
102.58607541483623 153.1854670486614
120.98240056922539 126.55461258662504
127.80450196260824 22.863247828908534
122.15732964213589 43.33589646133495
79.875918730104 95.94777469166489
113.7388144418679 57.57889097316109
75.96592797396801 19.430458828716226
107.45558682498715 38.75823398729665
127.37729985162899 19.193964559437852
120.57203440128936 129.37191121700232
62.82812251519992 22.255367738027253
119.79928103673011 128.25491427722488
119.13662843151715 61.94475936834637
99.59403572013598 80.25449388021167
117.39853066249029 124.55694110903752
84.24846864885592 78.45501423164173
96.59071348469357 29.88505633867603
121.12182309161948 63.71234819160007
96.76813338264162 37.53787677015463
100.0802692954992 39.26461517850354
87.70019438620156 20.047522422593122
30.049351762490087 40.546929380540156
115.87213314121888 109.24581249167177
104.04539798815125 16.498423570512344
111.85708803881599 20.786067611802366
74.67707405048861 143.44057003641325
132.91924268707152 85.72521316024027
101.21124046074564 19.411849136057548
110.67669366879944 34.228597424234096
106.23722129243225 15.063572290812381
43.259970164591486 39.934352360545844
136.23712808090184 16.024549907491238
91.02579560114458 146.13777243058092
96.36394833033316 112.91624825957993
103.52558882338536 20.946843799868592
127.57490504679633 55.49942365932826
115.70936070584693 28.02697436953359
42.375993444104026 37.59809029223186
100.37161382063415 51.02845429949837
111.11518972243478 111.96562329383403
92.7262739293556 120.16034879351064
68.79752499000529 118.5491313251249
101.53168301518193 6.473010382010662
96.27365759349692 119.13201817265596
99.9580351052337 18.37502549406435
73.62616180513177 147.07146174365283
116.29211326874258 125.70134688471063
119.75221319411195 21.798993441990508
93.41426319445924 99.35263366375398
107.855191462517 16.248347909601364
117.80442581233271 125.08426071682274
103.1014693529847 74.07575313736939
76.33623079061327 119.077029814854
75.48600052377832 26.656248964430258
103.63019644649903 122.32757968284403
117.23281225199631 200.9534454652606
95.44930034700194 22.341853479724836
63.53832064660561 100.02931397233993
98.04146707220349 128.6150910261199
111.61811475805185 122.2047694112654
97.56168388026536 21.82211621533039
110.84066855698022 44.21748673129051
119.81956342535156 62.24334418028643
91.4592925183095 117.9371095122556
146.02895237561987 127.06721149402905
111.08631145015626 18.915708098215525
124.39645843066349 149.42166304186046
112.69555567188542 130.17714231619033
1.8863994787881793 122.02791983059767
95.96740696236164 111.64967469317185
77.88402043052182 119.74755609969245
81.4899742269781 113.00896071672199
50.94884226009188 23.3111024091447
116.21703109861369 58.719888461311214
89.93332106478117 120.12784284088461
122.84274359800581 27.847022805533204
137.61619196060434 31.175719246466773
91.87135120230741 28.557356727688386
143.7325296350859 127.01588281177499
78.70996301081857 106.89987156550397
87.28449622479246 117.5663759342278
141.17746109368926 118.67263600623477
108.09002882555492 46.218376931450614
109.74573669371605 162.90618034034992
95.39247636628365 41.81130503267738
105.03572036777605 36.283038299369274
29.446429075226586 53.01438133631837
81.88954499472013 101.55951050163156
129.66754954654837 146.87100671745418
95.59769586939696 130.96969379267827
114.22249111121026 142.9120154141969
100.56907467795565 124.29927981219036
47.802457478684055 29.678271274961205
121.91365289502734 83.28084193636597
109.67945163234575 20.5227399832184
117.28740658022116 27.223914641004704
47.93119144358062 135.66446780055657
87.95630218146621 19.289923206878555
120.49570943295363 44.47899965200597
114.31067003046375 28.935724954649938
129.92088680657653 157.2981516166533
108.07820644333228 117.25912923631297
121.08910785892978 40.86743914208785
115.09187699979375 27.903375880205633
100.42042198086024 23.008746190332033
82.21150434820619 135.54022712219853
117.61540834753671 114.22338756087193
87.6017850670483 116.58099189343656
82.17794034089779 119.90183243103789
82.84683893603787 17.35912848818041
66.30493030332538 36.829811511004884
108.33761303682198 9.157564609295516
146.337875150033 63.16299915795488
51.66274331637311 116.01624357648329
88.19579998274389 41.66917380738281
129.97695187814352 131.7298640433719
124.97500841995027 40.50529713134504
84.78529535905467 118.41048296084712
84.70006666175442 38.84624121987854
126.81329170978236 42.742013259797965
104.22396310134701 31.271293522717983
104.22681373995836 14.808032931007306
137.96818056910175 118.99660991339037
112.04915788502642 25.221951562389847
96.01103331171132 114.44428224618377
104.1089691711668 49.47365322364357
67.90255219388715 119.17799262561785
106.40729622394367 23.58642870054173
113.62398477329876 23.43824454068767
119.89748700259322 57.1122404771504
89.50005203006954 68.16172504400488
120.68234629610157 32.412496504279346
90.68699820430875 -0.7784917947224692
121.97585520892325 139.79050088172445
109.77636537090189 10.699120393146144
130.26700852885548 131.20250830610365
109.78494395958887 15.202275557158712
112.5493770003367 38.718099742294825
139.95833323342336 118.04593720162669
126.78662950674037 85.05848432967728
109.5392036021479 34.57393463368944
129.3814998151864 35.75378994517153
125.4477657464878 45.42694119752764
106.33822303204636 123.9551080264056
111.74268808884541 17.21646706647702
121.3507098247765 20.051467813667905
65.24333653704176 128.70985807751705
98.2847738335798 55.10299214644495
118.65732625634026 32.966144336427355
-24.147904985433776 38.50347896646338
119.19910275166835 117.52677144301761
127.66630646167249 130.64704706586355
88.09905108880514 124.31742554782227
126.69568591448989 37.9557513169345
118.2107832872904 19.757708450163683
134.4221439019282 27.232507692234684
99.48666395216051 123.56234453278867
116.92558543757404 46.3106251221786
112.79276925389267 49.48345066956418
104.31845834713684 30.67129893290634
128.12221971668978 124.18953447499672
97.99843781578119 31.772133695690208
88.68753695316725 99.01128669091837
127.49017366869064 -4.962680542964707
45.907432316065965 106.55739824178991
84.755276017994 16.91177515114253
96.63813415643482 39.90101284801487
92.08647826965334 20.49128347210444
100.12214028511883 119.23551352074132
111.36783425845056 66.10265387042958
103.03137017580222 117.9205349597794
138.6448906633343 119.75348291273296
37.25419614093069 19.982564292703845
112.7693861024847 27.982983173776287
89.64536704121896 117.77447815723093
121.10324534621313 118.93924840180054
111.97054330194683 134.2812097408427
100.48651531005663 17.00005919846153
109.61122112100874 80.2125982771721
99.33043523466333 111.87699918136578
47.20834112835286 19.63864161453387
111.60538406081939 87.10856187620404
119.64917574541084 166.81427333452194
122.56698127018022 125.60216889743857
128.0399997216085 128.33050961157616
53.73236496238877 140.4636171254524
100.3669590596249 16.149293981564824
109.15453597362693 31.11714774474632
127.51621316003747 6.710864728672106
110.03433553289659 16.690803440765727
105.13628008900562 43.64113209758204
86.61899031791299 114.41742552651934
139.92638512655816 54.01172801696562
138.3138324052222 87.5469440023472
106.42230536720248 32.844308986840055
94.0808204531477 28.891995461844957
111.28094078112908 27.200468978049717
73.45282811553929 100.19109339932432
122.5958136219511 17.137466723558262
67.23805613944867 24.924012187660825
152.62116757007234 131.65881402855686
129.30743146454228 55.41968133773765
99.95730229009729 147.1266842250015
92.03217251479133 8.885279566553024
123.0890742027294 20.804699996696595
98.32613821425389 19.512140285500713
99.62267528602034 78.73448323411228
101.52272144992168 133.2867079279256
80.43650655590048 24.93667317355971
83.12047949326647 23.10296237264202
106.93060066854552 142.31244385754962
117.65966531712215 94.75790153182722
3.564777242791343 33.7425856616398
109.59415672444275 92.22440238762009
97.52085276899044 8.56182333239761
123.11648477962267 62.62803682493021
128.00909016566928 166.02690101236382
125.3180962763905 118.2416821343967
105.6224370339087 20.10249831026818
124.14438579483101 13.33931083684202
113.7410812215145 78.35171180215302
98.77233312121231 120.004055417844
39.824579290655116 57.332919866686524
67.18121944776395 28.995611167215433
123.64573674416678 23.138507599510564
95.95872904929233 118.81702231816328
105.05690118411766 24.35934838157131
127.12394072296775 18.722904245137954
95.9037338435576 28.714660205060238
105.62225770883447 57.930352981424626
109.2376892463118 69.9224941167876
103.20643338710109 123.94841947608774
70.95299197383127 77.81661510026075
84.21808592959192 112.38959106686704
110.6366653271758 28.98871429440673
78.64050045825132 14.600488959541844
115.16475825649171 18.162794232957687
67.67342681664448 142.26037883574543
