109.66975685681652 130.70824633066363
109.28724042995911 101.33168893943231
114.3667846999389 155.7402128610344
82.94379739143393 129.93078472407996
100.72878242517048 40.05088136672331
119.52187828091638 130.46648029088544
104.77810369088272 40.169646061400904
103.75941085751884 36.422416912935645
114.79590130603864 20.39568576700714
113.47352592383413 141.72356921466763
8.061577675606705 30.140430620375255
118.54788056536145 20.11371709990959
109.31547060517933 27.361343861920425
106.31954907644761 111.56882030131706
135.19358582485646 134.24914882955264
120.08454373727892 9.27030326016082
114.95418680070946 29.656944829426298
116.50887329591583 93.65088749015939
108.4188243446582 62.85285692727357
106.84644045101066 124.6887649893571
126.53615857341482 125.38908634789557
125.6308220766765 51.503648518504974
122.7980630700179 39.45805321472794
105.3157423721623 108.87643474274672
103.32389437692515 148.5883027132984
42.14408504842737 156.2730786214265
110.92652781223123 140.21361761403844
109.55497450652992 21.95629508205642
48.662168057540214 120.11068611310871
111.14971073861166 31.770696305843252
119.98747199021889 75.63402111542487
111.12864519133758 25.628787946990748
91.25978756044458 139.41798899326125
26.474314981900072 40.904845608637594
141.8851604628687 135.84121166473858
111.66803017414006 131.16147580570475
116.53692768107827 159.19116109217407
94.06710092505256 15.521756657503644
96.46707852042579 115.36869008719343
105.53742152390086 22.677435416739808
97.24254731997526 74.68568748824646
102.57444108847712 157.27467198306636
38.38958248140725 17.9369751024253
141.10371078155927 18.875933300957662
44.911713670466405 33.92978982716243
116.09450230473323 133.5802666891696
102.42539487883944 36.88486370773523
105.20806805817561 4.273109121488975
109.17242572577005 20.925709777768134
107.60241780493449 111.62000430531126
152.25387684960307 31.597136029945393
95.63587837668409 201.37004331146625
118.75232263698315 122.35429258287867
126.94207217336267 138.36111525135055
110.28710771878058 125.77972743959843
111.45750108263239 87.63528653424977
108.78792873978261 158.93941064636488
97.58561668277127 30.983242279925133
105.01211674217207 16.036833517350754
107.66805922471833 163.73326309575012
124.96924703706729 137.8667211425199
81.8490860595114 160.0474703682706
106.25317656711572 36.586572028315594
95.73063681366658 78.14763259557793
95.43747753676732 25.172347623283834
123.66107676094325 40.70401087271371
39.903645649618625 48.999017265456374
114.71184991817692 21.59199321487002
111.27923016659487 27.525269031384045
125.30288893038185 114.87675930984061
114.6203430181149 131.54760509449827
94.77157910660704 24.81823821489941
126.29213791868871 31.208563736697602
115.70930043832885 128.51640141301175
109.19120321663785 31.38174776742633
126.39895819991979 135.3678342767967
102.58710293459208 56.47330822830746
98.39757299499747 108.25703048194268
75.32205702420934 105.963714558551
106.94873590521532 97.57883057551707
112.4292527493081 76.83578544525011
87.7314670483456 172.02266309178424
109.92887416869195 146.78026361431543
133.81813909248177 135.87579576104932
124.15261892012366 40.485985504239565
115.83415761197197 35.7076320989884
104.56871344561735 102.22531844978141
109.99866449504829 89.66138804112569
104.37419207053449 19.649890885323416
106.67910050813026 33.25592833800497
134.99846786448762 25.917131431492987
119.01092489244398 130.68664041536223
59.23134036930515 19.725419884310632
116.33563311781829 124.69259557934569
105.67949380396858 97.55977725173939
88.9457341934209 83.11392546133908
117.16434617174086 127.90656825904013
102.23369812898895 64.12688719633069
105.54997831654202 20.794265972828985
107.05784070887849 94.14558657470268
105.27437149993914 22.45355597018518
119.94475666641765 20.08311171049798
65.07055099639146 20.856113308297328
25.880556688687143 25.37810626410347
113.81091049688433 91.37006581327097
117.64531088204865 22.206965634911032
149.8673154188738 24.117538364610397
97.5240842952326 172.84440986888168
116.1512440281521 122.3944815876341
110.80859423770146 18.927016492834635
110.81074341090749 34.56772690321252
130.46895385015145 21.61518856534115
87.96537508988746 39.85022229250719
125.6081062734789 16.92178663209711
93.15590150381648 158.92388878256637
133.75386417875964 100.99002085280858
105.13654519508084 20.529819490917834
114.9288849028487 68.3314306322278
114.37040993003481 35.902201180979496
34.474538747501775 41.818802678222674
109.97628507473331 96.31760602681433
108.13732668095616 108.00926007869566
90.39484728208166 120.11049007548345
93.59971742104086 118.87802320422121
115.13059435607293 11.875335474521926
118.09519065495591 110.94122607709147
121.24580734484599 18.9026913441233
70.97715789865407 142.70306418486624
128.79256436172034 126.24830699348854
118.39872894626322 20.148334305020533
97.02080958247866 110.01519724733213
114.23679872474145 21.479900248354955
119.09700763286861 122.86766818301469
115.65607270473751 106.92760240806864
96.28869785817751 105.19933820191444
92.92172890367637 21.781825050989486
115.43950696406652 145.82920997858565
108.36438548622706 146.5955225215262
102.18773786033306 22.11802604044482
43.810590159512216 113.32666228650194
102.59133174161293 126.86763013776591
119.95029547398074 126.17268061971053
93.39435530362755 22.108289437342563
110.05005409359359 24.287877918357694
117.74280970191789 40.29274104999963
81.2358464535661 120.19904682738678
118.02174148588186 122.85868452200862
119.50951777787886 22.687177139577436
111.8171996472745 163.2737939266596
113.34840947429495 133.1389003888812
3.8830378370734815 165.54558195298677
89.30363759499785 104.83504444920887
81.73921589443415 119.409619887455
91.112775372374 112.1588754022093
62.79292252090946 21.821074644624037
108.81471210617971 44.050603399766814
110.42627262858873 113.52128263323826
111.2780402306752 21.71715627931258
145.21116168362263 27.58313778350847
100.83996909634085 22.014723588942445
119.60865886440524 130.86134654641327
83.07536938282888 109.10356674848168
108.1044819344348 117.60893146588546
132.96781478904168 118.71096937043463
124.1645963059199 114.05021603792335
116.73333070669051 152.15896505135694
105.76160781806642 29.2040327195305
108.5245669721427 22.192957077360347
20.013870007380426 49.39354332647526
84.97005949667977 82.11174380243398
139.12591943614933 162.26713721857308
97.63354460820553 130.00804485312744
110.91816575526326 140.99220638223585
108.98257615846455 118.7413082306495
92.04264730546001 34.842477628953844
107.22665550777162 78.72375788242744
114.54013418480639 24.2754261921384
118.53235211673783 27.753861492279068
35.88237113941984 149.55251126273976
96.72163803298396 19.11746403792227
113.56252053855758 22.095155211385116
117.16426364959176 26.66540964017732
120.49720369011169 158.70014014167307
113.27526944349593 107.69828846706443
120.29847004327665 27.960398408574385
115.9206348545569 35.18861479729874
117.71322677435187 37.15091661538088
84.39980155553638 126.82118626976379
117.17993063610989 86.17340248119072
98.09404419653102 109.48691165876356
106.18831477550229 96.89129600518007
103.6162002946048 38.08950009562937
90.74421322376475 35.517300501879944
109.20928394652236 20.708747495414023
130.38743232685383 101.64665129239766
42.058666631990974 132.65089375474318
92.12901654726336 42.92622424622386
131.58217793566948 135.59424149077918
119.98236102158263 28.707668402944833
107.03476647300626 122.25711400217945
92.55312484818991 36.41707034370754
123.00280660728282 35.17033941254539
94.05106030859116 33.65444069907506
113.06288089662601 24.33474643674808
117.36946899494757 147.442038088556
113.0763748541697 27.813501008466694
130.66751352498463 108.39281004399676
106.40411029390157 25.626951355332096
107.49542635872257 84.87432319679085
105.24200478981783 40.06235053454403
114.59330488633579 25.706620545460126
115.04186329918602 64.23689714181144
89.99642780904406 95.0852802582959
126.88082804686181 31.720293931238903
85.60957092033321 1.6678660898614357
119.92791130471699 136.21979359503973
131.7078634020692 19.477072814995378
129.90236458168005 128.26409526236642
108.91062568400653 25.059650905779026
111.53667122632342 32.45966807943263
130.02478337565233 119.64255084488317
121.76117080730488 75.51572141003415
109.52554176591572 36.45706761776664
104.52569192820005 81.6723983504948
121.41331840020128 47.28130604609016
109.31819162137168 92.9295813391715
109.78861040931687 27.640096583419066
108.5535691540238 18.37830761885191
83.18193049313399 130.62550617179505
98.59430202061564 78.55522343723213
122.77759060386603 31.319573296318083
16.918451988649014 52.19331573371558
111.69925962031988 105.90895867551356
120.78112610730662 132.3915358695935
75.71386569325217 127.03385381654205
115.52409017982711 26.728868758905993
126.18614910571038 20.44950886948026
132.24624123945844 25.63646463966533
87.80965383788211 129.61814318599363
114.34922162858477 37.9646223224424
109.42036703842813 23.640122875144694
116.08251863976558 19.16337129328234
122.16045419903429 121.67173282735394
91.98784926671983 32.13225378612782
84.81456059641532 92.90954226400491
112.50274237590595 27.815372207903298
39.3329734558496 122.8173358927807
124.23725064176182 27.48780877679809
101.65161433205913 37.16634910024356
99.7681694234479 28.985975142993393
135.91916197924482 105.11575487620112
110.34626960204254 70.68388520125345
122.04672028751754 109.84057968776914
143.69979364758214 119.39564485420992
56.78533349067347 19.95360375921972
113.54376997069939 29.70391107849851
98.72458066287749 112.9831006847191
138.84791264746653 123.26025767287415
112.98428937811653 135.272365165071
117.49124605367753 21.00754283910296
111.06416721837505 123.39710146570671
116.92403706521846 105.09789902896219
24.14336776647287 30.780476043922988
108.04743150888436 74.95089451757646
107.56747110591722 168.70006805274977
123.21177738282123 130.8925190428349
123.42592586185302 133.5593899869749
72.93806983109155 139.20391894154852
106.58878716728115 19.48254297498605
109.04317535464905 35.070239371146975
109.21905403750773 13.86806534340168
122.24539583301232 23.740038745323698
107.56462309120602 43.84803111691701
130.70710248038486 131.09817070521646
137.39300767793716 38.69608091101021
122.18445380010508 110.1122245364581
104.78836432070817 28.14700864083343
97.19280223398873 26.819429966208883
112.27157512025123 30.514965271597795
66.93193159900089 101.86774130538502
129.9998987941323 28.611757381442647
84.5300679829917 26.50670274412209
143.80187734628976 121.92002204990816
113.68937407031481 56.18577772115704
105.25106239573496 132.0098669970912
107.72566623574124 16.613361174950587
119.52896142918432 20.220463929004268
92.72934922041088 19.27967153980359
91.32350591668786 66.31559575416568
93.25415023951446 124.63608084771619
105.15480378262538 20.567717025588397
109.3745299961149 19.474632673738682
117.50458958912283 165.94521384277596
106.61015524702346 134.7789873930499
31.974340206775256 16.035933050974
109.58402563613124 62.93566596707363
115.8313160947582 20.643959545872043
117.6183308365569 74.98522346000196
129.6056373485524 153.08549713717053
126.10149811847006 114.1092256423454
101.61052162220388 20.9660879563449
122.64119589744273 12.821628081640043
110.447559074722 109.26237889286537
98.11078348163718 112.76268910656644
83.17419540991725 35.88252275082925
44.1735594806874 26.690482107755233
124.3302715847984 24.149727540294965
104.00232220238863 113.26910845868441
90.31723527654152 26.241193825319236
94.2235853863896 20.691638593398466
97.26076465313713 29.6347992864201
110.02143706304867 35.43186158119791
109.15264621859203 102.97741901610452
105.34120814922399 119.71233564960767
44.54853156377107 60.0012774234134
93.37996351025274 113.25562213196991
109.80475328567411 12.44959960917339
101.0269708362651 23.740039736580435
97.43673599557155 29.162241918815894
62.591570988148554 133.7890357563767
