130.09942257208618 136.61891206340562
17.442025316842425 137.61446412707843
123.38354846184589 131.80689140900617
46.782202915485634 142.8483944592316
21.809141553069562 28.86298521256777
115.144435900459 124.53691218515908
115.70193076082035 20.667395743265693
113.06462674289773 127.81022839225272
135.55592446052438 32.232352827508045
96.31072501663577 141.1353165268337
35.1837378352849 32.75280720670657
136.5808218918026 32.4699738154428
112.77212353817337 132.17131140995514
45.69397644412475 128.57903509571184
115.67128284705859 133.72735833937494
110.3125324466117 33.67991443978907
28.562676527482626 16.104935256276814
118.9983156701343 136.3037491079734
41.776315461629565 149.13426394710655
32.17588585675565 123.45601710243577
113.75406982990374 129.66769328185163
110.90584231704962 25.472457517804347
103.2219379048152 5.002424986471235
116.974445874162 129.42311531197376
122.47783771313932 135.9022999846855
30.41242566593129 152.7006058995834
50.87914610889984 151.46648760342134
112.26664196838388 132.20194507566916
46.15030112808383 116.16922704428386
109.60951603712347 26.655463617484486
102.45597557755974 145.14174133293935
110.57876989659445 35.029945468744316
89.59225995981907 130.18937021488495
27.39972346719895 21.202045313488824
42.53238959620919 134.37389447925062
25.35836847066223 122.27172030198274
94.31356481590645 143.08784499287984
111.24373511040955 26.429268366438205
126.03601733300404 121.33239576065723
132.2488657418308 30.680033760721038
41.31609052765085 136.67385222870737
124.52273813238905 131.57176246429142
29.595743756600434 19.211782283904824
108.8966477602268 27.510570886287457
23.260894516796593 22.22092655371984
111.03453496871526 121.69617537833669
33.990132605508094 25.123839631342292
103.92549218034569 155.88867454615428
122.91099034816612 143.90059354309275
78.00453271303745 119.01334249679313
30.357064498649798 30.576728815258466
42.33489810408616 153.88595951248695
48.820999770632106 121.91626727607512
28.55812274942268 120.80628913879958
133.58740436132473 131.82284331273942
32.93452666340654 122.32951270947963
123.38482886512395 132.44192174426962
27.766814500399462 20.851915962957943
121.91187476253536 16.12224240956907
104.86156118006123 136.87326391312902
113.25298612582242 142.27974483830548
92.16421226030536 129.7027538875797
118.47797178000951 12.315177457316514
117.55470231719278 133.82634112343675
128.15093014652962 24.94905410289166
107.17053304589581 6.761466528040593
29.670783101746192 6.944967792909331
121.77489765115548 26.165585608294
113.13245593822036 16.50637432967851
39.576055261917055 131.08926760679458
124.22826608474384 142.81668571720138
34.39725212342664 24.307834907876238
116.66740046425024 25.505173578011867
42.89723613938915 125.70460654808696
83.551194417742 144.93052793554125
36.4852634314065 129.8884471108287
30.225699606113544 133.20768834780748
119.52688855474057 132.3591848475463
108.7788712544696 126.79214158942196
118.63159671805599 120.69918231304356
117.22381988646853 143.59141626113146
37.910013280200744 136.00393567883663
122.9584416087506 133.39025055591117
123.6321366619819 129.29050605403003
46.3375573652608 137.45067356764872
106.06582028742197 21.16732337469379
131.07310874914833 144.0698084676807
111.1723127080249 129.1028514989798
24.059786594876606 19.36212875658991
123.8951169735948 15.975537028855172
27.161870208930097 21.341959800946654
30.32896064650558 124.46408097884986
10.062065228076282 20.636565967743834
112.62582628643547 119.12154962980675
106.03200956138744 142.04579055317936
100.35412285264881 103.11227393768219
119.00834705442855 123.81555094790205
115.4360862994555 136.5737178579532
122.30269879774914 18.26789393961259
99.72618701258003 140.50438356586457
117.44172819775241 21.598893719772036
17.861395687886215 11.472952558610183
88.75469963021912 18.876169219402602
17.164151328146644 20.62470914617373
114.63370271058872 156.1761848738002
122.21120794272106 32.2678150233034
21.237262754351587 24.656649028957215
28.531526042221074 134.4689609681986
100.3255542712619 143.42990254613818
123.72766011423941 20.160664601001447
31.03730182597281 26.20102426598502
129.3184992850888 29.766032335941276
24.186227677806546 27.888776549648785
110.85130581281264 27.472561841888577
107.73393432836033 113.47731070063173
133.0704718523519 135.8556448527192
121.76993089777748 17.110161116926854
42.596738508825545 111.23606907394316
118.1524641942959 25.36788488177486
24.275385282835572 28.450818740736086
126.25380483341617 142.49823023541757
111.1860712191846 141.14759406225477
44.02858880717757 121.9582547031255
125.68433186560915 124.44068510349842
118.63438006036986 34.175804278810105
135.68196982183505 121.2143912648484
135.17142690295503 26.635707825254755
31.910938682042953 127.27881813864278
111.62446893384815 123.93645237819341
112.50853214315927 21.54061534627348
36.53579761472566 143.88143825948123
119.32427258752969 24.80030973803325
112.57347045706102 122.11589123787222
117.89365895077545 135.55464211938983
125.94791481446198 132.31176500056625
128.91835431621922 19.678176903165646
124.63334967482014 132.44954093869092
107.69104535700616 153.72611137751068
118.57338802894901 24.784665513436895
52.205715961758756 133.5017300001002
31.549060471965138 123.18325193993269
122.24524058549984 126.77111911583658
19.178544368529014 22.77723913481037
29.89064052203399 11.104454377281309
111.90722561602023 20.128240686437913
42.52810748376911 125.15929540812104
45.339544868032625 126.59526620988603
119.00990566331569 27.867269719404355
99.52217478470463 134.51066870051008
38.295092425764516 131.81829080749722
41.462392911209434 142.9841737231086
99.10513514605779 106.06339623953696
107.99407940251105 123.08143797343439
110.89277831238681 127.94422452404436
21.66084226881889 23.993412032432882
105.58874458348843 14.422967211030606
134.37474386853938 130.20460689029474
25.82867311375243 17.889774524965237
107.93762492988918 26.178995052123494
116.50915169144452 18.611319428349148
109.44604288922328 131.54829967461052
135.02035807976236 130.04901836967963
25.794073425926083 131.39749991365224
46.7894088544199 129.36293244219596
37.75139931890039 143.89153893260837
118.50137813597988 136.61752656539937
121.53304452471042 14.87758298382072
116.63717829406403 17.141493346409508
22.671071926858453 29.058930866365998
121.4234587656934 122.84905244536864
35.028568785641795 128.61229869201426
128.75325933704545 127.8224161964789
33.876522347127356 121.84348853467719
122.45854505887606 127.3264609273102
22.8915685176525 34.48031721358573
107.07615362081665 139.19934583897003
115.6172778346882 24.643458797899804
113.19764228413696 18.75532099738973
30.931201664198298 136.44145413458236
124.04257830870723 30.192877191267005
118.09383567775365 16.18486145902727
111.4003544764177 24.66010572122098
96.52507102352507 140.1751225675715
114.43758142949447 125.3479298099463
107.92287541124988 24.889088140755636
115.36465850529692 26.86815178420573
126.23285434111723 130.3803357648033
126.09712071790656 122.43279923875862
115.61774588304486 129.66673885095508
121.58779845054131 121.17500716754607
129.80412895884143 138.60126157823183
127.07009385305052 39.48853200732487
27.938814330460616 23.934769924627787
116.36414522273813 32.71388737036098
47.32749076236745 144.10369720379097
48.44797991405257 142.16360286566433
26.672831539119365 10.691854904702605
114.52072857091106 128.42560447334637
111.43283768745572 19.36736805809004
129.9692514811668 123.99949143623373
30.580337124164362 16.270085953862186
44.131419402120834 131.0437248817612
23.453437620851975 24.571968073773405
122.0120913357585 30.78197380285841
105.85530550680458 127.98697493228217
112.21001406888918 24.40869547332714
125.15771442255397 134.1480127148749
43.39781920996688 144.84885636409155
116.04658124991975 127.0976851095116
20.33455011658137 28.16684696388398
23.41286509800841 24.474896697841025
45.31166828083239 142.58024718890695
34.49733858822365 144.46709191143276
20.277885813506952 27.237110574076205
22.676352099912712 33.21915546376542
111.4636371350627 115.46500770532786
140.97312568225487 35.29877091668609
115.79316738793139 127.65273614689012
109.69089407179956 40.59892944904039
118.4758217558564 1.774272410897105
40.51675906347584 134.55366689947184
107.17564034387854 142.9040545472582
117.48117469614961 31.42583138197528
52.837799774723905 136.7762701030523
109.34235827733451 28.40356695443591
115.93397645727464 145.24962423986534
112.76831421003308 38.30227404988171
11.56561016103479 22.190873374884468
36.75234203576823 125.76884497040453
116.12430153619997 117.30856143034615
109.23185650598947 23.614953799289996
30.762799680048367 27.391689587153714
111.66046793122253 129.6331677613402
110.11107674162511 120.19536603251883
95.26896443892541 123.35339313933979
32.63892331742649 9.225505648963644
113.64000698869988 30.7649490595057
114.11312301602011 136.85818566515178
83.07789789337349 127.99834193722893
121.76337330025015 10.707180291008548
19.386595499906 -1.3179252446632135
120.8487335817428 13.699005591033007
112.31376957645797 122.49817775784511
23.304139377521 25.57286193771401
100.58493792478511 132.8087488084605
48.503482676620806 133.5852538768993
49.933379519639495 142.83492370123236
132.3412322350629 32.9357241561897
108.24249919396318 27.51594701611092
30.143290463875307 34.038549573086165
24.629392804340227 122.11885467824742
120.48915410380957 28.86653004618382
124.63985455121643 124.63048010949207
47.00570025910336 122.54593236395539
22.79174962222087 19.798804890286753
115.3217526477991 20.432463229537877
34.282726103505205 132.05572226407872
39.20091520708194 124.09807484195703
110.06603640748466 129.9537153380001
129.5966879148829 29.973417050254362
111.99893972195487 144.7002741726822
33.97184421241184 129.29108339968158
31.05425944421538 31.383563371046865
108.75733018108376 144.7083953875666
110.30852282273665 142.71777587249161
30.784456051058925 127.97787559686908
114.34302607466083 120.35860124771726
30.79224176954264 159.8012380347267
124.67354617505396 29.86769289643979
109.83396122310633 28.622666046665433
97.47283631685606 34.84897785436515
124.95271535638457 25.91402547691124
115.9522069388534 24.651378352247125
37.48887209084248 140.13230652515017
45.1391557838695 141.26478391902063
114.41888040884842 124.97780618530754
111.56464560438228 24.878001943690997
20.374991601231855 21.44096522637983
32.136746745767496 31.480596750657707
23.353831421649964 149.75195000738853
129.96620170235119 37.02911604963916
23.034478761781795 21.421259880653245
42.35449027038163 119.64858147800864
106.55499896920556 129.10851168406046
126.71730055134549 141.3306697100335
122.23735597468378 28.801565711014185
100.70654831590122 21.69291721473696
24.165194988611844 21.45630795244354
113.52705228195894 103.4980948505416
36.28080765207148 124.49550548155653
21.24188272805226 24.493966657884734
132.43203197952505 21.559889564967477
120.50764053998053 128.84451388630052
99.76092488507294 138.17951251074788
29.895395110963136 15.390032203861251
118.31343353670681 133.87692320483595
130.3675708678396 26.181051105027645
116.49028789070044 135.87099759923194
117.41908436651666 129.29798511489471
116.60852131173606 121.71291718457634
25.045222034908736 20.621209499740413
107.91492959227475 26.46182195034055
29.37803486389803 115.57416968864763
39.96054053279989 126.40347054358719
26.860331910429473 8.588792402569851
20.41032423581588 24.775534299233477
115.11736528578115 23.341388449066837
115.5650993662934 130.59733940758895
26.449297546010982 29.054947007583124
43.085660423042064 22.025410712740985
27.096537176886923 18.32798133292859
120.26359115952324 18.608085401910284
116.7498510662911 134.54993386651233
34.327538865698834 125.51427411151374
37.42345179284391 143.32309530169746
35.29443649830934 127.2658131186979
25.975012960172737 10.996276156163132
131.98501907974082 26.597333123023105
100.94757311933125 37.973748888218644
43.931646767930445 119.12120966559159
