118.99654784128472 134.67732298824515
89.8179612103143 110.793033557502
121.04204306157021 114.65136698761981
75.61333773279414 135.59335860989725
106.11129024606328 25.481685851031155
100.65103846148942 123.71138416581834
109.72278277194616 22.380066497421627
110.62975746400924 29.927689260128385
131.7191879655188 30.649047589372426
99.30939240708773 171.63505011179177
0.7157094794895404 32.706055847548
133.07595276389125 24.430755942501985
107.78356330033628 38.52483665520065
83.82460299601074 67.64421379730551
114.23573669899486 137.02111853026665
102.7889000156254 19.618714265045305
104.45293409505783 2.0161182650197746
116.69182161448455 57.167448063592765
103.53084972809998 56.47734423914648
117.25966237090327 117.03063797468488
118.42590836781034 122.22900743346226
111.23145387500414 21.554791004805303
101.86035769402304 5.634928381768766
111.15402572818891 56.7137704342176
109.20277667371958 145.81207095941977
74.8388930860554 197.74673602051095
108.41733663240618 172.01021909402235
109.65067243003016 47.6226197182264
44.67533445198327 114.3646732019373
110.27555952414467 12.737747023685234
106.89116524259768 90.71527149686725
112.04519006196804 29.130405943766053
90.30835599880261 136.44488049379925
63.55386836065752 46.021585697104506
135.38627176849923 130.74650495308123
108.91745637687868 124.36205443844344
86.89128429103347 125.78432451853523
104.54835096700012 25.117144662195155
116.99383301167703 84.75795997841773
127.1335097530669 25.254774287334843
77.83091000442974 39.64094108237519
123.11754874340647 131.9539825448571
47.76024021713373 17.334827553280327
113.52624453300518 19.032181944012013
40.61204462910966 25.236406077739787
100.56684400640626 122.650519570941
108.34480513555135 30.125811577926456
103.6263251773241 -1.8621852146654185
117.48466827911885 37.79555098832922
87.355304180182 77.18465961522965
144.80439138708533 30.0827638097282
112.18234478272572 213.21212432981764
103.11447671551039 115.01925719728413
117.66724073413747 118.50809611901691
128.1865662889214 126.59777480049469
110.3641816071886 114.47594148466322
123.72112374828001 118.8639955418411
105.06992320230088 10.174588153851886
120.46577442789001 8.746820100353602
103.53586335515656 166.21711548497916
106.2694515830909 160.85014310490968
102.310571792428 135.7100368003113
115.71592858383752 18.22332465656595
115.30270330293308 57.536826209350394
111.71421761828954 19.36574494640107
107.58336939508727 18.392223164795052
87.80055449012735 29.241766237362828
116.81459826160247 23.95895597508966
104.9373407506852 20.05601652390158
120.66838815965565 79.11006972382117
118.35284500511277 135.3341024298219
108.22164225035078 18.96990758060002
117.81057900621795 23.343919161857205
98.16037105128103 117.560290450181
108.41609311874994 49.717894086701136
115.0875990077878 126.14410994753914
122.87288561172694 45.80215205782581
110.21895584814705 80.10377692655418
103.80725558819763 106.32775718719475
119.56227424302955 120.69906337423325
114.02427772103815 78.8881970034881
96.8204328768674 200.4367704766943
116.95161892700952 119.63692848565229
129.25581584973267 130.91401945115229
107.96960786830681 40.59442439291177
104.83814046449176 15.836708974807314
133.07206774127218 79.66820060754632
105.82311659606357 113.40811054269798
118.21834392662673 19.3978614266852
107.9696808484582 16.47799748947294
124.8502836147557 27.87029351315444
109.87549304070843 123.94325598216561
57.75979820589134 16.6197660269301
107.62497477035376 118.51789559211917
94.66072829150924 116.71626336413142
95.59767117256484 71.91741673671447
110.84083985174483 124.48708325499064
125.48931512248434 58.69631329346201
117.26359659735047 10.218963471831614
94.16061156737915 102.85168569875056
118.0443779964617 3.702113120453002
99.67533048402365 0.39200235482900325
72.69057148789574 20.613551678797783
48.78920764524726 6.015902634071664
108.03341833117057 53.41688291984828
125.02472883403246 25.36377111191452
151.85369954239601 24.057318829155406
96.17691996842797 159.47001695394277
94.31983986355932 137.63709105783138
119.20980014484212 18.871676385614577
110.27374638507133 23.595856341159088
135.74404925401035 26.590081895629858
114.31577332148001 22.654688128178044
103.03788150656229 19.62020224080622
107.87215837079358 143.81252941591217
151.8375298611516 57.72226591439133
110.60920326683743 19.16443097798348
97.83020239319193 81.50623740715588
109.1947852453223 32.182268521266906
50.12613963002704 30.193972690181766
119.35911128863405 124.79180952127608
106.20185232070544 76.91153861597537
101.93524249836548 119.54359384947124
131.60259185999405 119.53931110077293
125.10455643914602 22.835055447868264
133.2798841050169 81.42526273013503
131.90390369493525 19.683283527089696
95.94240657164414 121.21596365546722
126.86339553076519 121.51453397807333
109.69798116878394 17.74018312164751
110.99656286496077 92.46160419326257
117.18820428176667 25.19483219027207
114.24564689489908 117.81427023034615
122.91798730599866 117.36818758904523
129.29068881081977 73.45491627009129
122.655672272971 15.29610740395519
122.8463496726589 147.48001096578324
101.66949498852924 69.87830066967723
115.36850639002513 19.974367152366618
53.96508094746947 129.7996011739911
111.73655784356828 119.9259687534886
120.06965863703705 125.76694913404478
101.8665604073579 20.600813739815877
109.01422286532787 0.5642681851255196
109.59638647639082 1.1683484579809233
59.340898098675524 123.82410816418005
84.30689240980026 115.79389821678274
121.25268239879897 24.346597665606048
97.94964637032474 143.4376495640878
111.17565158882456 124.34624259617671
28.8374372779486 170.26864472982123
96.56127487937482 64.3711865622044
106.07815520068296 119.16890177690786
115.11092451661445 84.4036728733062
84.08699250841342 17.679689018228718
102.01765692058012 8.50584699744966
129.83408762133953 72.8688514265049
98.12551531518119 14.257018480845597
121.82963318909893 17.868875399994298
115.66141897541155 13.322234988643167
87.5923102586909 125.65640960604098
107.92323762194428 81.0314759047734
129.6080116469031 92.09637828941008
107.24984238699547 119.26072833425629
128.77220142482156 163.19190909185232
118.48184160715329 116.82129254398379
118.68154337895385 7.270922047612116
113.00472531788327 4.557060148644995
11.573464188027986 26.41936227822935
106.14155981457479 51.79623839918287
128.84303770972292 145.04192515918035
109.79626008888069 120.85692006035353
106.68909159702994 123.29589206575885
117.38460181474616 79.69388219240845
111.96543554712659 26.615177857733975
94.26237033599708 64.45251730957108
114.9624886144076 24.54791634855582
113.30869967544437 21.636274613525963
41.08218246610142 141.07687353584703
115.06325464923587 19.220498914003684
103.67916842695688 -2.3748075381430334
113.04898750667215 18.70134586361747
104.0825916907783 135.2955517443506
115.04491352232615 70.70607921626474
110.56383047255662 9.138775766255634
111.14295875084998 31.721881973540196
128.35953841617064 64.65061337877653
106.93436380964643 112.8916130665147
110.03112341140854 52.84379937401742
116.6484447895298 81.12539382182979
132.7981505116806 52.93391119699566
130.7125847603469 46.75566113141813
99.09323324861677 19.89238209058648
110.29915660577085 31.60135584025032
99.17726877166143 125.06968514891696
53.75252451903394 142.2355387501684
109.04084277057039 22.823726026418935
115.21841823428878 126.6982579004904
106.60196232186551 9.93117690515979
131.909442526127 117.5953439520828
85.4876976640423 21.47862655631739
109.17727392848718 17.232437019150733
95.24748291845187 25.980054819093635
119.44303997868427 29.52145055298419
90.63720351701201 153.1570852304732
111.68393412465917 24.248887334510297
146.22291805774248 94.19438875705592
112.58312933151518 -2.7609372138497776
148.32914762223436 53.42527101842764
107.83872701404174 40.38834410803901
111.65114293005367 23.70010497147776
104.72571517904733 76.54177722909151
105.05395401237885 105.58088248122131
122.39965322651231 21.354682309673453
68.60258754967178 17.348165328849547
108.96329256156064 120.50938361307834
139.31465721939773 27.252535026920686
112.5353476528699 119.64659525726344
108.5162873867603 30.263295680023536
109.31121245300812 18.015590317909204
106.97900582834133 121.16791195661624
108.18773290649717 69.27266356847471
109.73571851086585 25.06804599899961
85.32468416121013 114.19268083421188
109.43709643058244 31.73193671095551
112.75599964399258 44.44915325916881
107.85786310878723 30.800656885750048
96.71494149749739 17.423374005045154
91.2088099604786 123.7809737153565
108.01511749971522 90.93214337143098
116.43702949718187 19.908527319545996
68.24323836777857 44.232270803192804
102.5450589223517 67.0295149797459
105.9850536970535 123.85290059960445
82.37843038481752 123.47211327190122
99.87405161490373 9.808760919811396
122.30411265890251 20.55465488516238
112.69649262906665 20.096151046418672
90.08735421745071 127.8339552397074
107.75778843801213 16.589849046485604
106.42530295249416 -7.7215759308793235
121.7112665369691 8.14826272197399
105.88552460918318 117.03361223939555
100.39757909292523 22.33851753476257
97.34111141933565 63.91110103216104
95.57795912646266 53.48402747220742
55.34175127229089 139.57216207973985
151.59480267097675 31.248556983008996
112.97336693150629 23.963743097770866
77.5248064037397 30.234254821455544
152.9217678143707 68.50381949836537
108.76785512921421 32.905592567806266
132.75472800766266 74.61772173439535
122.49280340119486 118.98611548245535
77.07616790261392 19.09519976644825
111.61099886565394 22.521166007835536
117.05668295946452 75.81999395324813
136.87436195521 124.62434578056974
111.22676730796432 122.4974786969325
129.29394912091874 23.488309958212277
111.4492022903553 142.71773911587064
129.87570992158422 73.65821108405478
27.51573016129408 32.51876576108781
105.50624744436766 56.306088960126594
97.21479511096558 131.89146948383882
113.20395034266505 126.59521761982434
107.38682271090968 127.5516224997487
88.03601826991282 122.05380903729571
115.45819203346362 22.8612168617836
109.45776974692383 27.62981754508852
92.19988023874755 25.275496950804133
125.98299565195553 26.640668034165913
111.62924908285366 28.478865459503492
158.2149364458064 137.22756911385244
116.2281225518074 43.811357211785904
98.8490782379501 103.36717474581404
107.03722792862472 16.058660560685443
110.99102146526681 17.58010915117137
111.42209214363014 24.642883406269817
57.7289432964564 102.98016370881984
120.91323374341181 32.37874702061177
122.74978638433895 22.554593374017323
112.42847396046432 110.24570850683308
96.35936304775578 70.25217022535551
113.86244698802253 105.60756499432128
123.9111247744879 26.18000882715466
109.23959773255876 19.06736124936534
99.73322384553971 19.10432814232463
97.2286509909636 56.66721510076159
66.84555502803843 112.09183202076771
134.40737434365957 14.964403220318413
135.0574292071623 15.682410644654668
121.37983889108754 150.05040958327683
97.82648707609968 152.03469377381327
79.14505712869419 0.5459535162598486
109.57222849989807 35.15550349669458
129.1638790548542 31.928063530205424
103.86534960303713 73.90419072998657
115.13568436573692 114.3777841399665
116.2168496568975 75.38162035456726
103.04436611877131 20.39708320954039
111.16842222313181 16.84762325606523
106.65837150614928 102.20228996109017
106.73218470909852 76.3954696490998
122.4815080265463 0.7517303391058756
34.47349804303372 16.711671479115786
112.63361391996986 20.970479839836273
117.19939842841428 75.50667377209268
87.40009096530058 22.475157448935132
73.23896357400811 21.44387911155158
107.99267182099753 24.47494390606885
114.37800219080493 -0.7430083648238495
109.42624809836377 118.01852839052889
110.70935381853086 96.52140705832592
35.99273627107128 54.99661696500556
115.08204629233096 106.24177824380008
109.01373686225591 1.0457546715023254
131.60869019425434 28.820275897144647
88.55246074664325 30.663255378869405
65.73716276190503 116.65212411578385
