121.20143104934424 127.90618276267568
51.66883408426963 122.33397452304033
118.22016371975997 68.5267336122357
59.15826976243667 130.40440478845358
85.22123890099748 5.578617546929232
88.58352048496027 113.53029520349193
114.74982565050348 2.194802997412757
116.86622077297032 50.47180747847275
133.19396093907702 31.936658293624482
93.19454341226407 165.13865069865906
8.10856996255668 25.01106414125486
131.3573918340042 24.913133810631173
107.70441215060292 36.22355841152769
81.06119303602931 24.927268568513817
92.18024669796681 127.28610275459013
90.63354367691133 29.16829256190535
98.16150611102448 -13.245922531486775
111.41749125265828 26.39095354585962
101.05555289813041 62.777838126983475
121.29181874618853 111.51412135973185
103.57253832082584 116.35696393481324
95.66023627834305 -10.800910283773085
87.0022110591512 -16.949856286064445
115.89893241897508 14.477136628185525
115.3188314406169 125.33203310560417
98.3282454009033 184.4945716958905
106.70487789297484 159.73891397608855
109.89188116047477 52.6561613955553
53.247249758780754 114.76215908403529
108.63234613280186 -2.554680518871556
96.81725232077322 89.52166041171684
111.19537160574588 25.890040891571488
104.8171027587798 118.82866998318079
102.06615195714451 31.966093071178967
109.61144380060328 117.54429009749045
106.5983332710632 113.70607513873364
71.20408154529918 85.11825717563133
118.01956379173181 30.474554128110242
132.20976465386747 47.03774997465259
133.53969866959108 22.413023029524116
85.92538451883675 32.35771341916692
134.04621551957723 97.5392421803735
65.64746256150902 18.12641903809184
83.65489814658248 19.34860052720739
55.81390189183215 11.74795062788468
92.36239277937032 108.96442374859157
115.64217236312629 15.677226166481178
106.87464661431687 8.15240224051291
119.15701069646546 41.26792336350679
87.14786514669225 38.48805768188316
111.39904520244606 21.075721985556218
101.62625183795826 146.74115489449233
92.16639630808129 111.12241217248132
102.13825197942978 97.38388511739676
132.87910741793473 122.3138234354859
108.48591334143146 138.89534058863984
126.16222953245041 73.73338057984212
115.76483339998887 -2.670219965199173
126.83888925838876 7.897023754256397
104.73199227837512 132.2733025437994
89.86124418911885 152.31827072752068
127.90992199021508 100.86853432580727
120.30715545123427 1.5210763751729377
131.26829359031953 39.584602617498476
125.10517122072038 13.408294499453163
93.04553239717914 -4.302160573767063
128.577652687419 0.846596841124263
113.56981415382019 22.828290274084097
101.99598781481112 12.34746233914888
107.31646002741044 38.7660215028378
114.95253963218468 130.03529711996805
122.75367015210894 13.425545637515015
104.39361050314871 12.682741249590402
88.787791284966 108.05473826458793
108.4616044894855 41.738483034468395
99.77955942729037 111.86033841565909
135.37139811474086 53.66100350604118
121.4518309232766 45.92741747008717
135.67174084684217 114.18818168113967
124.68892957139681 138.47126491861735
112.07456243761143 68.72079310231773
84.17438462636666 164.2123620949174
117.0863555714905 91.34782550005745
108.83583088330619 116.86050832139564
92.56506314061365 26.170175850703387
97.30551722747265 -2.7229559102544987
142.2240604397677 48.08821396093245
104.35194481145902 136.09669139458555
127.48400938151552 19.10450045149914
110.71999347542028 0.37426002418919446
105.54514634313783 22.43371842042301
100.5609692821853 114.61490827858309
52.26350821147445 14.958263590918063
99.99221237779086 112.93244657214848
94.73439674600827 135.1236368030849
114.78271182250056 57.10735442043254
103.88829266179053 116.89707081776892
136.96268910938358 67.4376053870887
123.62947568754338 6.850872960610618
92.80506666768154 95.23948457287996
125.60831870763123 -6.258718007015465
49.9278954973409 -7.636349529140604
108.15957101731422 19.58534837893526
80.29521924826 -4.774771345341446
103.21277950673309 26.713965912564973
122.0054997054805 23.75235348973736
125.26221549202607 20.31465661050251
72.21352566442567 118.5051482914323
83.57480600708165 138.06904320308
120.3695851098927 19.30589879092249
109.32616539704613 9.388163364842423
123.4519389720491 25.273556027767548
126.52701047305305 2.4118157213806177
85.58878290451547 22.10040262803384
123.19354367206302 111.09783802543573
137.88448274205217 24.59496092100588
115.64467051957044 17.847752182605138
89.3110533353685 87.3419913179286
104.05225447025904 18.731654245805295
77.49122775671712 10.9880743159526
122.75273818011854 141.75317822734362
106.6714052369216 33.05518505394549
118.41504928706871 118.87885744748145
152.84081984766456 120.05529790961347
122.4160889555551 31.120357155010517
130.06644331106227 45.57646508342513
125.44113960825199 20.115795002283253
131.01652937351966 100.06492056207357
110.8823956297363 114.95582687544297
100.81001054917775 16.1614817795777
124.28881615635855 58.56151200564609
114.82574095062438 24.746979764041274
105.72558979920692 113.75594583216903
120.05807770076859 126.29020144639394
148.95280387969873 43.383502781041614
142.8231935061873 12.420768957156225
119.02861901194876 127.08516825305458
102.70042365770067 1.1616434684506167
124.05437171938729 17.174708045668346
77.39984621650028 136.53524694431053
119.31764355423206 112.58304297768761
110.76767228674296 121.34165091080014
115.09170789579744 18.208640677517348
108.72948331151892 -10.287017129299965
101.55462915838108 -22.85042672983112
44.58201962898369 126.21522094193865
70.28722845700443 111.33841749413507
114.53675668112366 22.67864942122494
93.56616234268077 103.95245819867688
107.6257571459119 111.62232369971024
61.02673561564483 145.2940504146408
114.44793794882845 20.51649880153339
132.8578007816483 119.10111138407994
135.8378533823769 45.77975181543371
92.6758088350936 14.278111050174017
100.9104858968129 -18.36449214207532
133.7023636316977 35.02963962706338
92.83323704757974 10.885608060605376
88.94957695397864 8.871227226169877
125.20226595245902 9.257017298621435
70.17808154162901 115.22483111961166
134.05950462720193 42.21046748666451
135.56440387227755 72.16087876777846
84.3491526214809 119.83384440730215
117.59909386480884 183.26931303371137
113.68714589215988 77.0395914208309
124.83974881917203 -5.942643156453154
114.94115132276167 -2.9674203697286465
8.877249876805163 -2.4728169904692807
129.21061212913034 36.630112322105575
102.04868420782847 110.13367430339355
122.56248707155328 111.45301879642702
104.83435355250494 101.5354158728867
119.27096416644159 26.375868766826095
112.73760755830882 11.932352484755436
91.71927380259754 50.84379740866784
110.4809499866387 21.488972472642338
105.8142254753167 13.515073344776091
62.92086654403186 117.94858439467548
128.765791719712 19.548410902246
99.02530938048781 -9.898685992098448
106.01224919382389 11.232881593841885
92.47764960988594 102.01057431330658
112.72539689727076 25.874349963246942
99.89358116753311 -1.0920554894603987
105.36826331642088 19.41723845509847
121.96193932829242 97.41225335538664
130.8998275920808 104.48181271413976
101.76880141380273 27.178613787257145
129.33188380104502 46.23914823566455
144.19934271879308 21.73781740182451
141.50589919094324 40.960793832721166
87.077487065726 3.1720399492411437
110.70920989397705 31.437622304561014
76.39990393167861 143.0880824019009
71.61928908211358 135.5522989118148
126.15843406841782 -0.4063065014831171
93.85113452595904 112.46675121631652
95.48149631497071 -1.4008940044547764
139.80275154254852 114.32054287120823
65.57867945796117 4.788544383995315
96.34389388156553 0.5389773824061765
105.70039701301415 14.133921390072224
118.44098772270017 26.53884455278873
79.61019276041588 128.17285986714478
108.90009718610771 16.895111351724964
130.883002159005 95.17120108076327
116.19342108209152 -16.05079994656671
156.8510951330335 48.38836770192667
111.75467058318846 22.375757489994147
107.06275967472433 18.073786157736233
95.99588450795676 80.78914124844391
121.72482947826002 116.7764598582454
109.32203280001812 9.116109267975247
53.03798324279458 33.34901935806882
98.5949363991963 104.15482136237468
130.22098935761719 27.15775086172014
91.9492441705429 110.96827159680448
108.94469776823144 27.36776531440138
107.44143218823194 4.139131353466334
86.54047848899953 121.27172600301246
96.05071711165387 64.29471877096691
110.01369594114992 9.177474607246962
86.8249209817671 141.98015999212095
97.77771695653541 6.241160244380097
114.28537718712802 14.492102858223394
107.37081620696331 23.145127382681835
93.10921555188415 17.72649774702525
76.57490978504595 113.80827613183497
119.03141782570488 91.78130945689888
103.73410306005637 8.118431406303962
108.81714594670501 13.98544579064297
99.05778012930013 30.006643504870983
94.47223013531075 111.98102538315459
108.29131631660634 117.4664664714537
92.64415253753052 0.6643458370322757
109.72936420390633 19.961515026124797
91.26657782013409 14.302688564777162
107.85649001344987 119.65312053503277
102.82694037222136 -3.801593612683076
105.94526861169432 -19.349893933021974
116.68725569654286 6.422828904518183
91.51415963651881 114.14933433903138
115.25197052794209 9.529604848319957
118.47857587186945 39.431165833316776
90.87321094122558 55.61806304993068
80.58572023390558 142.09998627199826
142.92509270456839 25.121807236510005
121.53669887270485 7.773698018978963
50.11248793090358 22.73989645391928
136.53041189143752 30.490543086110502
107.67949437233078 -14.782133903420405
126.47705510523245 30.956255863678024
91.40011918517217 118.81522864671219
79.29414635302281 18.07894803342485
108.63724728485327 12.27624192808721
129.13949864891882 33.575724617619684
112.37365923731528 121.75894492916694
108.00300827849009 106.4491518402138
128.67553666455686 22.277379687611905
110.62464582970945 146.24788551358571
125.09808207182773 32.102776413255796
52.181909047021676 25.342385137796224
105.80466524186772 45.59905814226061
97.3764923278259 83.55139317172585
100.0760936245698 116.31550364336486
92.72624394923952 114.61752443774728
87.30579753296439 100.4971384412371
119.78100961501937 23.95061139061876
110.15090160228796 13.29821505505168
91.42967724235578 31.612772474390116
119.56882525174088 24.15126139595892
113.76104876350819 5.955462591710008
149.02411959518216 131.4357654360976
91.3665700206218 66.42306937442265
83.14633075487754 79.31364050738235
111.29290473032393 5.753812202387038
124.4073402507587 9.225946299568609
109.12003421683161 15.36583651549666
50.97720596570075 113.55011715562253
102.8605066778919 26.750763986046184
151.0569388205158 15.546848805051612
81.03826963279887 97.49422661713744
90.098663354537 81.96519440655462
119.32709102234517 79.62620373876244
127.94541548217093 30.45367576663531
99.4279245266228 18.023138111842453
113.58597682438348 19.076685248859924
109.76105327465825 56.39480035369719
42.33321675614607 104.92212770206028
148.8982567132937 12.728725624478582
141.07337052712344 14.818143392663867
115.27730378798438 107.7503377649209
98.02472257051568 145.08269070159912
111.29382589220201 -1.1392556822372437
109.64023905023122 31.019766282999637
129.7952515779297 34.172283393706984
92.67185183215325 62.44624077394485
96.13971106502456 69.57625844056625
101.92001601652863 31.745267341248137
109.43696259462558 18.79836893650953
98.39246872505912 22.557861242758364
105.49269377898318 83.59824528185108
118.037287909616 43.29996732218931
146.4477547208 -20.687999014734864
54.914825460248984 7.790462087309076
98.66528754265828 16.313920404872395
124.04549082196925 30.17947360401318
100.48775579396606 15.804764812156238
84.40462083675911 20.414623502564435
119.51793916948618 15.94145234171359
115.77584075701023 -20.704386046655884
109.78181640860146 129.08111346110488
115.06183819333951 73.55838219535327
44.92512584382049 70.13341882666917
132.39819849748852 108.73703885241886
108.80187796034197 5.21167565699163
145.24386081572558 26.939895612414702
96.12071991605089 22.736039622869594
74.93926122351252 104.41556327210893
