130.62095447725505 136.8956015715066
15.482636324286291 139.60026961814688
123.94723814656022 132.1522565438188
47.27288839483241 143.3825193503959
21.644661468544477 26.57609471497013
113.25210449252504 123.39046788189577
116.40390049844522 17.673307208826607
113.77905205228431 130.29495986553064
136.57489828303548 31.33899843835404
94.65270907030101 140.8302899101084
34.1658956784715 32.368561348255405
137.66659710860895 32.29983749985774
112.27848526139859 132.96660713416924
45.935881559843246 128.08936498437038
112.82345431951384 135.80223494654362
108.47817586633609 34.192357387015676
28.49303659760095 13.031048024347234
119.15261872261394 135.84860549248614
43.00471668210398 150.9035085224928
31.61896205867983 122.22740164931531
112.47355711658855 129.14038303731087
108.99730994371467 22.720764444671737
101.36169128294794 1.8890719327741063
117.60993016933017 132.07609192113378
123.31894391306423 137.3939797012476
28.859219445291842 154.38177147614925
51.21642799636632 152.00316172838322
112.07678921332428 132.6786083020312
47.05696727896608 115.41052086332908
109.46382219374507 24.605284425547165
100.69821687817172 146.4389800040527
110.00555162488634 34.504190210406165
92.07441819825637 128.81491980733674
27.594222395600788 18.124693360130834
41.78034610569749 133.9797647951609
23.137811791172673 120.7521894604953
92.38209153529093 144.79109171155375
112.57514632457841 27.456056279148786
129.00727864865945 121.32573965371927
133.1302579145577 30.100715199386702
41.252769142287 137.59874860317007
127.58382536387352 132.96795870213896
29.44839434963058 18.959165215359953
105.86398220875921 27.44172406458464
22.027626496385157 20.906566326345832
109.58620769495452 120.22098217791739
32.2816885098445 23.261215362371715
101.96032954708173 157.3873089908641
123.42174503003667 145.4558206050436
80.33378751980348 118.11251831397267
30.127270496353745 29.606868846042595
42.929305033163395 156.1215733559179
49.80926422870885 120.88978901672945
26.418236631255436 118.24193419294875
134.4311482127697 131.14287963362924
32.14666346524639 120.0369021177109
124.35240676267746 134.31725442998118
25.821411302744167 17.961380959746393
122.74211058935286 15.054633486877915
103.73407213635122 136.91110506941442
110.98262244407428 142.79527014650236
95.56507688542769 131.7436581090159
119.03695000088116 9.758871586527825
118.50666509129753 135.2030925407432
128.99196258529213 22.99280689826576
105.61331692704975 4.078064978833096
29.16244573256129 4.893606817506093
121.85407719332179 25.683565580551303
112.62339084810458 15.302785127041707
40.31835300305011 130.79429645392682
124.03138164359204 143.7150730801813
32.42441845794252 23.543212269694365
115.52188633639906 23.96234376567537
44.30326596178842 123.93505438987262
86.9993443181458 146.29191762696212
35.18039444630123 127.99923579285641
29.552613147248078 134.11109058014563
120.87309006748046 134.1430960258548
111.42186236062213 128.2248512651173
119.60329376182628 123.0289810197444
117.26605629671344 144.97694810833104
38.50224785922268 136.64550406006575
123.61096645469125 134.86240503816956
121.24070701801408 128.06456460401097
45.91088554539346 138.41714768012503
104.9402058237078 18.933472484684774
133.32383593124408 144.29151003349907
110.41144281887709 130.05924515738315
23.266678483578325 19.3603470027044
123.69980174036762 13.645695464604916
26.912124335887153 19.9929903927187
30.219655788280136 123.42525156671142
8.540078050268363 19.96331222256917
111.5493879937266 117.94418383014379
104.06971174999386 143.01359352603018
102.37799462520896 105.37653143910663
118.37888107097616 123.03369857563085
118.34732666140441 137.8230020932722
123.62861231938997 17.328152145807437
98.52908181065034 141.8744569401813
118.86286013566244 18.986944283994934
16.83064434422814 9.210986541971968
91.22956626195771 18.642985576255636
15.66542684781286 18.581113947699006
112.95085913218279 157.9447497478225
122.63806000271406 32.137963774938015
21.66469945426953 23.66547488538905
26.611999220004794 136.7927493268018
98.02900761678353 143.84978369062367
124.66186558206373 20.049392112176864
29.272959850474045 24.79187848060182
129.56355588987805 29.57556265373821
23.173228461038015 25.95459704168908
108.38930971265322 27.52290927225294
109.7688332094055 116.2386919030044
134.86940950587825 136.08458035717229
121.68687393917288 16.1208672013828
43.35193001337238 109.71820264439283
117.68881270919364 23.914383168502617
23.406582270343957 26.994355095927226
125.59206797336951 143.08983100029897
110.66959854411147 142.06621559067077
42.68744849172539 122.07507316526842
128.23830583802135 124.29675615191044
120.61159450359065 34.27805583395214
136.02929691248875 120.48962622173309
136.9058229435842 26.190126690312965
31.85223481111088 125.19147886988671
109.58434792388317 123.2688182830568
111.46587621501455 21.315733153214786
35.17371471732663 145.28400565660905
119.28411136894653 25.365892600452252
111.63284889635598 121.53355533079757
118.75803810312192 135.2729943524764
127.96429573398565 133.07847674632964
130.8723977314126 18.5599518391383
125.62047501499266 131.89342088064427
106.11569165781097 154.5032254563932
119.94854731858649 24.079919534063745
52.740418371478476 133.84247214650708
31.505321703120863 121.7891909545963
121.65626387058572 126.18466935268975
18.65194718128797 22.196691473972493
30.580890286607634 8.361247511698416
111.03999900653056 16.843986458838764
43.664392641055215 125.20039831600934
45.90943055794689 124.8837629023215
119.53087805675739 27.666377881315015
98.4314302883323 135.17032267320565
37.07947597531106 131.34327632028737
41.975946853219945 144.02809144054538
101.34664570588242 108.87361390570929
111.53460998793115 122.97740292418001
113.88919712751475 128.92875598405806
20.74868546225551 23.394426463178544
104.94843480321772 10.92805729008286
135.5376932515182 128.6148891606972
26.244672420374382 16.982764795019186
105.50551932973862 24.852272471153128
118.40708630734552 17.5999756022649
106.89177939753814 130.63972085497193
138.19924211143072 130.7560359886357
24.474638975084563 131.66030819254857
45.82026126652956 128.76520883019947
36.32394254656831 145.90582591408213
118.75570765786671 136.3133401886046
122.74891096070183 12.825041749273593
116.8341713072049 15.359927637029974
21.715162121445225 25.964322972933278
124.03876811076961 124.40277023375732
36.193517650309445 129.58450258456296
129.26718859920535 125.68635429790726
32.565463963474414 119.34583735831139
123.45851594543045 125.94920320419378
21.192939746875147 32.69470765556084
105.11317701097255 140.52790887641635
115.12952525413651 24.119999721031892
112.1567275644741 17.505558845456047
29.713560607448365 138.70692971434408
125.59659218058174 28.745054772534374
116.199329049387 13.722602963815392
110.7823419958054 23.590038320026707
94.74584238125473 142.21343976152377
114.36760190419479 125.49056729749509
106.89118561280935 23.04054961210841
114.47009540510184 25.844766361179065
127.13255061197857 131.1557439496167
128.712465191819 120.63693273567313
114.29901736029524 131.5527276936864
124.23226507306468 121.43843931526567
131.75879376364685 138.76570990978502
126.89049945242925 39.50863552049538
26.335700600943504 22.00282991426249
115.66982989722675 33.37262597608945
47.45827722332624 146.34077137282392
49.56917820030592 142.43007322038227
25.188963540159598 7.838989287788571
112.48229917221082 127.1529987445
109.77419021581377 16.978746112469018
131.21772650092305 124.21925241708342
29.028200546768012 14.150226190537765
44.762136974778365 132.24254796348802
21.49883621889258 22.825646873440277
121.64716184911653 30.9481197836627
103.06393582259543 128.46497888477353
111.8791851911012 23.412136398676513
127.94487402757626 134.00334557960784
43.340081273330924 146.15648496720263
119.38014824576022 128.83644219441794
20.587514186112095 26.675016870297497
23.59752149123796 23.00799165817939
45.296550879639874 143.42307252222966
34.934456227304864 147.01935889737587
20.00388899156859 25.649909743516424
21.852747157610292 33.27914999579401
110.16118862053129 113.60013839751797
141.9557842645545 35.392374948457544
114.29224003460243 125.80880987014105
108.60152028916464 40.53322585210206
117.84903053783906 -0.6129758485627819
41.783321048263296 133.80512717860412
105.67554838662903 144.99528729901996
117.60232604952321 29.41656565560483
54.26086721796191 138.55847768278704
107.72613455878336 26.33649828706606
116.06662126036534 147.26759409181412
111.44274938473933 38.83370156907311
9.098581289246303 21.928045195148627
35.3013495312279 124.61795861656753
117.21409500238087 120.16939321721915
108.18429343399467 22.55184620490872
29.736838995348013 24.920717948518625
110.69310389199192 132.58652911373576
108.11736112481748 119.06723915753375
98.23059481174288 122.18557744705883
33.0671475513572 7.101415768220939
112.04679674548089 30.54515506188854
111.7315263881433 137.60622595524583
85.05538898900818 126.99479399075966
120.57967414350088 7.960700614329905
18.710310083501287 -4.474547783263906
121.83687892537056 11.862230435208675
110.44237897650453 121.89853529438227
22.3236295961479 24.5576523475147
103.47191014898503 133.8692922098192
49.79744018411258 136.0117190866488
50.41952184620056 142.81137049469888
133.7151145095227 33.183302411082956
109.43537362354559 25.065325108167478
30.271615921321366 33.16655931148763
23.55141778188949 121.99882002721732
120.31494862422605 25.865057665945674
126.57053776748164 124.55905297807931
47.2266133237769 122.39036230681445
21.915238787120202 19.50905286399303
115.05781796033767 18.828711746243997
33.13525364016405 132.031567650666
38.45625371658737 123.61373959668785
109.76304583899714 128.6097294951031
130.6753566870972 29.493585698976872
111.90182014528631 144.37926323416
33.46332826614148 128.47907437318548
30.841618429340354 30.91499828836268
108.39058255814139 144.9361190628906
109.20639926224062 144.3505388236619
30.283881888598987 126.87553106354561
112.97347144688476 118.95100961940898
29.756857135165085 161.95413330436304
125.16804137260229 29.375409858208698
110.01489061082229 27.238137998519782
95.17410046592137 34.75172455581099
124.48196022503923 26.459225084009013
116.2384350939166 22.73778202662721
36.732910353762904 141.14118689740016
44.04254192941347 143.84851535403115
112.49702699152242 122.55581663501903
112.14938776202514 23.422667834340867
19.211600812698443 20.271065723884355
30.658529167452524 30.052531540176442
21.58986881776548 150.71785856901903
129.98922292788777 36.42463462565901
21.770677340890536 20.600643924043446
43.40769259190939 118.22714444397863
104.75285253387939 131.60747090314456
126.71731265338497 143.41572301137265
124.18983384861717 29.611558009439555
99.17336048851213 21.50317706929094
22.93366963374369 21.330326742546315
115.12871878317907 106.00098071677277
36.63187240124071 122.33545734957582
19.517876266482485 23.620482268903288
134.86473903959234 20.876295030587674
120.89811102851628 128.75134753589998
98.60375285301964 137.92583597001487
29.896429228501976 12.289236290072342
117.11074948159222 134.89172542269895
130.60220452294192 26.588005407851796
114.66515686194408 136.51038057978593
114.74271319940489 129.86216270765772
115.26965073105833 121.39853100342748
23.830807089965326 20.374233729169948
105.84657170918821 27.24357084661228
27.480370133724424 113.07137981526803
39.61303862656864 126.28540232637108
27.39210769786583 5.973592598169034
19.347507576764414 23.234420955689963
113.53349221318682 22.708141048658213
117.3846685046487 130.30279041405248
24.958720137429005 27.66664814205509
41.89088068320657 21.77244225571049
26.06178436840934 17.14406172702648
120.64165546500497 15.790524407904623
115.80950638715447 135.30695575175298
33.31113663256984 124.46962518135393
37.760414693550345 144.0026314518953
35.3135919406353 127.82282787653601
26.051829123466245 9.838392307630576
133.0139103612622 27.108273161294147
99.7010043627715 38.47474457719455
45.353254551993224 117.74043109054602
