120.56981985986057 125.24508227728518
42.78140294166469 124.98559279949289
116.61006487187322 57.582825609137224
55.14292540077078 128.1422983800114
76.77529386098746 2.089136436372366
87.87017156714253 111.76264505626797
115.37880880676943 -1.1026373842505335
117.65652025658561 56.65465008628938
130.93712287951462 30.094081923126208
93.58300428541176 158.7729966834495
11.714410669227421 22.429881873589423
128.68988785646494 24.284295683779728
107.92490051785624 34.190871646280556
83.73898012269504 19.984926610244244
88.97546645387811 124.16891014110395
89.99967479108403 30.316983114044877
97.97934447513732 -13.904158936683391
109.96418917519829 22.09656772218027
101.05215404452329 65.40095644559577
121.10354472441043 111.13596371306973
100.5306331317231 115.20306054007904
93.37454613087665 -15.846543872447569
86.04014400500584 -18.13604134400523
116.44256640079931 11.479373747712083
116.23808022731863 119.42709524100079
101.33974488728079 172.10519652047037
106.6171976484963 150.46623371091437
109.92112142826414 49.03311320685589
57.39151311385056 115.70376297849522
108.32360360748282 -4.766050529010068
95.80312712469879 88.98607215740027
110.80172393766229 24.16587357638735
109.28717706400245 114.44054314880249
107.04533980968266 26.864099810163875
102.88767933556746 114.44348077489536
106.37340785451892 111.69462983559431
70.27159865715323 76.25543753834083
120.63763620949821 30.64340452397012
133.7633996660816 40.0578276138896
132.45317859678173 21.344254368669255
90.79029009880382 35.70004523505431
133.9950199756295 91.50600011235205
70.2614944099491 18.423495069420895
79.43594428428176 19.400103947627603
61.731515262472215 9.219408567820198
92.19299977329702 106.8056989805237
116.8150708227774 12.432896904208128
108.16142494130341 12.541339196195478
118.25825012320482 39.7733408022299
89.53963502531562 33.45557531999624
103.19272369767755 18.584196994878038
95.69068760789055 126.24090689743397
91.21585774863766 111.42852192646873
98.86564752474742 91.27843092071608
130.9667401197211 120.75280519953847
108.09698731219333 142.81257524219748
124.71927784784674 62.0389892365435
117.74631509054115 -3.3882147235612528
126.21337518096749 8.770673265229622
105.63395031088189 122.12500628695399
88.14785657971659 147.45650267135002
132.2498930734179 94.23992626635044
120.15033617113836 -0.3094136605623067
133.34652276739018 37.76247539746
126.07591792238946 12.615932925862886
90.97607198601581 -7.130115214545827
136.10055458569184 -4.408671272201293
112.3058157941458 22.153739398362063
102.20802402008879 11.236437622885857
104.15989764328171 31.77721610481133
113.51342635926034 127.59187249227723
125.19611850868587 12.72336682533689
101.61632736858316 10.990053764701962
88.7567173416595 107.04271081742196
108.63780700452887 37.15067803068375
96.89209098404957 109.22526972752993
136.0016494687164 57.065211990344395
122.95450984078752 39.690245930682764
140.54263249443568 116.71067554173395
124.08035342482833 140.71417713199787
111.23595353232166 67.32761285674653
78.43157304958017 148.61744407330974
116.19681033722524 84.15027402856764
103.6781900383662 113.60301233567967
90.77863278586248 21.835200436589904
96.7932287908325 -5.169159856418632
140.98674008696017 43.15531934441113
104.60607493057306 139.8728932749441
128.11451358831596 19.063368225470093
111.27571170339301 -1.9062632567696054
101.08857246708425 20.566355173349486
99.21804244615521 112.75352181297899
50.479850143093614 14.925511643838831
99.19797156723237 112.09034477548433
96.74288699056491 138.27294698250583
119.26076130659145 54.77538885378619
102.87943681158957 115.32108714107693
136.16859479172072 69.7904355116323
123.29912821972695 7.393342528667974
94.44816331965805 90.9225349295586
126.21122271919342 -6.860506616837299
39.505420333143796 -6.754274484970417
117.56964022532676 19.316636428940086
86.10899268389842 -4.68552093882525
102.70041553303953 25.041509132305386
119.88130818800336 22.67292982214813
116.20535647510188 19.310493998317003
65.89363840285242 108.59008288820168
83.49858076636501 135.97967778534178
119.5076898667339 19.437393807260587
109.14083401141521 6.717374586579803
119.43243577127063 24.20626734747235
127.5885685422684 -0.35182966226958756
83.87161665047296 22.454331984116806
125.1308128645544 103.75432703331816
130.2571332230018 22.136524931045365
116.33830916837121 17.674619147192775
89.31876400654149 85.10552709175478
103.26401174850687 15.53067829502831
82.92167813140351 6.970714810322124
122.35519524956759 144.05436037698186
107.18032389291992 25.551023539744005
121.52064265541688 118.74780890577928
152.62939112561642 120.12688677030815
119.97365808684026 31.55869764611466
127.2765762967056 39.51139142027419
121.82629210561397 20.11866501153981
137.78469641092667 97.25455288214867
106.63811210128556 113.80952986497441
99.52454009577214 16.104486513624018
125.87929572589117 51.13771448873696
113.53327985342086 24.07434684314418
104.06902343786238 113.3381610726089
118.19241285668836 127.54046953794811
149.37204508803867 37.58013573703426
144.39284738033314 12.36571404567046
116.76516318566776 120.48965374447049
104.24595883512089 -7.854597259502761
124.37105299119773 16.640233378418994
82.54601773269901 135.93526673932604
120.36639569090887 111.34440387166345
108.15624940160384 119.96403016817358
117.75143597298421 17.71359214620902
108.80731590290651 -9.95403674086029
100.63667845056993 -23.790159345809684
43.36886762230233 126.2413355327658
71.21006592197386 111.06860260892522
112.30793896521449 21.854412580790516
94.531003907694 95.50687485568574
106.91544055737185 109.39415511966045
69.77489944409024 137.1118944102672
118.44304341382039 13.05936168524481
137.32287571539857 119.09035778761319
137.93103814817138 38.83198958388201
91.2087050251375 14.021493427248805
101.60283429226243 -20.424549342544523
131.7839092514681 30.917729413585093
93.07480872813053 10.920589876074333
83.09820525393759 7.681374232328548
126.17462946196534 9.467400089129052
69.8776645902051 113.03981034536632
137.96168547605205 34.104087141976
133.4894641954937 67.04421452390882
81.3765885898509 119.9255282477306
113.72155657257287 181.48465628174537
112.0113595019048 67.24515267977284
124.3224114907594 -6.312940315004884
114.74824309838763 -2.0356785256064285
9.488193198634978 -7.298509698378043
132.7072156091397 34.98452353396584
96.15533587020133 102.41350219503472
124.36827392536215 110.18568900014678
104.91824786049482 96.6490051926135
118.64066453818995 16.948476929492358
112.64667586851651 9.042559720820961
93.27959692306142 48.21412714698002
109.18215378072136 20.46690676622585
104.38358586203559 12.016074274251416
69.30174106103155 112.46225239478655
130.0825993281955 19.608835767733048
99.1501728608262 -8.50772172127841
104.62940842329722 10.368169808570137
91.98286074275718 94.80077414260062
111.77091886268974 18.773653742646815
98.2493395406692 -1.5683414501006783
104.49763366820348 16.341216166568145
118.53323597295626 102.03936980388664
134.6035055202843 104.24484265204545
100.39011651616597 26.098478133181796
130.56355530823313 39.685569548151605
142.9878372096277 19.64915640822852
140.791800618286 37.41147795178503
81.38345636938637 0.6720605372533248
110.6766087019346 29.65475019572938
74.55237793750145 145.22190663896626
75.42835904491787 132.1215533094064
128.94716762071153 -4.506862827326861
90.17250287006232 109.70948057264195
94.26438523889209 -1.573852854819284
138.0667667729156 114.03643093241548
59.583396776716484 2.236275535798252
94.71842683604223 -1.7084031638732349
108.90169072193082 11.771035973143203
116.97134067803304 24.877754600355942
80.46042158786334 120.0838788362571
108.30395002766053 15.298730074407805
124.95770848249039 94.31469425541177
116.36437430160153 -15.863994011101191
154.0248734241356 51.680751070249464
112.53207241066421 17.28834552736812
106.12059464798311 16.7363968777902
95.34526326152454 78.92532239950776
124.01588749209134 119.74646051573107
105.90677424381916 6.983024303968927
51.43404704014275 35.67062757281193
97.1546052406126 99.8445219664629
126.24490359463859 26.071295563287574
88.41731983802096 109.52236453374452
109.12729072565571 25.7876788067542
107.20229623936788 2.2313675714054555
83.75637853491443 121.0773318488262
94.8161319706063 64.68605481796591
110.06588825466139 6.229055547507302
90.66998652784547 146.14981499019686
96.33105553308322 1.257942549649497
114.18306434466119 12.835877416371998
107.57036161437648 20.53387651333292
94.11566448999203 17.964736167495367
72.51099254944845 112.03452130698808
120.89068810224192 89.2156702522943
100.99226893660861 6.484013909432949
115.87734369564382 6.9114070537962675
99.28812824775468 26.224281853815263
93.71256558851717 109.76889223937128
115.00778608724934 116.184796909981
93.14980569791099 0.7654124688055035
106.58655285298376 19.756175760289022
87.90112012419857 13.52719917261221
112.62699220211184 117.58432165307794
102.46533564601681 -6.364089339742886
106.32582828162454 -17.775373178124255
114.7455415845638 7.449197719793025
89.65375247339612 114.05296781153864
118.33676630732228 7.374407915019805
123.02532268981982 37.3240627063429
92.20501916269117 51.705947528058154
84.97630837589973 140.29012395439878
137.33834966865697 22.776859624171955
122.26785080996645 4.967658121981806
44.507525667988205 20.30734761559943
129.7063154275386 25.652113486032924
107.55863096738406 -22.25961710926011
123.19394034199345 23.603417481021435
85.49876078540309 118.82849007767348
78.89338007026349 17.924968235010546
108.0013141112524 10.691577142166432
130.13047781972278 27.774230869452587
105.4652415926399 120.77039000519837
107.35207946578427 103.77276654136772
127.14613845701993 21.640607223194802
110.30105516821217 143.8689904037673
121.73677034801047 24.94979017816708
59.46664458530645 22.619115866133146
106.49598000513984 46.60704202266759
99.04689686834111 71.01014568897573
97.86083057002035 114.10212931574624
91.00131709547385 111.89762059795137
84.94151836258413 94.72217675062258
119.70208548397817 23.62502340265561
110.29318893071817 10.398722791508428
93.89162521346805 31.6977569688296
117.09547945788202 23.10555272186293
113.71221105187155 1.8235271266404107
143.39776403694952 128.7048299835872
87.64681570800101 73.34557607322189
82.05966087136547 69.95236592692581
112.16882977777735 4.431182688342368
126.21286302232896 8.257713992147467
108.603579683394 13.545277017642263
50.15395166625836 116.76019334184313
99.091948936552 24.42043202742379
153.1573588279464 14.067104108575478
76.68713694794653 90.14132945013978
91.23450177978809 83.02786518914927
119.65590710958631 72.31463941697814
126.84481273835887 30.205759295581792
98.0198470218029 17.887505527672634
116.69822979755658 19.10582350336251
112.86252865311796 59.0398354884454
38.793030589127156 105.02305073957899
148.48522508234024 13.057670536592928
138.77700173507142 15.046438282668733
112.91383191778377 98.61404675235985
99.37670179761191 139.95389223029392
112.35434624321665 0.47725271333882935
109.65742527264962 32.152217701266665
127.8658050740882 33.07899122705783
91.42618065902604 59.39769219355301
92.7718771701678 58.874217273394144
99.17102019772504 24.84622190588177
111.10570127773302 18.43832346882765
96.62351864009149 23.679639757036806
105.72059263518396 76.9745089883005
119.92554954234326 40.07539147754887
147.39785111188516 -21.53337878756703
61.69759788917452 6.682800000383375
96.34438444558026 15.497941075430115
124.129556373158 23.109066947431483
104.92448656071952 14.44763203638854
89.84990744891968 19.97516794074332
121.31086145732786 14.204028424911721
115.4342474860678 -21.2382295322199
109.84087824040643 130.76407248187772
115.50544667332113 67.31688903756735
50.250460668911444 77.05724038278441
133.9660756293807 110.66795050070861
108.87195978697429 8.162519562897703
144.71065315772336 25.93041176530434
99.62674956610024 20.296112887576538
77.57791754663468 103.35547914374386
