118.2283442928893 119.30632642443582
27.17440611040297 129.48231888163795
112.48775139293902 36.727841392142864
48.545176179306104 123.11552816915864
58.94046077622694 -3.462056493780964
88.56704727732333 109.57124558328033
115.71684045008429 -6.229156061405035
118.36225212214649 72.75561854633338
123.83430665292276 25.39197879840173
95.6408746719775 141.2171096948916
19.74552856521302 16.850043488105495
121.14863368407265 22.409888767938334
108.5424254991432 28.233423642964357
92.34369319113947 16.233420908756074
86.23048703831051 117.76251114608596
90.65670531650144 30.89068412489366
98.9869376205276 -11.234940928463617
107.10103016854997 17.991933917316544
101.7614828541106 70.26206424848935
119.02636611287954 111.81618923858369
95.74847068239801 113.47487149719467
91.39130371923686 -19.915102860606257
86.31141112070799 -16.29118582722757
116.63940607641548 10.695861807596007
117.07255514979626 107.90518130487939
103.40974717182087 139.70789408793308
106.89028502916383 128.27403780823826
109.97407942761564 37.56295677341969
68.0047619804274 118.69040668602733
107.86623895992065 -5.927847185431756
95.91622251032202 84.79644151533884
109.88073404245675 20.133636862252004
118.11460902851115 106.5982764309956
113.43533370728886 16.335266270749546
90.42051002570844 108.91793802814708
106.21044617537531 108.46626577296556
71.23107438195103 58.703482560677564
124.97929201032345 29.408725569484705
134.13600519539443 29.76996098603547
127.34511031921727 18.89629679673356
101.81153109919754 45.49534221284999
131.33745672547377 77.09277651837998
78.81534714005834 19.059355558802558
74.70929114191091 19.46755682805109
72.39213384097765 5.747588403722856
93.9075358462647 103.7832261876379
118.14319704225953 6.9241162505263105
110.89217900886072 22.160824094487552
115.34158367120612 34.441201306826464
97.23910583865316 30.194602136696908
87.71132401806031 13.73470535637113
79.75428508831068 85.15990387092705
91.41849169878711 113.10800589837763
93.9199861757255 75.6403077620976
125.20273140139787 117.51347254964438
107.52239394134538 147.04124260206962
120.01825107459855 37.57301867006213
121.07002634998179 -2.5078376966788203
122.2480674573939 11.655866303375252
107.85403787854412 101.9579165039567
87.07086656919284 133.84490363697546
139.0146751964742 84.6770899770405
119.13618376022116 -0.931480362604493
133.5137064320284 37.78619632763798
126.28256644367629 11.795540994667588
89.7834813264701 -8.86009487447363
147.30036588417585 -11.858827911725303
109.52852736954758 20.459500773467937
103.69377276538009 10.230915555365184
98.73879583076817 22.384018783414525
110.17818295669319 121.73970288227693
127.51921255202492 12.174492260687172
97.18023468515821 8.551571206101361
90.7507428213881 106.26313113671529
109.1519698426508 26.01062510584088
92.42886294973316 105.15521766866856
133.16390439855695 65.45994995517766
125.0302189828687 30.047102822545803
146.83590611556338 122.30468678805155
120.94235787445507 142.43877101685817
109.45542855118691 64.67461520759825
65.66564807538754 114.1462230649896
114.07398729724704 68.99836368877159
93.95863323977701 107.90072731061899
89.61073862686096 13.00559009739001
97.37110918431726 -7.135914498017818
134.40048501394352 35.44098967299476
105.71057082916064 145.97188433607556
127.97055887177243 19.013453244231037
112.1558343378038 -4.025102041183964
93.9043741999859 16.712365684306857
97.38667351885044 110.11328453276317
47.78871040467772 15.446545155488378
99.04369314208866 111.43753464574164
102.42482534915015 142.36669304402153
127.30897470535409 51.41480659487259
101.77628306475567 112.6855777851727
131.0664519879746 75.12853373314162
120.61316292858831 10.428165440956615
99.23391211199385 79.29554203286548
126.01936220858543 -4.88597173524968
21.81595771324185 -2.581752795984138
134.8895971345018 18.810143416382754
94.76193284842287 -1.8455748453299685
102.50534109593049 27.490079013797992
114.60821012160007 20.06883436246886
97.52322382110977 17.42752898950179
53.302235869689625 90.71123157616051
86.17982468583085 130.31648063383855
116.57378682755315 19.695307688353438
108.83942330757517 2.944681645469004
110.403098840538 21.272682935358517
127.1801387385815 -2.489367177996773
83.78194385478557 22.808065273789705
127.1361717040174 90.75042264579858
113.19530856141462 25.666984683022964
116.64815857070637 17.55683837404002
90.80323844956487 81.88940048071755
102.36999967447552 9.910884966233313
88.53133180623928 0.74118382564816
120.59547425303651 146.39247688245226
108.44815399192794 14.869858478248453
126.04360449762905 118.57391983064146
146.67853967390414 120.1838703906037
113.57260043569109 30.78145256883079
120.14982931270876 32.22116518794881
113.2570094515544 19.996803810129883
148.1892129216012 94.90766694041473
98.4935122204596 112.24549576837909
97.94573717993109 16.31673003307053
127.05186457056763 39.651456442578414
110.5040101351948 22.20248364644841
101.33212042891627 113.16117053294094
113.62555926945036 129.05919149401038
145.8151167465903 30.608040879205998
144.35213099524483 12.972909471074747
111.35826687864729 107.34303973560648
108.03813650301889 -15.305491146752868
123.37405116757441 15.75281054655096
91.38104434309251 132.0879427958377
121.2053223214149 109.52317109553707
103.28592150489405 117.20338138858207
121.74004221461614 16.90139305762444
109.04683287060053 -6.948515840024265
99.88614275594519 -20.080723643966103
42.18303613785213 125.59568524823965
76.375737597318 111.49049879474238
107.55594800706191 20.028999057681663
97.94415535953657 76.22927029330813
105.73403048027447 106.22628609987275
85.48259395600041 119.16831929337783
125.68533619630857 6.4856339758809
143.52603309829775 119.08857642457195
138.00804488833455 30.36119869903407
84.95260336349125 14.047732313475956
103.88872099830066 -19.491484787233276
125.28616198340292 29.131926875072033
95.3853476336423 11.948379383753522
74.26814113703895 6.744023663423136
126.00986595738163 11.021299638599464
73.63192350092947 109.47592533613577
143.58954081498194 21.758670175625085
126.99650246708809 56.87741256108644
77.92336997128484 120.05141973496634
105.74730096352305 170.98350104945337
108.47731359924173 49.131612101681306
121.41142269730774 -4.069638777509761
113.77228814479915 2.9342068454888928
11.867675350558766 -14.489898809175788
135.97965943840262 36.78019043751328
86.74266840120542 87.48145600597861
125.65531901166142 109.1716347653456
105.46427851190566 80.92871193754188
116.55823731693431 7.527131474423335
112.30872963498972 4.7578403362286075
98.53247519204567 42.91278227841256
106.67168185483754 18.33905333888611
102.19684003875237 9.729423354466348
82.25312670893983 102.49726484424745
129.23335530243537 19.725052074535693
101.079290645986 -2.1391644204373756
102.29681872145711 9.70820315586012
93.29902215867594 78.56555946663435
109.68991684790909 8.289785922098643
95.9239313494479 0.358471221511262
103.347367249168 10.771199385962046
110.94803331196617 109.68764668081107
138.96890516475187 105.33579841029214
99.07694063083065 27.5544004823366
130.3197900570264 31.490721423900144
136.41309969698057 20.50627240121775
136.48243953151112 27.985575591578538
66.39791727278879 -1.4573887418909859
110.4379795974949 24.740231869136224
75.1292157713862 146.76591768070753
81.19193188986263 123.98025073039423
131.40233105199343 -11.232909440184493
86.29220826847015 105.66253142838991
94.01997199048334 0.36889500701687084
131.31774965736707 114.23444977443538
46.77983470302866 -0.911125988379281
93.63697215240961 -3.7064197744691296
115.29039220854695 7.92082535311787
113.26498152076734 21.043527047262792
86.15976007862605 104.1201635551857
107.3122080498613 12.596872191496518
111.73766615287894 91.28599563086269
115.69912222814334 -10.121045233850081
143.6097184093242 60.805892301162906
113.88809176263588 7.479801703902484
104.70129344305883 14.348397734682777
95.15173473871401 74.9805310255881
126.30778701865808 125.6082298188942
99.63831623112604 4.6134063247954185
49.594968609304175 38.34160174225022
96.18284871141078 86.01557172358956
116.43238070551305 23.176159789326107
84.02010380834464 107.99289190766869
109.53384252495981 21.906405646445492
107.051868081736 0.5248123563199643
81.48701251008013 120.56355412342408
94.83717400190143 65.0061465969464
110.14437626364953 1.8823604792964377
100.34429367745476 151.47126953045222
95.0367287499827 -6.184115753358885
113.43865758319384 11.770927579988083
108.23983175398696 15.227259541283553
97.58104605492815 18.653286610574153
66.30860468456505 109.58082576734104
123.07382640426866 82.03643904367097
96.63218333805754 4.53734006066238
128.79058752017664 -5.41322145457497
101.23138758288371 21.27958594404406
94.36883697929095 106.33999515575819
127.517154487949 114.02877981656084
95.75238552219098 2.936274132338356
100.90479859546515 19.344847497849482
83.23471566018539 13.005838286339456
121.60243241696487 113.98681008593813
102.65998648317128 -8.177949039636387
107.43223252348164 -10.621833294134305
110.34704147176032 11.345650174384533
87.66922261099693 114.37433409941802
123.36667559817947 5.111122022127286
130.43427611163048 35.56640946639685
96.62808054586752 39.62022652158633
92.40425193661171 134.72091127911662
122.93227197864223 17.674591835357003
122.26643937436299 1.20133116688482
34.19592578843853 15.408775980597422
114.26370176742373 20.928474446804124
107.59438191854046 -30.847773962711884
115.35199808161147 15.82194263074281
77.68542348837306 118.90549793744782
78.34115867267808 17.712947061257818
106.95625428941233 8.759902909727924
129.50155521987745 19.676500085259807
92.23463430321274 118.71704093421829
106.28789860679447 100.6456541606766
122.4500927269648 20.078032719736697
109.56921088800891 135.33682883392103
113.80265029041989 13.12818058812121
73.36196638577385 16.867752595263582
108.35346773220134 51.63895132782086
103.01491061984262 48.04091816912403
95.16777797535048 110.29483827141028
90.04073177836672 107.25364956358008
79.19611405192812 79.2885867805415
118.19776190162678 22.508818910174934
110.52650726937802 5.491091424996055
101.03057266325742 30.203236948535363
111.12545574962897 20.727529274340696
113.05537946547912 -3.6722894086910625
128.56699070544096 122.42121801172337
83.32946983135164 84.90437123635778
82.64595953574121 51.9596287560937
113.63927348587431 3.4951794476448734
127.43946838525581 7.45425521955304
107.76049808896681 10.534205402412763
51.08361421559685 123.16247428851065
92.66332912904299 19.06694222583049
151.05802451875874 11.643178487689118
71.74026951345562 74.56728506576299
94.88422831804891 84.54630828805092
118.92467292318076 58.91317431686842
122.6854510106954 27.84496943032115
96.50268063269998 17.75305168583289
121.86263450597434 19.19477488888509
118.64211682528932 65.9247488650975
35.76296706726091 107.1978428961772
143.40109505503113 14.447494816899106
131.53059328701477 16.06421671450873
107.88479950718629 80.21890411237966
102.82820201592888 127.56778943677494
106.97581430976163 6.35274467040657
109.68710549327756 39.85953724688028
121.96926035864624 28.972778910836762
90.33800170999919 56.01483955633391
88.37704492782566 37.41016866389478
94.67429467410301 18.83803325437036
114.23933464852108 17.817598196621468
94.33820117745039 25.33531745885994
106.54184053992147 64.13106971095934
122.4908709856447 37.70904467999281
145.6603253715091 -17.810199064448117
74.2336638078398 5.477490319468621
93.51250611795652 14.447447390129756
122.4945195292087 14.02061101703164
114.16411807452926 12.132204760995236
103.3741600517195 19.012637559581965
123.96286804914835 11.377943898002517
114.16128111465055 -18.098236551987483
109.91700428789125 132.48653457681343
115.74854566225305 55.45232380251902
65.54569722667549 92.71561646051767
134.20953350158902 115.59568685902558
109.11601921085865 15.31291032337136
140.21028419240724 23.333241093238207
107.94637849683023 15.351106159403631
81.53775692541096 103.26016708542794
