116.62576433352251 116.32069197172643
19.893102496659612 131.28573468704292
110.29132768221125 27.73362476947213
47.26750311335915 120.48817021767974
50.80655089581348 -4.695479703975645
90.48040877934442 109.34228506715955
115.51901352372234 -7.4277333660109
118.35881371347581 81.61312156754059
119.37179686415378 22.709199175035124
97.24060285058724 130.94394528913907
23.799904946634413 14.130347348849966
116.67138475730894 21.2436616124152
108.92612508058113 24.739521190011263
97.93359030410728 19.508052535543243
86.21725253836911 114.73722029135305
91.74902717953 30.428301417813163
100.00424302952307 -8.81127080209291
105.77045004758614 19.196448871832825
102.39733806648303 72.95572029938788
117.42752693695276 112.84354557991296
94.33493071125697 112.94836809177764
91.7792641604876 -19.181857290176175
87.98840453782152 -13.745170181815949
116.3927976483505 13.820690231596034
117.08717487689442 102.73357486597351
103.60582920462 121.49144836269468
107.18845839696145 116.42924480880288
109.99471172916344 30.790654543107934
73.24033121434955 120.5719912701585
107.70469816965662 -4.877586836743521
96.99770729648048 81.20484033609439
109.40460151545047 18.017162382029127
122.079511467783 103.23201614812155
116.45849028509382 11.167087389058025
84.99929235812267 106.76685722207179
106.25100277986462 107.5055406842274
74.23538530790536 50.75637782978002
126.24077563785603 28.20716841427628
133.03243039102645 26.749005124750862
123.59445919462324 17.66578689517363
107.73132309349032 52.60314432936766
128.7268611245259 68.55645466592354
82.39466555287167 19.378596877243936
75.10920130622527 19.48228146089997
76.79350026710267 4.704404713859767
95.77568197609011 102.99387883605212
118.4336642332015 4.960418728286088
112.21619791639395 26.93493822878748
113.57790987600012 30.71428899504355
101.75809291371588 31.34864231701961
81.00253428549946 11.59638390332507
71.7143430881078 65.79839041242944
92.61772491460725 114.4260184845202
92.4514842240185 67.87072553649749
121.3369335119498 115.91863775686696
107.36350432117969 147.53941633895423
116.95451000077873 27.448214918584114
122.13118817456069 -0.8949965660407186
119.224711516409 13.526434852058175
109.10085213676925 92.52454458201254
87.5533080069353 125.78182320529245
141.2306840364691 81.52329835586796
118.06778258407202 0.15432241371023414
131.89914807625087 40.756828403335156
125.64164586040465 11.826805563556709
90.57864484417215 -8.065220924807713
150.24879633777812 -13.906925003679973
108.11988201157115 19.496798724315916
104.86449768859914 10.172130148034386
96.82825883796824 20.109721797127524
108.45245315213255 118.64610030747826
127.4363007036873 12.327858577698684
95.47844717358966 7.803055370372922
93.01973832329276 106.74510387961955
109.4620030839581 19.855113572144035
90.96798847175052 103.96647153557026
129.67326602252237 69.544802218857
125.26001171509397 27.125528088346123
148.52387842627746 125.05859778591842
118.48242682143592 142.42306346793467
108.57211912794308 62.746897082977355
59.646775690773254 96.82183376406093
112.80117831067952 62.48443463085745
89.82701664317507 105.54582436632097
90.37140958205451 8.945227213674977
98.2923209709495 -6.771933812554574
129.52932881462246 33.994354888720686
106.4707148125989 148.13682340909762
126.90428450926647 19.00420427518424
112.43581964306743 -3.732947095668656
91.4434645484242 14.8697670536634
97.25854290872786 109.41815471630993
47.474786219387404 15.872914049468783
99.52173990597731 111.57090287579179
105.88469541188992 143.52863799276636
130.29898566930643 50.50812577289045
101.68091915752052 111.73047484629525
127.32975072058213 78.35167325125352
118.3347337420071 12.400311769657948
102.26233806974551 72.60672866970025
124.82115094833347 -2.2726434415411276
14.487349756677864 0.5147092980133907
141.68703830077203 18.581509720023334
97.53177756013945 0.8441215936934416
102.91558669820405 30.722903703441947
111.62706612552188 18.635018285763664
88.59715329066789 16.623927851990967
46.93829473353384 83.40412090351165
89.08049450916793 126.75395744471075
114.79989426277231 19.806392030534727
108.73613115958389 2.1871947646214824
105.71059067907284 19.642076473286053
125.82749150999736 -2.1238568105187707
85.21917704355894 22.742236156701683
127.04042192954785 85.39280781306574
104.14359026812778 28.732592970437565
116.33082787967872 17.602879407991903
92.57071022983557 79.6426229934783
102.39962640422294 7.634830280399991
88.7765420971085 -1.51875998819871
119.24795469863439 145.98555997487372
109.16304839104748 11.983172451273662
127.39609844564855 118.5315004700996
141.57212799495048 120.17182956713555
110.15588506385575 29.550117436075343
116.19518654737539 30.078587217696764
108.56327126612635 19.88587522539373
151.09785286644214 95.28810797480828
94.98714779484358 111.83962684766969
97.58147528065027 16.58678768734243
126.40946825342586 35.38112887911055
108.8914593473357 21.047614959036135
100.40980306731615 113.52036685689312
111.06326578050891 129.33178384444747
141.09734034919356 29.924122058233458
141.70640620134378 13.578804618417504
108.45625919905488 101.55238794719104
110.1200877795016 -15.518952340245857
122.18561178572418 15.503399483925843
94.17215957311886 129.07841850458013
120.9518890189638 109.21653733370928
101.21004733690607 115.94460800101375
123.0632438764695 16.653976415792933
109.19508082468252 -4.206455462772985
100.23220950467085 -15.266489128742647
43.550092893057396 124.98055415764732
80.37484913380231 112.27574515518
105.31045580225444 19.065201917887375
100.35144129787923 65.0372263175929
105.34833448348347 105.46781241722724
92.62389340541026 110.1385128537175
128.80865740361543 6.666813634539068
144.72758485005176 119.09759702718455
136.29594904575913 28.80460395087775
80.12648047459545 14.355064252567322
105.44994825071691 -15.855315664372764
120.73787470587985 31.971507964567262
97.1370092957414 12.84919711854814
71.89007592948946 7.2271945873804135
124.91631845653056 12.443073128946022
77.91608978353054 108.28226083718106
143.65709092954168 17.707989073655636
123.03090000735226 51.054741775044306
78.1823111159484 120.07934339503029
101.89401095876919 163.13935851616012
106.76095503731517 42.039049390318546
119.17752479939094 -1.4288275701444133
113.02515820133323 6.236357565512524
13.57706083550983 -16.53584913267232
135.90056085115668 40.07086254559391
83.67254706931637 79.2408952644735
125.43595609339962 109.47046916457127
106.0172221190348 70.76590413542056
115.00978719371965 6.739790159322081
112.07603238576611 3.5027594281112595
101.73271701787179 41.29849597125165
105.49745090105739 17.3047148357578
101.40678582147818 9.190863038119835
88.2384175471098 98.4861373533652
127.55222161629234 19.777372837174024
102.43856123914586 2.0401711163957086
101.34617590639665 9.902394399775568
94.90661268031302 69.28500805868205
108.6244352699613 5.518966236941236
95.72226173182783 2.601286431563218
103.13356508863679 8.39276622755759
106.99508370953907 114.15532891310284
139.41127054028533 106.69035487560038
99.04189355602634 30.87170950552493
129.06272862464618 29.322665748828047
131.7821374634356 25.007371316050325
133.10045365477075 22.339927090335802
57.68563109630202 -1.2585574162568525
110.27760573217368 21.86974142126783
77.69515988433729 145.91932357412145
83.41901276997125 119.71429688565195
131.13797250013147 -12.977010870264223
85.67129459453633 104.4460645251664
94.87962690034246 2.4846260931537483
126.31887622345587 114.73119211264054
41.02352595341311 -1.04064258600476
94.33459867746652 -3.780203369420867
118.25753957878912 6.470454342975603
111.24610607038129 18.97686444227857
91.02600971171722 96.71844024007163
106.98504291246314 11.542357206082734
104.87884142654192 90.59497694144498
114.82848679132029 -5.503202371402015
136.01852272615938 65.573616845586
114.37915974413501 3.259092331489635
104.26410842252902 13.277951672196208
95.60785364492075 72.07424835597766
126.41715582991071 128.41455600952992
97.17358590876108 4.0753333590356435
49.47118107136214 38.62012533035416
96.73443195231457 77.36940166615497
110.89678360463218 21.4906122007362
83.0647322038783 107.80764316638103
109.73838368851088 19.784137186639104
107.1477037703761 0.6129413002762869
81.29368898333941 120.25425837555217
95.99326695091503 64.74855122881364
110.16150760283327 1.1133137156016077
105.9691807664033 152.03542136163836
94.96364436686673 -7.999766379526224
112.79437199854985 14.20835270180041
108.64727190291526 12.756170059539238
99.75637367309969 19.05574584725324
63.458566433457875 108.98759786505329
123.21743928192356 78.14714833644003
95.41630223681213 4.419578010639281
133.99529045628026 -10.033847314571215
102.86085676041412 19.99812775715478
95.92739796429257 104.96611507680691
132.72889951065642 113.22245570197403
97.78172635409962 5.205004640134373
98.50944970900588 19.144567598166464
82.55271600819094 13.26130652444889
125.64774414288874 112.57495301174387
103.22928998628036 -7.1381727067391925
108.1129265477803 -6.06229777137386
108.06746850894373 14.024396459411301
88.00328279431338 114.79394717592268
125.08206129634752 4.838025025116957
132.86616500870323 37.33512590339408
100.04342934208353 32.468507350609315
94.74907529466087 130.9518862800663
114.80951567530639 15.20951774613232
121.59418084529409 0.12697091439996694
30.381006326970244 13.09493087430753
106.12184757589712 22.003824343709287
107.70988238093109 -32.089205490196065
111.0696472591517 15.760742052719074
75.94348449982685 118.98129317005085
77.54742358719565 17.68377037444695
106.61919826601209 8.212646482622114
127.94084659484282 18.77724304283827
86.50175345919331 117.71488059930957
105.89261625115714 100.5360204853993
119.34876632115147 19.231288656982787
109.1901907994953 130.24695158710713
109.62955046966867 9.773168092214142
80.00057406825421 14.003783190638178
109.39526696647141 55.13500438180983
105.38850503030429 38.09140206933588
94.75073241863902 108.74789233876767
91.01841012289738 105.65238125472904
76.30422965700113 70.11379151385923
116.96040501021747 21.750631938029862
110.60956378850706 3.8994620910065687
105.17283823402329 28.837632336164006
107.95559901256891 19.4664810419704
112.51421859715722 -4.68237753428471
119.87382901862587 119.048091294457
83.00392829337895 89.6788628849275
84.2436653726007 43.99130005185933
114.17526018756034 3.9188192317476322
126.9665378342491 7.773859572243382
107.46332692284606 9.498924302934181
51.338261255162294 126.18202107162651
90.26872536465709 16.346912382030602
147.24006999235522 10.669890130840347
71.98345575540871 66.83749124374371
97.44715615512153 84.2366441873051
118.0041265695465 53.324896027664025
119.91972310622978 26.16993437705482
96.79071320529914 17.777170180308232
123.79628895733994 19.248023455799515
121.02147074888697 69.62508241259788
37.32128146856226 108.94725350595554
138.19288241056069 15.438363702855124
126.9810130774516 16.764273490571235
105.41634449185712 70.18139686141606
104.8605331572898 120.79571693127782
100.53640741332478 10.005412691985434
109.6989802671441 46.602507237913514
118.12214661087145 26.29845166057352
90.72854609061022 55.95604434157799
87.59174666628607 27.675472283142096
92.94098539918804 19.648909707279284
115.52730325025604 17.587960191067708
93.64029208533087 25.794381300524186
107.10361326645288 58.00356417740829
122.99124834605841 37.3410974903842
142.44786330136935 -13.420581222911855
79.0489187468833 5.453602101079922
93.35751121520768 14.233902861927211
120.77451624036857 11.778735911596922
118.60581327119262 11.319840810315826
110.70837474398763 18.52930416403217
124.12807830893162 10.473738367695644
113.24285179565292 -14.84546263471964
109.9243015872217 132.4699707737827
115.458806826142 50.24587322379692
74.05973756376594 102.78267582604369
132.52752335845906 118.3134033382323
109.30321305197774 19.192370056692027
135.87557038597242 21.761293085544647
112.259084410185 13.029752469219803
83.18407708713917 104.26855309246454
