115.7375295714751 114.87732437096663
16.43183824059639 132.05783535478736
109.18734918071765 23.586039575279038
46.686371482018004 119.19969559358778
46.834421301310364 -4.753724568175232
91.74645119198102 109.43016172556416
115.2906894209488 -7.826052818576944
118.26319343588968 85.84913079669053
116.97053659181245 21.338938152809117
98.2732750069228 125.55704386074748
25.78422304531748 12.813815111108845
114.30276240565631 20.644373318136186
109.13141826026823 22.864527642344697
100.96109573204589 21.96503724504412
86.63110664933562 113.32242894923677
92.67606501256591 30.033149636634704
100.63043082337306 -7.276929796846235
105.1878114150429 20.798533439982048
102.76835349727713 73.96105709169038
116.4837953872285 113.48397539588879
93.96312013256508 112.72915755183949
92.24354566888451 -18.20381283034022
89.32712769163459 -11.906154875061256
116.16201248445765 16.86279416595041
116.95404936030191 100.34090132726021
103.61619123725121 112.35597464292876
107.37615451507774 110.54164589075307
110.00370388178153 27.235002411217195
75.49326881556271 121.58265359803924
107.64590949616391 -3.9945791024181103
97.8186868950427 79.13538229193475
109.17037694001212 16.968440073525567
123.78290194583028 101.83682437654872
117.91984140838106 8.710096440250895
82.67799296808533 105.82137838916937
106.32170619438605 107.22570857380269
76.29185457255433 47.11794270881629
126.57489799959873 27.52200062635408
132.08241113520725 26.02991999935201
121.45017526724922 17.07035850910836
110.74751491963967 56.29313577170613
127.0440133075699 64.22319362928896
83.92317974258943 19.534238172502167
75.9851893953502 19.48416632093939
78.94956358867705 4.462357090514596
96.8957019471834 102.85098905700131
118.50628615965442 4.099569197747223
112.8550269185524 29.239660781424895
112.6400371556388 28.574136293345887
104.11701616895 32.15761868188763
78.06235651273934 10.658356397652499
67.5666117243034 56.145654173674274
93.40541743140895 115.13345549408916
91.99677123757428 64.03533478638886
119.21725500301748 115.17945167801118
107.3162539350108 147.5752456075677
115.30954313769918 23.15258444096586
122.55249667084213 0.3721369654976505
117.5012321485153 14.52527369712171
109.73449395228296 88.11389776084206
88.05742655301808 121.67062442171802
141.8724346971439 80.30852027388734
117.38068093859832 0.9669825424972806
130.69800585673087 42.85919770353648
125.1265291418606 11.954577739376761
91.37946190029017 -7.354540658867014
151.0906514515304 -14.215190916599717
107.43163244519407 18.998185944840714
105.48094312435613 10.287102872095202
96.1234536105853 19.388135222691844
107.60018369559343 117.10481128072314
127.09352448830042 12.49842449419862
94.82706922924778 7.571654362829145
94.48331105501425 107.16865211574486
109.62094899327273 16.753873470913124
90.43960669409906 103.56605724844796
127.60226634950675 71.10633314423497
125.22093359213007 26.374187925965536
148.93331103046526 126.35948636006083
117.13449680101384 142.0534492938155
108.15081876285278 61.63797874878119
56.74162736162435 88.4490551721812
112.11299056613846 59.75901496053893
88.11780565779182 104.50352806111823
91.06498418345916 7.047081100483942
98.98923220929694 -6.308432959840473
126.88776686683853 33.67167091041469
106.87403033326525 148.7047073110569
126.17915239759056 19.007464525751505
112.55011914210253 -3.3692045968886344
90.54677787316659 14.018495573219097
97.3977045244542 109.18698151237228
47.49694365824878 16.151525906609937
99.9095837234369 111.76817470990409
107.67039971971111 143.7329118061451
131.44696655605716 49.93154011157375
101.76764028036011 111.44309106513316
125.25715684606193 80.22850708426802
117.07700586812058 13.493782086917754
103.89131094433495 69.4039071995265
123.96059773548704 -0.5113628401936716
10.859937170668774 2.3105197408815554
144.46093260210046 18.480558475212675
97.88578486099478 2.48863698465635
103.25361641545857 33.198669491447035
110.08189321637514 17.922240866146698
84.33018856679271 16.278722695058455
43.844359242559925 80.67124094107001
90.74945373299758 124.86166798056168
113.82695270751903 19.85353479203304
108.69763340110983 2.201517121688137
103.41343196866836 18.81694726967665
124.93847576633742 -1.5226807518604462
86.25678475215219 22.66958911127405
126.60592577885234 83.25582293395767
99.67310127393176 30.644526441026574
116.08403802968391 17.656303451381003
93.8181263970116 78.59201185174473
102.53175980495739 6.574712944712099
88.41684491529493 -2.22634808463388
118.49328015950616 145.21984889850435
109.5320082735472 11.707578564230825
127.75934658459184 118.5220088765644
138.392032768015 120.1544476051721
108.42490308619786 28.78752113769042
114.16360119106224 29.341006142645714
106.21969197910548 19.82488887752038
151.85680245954958 95.8646023441437
93.3359177306391 111.76400321450316
97.63029257132979 16.779343320247328
125.85268770306662 33.81415963844593
108.09686298059299 20.43602744183263
100.09031062498849 113.813465513155
109.74177343204497 129.32100394674916
138.02088332619982 30.19346322422825
139.92020184041016 13.952628933966148
107.01602568244756 98.98751321626801
111.17981722234184 -14.022474654214264
121.40241620920906 15.439117666498912
94.97865452493231 127.44900224718803
120.63478516238868 109.31436699419666
100.2821609319921 115.36635789312945
123.46982452365614 16.596636901149164
109.2798184117432 -2.440818594165661
100.54186732418027 -12.065325199003379
44.4416756373964 124.63927659718455
82.76088410877566 112.72187008566856
104.26870996679078 18.58416991087478
101.6774795283585 59.526410184214484
105.21671487742036 105.34855528456916
95.97632118662496 105.8086180871661
130.1064961681871 7.808325224228842
144.8629070566043 119.10390857490101
135.11578860543614 28.90981734211451
77.43351383223614 14.543641679268985
106.27817848154102 -13.32420570156668
118.3341908291224 33.93250211604658
98.25107461357582 13.334863441879556
71.28318010370754 7.689629451878818
124.17809541802521 13.229004438605662
80.50622686009073 107.8947380546719
143.27229423567223 16.001674596261118
120.81356595842936 48.688353397931486
78.81035937873051 120.08935657293006
100.06771018282507 158.5743395337021
105.94913345790326 38.931985593161876
117.95053576589932 0.15018162687744874
112.59535865177138 8.145102545127369
14.538270246931955 -17.02502817382473
135.43843944478024 42.19649638094081
82.57875795936724 74.69701692303083
125.16189827069425 109.86274506609507
106.36395657874911 65.8634469886299
114.15669386362924 7.65723045238963
111.95441374444356 2.941920634048982
103.42570659168962 40.82856184650535
104.93798934400809 16.80315779381956
101.15140848996943 9.13322475117809
90.98192177499017 96.86809846672944
126.36225091163857 19.79934537573913
103.2794779573193 4.259385715465761
101.01921734259163 10.136921116029788
95.85285220131023 64.45391280082822
108.09652079144509 4.84447285801695
95.93479022243382 3.9932571841660107
103.15106293577787 7.341668970630859
105.03552982201771 116.458612639915
139.12098597972283 107.61616384408077
99.16297650922895 33.53251656474477
128.16361823148972 28.597738560545086
129.23062954934798 27.57373896282985
131.0064331146509 19.433022149523374
53.617456887812395 -0.9466184542272313
110.19055337668976 20.381776547644005
79.70684970762315 144.97284607438107
84.42083294977967 117.61315841297235
130.52880502639434 -13.369283959701178
85.82710368030044 104.1621940395443
95.48490282505499 3.7733276427725464
123.61094089144083 115.09065618387163
38.01520339246482 -0.8198006196793827
95.03332301017859 -3.347325988139055
119.61170338396444 5.877823121781293
110.2087002740659 17.936953209977332
93.7137417118884 93.29223400399336
106.8883501729785 11.107354612815
101.50132742574009 90.4395765484953
114.26037897177996 -2.770254442346762
131.7618384706333 67.76171968230277
114.54674469952165 1.3689004179405806
104.10841185762999 12.803181982207489
96.0091233608904 70.50403084135237
126.17158129963946 129.73918616968558
96.10011565230285 3.984020421650816
49.4625450503839 38.548278471725666
97.2529206914815 72.8808137085967
108.09697797378321 20.594301363616232
83.07110979434916 107.86791245187001
109.84019808058372 18.71131708680261
107.24438671590795 0.8706924825419795
81.57128286854139 120.08766705730041
96.6516859138196 64.31289261546246
110.16393644468303 0.9658234720613113
108.88365356225621 151.84185888711272
95.21642546854655 -8.364366934674939
112.40417050280331 16.95937634553393
108.87318751903592 11.60238986207267
101.03741279105932 19.25960764437257
62.03933218174517 108.90528491218866
123.15097178221343 75.86749030461937
94.92673729460189 4.4663942341650325
136.16821917494389 -11.85515228778546
103.72477905838187 19.6311250308106
96.94712425262367 104.4402715913536
135.216185061099 112.88398324586205
99.04752938197522 6.59972115849329
97.42120074551248 19.04929039760869
82.41542681381776 13.461221549836129
127.46925995733216 112.0393613087989
103.57408343807015 -6.188205582145707
108.470381858697 -3.261500248506228
106.93364145933094 15.462044186837103
88.48144740315288 115.10195941412282
125.83319219152463 4.972822255306794
133.88255078701712 38.65956566085152
101.9643735338572 28.62105207367661
95.65943175400055 128.9673203484968
110.6592277680099 14.031327268255813
120.96897230379366 -0.20473113391607067
28.791736177372133 12.032997992223661
102.0712161897709 23.74247787445771
107.79004473147229 -31.96039408658368
108.91866352666531 16.865089030967223
75.56375343693998 119.03078543963588
76.96720040745089 17.690289282361594
106.5025929320506 8.144778019295558
126.85843778271742 18.82988471311331
84.01560622707075 117.23902548711496
105.74156652717832 100.67603126054689
117.64229177472659 18.804718539770573
109.00329707553597 127.64401747436911
107.55970245118331 8.59618192773046
82.9551977831441 12.58898156776983
109.92747588059792 56.85310026311502
106.69157169828694 34.06387161283293
94.82859429429033 108.15826514529564
91.84665723559957 105.02039930837668
74.55124022697201 65.8394420440694
116.17511719055165 21.3509320871738
110.64401589302662 3.2435202513469155
107.33874307120651 28.113490367959173
106.3838712998169 18.831916355867723
112.23264980581651 -4.659797956398574
115.40892077266167 117.37703212272388
83.4059542033411 92.20930714039615
85.41268219516915 40.076803742959314
114.37537604051128 4.321336240900632
126.4289002025691 8.185873908929107
107.35895731014183 9.091625606078813
51.92529780118707 127.56056642119334
89.38208149146233 15.030959835729803
144.57947786665267 10.289533877946269
72.70795286785295 62.83779266461999
98.87161748457245 83.29584716841056
117.37332847014581 50.8987700341591
118.3241972587895 25.266086875502932
97.19114092110343 17.800819065466122
124.65014558669608 19.277331148775154
121.99843422256593 71.38631931046643
38.981148971294445 110.04767753329577
135.05405448405716 15.956467269346554
124.46614828241484 17.15116619943037
104.20351129122578 65.4276544565742
105.94569180494126 117.37278785804001
96.86817652606649 11.957492752115186
109.70426846876752 50.49994021308802
116.03611671113421 24.87952323296647
91.19506169739006 56.14334257843322
87.35633311643869 23.26072836279741
92.30878525093779 20.93733169850705
116.07870987741329 17.496313925065966
93.53936102061486 25.90129832428562
107.43547797663079 55.32772846891481
123.08327287901035 37.670355353158
140.21803028423574 -10.708815964296697
80.90691489033686 5.67960217266948
93.48098561577753 14.225358575439877
119.80637869380396 10.988317231696668
120.6801027696915 11.052096022221818
114.37592316446523 18.295476743641395
124.0045535690055 10.161939905561386
112.7053110094855 -12.88013333020125
109.92234389567915 132.2647410538375
115.2163726808812 48.18043497902245
78.13061209287821 108.3298728958482
131.24034301670093 119.69796636745544
109.40327410366064 21.13693598930346
133.14303417697977 20.937966794990917
114.39492034384321 11.95605093978601
84.30695320373135 105.02484042970298
