109.575105949134 107.99807078598958
-0.9957277709422607 134.2193260284616
103.04987107747678 7.074883444128795
48.650547966895246 112.23748058099004
28.063394586740536 -0.36122662309724407
101.35121367409853 112.32788143501536
112.71789760193813 -4.747409904723527
116.00129622619323 115.31532617365328
101.88279082256425 13.191770921474863
106.8118237876981 93.85845922111852
46.355349670953565 6.323159067579894
99.95121494559395 17.019167766655862
110.35072161792117 11.349076525581621
119.61016845101611 47.38003324660493
94.2463399583786 106.78003133457511
102.13691628115811 26.33090481199946
106.19985534261409 5.731676656821605
102.8382289179574 36.187969199824764
105.75433599034916 82.43145397350551
109.10909238796114 118.61401580247791
95.25361316112495 113.0951656321243
98.10473191469342 -5.386188030222956
101.55589250129566 6.72834119307182
113.31432268109404 45.54811498052981
114.66593836168607 92.56895138348774
104.36593363588378 62.10493541021499
108.87773199347987 78.61864610439812
109.95875191084012 5.575365574111854
85.44274155859817 127.70635580342733
107.74902437416111 4.90757628423939
105.17948993072541 65.07379422452367
107.93611378740437 11.35082478710708
131.39659781277686 97.2206134764208
124.59341374319563 -4.190002830560431
75.63149508304478 103.31994122077074
107.48021619906635 107.95130678650548
95.91255024255786 29.65621787597583
124.80858618517782 21.67631264045418
121.91602549479843 30.710114523109542
107.06755861426721 14.049070143448674
127.49743064286756 79.14037726830551
114.79841753985882 39.985644849098335
89.22076281280079 20.35155838401966
89.24790172626295 19.450037942836417
85.98778420747126 4.502061805526284
106.21623681756842 105.15506822814
117.44346680052567 1.6635856620855896
115.7986274199967 40.21686584445111
106.6440341835785 14.54974204858547
118.67167246794422 43.65871396138996
67.56578601512493 7.373947617722591
44.55252133369115 7.694075212189675
100.37229278428428 119.99941298504817
92.05833134368515 38.882972015410246
105.65988223452165 111.78873882479006
107.5181853485694 140.6276922279671
104.81483500036623 7.216436156468441
122.00964201711274 11.52999465341197
105.71476891276639 21.028279034661423
113.22920629587747 65.28925286222325
95.3539645338712 97.78149789469332
139.0312184840018 81.32586916870177
112.27076664220333 9.97552094630673
119.22220031886215 58.56440647706717
118.53585453281886 14.001223192327398
99.25638435975691 2.949222652560599
147.7309008707034 -8.400889571631664
103.68972558640627 16.07721024244041
109.94624066296839 12.579741662513792
95.14984936659876 24.938678922433777
103.16761544703171 108.9446936663521
121.79791703826552 14.857770469752888
94.49977544570845 9.133809392938888
105.00220426520687 112.3080402392217
110.48154972054593 -0.42630332392453196
91.03326479323634 103.99053801239143
113.0292396190484 81.49449005060006
122.14985369459276 37.615745224203
144.11490995821447 132.1755241203384
108.03937138548112 135.62847195870197
106.13550808641429 57.57029934578768
40.923667610457514 48.38311007414402
107.64221443102814 44.66000805774779
83.016601257894 102.445829585894
98.49650383243035 -1.082510599553359
104.71516841899515 1.3127578503491588
108.34039784033706 39.610342013178
109.56876448944716 145.12911881461253
119.45595463512234 19.10587774400884
112.50902723894447 2.2833562209436966
88.81759573861856 10.300459466785487
100.26095421510293 109.57943405502529
51.560265043766435 18.366453530038147
104.00107542284276 114.38340686505737
118.14872471233821 140.71730216377733
134.27937544841623 47.43995467531481
103.37814650124385 111.63250596721211
109.92587246271545 94.49689657818932
108.4377672301512 20.82995918355558
113.9734983658024 54.181694324880176
116.9330342237473 13.068978193550024
-7.116832319238824 15.707414986878069
153.6697043268991 18.09804272508449
90.48482243743284 15.707039815749692
106.1937954264063 55.067484887108215
101.16770734083732 14.07441289758061
65.86422789005836 15.14186054380759
31.695061613402675 74.81628072875245
104.20104827960799 113.35462703140458
107.38183827167374 20.046873491395218
108.67378493947294 5.6511739261702845
91.40004083212592 14.220261324935597
117.57866208728464 6.9759745920690115
98.0073033446381 21.451653728540148
120.64523085840203 74.64436798772313
76.10596763795598 49.20117443288621
113.6939503570469 18.271949944196724
103.70928000634594 71.73677986109777
104.51939918497567 2.2324677982910512
82.13690920957167 -1.4293728803241568
111.94536246117359 135.88364050497393
111.64773643818111 25.796008099261613
126.2143575670029 118.58181638389908
115.27658928394828 119.91256327651598
98.78258059574601 22.20334784762714
101.72313861845024 33.12435852185324
93.9603148046505 19.39798597165175
147.89027721696687 104.13633747385632
86.12067836516741 112.85897438662342
100.11296439775379 18.442244915829036
119.0369503456613 33.03582494301308
103.8583794494438 16.777095682903298
100.00468683764448 116.51194265993142
102.18672817279746 127.40055067542573
116.1393555128762 40.90014055785565
124.24826542019737 17.250945072786237
99.06879133022379 87.27662780310837
117.1123400797382 13.784331462007945
115.46720091498055 15.598231724952246
93.79516607407183 116.17163686749498
116.04749945815828 113.07367024749621
97.30126642277594 112.9405926193862
122.80474788674036 16.710649836810088
109.80981841058262 11.34720606892311
104.2549319234671 11.762992334325828
54.36367475888996 121.93079517532921
101.76783332440621 116.51191668288764
99.54768276875095 15.998929823695711
110.75570774452366 24.54937971436498
105.23015480301997 107.74124947590019
106.41440023657299 84.27688722035631
132.53539759792042 27.619781227418002
137.74466696394563 119.16980969828002
124.34164572923711 38.42526592671707
59.40649416197404 16.38551500059664
111.497774649037 9.263167089429336
103.17601027689047 52.31180887385157
106.6411620821493 17.516917572117904
76.36135645401573 11.997910347627478
116.72842884087089 18.870778050049115
100.82548799755781 107.59567157830469
131.79724097617307 19.9739696136264
105.45757728316318 38.279749365481074
89.997824771033 120.0410880098421
91.33642453199319 125.74602587898376
102.0445756206869 24.836914582037288
109.46176440870215 14.24979789654073
109.48918201961253 20.85554274045388
21.083741097802083 -11.44672879650844
127.94188740277517 54.70213055263839
83.54669320297936 50.916119991463354
121.12967585476954 114.19042267298283
109.06286333408268 38.690542294664844
108.24515091163673 18.65302936398476
111.05749337914035 2.1205528486567626
113.93803202541307 44.07938817331726
102.8174418451748 14.35452372785776
100.85037395902361 11.200548664301717
100.52004048565284 92.2840829808649
115.99699369671481 19.85601807137616
109.22819435781402 19.766034944831922
101.42459371330686 13.161231479922684
104.14870618742891 38.48999455541771
105.31063421853553 14.88422117474231
99.48527536520201 14.947347810526976
104.60445857781768 3.062544035243657
94.49001752716332 130.2545746557752
130.76585583620383 114.9159831278259
100.98637171024538 54.46398733477388
119.65048799642082 31.320912179627978
111.66771150548736 49.12633499849604
114.27139487540316 2.8752728775785266
35.42831503313573 4.522613244469802
109.50947970141037 11.930121872122037
96.48570759754568 134.08957895005088
83.01365190538074 106.92964675173387
122.78356525666631 -6.516490744713213
92.22683071361726 106.40224484459691
102.11087733798766 13.511539352669612
104.79142167383893 117.98792921455909
26.055579638385037 5.138725160339825
101.69000397384555 4.076181049401976
125.06581897786954 5.688151981341182
104.21289655577229 12.31161996180783
112.61636511914472 77.92703353128867
106.95105209357908 9.630785448732281
84.9199913979378 94.8434520360317
109.92306794024135 15.999791622984596
103.16365056755959 83.66107352524747
114.50329377092955 -5.071564346815812
104.41223626128136 11.23183463524536
100.76939665366552 62.89372435921285
120.15373153823825 135.89189226432057
93.14856876810639 5.943510880156087
50.968205374752515 33.089486767223896
102.68082738655337 45.73594973704907
92.67462191655592 15.4229690465586
88.98376178985586 110.00182287892942
110.35794879892696 12.839985998761966
108.32935319842046 6.513547875946488
88.02380211183502 119.07828551002342
103.54185754489136 64.31712604850213
110.06313147990477 3.6722393492239207
125.94180015108512 144.24746261267526
99.29312205656223 -4.225561618464701
109.70757743875807 43.194799800223265
110.27594910266917 6.61901673989658
109.7401582680256 20.461233059580902
56.27627163784772 110.33566083480778
119.10314404248966 61.508310355730494
94.49732987486726 8.330979268372506
143.75498041151113 -17.24055489894243
109.62101619143844 26.239548077943397
105.8592673920256 104.77176724758094
144.45751798060402 112.55131944829053
107.69759673168778 17.30999736807395
93.44824039415921 18.6033507632129
87.78469372259353 15.356392260187027
134.5195755412191 110.1061644919836
106.86465337035078 5.677705203321744
110.62140079028316 16.879444817011954
100.91080691449794 24.41729814295076
96.43998315888223 117.7120439456388
126.17751629701944 7.6246762643873325
134.13406941412154 54.80499754790951
114.08072954633435 5.135596341684996
93.64150838889547 116.27886811091528
86.88358251246939 8.817738488999822
115.15083355563864 2.9847780126708336
28.90677809410431 7.908318621373401
79.57323405280565 46.69604274588119
108.58920382479744 -21.943095957495565
96.64302788378735 36.85900241102705
81.33301421452852 119.41075983194827
71.17736335919427 17.973383754256712
106.48284865633626 9.743365752379756
116.96172895758856 22.69412759012635
75.07689449059104 114.88027725224359
105.50831957100715 105.02739745601055
106.88258873840735 16.426056206205814
108.00980330769139 111.48260464121539
96.54666367952375 17.564471596006204
99.44781298315058 6.8637863511416635
112.90804960757173 69.90608077628913
114.50815467708755 17.990441112194485
98.11178973280099 106.82847958409502
99.64379185517787 103.09457280996193
63.37301407949193 44.22618016327008
110.12283065592341 18.735543332986122
110.53174942138831 3.6891019882859744
120.10040233469626 21.862671386259045
98.07795092492695 15.465314637139892
109.94510982600815 2.6955736241074977
88.94442938106305 108.86762177704558
92.67721814227255 111.58201556634809
98.25953712027757 26.3561663269435
114.5026604371486 10.271645620565742
119.23720886202578 12.558099472738729
107.06952520102763 8.741814202295085
59.54327399568524 133.20643952595492
87.72080438730416 8.417643562153556
123.05034094869457 10.093943658304987
86.94731161345031 42.81436050807761
109.34860550072341 82.77397647074335
112.22061741451867 38.04497951393088
107.1927860899224 18.798287681168805
101.94149199622376 18.186845564126372
127.60490222828909 19.471594708097644
125.27130681921017 79.57262541471093
52.5700857395922 117.89451584319687
111.24588244333523 19.50383822536709
107.24799017884973 19.8267979102799
98.41009705525776 41.88089402395285
112.8766303818226 98.55655785846558
70.4850544452349 24.187812266465784
109.65371284708075 77.2856071667377
103.04131464194585 15.946807642758207
96.70041960008452 58.82053478844755
91.379581018618 6.220408855942267
91.99134311799155 33.448725166366366
117.34290821677064 17.33682586627171
96.18696853764732 25.33824805246099
109.70158886093611 44.039431890048725
120.77946683103494 41.29235993389757
120.96476078154616 10.9702176166841
87.96600643166519 8.810911736571919
98.22394061837915 15.799720032427539
112.23345130881201 14.550816541659085
130.53389270272268 10.838621891004317
134.81395066975105 17.200598767133425
120.90865065410648 10.58236932214531
108.93612153144622 4.802304245749456
109.81969266240183 128.22750265637472
112.71212876072732 38.61853567063964
101.9914320017468 141.94547467717408
118.99157104560733 127.61918858058448
109.97188017868211 31.932086883936336
112.96523543249418 15.96423448401367
125.20956888878807 7.401953170074753
88.00240711664757 113.23408538629187
