108.48621322425387 107.2775367521306
-2.9028748299431566 134.17686302743755
102.21286987203447 5.812965076783367
49.5778299267724 111.34145028143895
26.453759476008397 1.0175400343026368
103.24866033494817 113.13250695751829
112.14384082656053 -3.3757088063268137
115.36039856101574 120.52144827652232
99.46477469709369 11.987249321567539
108.41725651753653 89.13787958585684
51.10920380667859 5.588520345193314
97.75305885110131 16.4552253819842
110.54071869908289 9.57494190238252
122.52856414305738 53.09694072784351
96.40982961013418 106.0827048986748
104.12717570656164 25.533478519537574
107.26523156087399 8.533299853837043
102.71902007582099 39.85328399527326
106.37658311919823 84.08769216669836
107.78858625699715 119.55642758050425
96.09707666147379 113.4320196083769
99.60539464614538 -2.2142039346769544
104.0250745040581 10.812588027346026
112.70404663374688 51.300361930580216
114.05772376323071 92.28543892062723
104.57795283737376 54.44844434554446
109.17174195760894 73.84197582830595
109.94152594610338 2.2276315193085328
86.25150302067064 128.64747726568257
107.8330080066758 6.810223259256008
106.70203327302187 63.18546658204767
107.77995960378367 10.605383845143045
132.09330129921523 97.1829265459029
125.20399556335634 -5.833172365508067
75.58769627988771 103.41472446674014
107.75921186678352 108.52342861143902
99.79118575174066 28.095649824155814
123.98423151882878 20.522353804827816
119.7140260296676 33.16855134071255
104.62978893135104 13.658932267987975
129.69801935959333 82.95614145199235
112.49366276892277 36.48855853204585
89.22546205454942 20.456192164106174
92.28393653916896 19.435150956654052
86.25819525741285 5.008632629978932
107.99082145965029 105.98599078424965
116.97008872894921 1.8724885042376913
116.1115219672325 41.36423017722444
105.67295118546566 12.19159604177379
120.93041993972176 47.21785795522146
67.12903283058891 7.1454418403942865
41.79636271856802 2.200922817652139
101.94561016382104 120.84321141884512
92.51844214558187 34.43730944192259
103.42189950315651 111.43209258676302
107.61401862993407 138.85361482849152
103.12262680878067 7.286055461502605
121.47472649205518 13.694570286248764
103.77577287889943 22.09749610644928
113.69950198153155 61.682715260769584
96.99846339973362 94.28392311407418
137.39465874947015 81.90482690033494
111.29210867802799 11.974521099541281
116.80077537898191 61.78162863732629
117.1315209057173 14.476533213296806
101.01199430015724 5.361268471067399
145.95270830591292 -6.0814520603899105
103.2718091691154 15.650369748074462
110.72757526433331 13.243106957867674
95.56465625543166 26.786569743610855
102.59123877213433 107.89666707993679
120.41141231903622 15.428973373180716
95.07145484891174 9.789822462390715
106.93727010085058 113.43337659578528
110.60183526626022 -2.851938087287647
91.70889137274587 104.69166081628838
110.33854572856504 83.1677590984218
121.27956983787415 41.44908862665987
142.28374472262982 132.72499581119342
106.48435984741738 134.0484243714635
105.93883876798972 57.50129800155797
39.161052948977115 43.700128961999006
106.91391658794457 42.682128852139
83.36489158172981 102.76349975449686
100.25019117057238 -1.778167808163175
105.93766437326236 3.4669223512496847
105.09478054748507 42.13715101312146
110.04052053827091 143.41050539111853
118.11157182231446 19.13014810037481
112.33730156182209 3.7645760026672117
89.22903336506829 9.920516155960241
101.06915836669104 109.90253087239438
52.50055495817751 18.783843760294943
104.93285607687648 115.05247256432632
119.70569296860167 139.4392730648603
134.0648539315006 47.26034537936009
103.82582537213051 111.93521731505334
107.1234697528567 97.84309349869959
106.946375844793 22.08036664178156
115.53956244012069 52.090219063080426
115.49773628675369 15.700852568749227
-9.37947195377994 18.197323622704893
153.94310093004293 18.07961482155916
87.85133220890198 18.21622308028019
106.78823118671407 59.426165832842194
99.96025344566681 13.571842319032603
64.03985711847976 15.101279867603587
30.085937022613138 74.8066790238927
106.75848744363702 111.57532942650674
106.31575813141288 20.068464810225027
108.6954968891071 6.627074229925948
89.89406442863263 13.594301838076824
116.12008920272645 8.926089495057134
100.57492647368385 21.162273829481293
119.14925443669009 73.0620182977094
73.07123220302645 53.087997809302415
113.12547681356683 18.408927917700222
105.58171999735981 70.93606519236252
105.02342285690321 1.9586153739737
80.0311052902431 -0.6457002367717026
110.68369081626135 133.51646005386203
111.95870717725063 30.211021700942094
125.30149618408541 118.62406409952735
111.05730880961957 119.85127872088489
97.37154891073259 20.920196782187944
99.808501644767 35.296548218722
92.48523326932958 19.321287793418627
145.8491547209792 106.18842649885428
85.52959409724093 113.39036442223063
100.89287510095104 18.756769406501995
117.50898214065906 34.45177785060987
103.29981614394481 16.213469463233505
100.31338118005905 117.07312851344956
101.08445180129125 126.74639934836385
112.05376002137186 43.11241792672034
121.10393714474206 17.911775611007286
97.89035877338041 86.4757571640271
117.99013136339771 20.306862199899733
114.22736174826859 15.712085139421442
92.48599855802382 114.26652206083338
114.94426188927464 114.13131174905497
97.3548656989072 112.7641464237754
122.2394786398796 16.801082165281226
109.89433121573461 13.98520037972594
105.09800054031601 16.265626216294113
56.35390951808232 121.44833205519373
105.22681931795016 117.30449031273824
99.0141403679712 15.682658581085612
112.29454047616036 19.259673608517904
105.36746023133048 108.53426129930203
106.53501708544691 81.3785766065404
132.29430646838566 33.3476378909513
135.0427190783542 119.18237924056086
121.84960676178949 41.6007684654471
56.549389007015456 16.77388452290323
112.34292191495484 13.508040010291882
100.67553212479547 56.60367316689213
108.15344544968153 18.324786162241804
78.41428054082566 12.995726468708991
115.2567945516477 19.875791333994947
104.53652290078533 107.85006804994494
128.85510675158434 23.79243999510801
102.86215837215225 37.56745434628765
92.77067480211399 120.00804372773763
90.37548561484034 119.7292279840724
101.57630054430135 24.210726339643035
107.98654128100635 16.962263967069315
108.9402803650433 23.02329705083725
22.18907458750267 -9.163001800894856
126.0551343643061 56.8680655769278
84.5380594463204 47.279050227524884
119.95612685391964 115.153308799827
109.56235543330088 34.68937647139785
107.24604354150571 21.62028942581452
110.90572908637304 2.3995088464710075
115.52621146358473 45.81969724994774
102.67672465483443 14.08073130918918
101.06575317199548 11.868427044341145
101.53127431731285 92.62232492928645
113.88956299136753 19.851763629356263
110.29005715720315 22.477179168884284
101.81404071218616 13.954766528687262
105.8890524872106 34.39923677242805
104.95327698353088 18.801614377554163
100.50642716724485 16.98012532840663
105.0759602927809 2.8969483825678655
93.05382194150368 132.29743190075848
128.23701913443088 116.35968850812924
101.62999756728608 57.692709796308215
117.76765473375394 32.49798341266764
108.53775240979502 53.28551585429868
111.11140455435532 0.45977879107219843
34.03578322589756 6.004807848480953
109.37653019750155 10.76134532246304
100.0490348131445 131.6888189329863
82.47098049400714 105.6306221598025
120.99305312546663 -4.143934910095258
94.0884782456763 107.21931192429544
103.52959451647915 15.443055357405948
101.61118077591055 118.57001116014622
25.4153794783382 6.839187720523145
103.0953371289426 6.05578960352922
125.60551528013428 6.234688214719399
103.30905836277786 11.524796708493298
115.80909785027417 75.65464115165366
107.05467292250304 9.649606994958074
82.85123960093192 96.28330804514472
109.11242887047467 19.328177652550153
98.33039248686373 85.94995126551602
114.37194154603084 -5.603287857716269
104.59401968719811 11.221561078743369
101.91314608933294 62.164256362184894
118.48767695373698 136.41730399859995
93.3056528821982 6.6513557709399125
51.3811056231658 31.563091168764508
103.92608402626888 41.83111602456695
90.66743659651402 14.699627881254585
90.74658697216996 110.60314859881841
110.41773279916703 12.033835092619872
108.56134035926063 8.038231728087922
89.79908940641054 118.92195182302225
105.00904774443458 65.09851300639404
110.03262740800291 4.792486128396783
128.57340928624987 142.14450095210768
100.35452472682134 -2.6246402491011818
109.23929006535991 49.02492108111225
110.49486931596063 6.181568236654848
111.25765467886681 20.640674193482397
55.50250380276748 110.94025092342696
117.98224320959768 59.755278402450266
94.76670391644471 9.352048948603693
144.02185261203607 -17.09154091933254
110.6581017154915 29.192814089877075
107.59899709693165 105.49515549468914
145.1897922905432 112.68000546623037
109.24675121606562 19.31597774746167
93.37418793270587 18.552590748737874
89.64769246634269 15.856817290357172
135.11028189132963 110.08564335109311
107.53495151437251 8.361711298357378
110.95044846462925 20.503372605588808
100.08184216900437 25.857826183909125
98.50581020290065 118.22858120864039
125.42518345658884 8.433764352331977
133.13872392979607 57.732298908629396
116.05125204367603 1.5397031779347272
92.31470615344894 114.21126865972568
83.3332314436647 8.348904147781388
113.9818179767846 4.295962347610676
29.914800399227644 7.743304769099374
76.32999641440595 51.8430006531403
108.75863549273348 -18.643357855942618
94.75097311063642 41.860001220639056
83.35468843610268 119.47833789564463
69.70453940606065 18.064813942735892
106.5700759101075 10.246540120479493
114.93345682794231 24.82807832322063
74.5326003192959 114.64997872457101
105.57588771460284 106.41289587969214
105.0752475507846 16.117198242460926
107.88630465839726 108.91664913174837
95.0390495790144 21.119768070043133
101.52548276772094 6.537740209990734
113.35455115589218 72.95377333498378
115.70942405197077 16.772474739026265
99.09264189919651 107.02228115451828
101.31133166939264 103.17914422494292
62.09818228611286 41.468617509483956
109.0369034883838 18.300117454787856
110.46255574063287 4.267545500711375
122.08628602417195 20.647893824708415
97.03564680810129 15.025563164226742
109.51371269382807 4.715230256286211
85.03401806891536 107.76808478461622
94.8762289982812 115.27891269223622
100.98279184159705 24.995220322225276
114.3417245500088 11.684883568031353
117.61820187406622 13.60222573713346
107.08305010524064 8.993434667876704
60.9934246696128 133.54446862257475
87.90137157087742 7.673207862072037
118.75130103352919 10.350788385095042
90.37320034009733 40.328309900295956
111.23554557117649 82.77299165854753
111.17529817477799 36.708274362532094
105.30272164093891 17.662782381676994
103.0446019532574 18.285486613902865
127.588079175506 19.503296742223434
125.33804342065258 80.52689329324227
55.68731016143198 119.33410427947993
106.91718117499268 20.111020636265618
104.27961402896315 20.2841890958892
97.67734489468302 38.73468311448414
113.95511558479868 95.85099884034321
65.85172671612871 26.155588403896616
109.63343999445709 82.32717220685032
100.9207993719641 14.49274998215999
98.02587112402226 59.60102758561964
92.7178532307022 4.738826567234145
92.42009301732062 36.306035992180256
117.28627348244008 17.383554274654088
97.26925439783942 24.98255626260394
110.11164415325882 42.91789752493889
119.94322014440304 42.0091200354545
117.07091124307215 15.04407386573121
88.68842892338047 9.617344138874003
99.4501491584517 16.208027257802566
110.78900494006527 16.875531377153024
131.68150370643562 11.040384660886808
137.76336683240623 17.102313532786095
120.09723059701797 10.956001064719484
108.28373964799013 8.351530265348952
109.79129679294404 127.23157053419456
112.1474395067066 37.77339464012983
105.12979948771866 147.05039079085802
116.5076329103992 128.68790971987994
110.0522213235774 33.48515655414272
109.31477134768728 15.211489154816052
126.55142230596472 7.08529980829525
87.94469058919228 115.03853296734732
