107.40589441508128 106.70655884967879
-4.460291116337232 133.92145085904113
101.39758989376092 4.96855952053555
51.004742439867776 110.56517712557172
25.358162922618043 2.6307177636757615
105.21036845035631 113.99031906586104
111.54580904182677 -1.6268928573491093
114.7071020617667 125.72151852188786
97.08173942039721 10.812858913217946
110.03779653999993 84.59576278475575
55.90913507727008 5.020820475067924
95.6641676119115 15.922492920636858
110.72899631940545 7.916124511447283
125.2412595233146 59.38096740996
98.77482714217284 105.5564530927904
106.15400604199813 24.62175774018119
108.33866622725422 11.437419125891717
102.71699816303155 43.36173788563211
107.00052381558625 85.33512329869893
106.47517622516924 120.50101667786566
97.0936306104493 113.82785767585855
101.17551161522078 1.3118028656077225
106.56328811324691 14.956837995224745
112.068652145385 57.533286963091186
113.37774101170866 92.49711043081659
104.8102098447742 46.87373177923148
109.4707384443436 68.84358441630411
109.92066157998626 -0.989637376654426
86.6287696107771 129.52469398510573
107.93132721466395 8.82254780085054
108.24250296700576 61.2085940668297
107.63893740129252 9.979898748342375
132.49849766471866 97.45825070623158
125.66645288427797 -7.2781375331873495
76.09394844327072 103.66366817346626
108.06686088078197 109.18406804777837
103.80069532120493 26.8390723003008
123.08871932609195 19.35434134750132
117.36160690985368 36.000059929105724
102.22273589223542 13.347811949043688
131.64417272827632 87.05186308752234
110.14387284971137 33.026820096803945
88.82929774129944 20.552203428598308
95.46372460501236 19.41536758563478
86.60221239206693 5.591499691206
109.7860687700758 106.82759604974032
116.41831107294495 2.176324490797861
116.35636593767065 42.30534647651483
104.7327716012024 9.912161189814627
123.04424632961006 50.92489151052712
67.02001871150739 6.9605149001146716
39.08117334047524 -2.927178663072823
103.63475516540971 121.67202908238576
93.11409310793539 30.547299034338554
101.19722667618092 111.1215035439134
107.73534936163557 136.94770183783362
101.48526121808439 8.408456423753343
120.76170575727105 15.865028658878733
101.90547801586472 23.13366839837794
114.16383866752055 58.05822327634156
98.75115855975864 91.04007672980988
135.42665033515397 82.2193297261364
110.30320756724805 14.08716864588547
114.28309920776 65.1712384819778
115.64606598880539 14.970949981061384
102.84559941170717 7.907024878403758
143.94796154328753 -3.4239501160798222
102.90842901287212 15.242829250996477
111.4909712350104 13.958618244579691
96.12795785248106 28.793328689217947
102.08022784425195 107.02008783285741
119.01331690793232 16.04529113546729
95.70416869744454 10.603194085378652
108.9068395620433 114.5775908738919
110.70141753422403 -4.915595784673941
92.472933970713 105.58466292293555
107.64058663283325 84.69029644403611
120.32359693817516 45.49645022693377
139.92370075209885 133.1587678880136
104.97312056555542 132.36615776976492
105.81047498729903 57.26907513664216
37.8366548859543 39.23555045957107
106.20384115267052 41.37499744241874
83.88728021862576 103.21319848503403
102.12788186941707 -2.2720567467388997
107.19591238539269 5.673068470219105
101.9100576242224 44.90887820640467
110.5098612374935 141.34916330963512
116.66526000991573 19.15862252948852
112.12817188835521 5.3817122321252775
89.89455456846186 9.647529490183228
101.9795735536228 110.23635411301663
53.260462368794975 19.21008542356864
105.88367016421208 115.77920459057395
121.17104799803515 137.94095147033696
133.65614882495356 47.313480536415014
104.32266688926968 112.32227152600618
104.34193669362308 101.23282565597597
105.48904643348227 23.308625261339703
117.04000814290211 49.97048672214502
114.04246407927597 18.368843673884943
-11.561132845560127 20.702365953958136
153.7269040780208 18.06843906350282
84.63592957173762 20.752904084324037
107.41624549720183 63.51669995410012
98.82729121891236 13.098926969510613
62.49062675588041 15.097057469925046
28.43429422922757 74.79141372830053
109.3468566456295 109.87635681642101
105.27883186725833 20.08183415262237
108.72507044377747 7.7838499461098625
88.62290663261808 13.053037707076813
114.62145360398137 10.98030660370052
103.25333466466505 20.85495126067406
117.62071942323188 71.72702738948519
70.29773470136949 57.09166322159102
112.4974839660692 18.5512953104992
107.49858499837674 70.14637147348408
105.55860281117172 1.8079482999678131
77.62450566459758 0.32506131770341196
109.42075107748819 130.93470098027635
112.23759528656633 34.823741508518694
124.2467917406324 118.67354176280016
106.83525144895937 119.78331174465819
96.14482059965391 19.611512765366573
97.94897795199071 37.5482927809511
91.2089309391583 19.245102803086674
143.50408567688473 108.29892321957155
85.07232571027136 113.99037937067605
101.74237664419564 19.076917240018147
115.90096147147274 35.969925029876066
102.78862941867496 15.682738994118612
100.68835310207997 117.67085171676375
100.03612195800574 126.00212236972801
107.94776028321195 45.73087081146219
117.92524075466733 18.583157024453683
96.8252919877246 85.77831541064529
118.72577265920448 27.407376339202045
112.89961712112704 15.883272351025628
90.98085813276683 112.43535626918077
113.78640616339129 115.2585346380727
97.51276693555307 112.64695770888628
121.49225684850023 16.906504877538406
109.97416083537897 16.660202653489403
105.98003046796443 20.81580048301622
58.58170821632569 120.95001703389632
108.73476058364403 118.13084732505459
98.58179482877124 15.396778798904851
113.82330370702282 14.722804978499777
105.54801923010511 109.4118056514762
106.42132050943842 78.30827374374485
131.91759898298463 39.36603633643105
132.09783422872596 119.19593007430457
119.23044984906426 44.88954292787473
54.03752112672339 17.18646888866948
113.16602906655969 17.787519687013283
98.22238433892137 61.50135512417218
109.66911534990241 19.13945939544402
80.74216332029684 14.051253159304542
113.71781886117148 20.874917215358842
108.28525509284552 108.28560217496153
125.61166916204216 28.343104517637236
100.32157641299185 37.4383271536482
95.79209888819683 119.96492128242365
89.53423960548562 113.71844681106744
101.20317668019088 23.588977793012095
106.52698073690179 19.68638165023757
108.39728719122891 25.17029576479077
23.281404584983882 -6.7230873035718
124.03665858434313 58.692697715790366
85.75753104439418 43.54932580242986
118.71207062469892 116.16563584077196
110.06283393980661 30.788280338161627
106.28861531996634 25.107796872531026
110.75238438491431 2.789474164817973
117.10052826194826 47.637120705038896
102.60959682160797 13.848362742666724
101.31407100535668 12.66176557408659
102.04630763371755 93.40915979459987
111.72546212291468 19.84220114169612
111.33242421093459 25.15595212760829
102.28274590978229 14.781432122341043
107.65596169926202 30.27921144039474
104.64723909203252 23.651926289786683
101.66320044029425 19.03428435074552
105.61157814051344 2.9484450560750757
91.77534634908523 134.17911292683127
125.544141512752 117.82769463922439
102.31458704931387 61.119611622425104
115.7413207856545 34.10384155756716
105.42988901755092 57.93027725330046
107.94554007842886 -1.8195181178499498
33.243138648904996 7.655276102314442
109.24107212806308 9.671731287111667
103.71533369625666 129.20203475192233
81.6861091716458 104.50366006461606
119.08202687362085 -1.5933992020545786
96.08562756398055 108.21292666740305
105.0019405888937 17.411751886210105
98.4541922996991 119.16447083527791
24.864415594444147 8.647668766241754
104.5794028642799 8.101437679646102
125.98215509371565 6.90275284458539
102.46796350407297 10.759877926855184
118.99421333180182 72.85790189919224
107.18711459206041 9.712763241595784
81.19916234805257 97.95352903808337
108.30347776434043 22.6555690225981
93.63143309024105 88.08456344599593
114.19866848129388 -5.94481053780178
104.82175768386166 11.25317826198374
103.11902913824544 61.85617561957921
116.6977974774282 136.86908481773514
93.51458684163116 7.405660597541068
51.762979250061036 29.93239192227215
105.22249975426888 38.50068857501009
88.7950860144199 14.009642408446107
92.76750333237128 111.28959718136498
110.462950486021 11.293474903138359
108.7966710311731 9.684825789898607
91.865457020901 118.77329831189607
106.54785578824628 65.72121619575512
109.99930171076207 6.114923499401836
130.9793454844044 139.88726327832197
101.5057220706735 -0.7060834949869512
108.77754183729456 55.46029399603204
110.70179663182064 5.955568622103233
112.76310235359227 20.805784463338874
54.50981480243105 111.59807184757452
116.77758247247637 58.17990906969044
95.17976168298833 10.436213981700035
143.68325325741935 -16.606438234281622
111.68167511300997 32.519815167941545
109.36426061925435 106.3281456937752
145.50766222876018 112.87504497486387
110.79629763538058 21.321433937422718
93.535820349801 18.513229599072446
91.82911075496759 16.398837517983175
135.51441486037655 110.10077142519397
108.2352790367001 11.140171363640734
111.26532249335216 24.11533054977242
99.28298151982843 27.24126504673856
100.60252393116698 118.75444023190272
124.59235391904998 9.330972629294866
131.87527698884497 60.57160300349018
117.98629658643834 -1.9041917035401847
90.79539534295584 112.181754741936
80.02652091226386 7.9913646902944135
112.75760736821724 5.753223242325302
31.002414352199267 7.716974275475662
73.32198217693433 57.3944535798035
108.93053339959306 -14.77987487833833
92.99123763728831 47.159394423794765
85.5897248548964 119.54565699388472
68.3078108070693 18.170037836652792
106.68351856430492 10.791799083099804
112.85860228729166 27.616301280477487
74.31504376965735 114.43922067606148
105.67577846921083 107.94777947509303
103.27120907844001 15.823754460288251
107.7781198183057 106.42581377018864
93.61799692396801 25.526723337541814
103.62952470801943 6.342423141890594
113.7722156225937 75.77568711356884
116.85874592505557 16.375035386729024
100.13868312002568 107.29676979881167
103.03861441379988 103.54442569019373
60.9867711396784 39.119452307084735
107.95211759234853 17.874825672523695
110.38326162046488 5.0206163521433655
123.97468250294516 19.415867821170895
96.0960703442068 14.65350761397598
109.08045148535834 6.851669570879926
81.37864537839782 106.7821936303355
97.2075786345768 119.00496634449478
103.78594757177503 24.270510511652205
114.1107092415025 13.1690029144382
115.9635811257252 14.711144547299355
107.11601478416732 9.323408883172766
62.39098674421936 133.669534699407
88.18985241892167 7.0686960220883135
114.35726455322089 10.676463693381411
94.0063154598272 37.74577675914965
113.12657824333289 82.69322634055695
110.1203165253295 36.010084711037734
103.41538642754234 16.543422333483974
104.23877458147045 18.386919617221718
127.37028400369051 19.534567983551998
125.34842843165048 81.07839288574446
58.764316706038315 120.77729854467252
102.61182721162693 20.705567100090647
101.33056819133493 20.73206477206184
97.12500358271257 35.64822022400815
114.98275401884217 93.37561510071163
60.98422882162952 28.034703878006958
109.61104601063187 87.22851052163269
98.90972784962268 13.119147581129774
99.46812283525044 60.372939719930244
94.15597331856101 4.054000240708595
92.93071196441718 39.40670374741856
117.18298928080627 17.44235564736605
98.53622541249914 24.580338094523857
110.5174293632532 41.732183389263305
118.97372299357487 42.961030932488775
113.10435966578049 19.155150087767858
89.41437110107664 10.486378062499336
100.78425130664722 16.645612075972796
109.32567217799034 19.958152338335097
132.70210957484048 11.359063135678813
140.4312031291354 17.022725297721102
119.15612317495551 11.47220880850179
107.63938371897652 11.975726191822904
109.75804069231921 126.20339096110173
111.5712783486572 36.9121703069141
107.52109233486841 152.11898861166384
113.92568828417497 129.60120576896796
110.12541250111164 34.82609562082833
105.66888086796942 14.503516613941569
127.59901648504578 6.900697713227985
87.99277271176919 116.99076185492692
