106.34918777374531 106.18562429907865
-5.661744444963235 133.4981181716598
100.62943111215667 5.375746831001754
52.61323713754819 109.91836858528204
24.258502980137795 4.45239957414427
107.22633528569007 114.96087132414107
110.93950468819635 0.2750406827459704
113.97633253403372 130.84143369893604
94.81051674692004 9.726872991607602
111.65843693622911 79.80777487963134
60.94096889721558 4.591112878441635
93.70844681891687 15.41796015355901
110.90973523536195 6.339458720407497
127.82215346531947 65.90785780787546
101.26328865476955 105.21068921738797
108.19934257676253 23.683214087793647
109.4127693041485 14.436520546834043
102.82299600780982 47.38484083693594
107.62887306773894 86.55882250774232
105.1920794380745 121.44605080389461
98.25533692487255 114.24844301191692
102.85213850117577 5.070666557237659
109.14715259912815 19.142410969969305
111.43026171979533 64.27285692717359
112.65289513856256 92.9793375451384
105.05613536426037 39.862160039639164
109.77001774098007 63.59898546277343
109.89838811998472 -4.022822195345837
86.79086809089873 130.31171128854564
108.04195826566807 10.961667997291272
109.79428059628556 58.89896483036273
107.51184543338071 9.408537851397352
132.74084706833222 97.89056177464451
126.02924517137534 -8.309022785680654
77.10511213637352 104.1410508841659
108.39396443271895 109.92915524190417
107.87039545034597 26.358802306127057
121.99628988054569 18.18463927455482
114.91777812977074 39.1661358486767
99.94957040082254 13.067925256453686
133.33859467634463 90.98273613739909
107.78654223633356 29.931272581265706
88.20551277706491 20.625269217229103
98.76815625221869 19.39296975706877
86.86892141749155 6.179476222007838
111.57650050018081 107.8656744473455
115.83912613285742 2.7684021532486036
116.53718828383396 42.842457445806936
103.86210370986811 7.729172991084952
124.99466527288168 54.640158927981524
67.24560064253862 6.9277535954786815
36.617811382136416 -6.707190983116027
105.35468105489895 122.48241573600231
93.96081110795237 26.95178418864032
99.00244179598133 110.87690038721912
107.87198888754767 134.9911471262902
99.96893997942028 10.309208092128067
119.87423036206891 18.07478597197743
100.12414135546804 24.13927567836032
114.57916602499792 54.139059000635136
100.66028577643229 88.04269587219395
133.05552017055646 82.4580615195979
109.31157640523102 16.24481442051275
111.7025838718367 68.72184221111759
114.09197849723502 15.486201691795406
104.72436691338379 10.591762887842489
141.64606817775314 -0.4919100717536806
102.65947580120805 14.888352185306164
112.23389456279597 14.72891977997809
96.84455443219821 31.01099695818204
101.59616170900786 106.21157757859945
117.57189130446582 16.708246679409736
96.58815292288219 11.477879118612348
110.88399714782344 115.77344999338445
110.78613715459726 -6.852536462453678
93.46341700396826 106.65087999838389
104.96132259581704 86.08604026153665
119.2631429291771 50.0526886854473
137.27942973520155 133.49447878806666
103.52950351443168 130.58385823942004
105.73046325104859 57.077795796765805
36.53658902941764 35.24605044424455
105.51612184201738 39.92093512360831
84.70702172570819 103.8755487534861
104.10989437384544 -2.5394706526270165
108.473632529211 7.96359249562418
98.85964293598333 47.7285601386999
110.96490110596507 139.02496158711165
115.1619199492624 19.188978134756308
111.90997930134793 7.138626625238624
90.59421455253316 9.458061176109194
102.94673028520477 110.6402612395828
54.08122053754723 19.640902520646552
106.90080706510103 116.52751110647935
122.52010023262537 136.16493848326294
133.00534354593435 47.63069568811624
104.89901089268265 112.78752572831323
101.61158213606588 104.8496659895237
104.08121494565718 24.47624921702594
118.42156461647723 48.06194150804726
112.57125924500295 21.048369510031772
-13.421623457214306 23.196300297789794
153.13262455119062 18.069929607811954
81.43377705916458 23.284266197053014
108.05807145012835 67.95358752128637
97.76158305548799 12.653673667036442
61.28712795611289 15.126190431444355
27.24871855331051 75.35262938915673
111.93956649786351 108.25294047545246
104.25466567019305 20.090074214122353
108.76391616622266 9.025283638290482
87.47786961323496 12.539412287517452
113.09306570942611 13.07041114984264
106.00327067299554 20.530159934510248
116.00714559283462 70.79913953755874
67.76469438679155 61.44275570355957
111.84799102093571 18.699218217982345
109.42662970627491 69.64049111993579
106.12625906046442 1.9407469284086352
75.23307679442408 1.4955088457949106
108.15818613044155 128.19324254711265
112.48061447061139 40.10689394522497
123.01383877223076 118.72724461025446
102.64621864212977 119.71142577787583
95.05686118833462 18.29312998531262
96.17100184172764 40.23632553323391
90.14720685524667 19.17079978505853
140.9480553591469 110.50440831746221
84.79824428827223 114.64123939408094
102.66572812291844 19.39754140812138
114.19604687515586 37.93734728069689
102.35444673151359 15.201722994897183
101.12279014315507 118.28869046697186
99.0931902128813 125.14280151381348
103.85510886712923 48.70110649367186
114.69266192198369 19.261277003317506
95.95350887730754 85.22338996156029
119.33665092112979 34.890257407061654
111.54417336634006 16.072797438754634
89.53939602890748 110.6579844709566
112.5924971283468 116.42433891695747
97.84205130655236 112.57501974295688
120.61730428143235 17.031662320149966
110.05184578958924 19.357786765559272
106.89493205459972 25.337229143761487
60.93252225853907 120.45171762769155
112.25638213185304 118.97021636660385
98.26736677379394 15.146177440325486
115.31046978796329 11.127703645142937
105.75077342189914 110.46793746434628
105.75478965767468 75.43643315710784
131.37390472474354 45.55979657131933
129.0165206913536 119.21094032396788
116.54263915895959 48.438329608621636
51.29776050841303 17.621790614075525
113.9493523561987 22.074131222670612
95.89497276013076 66.42982184506975
111.18352307024526 19.954360385995212
83.29962150226798 15.152984746193543
112.10727194665428 21.866430775751468
112.04927559208963 108.87404070463433
122.30817209759789 33.495346792313846
97.86413373268977 37.496140213443574
98.98746601098455 119.91839574022384
88.87027091657392 107.77123258300917
100.94128234989073 22.971576699523997
105.07695115165517 22.405260023290015
107.86056009163572 27.255909656504837
24.984733941217694 -4.0156146780070205
121.76047639507229 60.54524820881288
87.21051349113348 40.26977272057399
117.43951742173046 117.24542086053582
110.56009075354142 26.96602503545651
105.38547544161719 29.036897974844376
110.5983228675331 3.376160602902529
118.57105905279172 49.984444462068105
102.55914576726617 13.671310551989034
101.6482944220089 13.525798509376472
102.08512141345912 94.43754342776798
109.54029651126821 19.830158449939248
112.35660499725867 27.776365816601242
102.81296644022669 15.64892211743858
109.43748857908496 26.482464235359465
104.42183752705091 29.33953957704452
102.88515522792326 21.09302095260497
106.21180641516158 3.1403871821639786
90.76078391021785 135.98263047474217
122.69280028006213 119.30480845801507
103.08327971567408 64.74657310851083
113.65066020565278 35.73761758632527
102.3688930843176 63.06747498197937
104.78640418423694 -3.8828048798509744
32.93930581732788 9.398132816667228
109.10511496530272 8.630041330312748
107.48455860428044 126.6363735440129
80.96415685102068 103.48174613571013
117.03953937249439 1.2278341148623673
98.18883432693949 109.39572778073672
106.48832351281375 19.39954366254686
95.43500371777378 119.76279120784342
24.41950300978687 10.58822542688146
106.14230854194454 10.24457087873818
126.21856770438485 7.635645687469255
101.70281302788948 10.144512063094087
122.09151125530452 70.40047775651009
107.35924764145201 9.869970930372862
79.79974309148626 99.75172606378666
107.50811735957328 25.95296587986935
88.97016918725302 90.01461440100387
113.97592299368229 -6.204255780025352
105.06693560144585 11.387976160614704
104.35744579046592 61.858969987769164
114.82467722363786 137.15244808903174
93.861517205059 8.343185613987124
52.002113592542976 28.200974120972543
106.56253465285475 35.426385983138196
87.10580246292044 13.369772302538786
95.00634528982106 112.01731696912722
110.50122135200459 10.681821294139842
109.04191411462874 11.401033120710862
94.17837220601619 118.63464073316898
108.1203413282659 66.3949994298636
109.9593218602373 7.496988668429726
133.17637553253167 137.47162596549674
102.71248886713295 1.4725979940401552
108.32440994302746 61.568288399484835
110.90238814390723 5.820193240183653
114.21657542645785 20.95756028530912
53.76419206157158 112.31110785822612
115.542663526 56.388838586794236
95.7369088878089 11.541596081921826
142.9381264280538 -15.895205776604934
112.68224237548444 36.42333598635829
111.13045305634904 107.25144376562358
145.36641428799658 113.10450884621575
112.33894265561516 23.29383886871961
93.94133966981799 18.478175358474605
94.19643890176629 16.977241399485393
135.53629676725944 110.27224802130952
108.94430934002848 14.034202306961564
111.56138424095361 27.665364666999128
98.5093884249184 28.50865241780913
102.81203409142012 119.28864009517119
123.70400970669114 10.361403381499658
130.35813098763737 63.42481639928109
119.82795043055974 -5.212168691162135
88.9392732363269 110.2695343865471
76.86966684475587 7.812731372588094
111.49449731549018 7.407022387553852
32.57512502948558 7.817963277435977
70.73727098846916 63.19994209809014
109.1091601042725 -10.316230142059688
91.36482786749124 52.58425374297814
87.96403263057654 119.61080751245566
66.82204829526437 18.286784031308173
106.83533657883882 11.414700875821747
110.73983670827225 30.41274161993794
74.4130579253207 114.3035243968973
105.80694653723297 109.53770346282668
101.52887912979807 15.567831938049839
107.69669405435415 104.10980412774228
92.45522557911082 30.49576577935327
105.57734192025038 6.274529668158131
114.11960121280536 78.76159124061061
117.89848280529742 16.329154009885652
101.26688553799545 107.60910181307675
104.88619089800083 104.20206469438602
60.08242904691925 37.235070695260156
106.88597298524537 17.46919879769903
110.29979878771975 5.912855799171138
125.74506507467679 18.18318071756621
95.20671899941408 14.338649921226855
108.65078625221744 9.100339440765358
78.04725382032674 105.95294175143908
99.75928590865367 122.73433220855497
106.66973651535952 23.798479107911774
113.81799464761782 14.662708271824844
114.21953910273248 15.864508889376781
107.18827500692866 9.742684985900167
64.05365651838007 133.74381040382366
88.74360159797207 6.597149806610505
109.94999184032949 11.141070556273414
97.86107676564153 35.06362245731854
114.97963372396597 82.11286931521452
109.0564141112829 35.411884115617944
101.6170102087839 15.453192375459034
105.49316717648585 18.495013542314076
126.98991551603437 19.564464414361247
125.30416275567596 81.49532699526827
62.18554683968552 122.21309623692896
98.40310824679625 21.286284284841575
98.41999265347215 21.167349453677616
96.80574264052278 32.610496774403465
115.92417502736984 91.29897365482655
55.874941031067976 29.76825044757365
109.58791654322457 92.23076916521666
97.06049614144337 11.767908642791731
100.93241322065114 61.10664995919272
95.76354100306298 3.9311396738479756
93.65095886256125 43.10676108273364
117.03712133399705 17.513063339086923
99.88757115750518 24.123724043584147
110.9108905072472 40.79166982005331
117.9268315558826 44.4969702402891
109.10783643930401 23.266494406310315
89.91347910350433 11.464614437676177
102.252473044404 17.106977706789973
107.86228300378251 23.036943536094423
133.54348982016742 11.76623216257141
142.69792263854097 16.96913908743678
118.14328147276746 12.040639572265556
107.0226096384867 15.683971714707788
109.72318816698679 125.1156102115546
110.9771923484458 36.59735673443703
109.39621122475306 156.9381479873402
111.2946051132349 130.4626449478818
110.18927220334795 35.96331894920944
102.08801702354735 13.826655611510933
128.37700960753787 6.892502407224444
88.02942656751941 118.9669798062326
