105.33511311964075 105.84217966514491
-6.624598254791975 132.94772312791656
99.92413929721961 6.925004726062169
54.1247016885636 109.40121271262758
23.370763063228935 6.349601944983034
109.26910050418084 115.99709885929708
110.31045542360609 2.240413590573152
113.23175692450809 135.90655285629586
92.65202445980111 8.685479492708566
113.24350716605011 75.24520581686144
65.80062680657787 4.354686623555384
91.88986923749219 14.966063376627533
111.07824550870363 4.90808455780307
130.33528777589032 72.21242882389522
103.90243494800066 105.0152425317204
110.25240865650338 22.703812535642864
110.47900615515839 17.48971544647445
102.97468143794525 51.41571961062727
108.26858423568333 87.45168433465811
103.93513002977285 122.36992546897793
99.45705544760655 114.71547420878741
104.58920492057537 8.940751280961958
111.73128801102284 23.32803511492709
110.7732632661388 70.79601443017386
111.89836956279039 93.61746867206922
105.33119784705771 33.05700277488886
110.06441174021934 58.54770909209827
109.87086311985755 -6.797275193003427
86.70637327902755 131.02491989966776
108.16461961076686 13.223437890996575
111.3639796480024 56.61719454430632
107.4127726883754 8.936625465815673
132.64246573690204 98.65303213662938
126.28355217217597 -9.195078423106985
78.5125696175107 104.76961183554143
108.73285112045339 110.82461848728524
111.93472160834995 26.702794738610443
120.79784772860916 17.033395342026957
112.42256126613769 42.65120054120292
97.75936352798895 12.822593866840478
134.80563164482527 94.96139717912992
105.45105317344458 27.09411481786183
87.05279957347024 20.673037569030768
102.21477045294779 19.36705252088507
86.98180577366008 6.83276435934691
113.33065719567867 109.02631820719624
115.17218027401714 3.4947946925098874
116.63541991460696 43.08406256312897
103.03451961711677 5.730342335416838
126.74839179583314 58.87639347952635
67.57953121367889 7.01619803643062
34.4425165380907 -10.207894444376247
107.12608518756464 123.27242742675008
94.91489676290921 23.490426322992004
96.93502059970969 110.69479529736438
108.03074068617389 132.9428878551308
98.61643209385764 12.987965143054012
118.89747678651376 20.29789538956414
98.4507414511676 25.085529161166345
114.97854722282766 50.38176160908007
102.64041127564147 85.42285355519375
130.4210664097696 82.30144786362683
108.32347580754717 18.412303357320848
109.10583776953777 72.3897352851313
112.5151513927648 16.046376143866055
106.64865929485127 13.363674803708651
138.9276560648696 2.6767757044604172
102.42731324237445 14.58465818524353
112.94466488877636 15.534353472002003
97.76031592259993 34.00195940012972
101.23359889911802 105.53158172081072
116.06545256070103 17.392893047508124
97.63101828816052 12.461920631914374
112.84878053908659 116.98118564667257
110.85235284109807 -8.556667591741151
94.56375898320755 107.8456703780665
102.34706329925906 87.79368367334835
118.11719649838726 54.99692069484912
134.48941570138265 133.70126887925449
102.14694215164415 128.7468021858897
105.69321955006096 56.89494789037731
35.30795313276887 31.580137107928472
104.88748543471182 38.94412923838403
85.74187582246302 104.77670760907738
106.13140393861451 -2.539340864740948
109.7648566061048 10.350715188104559
95.93310436665864 51.06158985994612
111.396190560388 136.4532636388005
113.61827128572997 19.22297825378072
111.68367924370739 9.046845604773747
91.38580518403457 9.402832083733152
104.00853057255128 111.07521489272854
55.23005066980428 20.07122958858695
107.94169763958743 117.28856536917168
123.7292176249526 134.30765045989884
132.08926910061587 47.69269221839017
105.51459976393953 113.30887977710489
98.98649787310077 108.60066006782912
102.72289782573378 25.548706876884197
119.67099617601957 46.15794149721978
111.07635952463161 23.706188326537962
-14.988503082411901 25.660801990723854
152.04656852005994 18.076902477721305
77.85113832067272 25.798542563520268
108.7113662000639 72.53438196712689
96.76458753260007 12.244429672923744
60.561606202978126 15.209823050955665
26.40293812388294 76.04882257610724
114.50943006214736 106.8239569116258
103.27841399340535 20.0954346842622
108.81281947297752 10.35806667824629
86.65049283676015 12.135338900567646
111.55035178568035 15.220493783443212
108.76759857078582 20.185216245636347
114.32750871524549 69.89088033253384
65.94344379874809 65.88662348769994
111.18879022146781 18.854835887816556
111.34361206569122 69.38548987577605
106.73357129340963 2.140645754623119
72.65698855705438 2.9687285480794783
106.90561702137306 125.39597760938408
112.68962640659824 45.718478488735954
121.75068859690725 118.78337547802019
98.4746789199377 119.63835859066926
94.01962986234486 16.98076241167914
94.50305486477845 43.61112059665535
89.27993796885305 19.09783768781582
137.8717993135575 112.81591902957582
84.7552564862721 115.32036518221503
103.65721622339177 19.71401491737522
112.45109152518508 40.237512450813114
102.00234147527755 14.773703990695433
101.64152731515911 118.91440494081935
98.26036444801788 124.1990868956611
99.8249769568741 52.05005317537215
111.4167983957229 19.944281511080796
95.18691089176396 84.5681738584576
119.90644616949038 42.735397024526534
110.16563672545985 16.31100891351287
87.96485781033894 108.92407673950075
111.34895312231879 117.6291084221448
98.33128710115416 112.53855115520763
119.66544320369258 17.17925453209911
110.12569896398998 22.05336166413483
107.83031852123906 29.774667475613427
63.24031554635572 119.95774383802397
115.74107874870839 119.8101859774025
98.00232587477053 14.938865473652909
116.69258992965496 8.322896359735282
106.00734258695977 111.63385739774957
104.80136184340505 72.48840353283501
130.49218021755692 52.13917878278913
125.89151079704823 119.22632665864421
113.78244570832855 51.96856676766737
48.282471357746154 18.07161647951712
114.71506167807023 26.323605356750154
93.76282647740376 71.40496880295008
112.68532849469247 20.7618911710617
86.1238439065522 16.322536983569602
110.4682084050459 22.83147646962295
115.77449410945282 109.5286769998785
118.92276569493009 38.751723982287466
95.58841253951992 37.922131312584405
102.2500762539904 119.8641020111574
88.49732350014078 101.96448582177605
100.82016983870534 23.15913367559905
103.7077942352153 25.11697483701717
107.33886591573668 29.209098349377115
27.340660603429477 -1.1208282269908474
119.30880923958219 62.08082898338856
88.86398847394905 37.69287381913759
116.04734044012157 118.3775556828715
111.05315529779016 23.217501034736554
104.53477637741337 33.04291859945715
110.44438019276912 4.156967484044057
119.94429264564343 52.504174299662346
102.57004716305359 13.573058606194024
102.08864550500965 14.444121490540672
101.4726045048651 95.66074359810341
107.35414841987624 19.814758226328802
113.34077817489775 30.32077581323706
103.4016430125042 16.532750189657214
111.22101579368963 23.5014992829255
104.27389165024037 35.35620027503814
104.21049475807222 23.129766704224746
106.8450766709999 3.478163266997718
89.93893864921509 137.64447335498622
119.75347007737102 120.78193007542939
103.92053941711808 68.43155028210963
111.51445682532167 37.52114280257756
99.35193134569467 68.56214801273966
101.69377463977516 -5.628801700350428
33.01038518660599 11.202109932590684
108.96967324933749 7.657104491846341
111.27915519679993 124.0065328475776
80.13515456112012 102.63413584743198
114.95572190411478 4.32307321326029
100.37308600237036 110.65754902685379
108.00912067638556 21.391075026979074
92.60599632679074 120.35897659732895
23.934735070337517 12.701827382380124
107.76263511543664 12.462758663544204
126.20944132150508 8.486937836636312
100.97906629708521 9.546196470427766
125.10506950756204 67.97323724358151
107.56246654143959 10.15484413724193
78.65685683776816 101.63788451508395
106.73692045778691 29.185282632935664
84.49062778909867 92.15236942338144
113.71621464885702 -6.262619590987259
105.36393043161138 11.606857220124647
105.59164746153999 61.6665415806469
112.89982725825821 137.32101232877156
94.42283212198689 9.37813064569137
52.65900504582757 26.33013069459179
107.9324494811336 32.52228992571558
85.49185780845751 12.807777993495398
97.44429575971773 112.7778247087679
110.52449693664067 10.094117818392
109.28811326324917 13.163585036095215
96.72634625535038 118.51494650860347
109.70682104948405 67.12517452369832
109.913389671025 9.072961015765086
135.35220151445802 134.90790681584605
103.9577186488826 3.723715530831302
107.88490913818802 67.99074172865804
111.09039944697984 5.800049272979193
115.5966372689439 21.087936739029637
53.26073521270491 113.07302483112379
114.26436007444703 54.565328332985544
96.43613001398656 12.731305635741109
141.8997413276998 -14.757935477283064
113.63989956109631 40.92023282280834
112.87192135379891 108.23415445919797
144.834873111623 113.4040692691606
113.85573564264632 25.20405160190086
94.4378493780634 18.453559191682785
96.70326475250121 17.578092864967665
135.37091691746443 110.60624893801165
109.66054024088997 16.974357592299548
111.83876230944507 31.103591911873103
97.74529277573947 29.662646531196582
105.04281712042615 119.82156507211064
122.79534349310521 11.49211328973296
128.6506377598195 66.30557736543909
121.55380421872425 -8.417233161876883
86.59100981863527 108.51544706049857
73.82845001658725 7.769970913423783
110.20479580603987 9.168665272930449
34.68145007599262 8.048424462989951
68.28714549620516 69.32235361562968
109.28813132611648 -5.626144381471654
89.91547886318575 58.14877639093091
90.6571055652027 119.67419980980256
65.30602385587719 18.40909760936167
107.00258679347644 12.1605973539818
108.61843599909012 33.6802835688971
74.58155871737857 114.25101515133636
105.96348088683777 111.18009745403708
99.79384416291944 15.353703647993736
107.64004744805605 101.85125609514809
91.5413357243899 36.146771432413175
107.25249959302342 6.346334118268612
114.45195438443142 81.37696984177987
118.87691362668201 16.504690172593296
102.47163213601527 108.0205850723153
106.79743600319229 105.07812308817637
59.376884310602776 35.42128671414838
105.84202527058979 17.088458524897273
110.20845655406933 6.927591150772063
127.3571283727603 16.959383085553313
94.45895261586432 14.05745705067001
108.23267941113282 11.446584996934229
75.16414414196187 105.3284916661935
102.3640835168966 126.42280919245093
109.59367779827205 23.478100660136253
113.4481039413131 16.224380418896608
112.43812557250084 17.057211921697064
107.2770640798996 10.192808209044806
65.85252587150994 133.5529798366759
89.51101949694758 6.317223992994353
105.54780456436902 11.686436682482029
101.87731367866606 32.614095129846135
116.76649499078984 81.24538691737794
107.99337551072934 35.32490082199107
99.90047283909654 14.40647013220017
106.79240668369759 18.611154398824464
126.39870018752808 19.592290986245455
125.13655549172945 81.99371043243998
65.60729955662097 123.61911553736228
94.34098899522569 21.83216587169592
95.69764167498569 21.582136842533913
96.61800260459465 30.2166543339924
116.7608534016575 89.51427788502276
51.154729224817935 31.34194702557872
109.56632786395895 97.26087191132072
95.32891686873047 10.539317282414007
102.48537739056943 62.20075410264518
97.53269794922281 3.916867588189305
94.65452151223882 47.31466869070658
116.79558839397033 17.593489929209387
101.3609688380966 23.605929425434702
111.29592677941513 40.51460659326677
116.80745281093314 46.26854742749974
105.13635084955777 27.3667316329733
89.89853838086093 12.47571652166122
103.73421061266576 17.607850659641674
106.4146745968433 26.094818403019875
134.1707676649823 12.26483481861046
144.52265993217287 16.927550143739793
117.05689420792444 12.68026784280012
106.44127157310577 19.4382312899017
109.68780925823248 123.98035516775293
110.35784727843989 36.47195869522399
110.86228814741422 161.52813496057712
108.63282424070658 131.24300021992556
110.24424115378505 36.916521730611265
98.5761014207855 13.218064083336166
128.9141355990998 6.960735841188192
87.9280323802011 120.9887936597629
