131.2382862613389 136.82915778226328
12.084627144181221 142.888951951213
124.5510275480607 132.57206345502698
48.984153021311954 143.66108628097265
21.285427782785796 21.97071916574691
109.45734293772584 121.05072400046481
117.64637574334047 11.727718112635516
115.11742210159723 135.02596610119147
137.67223895851876 29.4145039464932
91.65200476626113 139.7154307956807
31.69132645091843 31.075655569022697
138.47332403168258 31.752936284064962
111.30023934405197 134.05342520740328
46.67455257724098 127.11640546100385
107.15746782809585 139.84912794786857
104.9157732552159 34.90752660529869
28.275649092168337 7.018478743783737
119.19697844547689 134.71407296726522
45.69900127083736 153.6020213870282
30.492281164637397 119.77089024825156
109.88481794948905 127.85462146453911
105.18655142218533 17.205959775062293
97.96515560543399 -3.775650618030728
118.68962353612109 136.82037769085787
124.51039505186358 140.07932412309938
25.853192999242566 156.5976290740397
52.93353504611712 152.30387196764806
111.67620796583626 133.27805161548224
48.42737373601382 114.14066997093427
109.17032651495583 20.411560822950726
97.68470150798866 148.5054398583926
108.98142603454409 33.22248527428061
97.24895855458958 125.93255300547105
27.90218881009669 12.009389298592147
39.786657900891605 132.85927101427953
18.955096314534806 117.78274544914628
89.25618705023709 147.5950732852456
115.15382791805479 29.298343575677375
134.14966141238324 121.29333289354925
134.23574216936052 28.8981618331473
40.91268532035108 139.07617365331825
133.21816879610736 135.52428709716528
28.9088117955504 18.506141236504554
99.94564919370326 27.226050095018138
19.542079693370273 18.273993599385303
106.70596855958098 117.29024605666686
28.54394476388104 19.49512818164563
98.82842540060163 159.62551179722053
123.99581752511146 148.0511776947161
84.99057907771568 116.90182670077789
29.350644735368306 27.559647001246457
43.73875576910412 159.86255979524267
51.43430081876646 119.07662279103579
22.24951323048653 113.31858950737866
135.3551067118171 129.76119995940797
30.557260774036624 115.49295444294462
125.95961077359112 137.60849707064273
21.912543176437275 12.221603943398218
123.98282979932388 13.136847608842473
101.81680143571992 136.62826834197062
106.57693889187853 143.26283024904694
102.61610970759382 135.66649782116994
120.02863750117712 5.071088242922443
120.0722507655249 137.67804953900392
130.40813090190028 19.070113280810638
102.5899002694092 -1.1036850668356282
28.03711273131428 0.9966253453811618
121.49921497362729 24.709765777193596
111.60163247100861 13.087207231100843
41.49924120080497 130.04578833860467
123.43290841230264 144.66768312010018
28.418068796354596 21.96460676573287
113.10405654814062 20.79233234671115
46.672020754092664 120.50652545580482
93.98395917053922 148.84526962929678
32.53452807021543 124.18805200683785
28.309324691318885 135.60572089448598
123.22197382998112 137.2594037502005
116.57084161232628 130.89775040372615
121.23766838373928 127.4846040499844
117.26808320281695 146.7353198772835
39.411318582775955 137.62578122281323
124.51690543581076 137.6042551521261
116.32442156586953 125.42397902273531
46.25933659273 139.78161946471988
102.78243217433256 14.549802240678076
137.2078594384483 144.2919406759617
108.93215806980169 131.67051524643335
21.590803036894627 19.356674912846206
123.02297005575578 9.130046214828825
26.372154621163283 17.286032539560093
29.99585270220277 121.31418452528146
5.818767398425278 18.689928782356198
109.395246855847 115.63557646868688
100.67851423646192 144.35816430168333
106.26484215274338 109.62855148108879
116.97666648001227 121.46581755797054
123.76039936030578 140.04283149219626
125.70033163984337 15.658747382120351
96.44776592931964 144.0463878494622
121.5505213679624 13.842628439911508
14.908139983570345 4.943448230964879
96.46232792200084 18.209619964411544
12.78869192146518 14.542575999541583
109.8222582691329 160.1403384692177
123.03708348838742 31.720781894585656
22.503259646436923 21.624023262293225
22.866912991818154 141.00710828418175
94.12737545798596 144.09064906292915
125.83522099036149 19.83864220816611
25.54107706832624 21.905663861359898
129.18573212234503 28.89976555028891
21.129167274737206 22.059556126215973
103.5176147925576 27.542172284729105
113.83512808325385 121.77165204979067
137.37185012351975 135.99728069962913
121.20455203809294 14.278382362575734
44.600858523517495 107.0286196424261
116.6652695810996 20.92446582058908
21.605225611239536 23.909071203389388
124.17372858137226 143.78219636476214
109.66886516785667 143.1931648465762
39.695992992196636 122.13604395247361
132.6651710540054 123.96595414567754
124.04037287445287 34.333572154970874
135.91743086232253 119.30410879353067
139.3670385529153 25.21532415254803
31.725584571786772 121.01057916680341
105.50993713516301 121.87133890016212
109.34393527893437 20.863407098408203
32.437820558869554 147.75345875046025
118.85423104825097 26.277951910737155
109.73624739720809 120.35854598789903
120.09111182500958 134.3620279305561
131.46050631143132 134.43396113060624
133.8963057309698 16.522430287535087
127.02338360710621 130.5998096561033
103.1906970279188 154.81204092799032
122.48293600185572 22.666211947972098
55.22169208407448 134.13844040296
31.39617222631631 119.01164587079019
120.27865443586938 125.02851039233175
17.641182963001604 21.00411323772644
31.763179271559306 3.134281953144891
109.31373558849849 10.467057315290358
45.49085955114903 125.2018323184703
46.78647374742487 121.46494069097834
120.1845496080733 27.060643410827456
96.78296147552552 135.94852280161658
34.595229246855645 130.00787341970363
42.73158266592571 145.47671872713624
105.59642395787273 114.05198917584713
118.55923954690994 122.69556850401048
119.70781207202704 130.72878366314742
18.92566063391795 22.130481329452202
103.6866914117814 4.2967869312375
137.23409650224073 125.66568059966254
27.014982648554042 15.305291189135014
100.72465064690242 22.136436478994447
121.95388713388166 15.666661519047873
101.85173281557479 128.69651918630072
143.79899729911642 131.9481001819101
21.997929431356454 132.04307216607322
45.25687744303144 127.50027419616902
33.52015404867176 149.20577234777136
118.85688522899642 135.38205933613352
124.98334872038411 9.076858576752871
117.12703945328644 11.958456268931071
19.77866115958409 19.700923850463504
128.74294447339813 127.30015802652365
38.304008290831405 131.27059603099926
130.10693158346652 121.42525530248581
29.914536206073898 114.41823753178743
125.15554823673483 123.13221105710265
18.50692178437472 29.237438462671427
101.35179806175589 142.9051323119996
114.09026417714523 23.033481885569664
110.01473959879257 15.050263326965796
27.430537852772467 142.65657456980978
128.37892976719817 25.72649934713003
112.30062049686254 8.990024436552487
109.53409249978448 21.378989799182452
91.61211101744274 145.8953654334643
114.09078660381934 125.59395353434859
104.84561402164297 19.283640506573192
112.6275623166264 23.782453667648934
128.40561678583651 132.28676318662383
133.79419000323648 117.1249682402597
111.62306750510572 135.05568633189216
129.1826969475782 121.94572278137352
135.46812632529222 138.8415746328498
126.01136396380716 38.96117353560622
23.063406738905954 18.130059140178812
114.3695176148795 34.458516734022076
48.90826976445721 150.1718615655727
53.265067642044045 142.4088272328659
22.227235936784215 2.280062766510558
108.37247750697426 124.46809537723898
106.45999012863167 12.24396086942543
133.0639130776957 124.5237171229591
25.890326746837154 9.915494048791441
45.561870420163615 134.3015352659985
17.591346784988534 19.27002481314801
120.66107832052687 30.9926641458729
97.77020080080996 129.3393810068248
111.18216380108937 21.41580971237271
133.08699029362563 133.52523282798322
43.566691628467574 148.20641574434123
125.84197912897311 131.99803590335836
21.08903648314032 23.660162891236567
23.91105814736654 20.05301374756246
46.12348559020872 144.55458400493333
35.66174739766892 151.27298074087705
19.462161381357483 22.43438341155629
20.309977989258325 33.08186936551828
107.60311443070361 109.97331824667216
142.62669684374723 35.240708853233926
111.22833235350454 122.0466846942839
106.6241908282171 40.01380273563351
116.52280282366046 -5.0067504547999455
44.002519828843575 132.18214259487976
102.83861178708293 148.5421831911709
117.75190365398247 25.24416145224384
57.83419127888771 141.8178160432564
104.51181197076829 22.09757759890563
116.21704955403018 149.91468753839268
109.08859525514809 39.3925541076138
4.545778503739051 21.402198038651335
32.30584760276628 122.27184151072017
119.29630976991486 125.81831879514769
106.09435373633775 20.39698677108964
27.486542934843307 19.860741414646174
108.83542893126547 137.9959678149003
104.17602339501731 116.86338596056933
104.25483810382707 119.82346661869357
33.789028029422155 3.3117109588870894
108.84701180248936 29.900611419559166
106.98686457359202 138.80563291281635
89.25845077260828 124.89112452719127
118.20824540603293 2.7591398989432094
17.43966516211519 -9.908510266132563
123.61881475435409 8.408720800706359
106.71420211334222 120.67101331572087
20.323247296755206 22.40627706769005
109.36913137424551 135.87941542249885
53.09659767349153 140.3401968757956
52.54487901517672 142.15866403038632
135.70294376356702 33.48483926229229
111.81986228080176 20.139156688021064
30.225126347973937 30.94561451195885
21.638939820194814 121.76801628047785
119.72382580888794 19.776173232360716
129.90161943341542 124.37671571169805
46.93053531354222 122.11932976054887
20.1431849144683 18.929571140472312
114.44344089165808 15.669635057774741
30.813792719689516 131.7904068925373
36.60042595153374 122.54125031168245
109.1539984835625 125.9121523133385
132.21880675324348 28.45567291283208
111.66843689383131 142.9463682503424
32.2916026432483 126.6781793258835
30.222107778154413 29.807830656737554
107.72472159096876 144.51681642334052
107.04789323861944 146.83229633290716
29.23258409256075 124.53729969772529
110.14991452806542 116.18137709274178
27.818994048975345 164.8363458768753
125.62674854210204 28.31906739322147
110.3566195509904 24.409233428160565
91.15081796367569 34.304698200849856
123.17323481036921 27.2839277975917
116.65148210290114 18.860131831473122
35.20338001695338 142.57070321214525
43.083750338237536 148.62483878312364
108.59789009830524 117.70409969554031
113.30883714661967 20.441076458706597
16.89732268150245 17.917494264035668
27.660579446153214 26.98841934719634
18.390092226057188 151.7845809402926
129.31389754362564 34.96694061635618
19.23107572189487 18.940385387976836
45.40178251753292 115.49356382946463
101.30918998441621 136.23111033998615
126.42037888010847 146.97571100325928
127.37399906644568 30.879127475452282
96.54439339892045 21.131915331832925
20.4493143383063 21.06493748155593
117.52692092917715 110.66306197272264
37.21714311229636 118.02567673390719
16.11261207703224 21.815675885251384
139.47272668314903 19.56882658072996
121.29082489801905 128.30167882057174
96.6268814648243 137.28065985812174
29.6418681360337 6.411797439145931
114.75384856768592 136.62772020140085
130.7195942507424 27.246575006436018
110.97897711052316 137.35221453401383
109.38872413003038 130.80368135746994
112.4858204348822 120.74628971574437
21.35902964645165 19.853693273965128
101.76976764806034 28.701272484299174
23.823948416741374 108.2413139529936
38.62465964373087 125.90720008016615
28.274809935337153 1.2218458015320581
17.23013140882602 20.113361513702262
110.31235229466976 21.41470793979448
120.76998824165591 129.51971864869512
21.929181841514275 24.729877669762015
39.40399585716126 21.231993901191093
23.883917409759615 14.819476518197376
121.23394759262348 10.31818632252452
114.07649952757238 136.68874259019884
31.220367606452452 122.3265535620001
38.14474061165931 144.61368608868818
35.15174016619168 128.75146309515603
26.10478372086799 7.7950311651501805
134.3916817411827 27.883458529270378
97.70392340249468 39.08276333844416
47.766678210918975 115.2193810628415
