102.46571653895631 105.67190280692891
-7.844648794235831 130.53743468438356
98.55950260322102 13.68307116858251
60.111454120596385 108.4977334282819
21.910087328823447 12.624397776125882
115.27709260405027 119.42270837185369
108.40673644201797 9.215948988336432
110.85841060811018 149.6466425857758
87.36193130114053 6.104573000915821
117.64603073142369 60.744643306633705
78.98393407829785 4.414028936507588
87.79467637191682 13.922620944663986
111.48235313792559 1.750998544429806
136.73726686124797 91.17915629066906
112.04865399502988 105.20286554939229
116.34943081968738 19.656218926283685
113.51838165084024 26.642827141117913
103.8169119287281 64.07210871008564
110.02329120289005 87.50329033779815
100.6366819602956 124.9726633825003
103.19649905274103 116.32486526369004
109.90284303750741 20.981270729969935
119.2442769325371 35.33423189930376
108.75679179835899 89.32095637515319
109.49392630568546 96.86715596896913
106.24669697429457 15.270259859946355
110.89321593799542 44.38363676663451
109.76868267318712 -13.512888433529788
84.44221523048155 132.55906577455963
108.60143684669684 20.205272621305163
115.99490392288021 50.95373014699232
107.185893059278 8.254699277828609
131.20592439243342 101.76541240909148
126.094997920517 -9.646772720599
84.68416043997121 107.59940788423448
109.76508805488577 113.93189093829005
123.72920827956581 30.726013916663014
116.52449079631081 13.810491037220533
104.9009335653107 54.62805295478457
92.15717749657715 12.363074443150348
138.11170637280648 107.98942262152869
98.70985206058361 21.212722905269132
82.91424947407987 20.753641353926085
112.82404043754052 19.27899675351104
85.2628406819646 9.706471683371928
118.39281094788564 112.91262548326478
112.73786246889196 6.791837917178341
116.45209671121808 42.684839979267565
100.87683312862052 0.6150372502456507
131.1984987994857 72.98326692786432
70.70979086376177 8.192823134126153
31.270194412035792 -17.056542533392733
112.49046655600932 125.3274522944143
99.04486567079161 15.443917856847635
91.87690825595037 110.47018967375477
108.58663814216308 126.26238863905836
94.99240964798169 25.186244495963212
115.46639168882159 26.84033707904053
94.00217780037613 27.486808644787608
115.87621451547764 39.91113071654898
108.92516895499581 76.34201255779158
121.16087710463654 81.31311647549325
105.44794587952666 24.85561898630555
101.4451144111893 81.4952671958285
107.65031668076699 17.893741244229577
112.46714791112147 21.883870972566225
129.17816884330858 13.067621306966164
102.07323289405694 13.900537668357266
114.90027645498141 18.09892487496525
101.1029449621248 44.140290098004655
100.51890531445909 104.50560273824014
111.14360211963843 19.568934758266607
101.48567674416446 15.688061679789925
118.49233310102244 120.65619960178576
110.95780268237857 -12.680520520130456
98.84439872147522 111.78430969699953
94.81860900767754 91.82059092509877
114.13994033529704 70.50580561920565
124.93921544393356 133.37579941325123
98.48536731735308 122.85274295299762
105.84518537695256 58.2870882721176
32.86147515355874 23.385773987136886
103.23719263772966 37.019146421827266
90.48431242193742 108.44503221143091
112.35750573564862 -1.1147393420850062
113.56811339781925 17.93257214218466
88.25127917452129 63.16014592161125
112.55318512773432 128.25954331004502
108.76476781221373 19.333165017909618
110.91291235069028 15.073414748890308
94.63802355610706 9.758851311071679
107.49960739370057 112.695716425037
58.984451991431065 21.310097373878342
111.07269697909801 119.70224014749148
126.3669218267517 128.22707594197576
127.87234150901782 48.82613411139615
107.62790885335762 115.18103610042112
91.81683132417498 120.57379701955759
99.02353911225045 28.36010498603267
122.6579589166712 42.01992308872622
106.59668816242322 31.236191649620228
-16.87440672598837 32.56431908344979
147.23812522889082 18.156123892037616
66.7414316946621 32.75108616195526
110.64095272269063 86.51935702803931
94.31455888710043 11.323830548161745
61.65164514593127 15.721263490934497
26.24051967929689 81.3689343351879
121.80532998110743 103.80815204232283
100.64049245873034 20.08163493516931
108.99586065774696 14.872398212120743
85.33728856495385 11.275364848174128
106.90153612950276 21.76857455192599
117.03497937032783 19.109716419054404
109.1128755837032 67.06764984167529
63.45871428909987 81.30510607200453
109.12321069365389 19.345474475857813
116.73058523684595 67.81254088600252
108.7144242311273 3.4228305938850094
64.82273171525571 7.929434312678058
103.40125160978921 116.8262409489101
113.04241814859964 64.14646017837214
117.1055304036804 118.98715243605147
86.76739928548096 119.41083833739428
91.38847259752697 13.273017441006221
90.33590036400383 53.68188466549299
87.95397802189036 18.90104124139384
127.09635208485034 120.20639337344826
86.4503830383732 117.54030765591841
106.95989751011572 20.597862216770228
107.08977799046103 48.95619081967335
101.27378919937676 13.836863011952564
103.44685622798465 120.78911251102377
96.57645161382837 121.06585365928404
88.70301544069928 62.50756711385722
101.58345901323584 21.944484184443958
93.70321835037575 81.36699076953457
121.36982394562452 69.29187846719441
106.04449329642061 17.128320488796685
82.13002245859738 104.35739636530639
107.54552669589667 121.37963431502727
100.18695583330222 112.90202661334378
116.4456816474339 17.76631770616208
110.31749633700292 29.871235048967684
110.72952667567549 42.43937633402435
69.90438487386803 118.6848939867797
125.56259358577971 122.27185136316272
97.61399063202434 14.582389282494415
120.40051361079843 3.2198908626051166
106.95265062117491 115.61613612517188
100.89667850910644 63.16808096036674
126.5729856045491 72.3218057117481
115.47966785523451 119.27561144340105
105.40616461222425 63.35004778416925
39.88001657303701 19.478605069516384
116.65417838508658 38.518803295058746
88.01620575042692 86.93928331486309
116.95946380166593 23.047538817058793
95.57091344167652 19.991284036362664
105.5454372839202 25.374535763053736
126.50777398991507 112.05653614646634
108.44940388351401 56.58201253424204
89.93462108621935 42.583737265190464
112.4517210321937 119.67683518842115
88.75486314951355 86.14307595562119
100.91870662421525 27.356815191617194
100.05618849828106 32.82281822983917
105.95541152733276 34.433375109545345
38.20461538402479 8.30672359389909
111.72537370063517 66.92697487404003
95.12654901914159 32.45503318947467
111.35981553777374 121.78257688317893
112.44324832121701 15.070337145232262
102.33645999812855 46.550351783283276
110.00027927962729 7.452903275869338
123.25988057882637 60.753541329163625
103.01504309256006 13.647692679856343
103.71532140404376 17.469604454712055
98.05684003775418 100.44917199960582
101.07929671148976 19.749723280646172
116.04636464303508 37.204107414961925
105.37954615153312 19.24425395036207
116.43928134327355 15.319017761314317
104.17212250115008 56.08518069700209
108.35867750742257 28.962678912336788
108.93992963750878 5.400924369577411
88.4481213909526 141.37816277043072
110.29968358600891 125.05855607765392
106.62554757967273 77.77353578649002
105.01121333092654 45.03412210423643
91.03392589717956 84.32487564617293
92.95163865585859 -8.559181427550117
35.23248197863208 16.847194307811566
108.58832662350464 5.605258137839347
122.29092833697705 116.05588151687184
76.06442963433412 101.74003061045336
108.47342000380475 14.477845590685673
107.31407106554558 115.0875031655552
112.55451917295021 27.22082563028674
85.7167720454727 122.05744844709346
24.31520796327265 19.406944984188172
112.69846421129583 19.41887427738745
125.4201673730527 11.92293480260114
99.30726216042513 8.356768023160043
133.12155538279367 62.529653898584606
108.32310361715669 11.449777435695824
77.44568145477896 107.91290419634447
104.54531768837947 38.0967674350833
73.18572896472939 99.56858354971807
112.79371062658073 -4.7668976410169295
106.43547669346502 12.821595534793364
109.27168369130868 60.72131335718142
106.87231896669856 136.620330472947
96.85698780277708 13.252493501481585
54.9320772508166 20.32311685609023
112.04780132399245 25.51677202657909
81.74657280645943 11.649018667010212
105.47036080354006 115.27881414567688
110.55731662184428 8.835781681453774
110.0241703023616 18.725686418507564
104.82850103958774 118.24046402007477
114.42916382651113 68.89616840448049
109.75244952468222 14.235377139779253
140.72526853605532 126.663354131299
107.9851846140226 11.606219215692724
106.66051455511437 87.8759286902325
111.50742910805673 6.2433400354285835
119.44489492296219 21.357671522376986
52.62122666650479 115.94070916416449
110.29514654529608 50.36439997099419
99.4329694404792 16.710997144703136
136.80166291983974 -9.374729773285953
116.35294867176736 56.416858538433964
117.85403289172706 111.92633820429317
140.92855974218642 114.62860257627993
118.3374788211503 30.55196809307788
96.87907775632091 18.43822730133038
104.6493483635608 19.44206683258867
132.97320073067343 112.02781458874993
111.78178726164906 25.75005510178497
112.46317776834104 40.67998400517841
96.18346092663158 32.35965166221368
111.9745196089723 121.37229763304649
119.38786869353785 15.19356029275465
122.19059312038002 75.12917647998277
125.91973578096723 -16.20078508010635
78.21339972233406 103.99554974244997
67.28626102562501 8.258244354340016
106.33911083926823 15.04105998198877
42.775183666564075 9.291974319817651
63.492421538781116 87.46730057246344
109.81594665863376 10.229578613321134
86.72321703681605 74.11759184055816
99.79844954419522 119.85308745395493
60.13467222983696 18.81586591416168
107.6603552914083 14.690611147038151
102.38788513910852 44.92620393274175
77.74513695340521 114.42052266422687
106.65024938939156 116.39142240160369
95.36450317276866 14.916388784341944
107.58291293721565 96.28117722276059
89.7122776621956 53.604524103089794
110.46158117531739 7.359017762705179
115.24144097515827 88.73407039437902
121.49516982698476 19.884670497641203
106.40782149449943 110.1385704352025
112.57966340569654 108.67640389189984
57.94925101820946 32.57925277040612
102.92937087674352 16.12712506140578
109.91081137941005 10.469372494022297
131.07595137475346 13.437574193442927
92.94004855712586 13.698703572447716
107.04651411231917 18.785535132546404
69.20669232542826 104.40349219438289
110.69633243340796 137.09166192638332
118.2964612415111 26.541233874753264
112.14350174605018 21.015506660797385
106.96849724219697 20.68740634481856
107.69239676216633 12.061991196582222
71.34928034165365 131.7095951563754
92.9742311792992 6.024614463597771
92.65779492392147 13.609927749760411
114.03020369978226 27.32376507793714
121.66249413044937 77.46534380994538
104.91822075264056 36.87945902953425
95.24997922347507 11.6837946439352
110.80281547688153 18.98454119245067
123.83409336869164 19.662968700241162
123.52621755860868 82.83114238661561
76.88541967897422 127.56324915499603
83.0008982282425 23.249455118621494
88.33413568946243 22.679897030883474
96.8154577247571 25.817344405151488
118.75438048816535 82.26969576727426
37.75282763417661 35.34175504227061
109.50020410092107 112.08302878168178
91.08379864929917 7.600772738016142
107.4919107959641 66.46375803040868
103.26122000420011 8.958528023113548
98.33604193097523 61.188607433527245
115.7012003349075 17.874879637270862
106.1731596082989 21.939664616852703
112.36185055661223 42.423721478180084
113.19340190383902 52.30405081087199
93.96718529202505 39.02910297674082
88.05833732409079 15.811933432358094
108.48950355523596 19.175257303452746
102.3202127745361 34.82864641713658
135.617614954362 14.24845285014635
148.24895700022802 16.984870879595473
113.31658998455575 14.854522538439557
104.88633662350122 30.516419570577156
109.56706968937824 120.32316915801843
108.48247540206866 36.846696555816116
111.03018043753913 172.50610452589547
100.73776411180621 132.81953974463752
110.34397700808972 38.99407812854343
89.11300984205306 11.714546636570718
128.69009326377144 7.498918136002268
86.46814092883673 127.1033229285998
