99.86828538109285 106.95972700922542
-6.4345345992012195 127.46619071337729
97.97971197404841 24.830092735068387
66.61531128861103 108.70413908451603
23.694073654014176 19.535630694259638
120.6888960079329 122.96905608386828
106.62243880471918 17.52152498166203
108.40540398142392 161.09609156538323
83.62535238692237 4.495079895066091
121.16120525846021 48.677665234822705
89.16353310434745 5.864322543452264
85.70065227092331 13.353653008947294
111.6960652303429 0.4349825885057761
139.86477152792116 110.48526565799732
120.0951027303946 107.1581517026714
121.89165272750711 16.51806268389844
116.11164435691757 35.078868441362374
105.17822560459477 77.74662317395651
111.34792431967303 83.79758995896913
98.2308553724033 127.04662227262038
107.54749547314918 118.18629660109674
115.13914312860186 32.78732310173809
125.90187137083775 46.14756025599431
106.81712999044576 107.37405475767592
107.06552044300837 101.8824747189694
107.23455485147004 -1.322821786757797
111.63680087446768 32.389676232768004
109.6664214032269 -18.29735714252286
79.38631204764644 133.11624931472824
109.09555757930961 27.076207201692256
120.29802813610986 45.68676276405044
107.14754419710744 8.496946164913268
128.39034750813687 105.82245025668776
124.53199725817308 -6.811560159921857
92.79683935558752 111.36158802827798
110.77990100144478 117.49175116986362
133.8331472110156 36.4254982911509
111.56186468962115 11.123784700457248
97.58821651816032 67.59228418998313
87.9738462309004 12.475273268998276
138.8750516836539 122.53923199731841
92.67163229865294 19.38057199372151
77.10754051395577 20.698786986144444
123.07715306469922 19.18498289022839
81.62917124687438 13.281443905327176
122.67795034025046 117.39802624865158
109.98641067600111 11.7390428279774
115.51771058937088 40.60985946968529
99.11555167572477 -2.8987995643686175
133.57827009383456 84.51002494301736
77.0675755910983 10.219034646814645
31.903658088244306 -14.077368396012487
117.47784739458812 126.59923744155233
104.27948211849821 11.900551503083403
88.51920416599327 111.04624553065834
109.2210378717122 119.01524336341372
92.58245934190751 40.61876721546248
111.7024858730272 32.42569864283319
91.09892246065569 29.04276895573479
116.22904633769578 32.24315464082414
115.30531003871234 66.23510941838381
110.88204782025213 78.15743163267638
102.78852574820286 30.94398682155931
94.21342849271635 89.27077282468984
102.91508547302773 19.869434522438095
118.04085799359399 30.19458567826543
117.4187878091799 24.051177033985223
102.58287418783428 13.72272396884832
116.46576018587223 20.726709770399758
104.91747345981723 56.9850925181777
100.55750726572502 104.45763438470443
106.01465808979998 21.750279715750988
106.22147379565847 19.251893004396337
123.2720608441561 124.14033081402017
110.93689187846971 -14.418559361723611
104.0538416245501 116.21051960574682
88.2625805345812 97.3785059175906
109.7557967805692 87.81759913563081
113.94403812264105 131.80741862416275
95.76595841065266 116.75343486320024
106.33072793655715 60.20700521928571
34.070425206006654 19.195164072347012
102.09614889295348 38.764457712552556
97.01495724995505 112.96476623163947
118.33974198723072 2.5160533934049076
116.9347962611712 25.64259743668423
82.41147908511546 75.33060253735678
113.46747606781541 119.23424169892236
103.96097346414643 19.453302109710116
110.02747147356531 21.422222488254633
99.62070478004573 11.075951002928141
111.13748758819274 114.76854980829364
63.110308147399536 22.340722693703658
114.04424419347274 122.1030002477751
127.58560416401312 121.61742925708651
121.97041728035917 53.189386916003926
109.93433703156131 117.36778432376033
86.10155472889676 132.63949844520502
96.31383414576247 30.487639691919245
124.60374214486586 40.699446439926234
102.37692075000085 37.34084786052034
-15.116328630223457 38.25514783795512
138.63442267823058 18.341317524858777
56.32333621466871 38.043385868926975
112.37354941026831 99.41525981859107
93.03203187478456 11.036964296049138
66.48542624587955 16.659102973000824
29.694610776901445 90.31064419012299
128.2925631929636 102.49127605952626
98.69011598483515 20.045113791430648
109.2270562188174 19.73593261775839
85.94923477158073 11.12870149622274
102.3978082396506 28.0417665164004
124.76253471087323 18.052570807950172
103.88839173303421 63.22653755177616
65.02740030674387 100.91366586193483
107.08283128967372 19.829799221379798
121.08711895330568 65.96321507670993
110.75501192600869 6.174696378795124
56.85087511905429 13.823644695543038
100.51452102917305 108.68827879026453
113.03032915587877 83.53049372426437
111.73262563737511 119.21737104896367
77.1443734125339 119.1813586927235
90.44211371777172 10.045725538482822
87.9199652613635 64.89430515038961
88.57287841657323 18.72716764154006
115.09153325164243 127.6399562413104
89.77529745600181 119.92272967277671
110.50854134755795 21.315959505107234
101.8753609794195 58.89374280353601
101.40724152766072 13.474817278338996
105.80921965817032 122.49060718637386
96.01529362683873 117.72086889183439
79.4649332559274 72.13248082063569
92.66623171476526 23.626702928912977
93.55127054462186 76.38858530644255
122.07650164100768 95.33588014622718
102.14215275489377 18.10951174475543
73.79178278371535 101.19648725893865
103.93684224190918 125.01747922817025
102.96191659046241 113.80256147586482
112.59675599993572 18.48128404038371
110.42992127598085 36.77468047018147
113.57876282645559 53.54275611822321
76.83854206888039 117.65046250284065
133.69548481175156 124.45360867368805
97.98615699727185 14.610288829163173
123.44908970356182 2.4454408527117155
108.05269292015873 119.94222637389979
95.44760471698365 56.500246051096426
121.44524235849559 92.03069345563316
104.54237312390131 119.32442970473375
97.51617664663797 74.19982629647915
33.45888926078493 20.83353801621668
118.06423909029972 48.962396577105636
83.90312164576945 102.46710372354947
120.606417455292 25.00454848236685
106.54652036519892 23.63331384974692
100.9185663545616 27.352712409911437
135.50114041486796 115.43704199803787
98.12223186858641 75.11603287840653
85.88361164640165 49.40137820421884
122.43247949926152 119.47195118232153
91.51471366444997 72.29049836047662
101.8189105613158 35.93938984797067
97.22145957643238 38.92710917800927
104.97468258868321 37.92902839934305
53.075887277335674 18.944958316753635
103.88226265509833 72.30659001561696
102.73776629269018 32.190510501199824
106.44404384833626 125.01999160144895
113.5521713054 12.380802432864568
100.91290150247711 62.56378364966153
109.63859292581272 11.710325647660104
125.48849101379649 69.50145758781649
104.09640141201217 14.246004230459123
105.73186161374235 20.627615457628526
93.46175381043535 107.21323578077251
95.49997633381452 19.670136489902514
118.18777773397849 42.44343165236153
107.57766269028173 21.929951356264628
121.23392213754013 8.718814602203423
104.42995314917721 78.09514500306581
112.58232261578273 34.22031323154813
111.10597105557865 8.495689877035081
88.47913518498771 142.90967755371895
100.7407360419801 128.85822910670245
109.48094683714409 86.50719163864149
98.81503440724195 56.63554152497752
84.54364058769389 99.86101126303626
85.35921918747222 -8.832243604181706
38.97208941101721 22.530438531158158
108.26277089736608 4.7453495925422144
132.04250182408987 108.53597377381922
71.11928050147945 102.64811099598096
102.10033505860869 25.32878019620183
114.38058407737978 119.83681535358204
116.8246702157245 32.510934225429665
81.43451463080186 123.56185849130591
28.08572731407627 26.197420489222868
117.29171309769337 26.4136208484569
123.9187777268112 16.036461599548325
99.06005670527743 8.13617706281545
139.18053929456272 58.36466126928952
109.22843470520107 13.52470768896194
78.81789814794595 115.2903015318966
102.73081159842718 45.65012929000788
64.87613522196096 108.21838678085548
111.67576000162586 -0.44894556245489614
107.67086051234311 14.604163080267716
112.79409240184332 60.69126038510875
100.93455130970308 134.65599847984546
100.35917671615293 17.846444707263533
56.930506716304194 14.160712163489496
115.83713365959382 22.213616734261272
79.67266817653449 11.37778160689565
113.89934697586709 118.26989053025207
110.4961691198135 8.215689470464321
110.70676176677658 24.339981809999983
113.3656360964347 118.12901439948352
118.82211343442354 71.69634772085323
109.58547875211201 19.945788448355383
143.9026027263442 118.03487686591201
112.0879985978728 20.400888714937988
105.70858346681885 105.356456173797
111.71127965664643 8.058423557338454
122.5456450856094 21.464721664855563
54.20991768718391 119.24687734265608
106.29276702059573 48.4468265494978
103.28443475549541 20.99256628175936
127.82783187961087 -1.7887439263183493
118.55260016121088 73.29779847430368
122.03528300911832 116.38669645441495
135.15444498614198 116.21045316194966
122.0237335507702 35.30132211852952
100.77399355135458 18.522333520608466
113.07300411553645 21.28931660380654
128.1688787618193 114.3920075496027
113.66006488985 34.22641933377561
112.86015709221944 48.088227706090144
95.49523875274683 34.38739216395559
118.61442977782717 122.79331257394144
114.9297652777545 19.164160233391666
114.46749571725346 83.0057351394126
128.9296896700314 -20.010196979814527
68.15606044754557 100.6761643114721
65.326821619407 9.88254254738006
102.76528426041247 21.412461763433445
53.503511369598534 11.166408736451107
63.09450093673583 107.57131740256492
110.2921010728884 26.95706832363201
84.94441129609712 90.79188756874005
110.00821607807273 119.99422163953636
54.322485014269404 19.249245380802694
108.47758580396275 17.69458210438133
96.77152121816118 58.168858656915546
83.76751301451972 115.07192158221945
107.56121192291579 121.84241253786593
91.8612416325955 14.937048297803768
107.71179475808447 92.30704685675394
89.84313780957585 72.5414602699078
110.58492737814771 9.386558558984168
115.46901770127064 94.14136079069434
122.91896540653455 28.705526818678557
110.581733809654 113.48361295381777
118.04771001565827 113.47971920012817
58.738884847997355 32.545524320736945
100.69398411217455 15.43938548813544
109.58025009981621 14.752379366036944
132.9626346607575 10.554262462503427
92.68286984109166 13.83054922219971
106.02038134860715 26.17960127020947
66.03970601428043 104.64833669223489
119.23937809276227 146.33600760904434
126.29818377212798 32.493758388426
110.6029611286764 25.619898408120253
101.62420738082591 24.208024070200505
108.2231313697057 14.633707396638586
76.30204858489758 128.33787838960802
97.37417688595447 7.136804274698458
81.2239327373554 16.03450035002685
125.80471297425687 25.700379843652545
125.86164747897908 73.35450462273502
102.22504885468798 41.925237649884764
92.0099883309719 9.590882403850928
114.67559385134403 19.374140328173603
119.8371706544882 19.71692112247311
121.010727957098 82.58983734138863
87.5686955363969 130.9219119624865
74.4079869479411 24.244156940697746
83.18613093001319 23.462622952340805
98.08984674215026 25.38689670607369
120.0873679235894 73.68017386375435
27.444863277917438 37.72043819240109
109.42975920071898 127.99830666066373
88.75501929540866 6.176336023032947
112.46613538675402 71.72929031326895
109.61089363360614 16.47165359578581
103.15970576441569 75.59728693363323
114.14274597489185 18.259979041898998
111.22811580843657 20.079760292610924
113.24365005360518 47.20795974714801
109.16060155668522 61.41890997999124
84.31816432002924 49.24391121340662
82.99565038791134 19.258598984440006
113.34835760398516 20.780821785419437
98.75992771688291 41.98298897854397
135.037819183055 16.844092314265815
148.8307084154853 17.23390111138524
109.25991702351175 17.407547941328456
103.80844882501133 40.5544889174157
109.43689522669841 116.59878789142188
106.70852091496627 38.53247044976374
106.40208926654861 179.65250131366216
93.47392200364732 132.9660068153478
110.38672969568101 39.4377431059434
81.49992985122759 10.748493070459018
127.0953957644911 9.078168424996354
84.9506197623143 132.8638897811857
