131.33844001588852 136.51149420814184
10.797074114231307 144.26101442387028
124.63370186770148 132.59768662746305
50.053640242679364 143.584650257861
21.08285173315351 19.639591145085518
107.55621947201267 119.8737664371973
118.14631744889084 8.88489630938559
115.73780484885772 137.2336493127153
137.81912398549807 28.42617264508558
90.4635384433072 139.04031490356914
30.381727455399616 30.230384012965068
138.36605036202616 31.401131169164284
110.80381984475697 134.36133991144655
47.82597283252003 126.6449399747664
104.44968828587618 141.62382213846428
103.25427541443429 35.17350731254749
28.064886920516273 4.217871583529168
119.1464548974444 133.99254289067278
47.36349298895471 154.51765635691314
29.91881440561553 118.54965915697447
108.58416008448485 127.17196387290042
103.3133917798597 14.4808415301464
96.475567480026 -6.285057931802141
119.16006731451034 138.9358955656641
124.91710709006345 141.21866511349648
24.52481603885899 157.13555713902878
54.255712589314946 152.08265362837363
111.48335896249908 133.2630085230015
48.86891238828918 113.6163852702459
109.02288042456063 18.308453192430147
96.54359965442586 149.47142802911304
108.53551581319628 32.40644581413104
99.98575343064552 124.41547567810402
27.976417171332614 9.015565210540949
38.62949465700068 132.02655593850147
16.94320145749328 116.37175702031884
87.833354735282 148.5693449074948
116.36482324829416 30.14469267422873
136.47769026902782 121.26654091713522
134.23857312343674 28.296136886392247
40.67715695392004 139.61938532510473
135.68075538046412 136.55970980296772
28.528109199246195 18.338047315277237
97.1845125130124 27.044555123463198
18.286952619517738 16.9615428793929
105.29507578639424 115.83712615693479
26.592601698734796 17.601692574633574
97.43423495662626 160.25810478212009
124.05091013073304 149.05088068721966
87.29936124995271 116.65863233293109
28.72797102559728 26.42366218517114
44.11642285381805 161.05646015980645
52.341494599343896 118.29696888775557
20.258832825422118 110.95845906670502
135.51903426772046 129.06796384956812
29.773783133140096 113.3135936686584
126.56778226822085 138.96187806242133
19.94762581714111 9.448626856611481
124.40649979008819 12.346015364656207
100.94403067348425 136.36912007327814
104.44448177633267 143.21852868297992
106.18083996274609 137.53156007979575
120.41955179390669 3.0222709224031887
120.72911788413305 138.76442522217602
130.87477744651164 17.136502947148692
101.1184066261511 -3.464645522940861
27.43796913223946 -0.8041844967600509
121.16076177048959 24.23089896364878
111.09923489314832 12.078298094321195
41.8806853932514 129.62349289288628
122.95558061618328 144.73375290420094
26.39004427073037 21.141851945748286
111.86980036283816 19.19904405677976
47.72668631784665 118.91375705123485
97.54980814717739 149.95299542545763
31.169811374198396 122.27198232615476
27.721744694222977 136.1019447294426
124.27524701913713 138.56485549617202
119.03507073593268 132.10491119338127
121.93868185573973 129.5714863294874
117.18048796858658 147.23283087643128
39.6364352620184 137.849845290923
124.70915755752942 138.67225438171928
113.79482025298432 124.06219827651086
46.88537726689569 140.361034567598
101.78934074970519 12.42861542483095
138.8003112294774 144.0806029917685
108.24432885927409 132.23337798583484
20.710189824948955 19.353472762793338
122.53621967557406 7.013519939712355
26.02425305628942 15.94775427507283
29.87943341203475 120.2596282457217
4.624638897788932 18.08594288590697
108.34744954962645 114.49989164118928
99.19383113925265 144.90079971965517
108.10024786135591 111.74153946086527
116.23391848194103 120.67907909369885
126.2265705251001 141.03906795044628
126.44235643119664 14.946270120909
95.69238687497405 144.73718542252595
122.79474894497659 11.384833896442405
14.019299481776095 3.078083552002799
99.18363280335625 18.01385468490223
11.426903835747462 12.62920031634717
108.390940886774 160.6674246304207
123.06200243358076 31.418377411757014
22.877937541659293 20.582758187151118
21.19584495668933 142.98557377926912
92.47601983132844 144.0699995858505
126.06647079042038 19.73991729302017
23.625898362433272 20.444591753274842
128.55930019130275 28.410993280485553
20.10500983666673 20.090751797584268
101.1415693019009 27.504654297026384
115.82262304363361 124.5139155795799
138.00878787994122 135.85048378605276
120.8325667367771 13.397602692406211
45.13816586136295 105.83094573060231
116.11242917512071 19.41713347376758
20.69535089093003 22.330207337818887
123.34816223142101 143.7385249754675
109.19812203780977 143.51372684751658
38.07224406024287 122.12999368954675
134.49991114137123 123.76719746605868
125.50697754526881 34.1972728498614
135.6713848210968 118.78343000112196
140.13160147648833 24.682178350287813
31.642532413472093 118.91928313565079
103.50139865773791 121.15747633283847
108.2809202951258 20.635790560049436
31.123388327182557 148.5001856126272
118.48795407323308 26.562988038581672
108.7862722381279 119.76829519325372
120.58419410749957 133.76632502972603
132.7617904891145 134.9606728713774
135.13447015806236 15.669939441985369
127.39181961259335 129.8539465760779
102.0192615377802 154.48507516786293
123.67010622035505 21.997449465338676
56.67672388423057 134.10207869976816
31.327444651030262 117.65587623678363
119.55517787015214 124.41093638370097
17.15083570903881 20.40256170325156
32.24866526021683 0.716002922986382
108.46422523021617 7.492105760493276
46.128155403804854 125.17095776586245
47.16636982663546 119.80671567481436
120.26576834272143 26.700315454355987
96.14475171233163 136.1019650478344
33.299192747527435 129.25001472393606
43.669948703013226 145.81166666292285
107.73460678280607 116.60193683560377
121.91119415528479 122.54231294572152
122.5396094752219 131.53681521937568
18.0107242501121 21.479305868296905
103.10140285372027 1.220974640483242
137.71072351943923 124.31058839787723
27.315725991427907 14.550589477576239
98.43196046382681 20.76575034119228
123.53152756599556 14.728636272259243
99.41234133857381 127.67146510104419
146.06998931688025 132.42021187207973
20.867317907724825 132.17456250710993
45.81552908206802 126.83021098802918
32.12974449618882 150.7524452544074
118.80708091233551 134.7544050795312
125.84913751991928 7.307288711997722
117.2183365969538 10.408049787729029
18.7924083880484 16.559737710810786
130.93577619716194 128.67597724102833
39.153208009042125 131.95763857019156
130.33816823779043 119.33899950194014
28.60033578861752 112.02014306366337
125.7442224403155 121.69402730506472
17.743533285898458 27.646787863102855
99.70638186502993 143.8066405157578
113.5166055500471 22.477172359376837
108.93832781801748 13.860780234991665
26.362782533122058 144.40282470517826
129.46489919395876 24.213237902742943
110.33418009075072 6.75658642783287
108.90520862749354 20.26384932277015
90.31796679363532 147.18987824256234
113.88355950459368 125.56079062865241
103.8331108227975 17.410570645869516
111.6871081125372 22.711013754710986
128.65428512131191 132.71522096652646
136.05272389258644 115.52765444762476
110.28038104468732 136.75378301418493
131.2955177390624 122.16905887560036
137.14617334351362 138.66725462137902
125.35792099668997 38.52670489036145
21.39550391220427 16.198367183863578
113.7308142668075 34.906380294106434
50.14645748045592 151.65621245307364
55.4483552943647 142.0444744515451
20.770537376798693 -0.3335971958537507
106.32120702611026 123.09091665921812
104.85287849563989 9.989587930964152
133.684580576959 124.60312030761723
24.27481354075563 7.830782772691686
46.20441498462789 135.09562646253605
15.643844534754216 17.484092442638577
120.0061337159055 30.832352527032985
95.2729146006955 129.66758973167433
110.82141309007454 20.40813864950423
135.21556513151754 133.1183054104326
44.62689650327882 148.82500231978017
128.95421586837972 133.43759186850244
21.310993489715134 22.1234279737758
24.0118263748857 18.564680264570192
46.938380264573205 144.8655096835224
35.91279267388118 153.07014002396934
19.18694319825065 20.820315173134915
19.627143611621637 32.77890653763558
106.34799137195542 108.24049198706483
142.37345512283812 34.99358739781098
109.67678363815183 120.15077785045906
105.7796554618695 39.54533635224025
115.82228509324275 -6.875540652549604
45.017910006232825 131.30756778400863
101.59016875742715 150.10887144138397
117.78284195823963 23.140769261535855
59.892069698830085 143.29167964155008
102.90802340623628 19.94809727846434
116.24713881300245 150.76541208592872
108.07394616175188 39.569056305836284
2.5412012578503695 21.12190056984316
30.783839367035736 121.09330478212867
120.3036314862202 128.50899939262578
105.06471139875669 19.32449106120431
26.282515606627722 17.323880478593107
107.9254403642237 140.5090792549794
102.29529321616056 115.81666797178072
107.28977764040651 118.64051648343396
33.943751686889556 1.6620222360512766
107.24270473539292 29.48299188395384
104.64831666117537 139.16724500712021
91.59454452106075 123.79214434264252
116.96599112005413 0.3727308238856346
16.857527501575454 -12.105007241156068
124.3593862891643 6.878452565254186
104.90078390262178 120.06104722647629
19.3160484236061 21.298682302974367
112.30876554419251 136.72290715677624
54.88306995295721 142.212312933578
53.79558131583867 141.61042599485558
136.3676002927663 33.505259569092466
112.9888213089709 17.669879245815284
29.985205549842853 29.710847475678428
20.754120111418352 121.65630689520862
119.32663954447516 16.735605845274208
131.2530963306246 124.24809078097539
47.06988945458744 122.01130107063365
19.245654075017335 18.6400484488751
114.10612851614852 14.122737008782119
29.631729159881935 131.63738141212315
35.57027452641469 121.98151543312767
108.85384802431301 124.56067041775876
132.4955983261639 27.91354524465289
111.53409240222135 141.8278787329204
31.686860284381215 125.66158599546353
29.746263741988948 29.113282721375775
107.436568729891 144.03399394112552
106.06738093297885 147.58960581102284
28.686405717620314 123.33217876338685
108.73431782472998 114.84771730074966
26.925709625574804 165.85808676219017
125.60458930678233 27.761548540401627
110.514728326092 22.990326355360818
89.54014255581806 33.870946399742266
122.38945994805063 27.58723353501134
116.83942341849736 16.92059390142474
34.45249055039635 143.03622235846584
43.17049932052371 150.7099050489718
106.6700494321296 115.31244186765801
113.86908320142989 18.947490747986883
15.760685920803756 16.752962007045348
26.072403296759127 25.41709820164938
17.133057075117677 151.94535321288558
128.52883528162064 34.05836980579296
17.951012348098843 18.109600086544887
46.218725789775355 114.29144385321517
99.67661613279324 138.35423648392114
126.16726972302749 148.38481715714497
128.65316291515077 31.305611325107474
95.44107671343423 20.952760585742407
19.19143743111161 20.91227758974232
118.5462910171789 112.90847504814464
37.42164383444812 115.92015358928128
14.432251334091017 20.907437587443468
141.2699420203359 18.98324784746931
121.31854617685434 128.04616265473953
95.87244396643975 136.7997762630957
29.401864699446975 3.649487488332583
113.59132821085376 137.3611770134029
130.48097817216544 27.403839729748423
109.1879064924135 137.68127345265063
106.72354934206763 131.17791584071745
111.08379946772642 120.41305509938242
20.096752332373313 19.588607527527767
99.91693314315783 29.277433812011687
22.106789644340754 105.8781811567168
37.92008678111182 125.61368420449661
28.67042732188597 -0.7889963167732077
16.17752554158165 18.533862174619635
108.68819229330515 20.754714592588705
122.34781023703181 129.07002904009198
20.389470130513292 23.241489014411464
38.00095447003148 20.956321396097042
22.780020859377093 13.699521358741265
121.41926733633946 7.827632121672024
113.21224255808241 137.21955898272904
30.15311151560122 121.24279816595634
38.23248096774847 144.4747757026731
35.024562679512144 129.05314727198794
26.10490338962652 6.89379365646231
134.79771932966406 28.185548756486785
97.02875320352064 39.138261388174655
48.790590894795834 114.04681676255677
