97.73556158513843 111.91354055752868
4.473656173036804 119.62193374159774
99.32536717185776 59.554928714366525
78.04899709934014 111.85589031321095
36.10372894781818 32.815187257194424
128.02560695727325 128.75706364066647
104.18412360321064 33.73590183847801
103.95864510491624 174.73398183371256
81.33528035148926 4.776147341960185
124.27646666732284 33.09104219512385
102.4053105279216 12.490996341180303
88.35386570926195 13.798512561203978
111.3830049031789 2.6923966616225803
139.05061387464718 149.5312055691741
133.1393411402966 114.26092405848622
129.4331951531676 10.997310927793752
119.89060195344967 47.23786955699556
108.74482422685608 101.5812239598399
113.00045535746473 67.91874455232671
96.21625535468038 128.55337176402222
116.37453024955201 121.96146437921082
124.03378391859303 52.45738009536078
135.2661098362349 59.85815849740172
104.01908391265111 143.4977587843411
102.86182017092199 108.37496156312068
109.12445728681315 -27.396625535581663
112.59571848975027 20.721306066102127
109.45021171642617 -20.34285818776562
66.40776345462619 131.7400961803384
110.06933330395249 38.0144211275076
126.24272479707759 43.989221566129174
107.70866571843361 12.452117127930817
116.6832246440874 114.59500968613361
117.6622313201722 5.570845948897394
112.26752236489759 120.48490651479199
112.59866795116233 124.70312256189698
145.9152701879862 52.11439709083675
101.45775831179286 8.801851612154364
87.02030046534956 91.06785550376686
84.82514558447389 14.314806350141483
132.33428089011767 149.74805123111253
85.41904949563167 30.97010706811756
64.12226870083106 20.225155199328892
138.77471545419627 19.0253436413967
68.54918156912879 21.56612288849641
127.13705078563771 126.4164822285921
104.7465589599719 23.181833292581338
112.0040667420452 30.916464953298853
98.75095798980163 -3.285470804240925
132.46892429181435 101.48692359238578
97.86379949330396 15.760541517191736
42.024160379315624 20.405897226631957
124.54915549033892 126.9736785817028
115.86772307374446 17.896750891256765
87.02530372938268 114.24424785483099
110.49384777717484 104.14668213284521
92.55809307706687 77.69312819544578
103.97186060026401 39.62661230214688
91.20829550293213 29.726738468988078
115.00033456142138 25.018191205625662
125.83522958590024 44.754804594828286
91.3577531544693 73.43108833170403
99.6419828724043 39.928805994893956
85.23137388445977 97.77343934638412
96.0119458392049 23.387441087180285
126.96082163189563 43.44103099255956
92.8751130942428 43.72615291537447
105.25198355118145 14.766669503224518
117.80320230336542 25.366526104895353
113.64365116384236 85.13321820224104
103.46973111853036 103.21792275841383
97.07600254565635 25.236104993625947
116.31983889155167 26.17411313248372
128.61015814582615 128.90372565171714
110.49157487929791 -8.773094133674627
115.38031832875014 125.51284168077586
80.31373512915293 114.8487797713938
101.3873267578253 115.11174096470816
91.9184045565003 125.60012273177641
94.0599333292012 106.06785677321655
107.97380958935909 66.54404821245387
44.61876872922735 18.702362230122855
101.53928096250675 48.52591789716114
113.08536202354067 123.31285729840229
127.81524315409341 13.761264297490982
121.50001821584958 38.87616714212471
76.28563192259266 95.45884904926567
114.42488985869117 100.43466680504555
96.22929271708063 19.662647246364475
108.18299095773295 33.14784900560104
111.82060046364506 15.80783452638928
117.6214088115032 119.81058850039784
71.65685823801766 23.50708531230039
118.46936608392072 126.05996044395592
125.36664002403484 107.95893193119585
108.00953149951275 66.28958283994524
114.05922370928899 122.0578999782218
81.91309366887157 153.4849546609627
95.48682090217078 31.300976779002315
123.14264733167046 44.681633549614084
95.7935649034151 43.35036489232872
-3.901992485709376 45.83647753984593
114.16743439930177 19.01120326615474
39.51434864050115 42.90902889115503
114.96516819011303 118.51164070396665
95.33521201009347 12.848109547180126
85.01978991470945 19.284380396130473
44.69704382481814 114.80932851167007
134.43500792315209 100.11368040154059
98.0455544510665 19.845435488197772
109.68788812458608 28.935396039516824
92.31469052022288 12.845949837680974
95.7223368384742 37.372591769339365
136.00943706475152 16.2479701438783
95.5836286226322 57.688176948000155
78.00119305720986 142.69825845977633
103.55723848504434 20.62341222827058
127.01171868969652 60.734328222550126
114.28709871684596 15.084060010707125
42.85167064560216 26.304327117926434
97.25461936475595 94.77545558881758
112.14134877325795 117.276820536019
100.90233936741835 119.64504339440653
68.47529964963827 118.74560898602998
95.8154177671659 6.191363554521556
90.20463789739713 88.61122265360528
94.17580025128092 18.539882581198448
91.38825173873877 139.60472923438812
102.3256492172986 124.39928445778015
116.94455055661841 22.28027332116818
93.33785029733914 81.15183534852329
104.16593617414766 14.616027886600989
111.4201163210833 125.19297004162965
97.92108808417838 111.61635463198215
66.27917770500765 91.13083333215278
80.34992089563853 25.750945793678202
96.73844024212978 65.39412678649624
120.64545128418546 139.53844788926114
97.20492931497724 20.176285057395727
57.28460786589043 99.3952009638673
98.42710660670903 130.6320745607021
110.25824607137946 117.26926990220936
104.1237820242743 19.9651780551607
110.41021775164114 45.713569748807636
117.88678053560568 67.26436489931899
86.5322007483129 116.35643144010761
142.44520717436086 127.34442780941484
101.98961441067286 15.90155495247943
126.40388606728307 16.859514327323947
110.55090914381974 127.93226497023792
80.61909222960588 55.86683004694134
108.5409309054662 122.44764507489806
84.75731432736085 119.3860443644619
85.92817242959475 92.74353125312521
27.247280818067082 22.845644216116966
118.62591700742877 59.66095217882392
83.75613993351097 135.6325792357715
124.09524230562903 27.702020061783788
127.91378921493397 29.941332282901858
94.23294747178059 29.183943107643664
146.02756448236673 122.90869377365075
80.34573087663091 106.40191988177102
85.12144813994887 70.06757164347385
138.13424510882152 119.040585058225
101.74050906415367 46.41155369654463
105.44215757909559 63.83661265368726
94.99345411709447 44.70979553059328
104.24479369601072 39.06952867137234
86.26241845559981 39.186749252696785
90.17975928509634 84.42234011909628
119.53026258108335 38.86247451756771
98.36842298691353 129.99335406468248
114.77856346152262 25.510820261289627
100.73520065847912 95.49057860093347
109.29613638735417 21.588514337186336
124.49552367766891 82.38845666264781
107.52416717339356 16.630356842539303
110.28285793533936 26.301802785561215
78.21863355424996 124.91321262392154
86.90480216115922 19.495944712915588
120.35993039634445 45.30476018288674
112.29626090008713 26.268318189675878
127.6784059736302 12.47243076919915
106.12604843972908 118.03338421218393
119.8584159925835 40.67927787306918
114.87128235519477 17.129030968690376
92.99559472776512 139.19993722434847
84.62621040994186 133.08712222080788
114.61546363085586 96.60275534021459
89.38961704125343 76.30922204924249
77.84220045275731 131.7839647975968
75.981996476519 -3.362906894054561
53.379436891677976 32.40155534159825
107.87734583845611 6.610682731364255
144.73595388102027 91.83108577621456
60.337757016742685 109.38293943883167
91.72595457007179 44.61024514422349
126.89905975842444 128.9049617290576
123.29851577671306 38.675541390469036
78.61297264150085 125.77497193217933
42.653251189816814 37.03832783700127
124.18906707686688 38.126232642108576
118.4333929732319 24.80482649810749
101.75366408423538 10.414267946593283
143.67929661966286 52.707915776257614
111.04912468771424 18.935118610404945
87.48190443336844 130.30338125084523
100.6607131234938 53.50130397969878
56.63055048754146 127.26533143696616
109.00383141242968 13.086663920749142
110.52010436384802 19.15624059890263
117.6394972749248 63.53570734284532
90.80640834526446 127.76556736179162
108.8852039875536 27.093741726466206
61.408843252406385 3.4158437812715965
121.26866091701424 25.846808739145782
82.8763040711059 13.112880253984823
129.41433050500444 124.30900972199277
110.16284501681845 9.55885405021104
111.69475505847339 33.777428805804014
129.05744678213054 118.34092761107756
124.75210174891842 77.07216928060963
109.2386950800645 30.50856303580677
138.96071610058925 102.14813255533963
119.10581868159737 37.16965273892058
104.93538531827814 139.91457660402762
111.51096103935227 14.179448908587926
123.9073505507767 21.02948060329355
61.76228062711611 125.65699922924829
99.71339755820154 50.0544543086303
112.1276526461078 28.881753879678033
105.08918546239296 17.816773650078275
120.130303951875 103.80356656340676
125.60656088423741 125.49375730970634
118.1697129877647 119.88162348230505
125.4601131276955 40.54145997019372
110.46882389969596 18.963393275376852
128.0229687935341 24.34305652437408
114.71826433629201 120.40433344174816
116.20243802064317 46.97941642844133
112.49964958311298 56.693946232343194
97.80318331609372 34.322039593080866
129.13187657644957 124.33597277354224
105.2378499253214 26.48801460734771
98.43972320893548 94.81136665660344
130.59945930146506 -16.14592131104892
50.32513201053366 99.50853508953894
73.72929444552915 14.781250817735112
97.20953081326074 33.26691319230104
77.41138426065528 17.238537225807555
71.74972989247004 149.2031481262464
110.9152289676634 57.12482850642475
88.22213646576083 120.68325389795783
129.27384641257734 120.12352978090472
43.96178749294298 20.049146445351244
110.28954474608113 23.81901965412406
89.59730732905383 84.49992018953209
101.95900287556942 117.39270513517594
109.81189270521571 131.56594742313928
89.22235934456705 15.983324863532065
108.33651197386109 78.78559869130252
94.95807346783144 108.35967852909994
101.59309496623835 15.392956126617518
114.43334456263017 98.76231154250411
121.88058346548353 51.70977522909945
118.25382729662272 121.1348862541817
125.96021645058228 124.31389268171363
63.13200667700501 44.031781874737185
98.26095342177766 14.985300535487426
108.91536837998011 24.45563280961724
131.07156143940793 7.674902287754098
95.86586319605279 15.455367914394005
104.9404974431069 39.43445979658789
71.57450702482453 108.0918303402061
133.3399576843976 155.3323032744466
137.10790984648227 53.45159573751217
107.33734041917727 32.30143748016627
93.19291003068419 29.58037773586854
109.52812383066619 20.836977202358977
81.3264714304603 119.16910489766512
109.39553486200768 12.763476385256089
66.29579122805528 21.406402744574034
143.52111220644485 34.747714720742366
130.15397920344063 66.87938717869439
98.43377964419903 60.91889550169109
91.24147509592345 8.787344359033542
120.84421089983765 20.069583843179092
109.2157793540182 19.745042096881626
113.27167345237393 81.52588481844255
102.18805210760748 135.02123008670972
68.51770157452619 24.8641192646858
81.41875814780923 23.926709413003408
102.71397986139691 34.8589319562909
120.4211166528996 53.807589103586054
16.02724370587093 36.996328028695324
109.2968701385854 156.3162343388609
89.26563877712931 6.69046758373446
121.20129273033187 79.23018788309483
121.63685755865822 34.94150643677032
114.32838347712666 103.67907329548778
110.17538786461171 19.241862248595773
120.5869527264113 16.365491713538198
114.02663414691477 58.148383201177914
101.40333292191836 81.64409686856041
75.11113466271124 60.13498154416821
67.33735493790466 25.448526847506567
121.55941899806021 23.40158550601664
94.2646545116724 49.31821229536067
126.61445507527394 22.180061663914685
140.68962907158362 18.203689955550693
101.53494168281603 22.843326704370618
103.26299588234141 53.95569670881686
109.2100697209824 110.20108636924718
104.36468381403925 47.45311962923852
88.128670902349 179.4905455552479
82.27020334826567 129.74321250019105
110.16094653603375 35.59755480049615
76.37665762603514 10.883643077129078
120.23568436855659 14.678428822807613
76.44702796049884 141.0836122079701
