98.55253976159749 112.95461668216106
13.810631786096287 115.64203059628169
101.21885318539526 79.57109955830725
83.16388212228648 114.76773861260057
47.42888148487826 37.98630465866591
129.9276916486496 130.42039554375057
103.75711015687489 40.44820673883447
102.47821564708086 172.92687843375714
82.90846228033902 7.025399569191713
124.34254407873243 31.836838183578532
104.8070782539566 16.883604534859373
92.89242556315196 14.507347080487214
110.96076806426994 6.295095603495732
134.1663646918081 165.3669802176625
137.33146104753894 113.51862032463585
131.3663078643411 8.99542272656387
120.58440534782255 50.20487992582294
110.74788124312951 109.20722800793394
113.16249077111358 58.853786796077316
96.17436032641237 128.0240098204223
119.95898318061693 123.44954162827369
127.13465797624009 58.4070237377735
137.06483286299738 62.89258632207397
103.38076451555217 159.1867659790116
101.57426617549214 105.16559296119881
109.86877534438938 -33.5664380047803
112.71040118554912 20.94670945855573
109.35957081878685 -16.20909196510259
59.65339066400452 129.5544284396861
110.46254351440614 41.12704131376979
126.98025007002498 48.969679770755015
108.21726924267375 15.411860545192383
109.62900821586015 114.77293739631205
112.89095735712613 13.625333522199867
122.1720645037399 125.19456235778759
113.24755886787413 127.92493433481864
147.24372100528882 61.70781361153824
97.142472700133 9.158070343033325
84.36760628938144 101.96251567654407
86.73762492649107 15.784086438225783
125.33690534172727 160.68711336654061
84.29765633005806 43.2693602509749
57.09221956196893 19.839485995000327
143.04038719052065 18.97962875675574
59.93725569474171 25.624277802084578
127.0262714822437 130.1058477840513
102.79624004449926 28.721214322043643
109.81318750120337 24.258880474573115
100.17638670852533 -0.26779460603723426
128.3336321059405 105.88613006881404
110.21331716372048 19.01235250270875
51.3434678574733 44.46215953801649
126.39295354125966 126.10510728157546
120.97351051959298 26.30961388038641
89.50724367983952 116.52360825703708
111.0127736096011 92.92470879821656
95.2365674031891 95.6566455405542
100.52200211490083 40.310360196359284
93.70753128471392 28.635340580763824
113.5123927784722 27.397383534048913
129.46436265443415 35.8905904183428
83.75872771106924 71.58165322260903
99.1296886574259 41.73516994165402
84.60822995074618 98.49039381793739
93.79181069792108 24.40209454522843
129.60158647197662 47.02379965919262
82.63342674641636 50.61246748953527
107.22055623770939 15.89673955196656
117.52035059560932 27.05694788668209
117.64671372968536 98.00171931176574
105.90974597581989 98.24009976465054
94.19649006127074 26.24692921078385
120.72744272023152 28.928068896369606
128.4189432400867 129.95869247903903
110.1174969687105 -1.5651475750864696
120.62244280571096 129.6544211992737
79.28563368445357 125.16196935203273
97.90759056016358 122.92580759942747
82.8019768958853 121.57186406985261
95.33601341380353 99.18564936678325
108.98955658594633 70.51515530519977
52.56869823763376 23.154428264791697
102.2210272109172 55.62620077415667
121.07236080671352 128.13695116901462
130.22439022320867 20.323768243363094
122.28100259273592 43.28359474219982
76.67980909261571 100.75801032601674
114.34868267743526 86.44154975204209
94.11099627801401 19.736050475510073
107.34946888312274 37.856960373755186
117.96736989987714 18.73956437386513
120.08381669735857 122.39363794449447
74.76638762031446 23.535762704342
119.24270994655829 127.18370659714684
121.89431464827966 98.9324538569422
101.16237950210922 73.02633318493322
115.55058137454617 124.16940495979003
83.36813474549987 160.86846118424805
97.16847225945466 29.83700669843933
120.40341298306899 50.19773755184011
93.7197688259703 42.70673664376872
5.536529491279948 46.742170711699345
100.8150692539451 19.405768376625897
34.79986557277018 43.52104704993512
115.64702569983531 124.26591977359637
98.50908416706947 14.80466453577686
97.5604061224097 20.803503147721518
55.798403722984894 127.96675234268828
134.37952914142784 95.9934401385363
99.884122717594 19.703734503968356
109.87102292987095 32.35896834477281
97.60063377417663 14.640538910709498
94.00319680551098 39.67255623243122
137.93550137001486 15.708749414277108
93.53835998637673 56.447548817735935
88.11091688796434 162.10535658592335
102.54986808536952 20.84286022044418
127.51104800113313 59.5784131059809
115.53650652742493 20.40357093572688
38.04647413944459 31.6775863809466
96.828141971466 85.51256016767681
111.37970073056579 130.60668224477865
96.51221498148324 119.79963791033505
70.08145419168315 118.61034437961374
100.24409368567808 6.033588588286454
94.09920081658092 100.08100644989207
99.04863840872235 18.533750611581176
81.32120073995695 142.7819946435529
110.55703544510716 126.07750824938141
119.16167383604336 22.517740857641915
90.54535241308717 91.850416151512
106.29719590198921 15.799962017316066
114.12482422826376 125.9197385869624
100.5604226468101 107.32745489758362
65.10035227593865 98.22352794360094
78.28084378380706 26.070076216047294
100.40512621865626 61.33494674983341
118.59973613207377 158.94465857033143
96.69954361100689 21.090267464940563
51.177781664447906 100.68460696784965
96.85512540831063 131.8651017231985
113.97375932128011 119.3471163646098
100.3905985848835 20.627111827786315
110.27841734699798 46.171080325025066
119.09645672102423 67.30118435743442
89.8219908705776 116.25954273233656
141.81508422962494 127.980774155121
105.41578571167672 16.954548222861938
126.05487502462259 30.84943361212758
111.66855985238684 131.2424573919505
71.3916539493329 59.482496365708826
101.98433706532369 133.68829099729516
77.28061479058161 119.38582067438554
83.35308297548077 99.20958400946266
28.57991380149142 23.25050130248691
117.8833427015317 58.89888472956909
86.04913561310747 151.1426661993445
124.27792588614693 28.223715001631952
136.43996069322296 31.997824078400914
92.99358316348989 28.84264378933586
147.91862217044675 126.29982217133093
74.35759815508501 119.21595731221932
87.8406136777719 80.69990284432788
142.420969319026 118.86768998258913
107.71136810927302 35.47078853312893
107.81304645823752 80.03510534137172
95.73654151385294 44.56067363098543
104.50624100064329 36.48791376697646
101.38546922782349 46.810226964176465
86.14153792928185 88.61073739715304
127.11340962036316 46.85614017885703
96.02622127693321 131.82421758623516
114.8964076562325 40.91857760388349
101.62268279254084 109.29552650004739
109.16015881650475 26.3915820250472
122.18421854497663 87.32533115214831
109.55420872402945 18.336694913158375
112.52988625025303 28.423394898041064
68.94204839292878 133.5587735540241
84.54048403981554 19.40622062233143
120.04214984470816 42.58721033554851
114.26744825998696 27.365767083793095
128.63258855220266 23.02263908440405
107.42942305058583 132.7908345133244
122.09652206256771 41.865594585155115
116.15964390713447 22.025530831183044
97.87687067841871 134.13537144343158
78.98676319675072 133.34846531983098
116.42602441788459 98.84636095782815
86.4761473558687 85.97544737341556
77.3871277256196 146.82550461973435
75.6869295770901 2.1856165597266255
63.20917724879803 35.57461934833103
107.84854316497172 9.515795035069173
146.278054886799 78.57203093270394
54.79160885218406 114.89891066020392
89.2127815312919 51.236361611484234
130.92526322043727 132.47261920620622
124.93966098160794 38.71698273062179
82.0833040388456 126.15422344214298
52.53429344147379 39.9165404845043
126.03049995316933 41.477627451031864
114.36838419100623 28.59385510700592
104.1047327955384 12.78126956171013
142.19721054570908 52.21438429572144
111.78891052345278 21.805870507620707
94.92383106902368 136.7998181430116
100.43138049720577 52.671228144135746
59.39185260017579 136.39290856109238
107.66165932845303 20.640906908328503
111.8468059366637 21.53472779844514
118.61579942228906 66.76449225414885
87.19204139285739 123.5520178480338
113.36213432244192 30.581773443017617
63.93596946089582 -0.477355279436386
122.20690990595334 34.4907302832398
87.88815477830673 14.894598487882483
135.92057930812834 126.92400530826974
109.91828494817194 11.573494306555016
111.94020829353205 36.97646905756746
135.17247593934957 118.59413687920214
125.4138335280347 77.62498081808876
109.07947367720645 34.49234594517769
132.75968432966513 94.25948178198882
121.30492082956997 43.5371349644641
105.34914066010063 154.52305117607835
111.14711037402712 18.253581501963826
122.28267973750872 20.600431089446914
68.69551162081748 127.97315739934064
97.56767305588349 53.02428181899214
116.32745571030621 31.866136376844036
93.5877510144755 28.021078647212256
119.66288722227878 113.41140836944578
125.1963822180458 129.43423190849992
108.05597772236563 121.7029188914279
125.00588253295051 40.66244483523813
115.43422745557824 19.2735971237385
133.05229008347598 25.09979050487067
106.78200166757237 123.40588220175908
116.58145462567362 49.82881980384254
111.9209570875844 55.75168198366996
100.16903253273759 32.066900906847806
132.09438368124168 124.29087609411565
100.68263527862011 29.131355172852793
91.62202859465144 97.6453171991454
128.51667974174538 -7.680732169608971
42.869320233875975 102.2078331568438
82.9527522503768 17.915633550453332
95.94245738433774 37.41581952224515
90.24484773008228 20.752340834480098
82.41560790483024 166.24775020561523
111.00906067256099 68.09641727640705
92.74404160927801 135.14430538705912
136.34341551876653 120.07283080198057
42.19345084540332 20.35220758895897
111.09360071444523 26.50792981675654
88.9747305717374 94.04465063659951
112.46150272249423 118.9107221927462
110.90280552857358 134.8556472726862
90.41528455339763 17.0431836098828
108.79473402030027 69.77050077578848
99.65564142837896 124.71740989951581
91.86894563673884 19.097983186864667
113.31244859135198 97.74374413485761
119.72530942985401 64.19546911104138
121.29398620180245 124.8462423564211
127.69086252353524 129.30024278073896
65.82742938386461 55.78266233514002
98.70071058792745 15.285008956694256
108.62486863770062 28.75469283602124
127.65991955483221 7.624957097953279
99.69362127929179 16.779946166081025
105.00744309177425 44.2854309715501
78.79653262897746 111.36655473154678
137.610278976453 154.32124763390786
139.38803698852558 66.11403591652608
105.9770330651302 33.6045548710007
90.6095909104039 31.41202556945965
110.17416095712149 23.89649781986173
82.47336214968769 114.12188402571671
115.87310898358925 16.434878683747293
63.941240216403436 23.831800035656663
149.5504239520575 47.30443106235878
129.80714196148537 64.92159637753988
97.87635775215486 72.58335093447471
93.81519741689407 10.226810796522287
122.40971323985157 20.302927714901042
103.54851286807684 19.702787164701583
108.7424065961729 81.36408450600979
105.73592583294426 135.00033224109717
69.50209831833918 24.317974002955413
84.6498714240526 23.561490890206095
106.02728150084423 44.79009162722216
119.30073883572098 43.54837806224981
11.496146373717934 34.02924431621504
109.24724212460832 165.97755602272844
92.54721543259645 8.80794001973685
123.73873872169926 82.30159434286034
126.45263922282699 41.80771046227188
119.5208855354497 115.36821552619982
108.039856070146 19.746624774024816
124.1358296628813 14.872468516135026
113.87976670075597 64.83963640742165
98.76760188157269 92.0342728565254
75.19411845211842 59.59104123021097
59.708466004791056 27.778106257381992
124.03913954201636 24.343402697736913
94.11237436298046 48.92508444044511
120.17022963225655 24.369296298440467
132.56030840539384 18.87103965707025
98.59782304232812 25.106042629116043
103.72459198611385 56.02604816534501
109.18299427384214 104.69364388967642
104.04202524692974 54.76016933958133
77.02873670153242 171.44039425483442
79.32401555348122 126.3096037828671
109.92584544120106 30.625025567693648
79.45852877647954 11.920868418056697
115.2102700510045 18.209960780303014
71.52346129100285 142.59131761078493
