99.4702590112531 111.42617825896032
20.741245720005374 113.24721115933485
102.79662371250426 92.01673246623913
86.23053119185913 116.97868157215412
57.09225900394216 40.77657044006697
130.2872647428372 130.8587395228854
103.84929785342828 43.8287106774923
101.8309089977651 168.58299519382973
85.17808918867378 9.26099348235178
123.47495263248486 33.62705454455285
105.98019135286586 19.884650004564797
96.7133914420049 15.263370877034843
110.60908028781252 9.256248822434813
129.6583942190158 173.1176732155836
138.7233174767132 111.6509267927259
131.7261464379762 8.041428395497427
120.72507884087372 50.675242854660475
112.00012879017332 111.67744148042388
112.91625936816746 53.047746401164
96.69199792752796 127.33859398284254
121.80870056621768 124.254182577308
128.5555129003644 60.39425151259322
136.83851998980344 63.27289247509973
103.13648382386162 167.3729254521855
101.12626764028066 101.68418443482304
110.21476962664265 -34.12371319846513
112.62167525221713 23.350113352902664
109.30727396807667 -11.45449853191388
55.814107342255646 127.82183382608642
110.66764409934012 42.49102889227001
126.72576634118687 53.622801103473435
108.62713453815513 17.52209468274392
104.90181104697166 113.15009612553897
109.54212483903879 19.264003093856502
128.3920723726021 128.17601198585598
113.47148076872176 129.96140606095963
145.67034222172242 67.9302850849191
94.9819947462742 9.909340394804907
83.65811237314404 108.17265144753155
89.01432384350831 16.89606754874553
119.7949635413598 166.30922716796633
85.19086903343766 53.30700848348229
52.43664321022822 19.544913222906494
144.17830995165363 18.965631599808983
54.560829008255496 28.116504800719987
125.97519760140597 132.0174265422474
101.80781148784794 32.125415369293634
108.33011303596213 19.60286178407456
101.58661997920169 2.3170962016961036
124.21104941193927 107.63511486506751
118.49184503490773 21.206934162431455
58.11448501399318 62.69229569513673
127.02481413760236 125.20311651382538
123.73497889302111 35.14162498373707
92.00648862988292 118.19953017699494
111.29370149462211 83.51570280402322
97.94746151975743 105.76020716030811
98.74601822890699 39.52594644175858
96.25982712139994 27.502723493134408
112.26218670403571 30.4232965205424
130.84830763298595 31.14963241414434
80.39999375695236 70.6375508966497
99.53999417666122 41.44582283509459
85.59559751979609 97.24209133848662
93.2934524367696 24.843347182271113
130.70113519190093 48.46288801856535
76.86258785154709 53.49605000562612
108.67474808015848 16.800111802810992
116.87114118523296 27.96494669512243
119.90363910510777 105.44068884339556
107.70097670529796 93.19303372019458
93.17361288182093 26.490771795648072
123.25791604432474 30.3614202372323
127.23797468698272 130.12075845165592
109.83919646722893 4.61924011922396
123.56333144988064 131.96946170186
80.05502833451476 131.92626071450383
96.03735090586541 128.00741671340208
78.12816185937407 118.81629467025431
97.11628493276056 93.53270701577976
109.68622389463854 72.27967165706124
58.01400200822017 29.059697823662148
103.18946919122949 61.13605828558485
126.0697478173194 130.82458786571635
130.6931313148909 24.6379932870719
122.24957416580928 45.35829445221026
79.08716862527048 103.742792571187
114.0772623270074 75.20380239049044
93.73150359569118 19.770395925499123
106.85752697232937 39.91852631680867
121.73397147899125 20.719906570041974
121.33469052125228 123.9814506625894
76.42576939112809 23.338040666467755
119.33158042306064 127.42257082410816
118.85944915608101 91.7245502324938
97.26167495008828 76.824922883053
116.35566683573077 125.38669649193307
85.10031485179599 163.7128309572119
98.91011358298685 28.37901866125806
117.92715988910297 54.49902787465835
93.14699942133635 40.971296345655645
12.78005498262229 46.407518947846995
92.27182137354751 19.658612555476477
33.316688468322766 42.94750540035901
115.82528273708567 127.89383495381519
101.19548962310226 16.405716150695568
106.93067682320063 21.790066834614883
64.9306699030673 136.36020807229932
133.35642424736366 92.25943885347469
101.85161814719616 19.605779170266633
109.97366309115112 33.93218479100781
101.70174737964139 16.07334157258052
93.62744718980169 40.3270255569312
137.83002187693185 15.543900088429519
92.75223641590263 56.734674864092945
96.01722024598686 172.82641357835362
102.26352358802149 20.888060629042354
126.7433174437557 59.906429967085806
115.97426349818024 23.914010842248853
36.80535928943972 34.88974429922663
97.03747529136041 78.6231971495801
110.76134219323741 138.88042953947124
94.08069482677905 119.87810677332223
73.10950995129228 118.56197385384867
103.76405841338413 6.29556924630159
97.59970096895289 106.44335112854554
103.07259703096061 18.574385379894355
75.65407830664397 143.8911689307683
116.05303248348675 126.7959711509358
120.06868225185065 22.521148285813286
89.68477053124558 98.92550709591778
107.90307020442665 16.804865463243292
115.76374422260943 125.9934842283656
102.77366775673605 101.35243847011758
66.53170439557537 104.2504813006785
78.70935097026509 25.963770047525145
103.20231911838489 59.685726515770895
116.80557922402488 169.83686319790627
96.89009194676274 21.621182388401124
48.2148719171064 102.25878696018555
96.5469492675217 132.23361518633808
116.1179779051313 120.734254848056
98.34865390372464 20.984985343458664
110.16184303330381 45.416736329443935
119.56403072365396 65.26573862048697
91.09587640982092 116.32239074369456
139.9759800655526 128.1296034415151
107.8681973022168 17.729340105217652
125.00047305304588 43.21989618384659
112.26183377755704 132.9919239761942
64.91571785788803 61.73067853369149
97.88702799225221 140.52060785883245
74.23516188578336 119.37187187067748
82.72818330308596 102.2341957625967
31.185166337337076 23.28426795985549
116.87342974912492 56.09073268082745
88.66154209928915 160.64990243006764
124.01057697647815 28.110850144981995
140.9181574226704 32.53925089203593
93.17744170450916 27.942146044775214
147.52248692935592 128.29126043140622
72.82467025661866 127.7803167565309
90.75869629215374 87.88783391674482
143.30036587555276 118.79230004141274
111.83443994605715 29.003474917116783
109.50811012305 90.7461993713018
96.99370355696063 43.432680451371496
105.00564895760226 33.87192188666788
110.51440635398141 50.70529716797953
84.67308606633053 90.30733800232285
131.30164540646618 52.2917075100877
95.0272700469666 132.4171978813599
114.76860256082752 53.73795989557854
102.65200853604578 116.59971402218883
109.07560417389237 29.27621860890479
120.1388841342927 89.60373935181451
110.90609075329013 19.562247160920737
113.90634779260432 29.486864338875943
62.110489699041935 138.81057981537722
83.72255495939795 19.348673691629255
119.0636777123543 39.25823688281196
115.31293492199129 27.637104124139455
128.6976385437714 32.391395969352146
108.36686854668376 141.89788166235272
122.97415034311194 41.58239488336617
116.70248407793467 25.173985729182316
101.70471977614339 130.09158229784626
76.8067677589755 133.1109600038129
117.19699809396663 98.78534884425413
85.93809240202125 91.22311994632885
78.4059731405924 155.45614862710954
77.25106638225013 6.590054448939861
69.87990801984085 36.54187725109865
107.90414139328243 12.123530573496943
145.53703393806416 68.66646231982912
51.469669198668164 118.9009159119871
88.69344194076103 54.40524076326206
132.55039799065258 134.06410405090358
125.34107617302638 37.7294001861973
85.92167911535724 126.07230800016235
59.11133508371676 40.88260813859116
126.3546702097143 42.668510771403746
111.41730461278935 30.717298661019665
105.9090500063776 14.679554425820351
139.0442331264375 53.42314579526208
112.16816656179611 23.613955103211907
100.45707288686759 140.40321552896103
100.57695028700421 50.653913766331414
64.47776970668963 141.5256527510406
106.86416457121757 25.620503114751227
112.5784990690159 23.056403248963704
118.49656340513602 69.06029522311914
85.52735573746152 120.51737617503507
116.1503094659421 32.3371846497791
65.12365161926542 -2.0780439312433066
122.47525480314772 42.091465949321986
92.3931027438318 16.29304146327343
139.17287394965336 128.3432752392762
109.74166249308307 13.4797554010286
111.93529035031878 38.470415441892236
138.413123375656 118.78957002947318
125.07610874617235 77.41927900986384
108.98544179834242 36.476360500238634
127.50126122945574 88.04121961606258
122.15989258525127 46.838242537361225
105.88580792083077 162.5306605184042
110.83373711511518 21.031504407465096
120.55453443429968 20.263233846541553
72.76255917144202 128.9527886560139
96.94958169860625 55.74498809778747
118.72931663285257 33.408197453949555
86.83446147753833 34.445259735437034
118.97205185273273 116.84949470031124
124.30655943891196 131.6770173593302
101.31694437552605 122.80200736386588
123.83997448274692 39.779918288116356
118.49516338461048 19.49124727383264
134.67021984502273 25.22397915996532
101.60441588139204 125.2586395438392
116.5630270821961 50.24263219325135
111.44154440668565 53.35130989700105
102.23609084853646 29.918426572928045
132.64089294990373 123.94183105059388
98.0403764972815 30.400759856224692
87.54154399213175 98.6389980304786
126.21558604046095 -0.5475208471239505
38.61862473449534 104.7280161609068
90.32830080472759 20.084118642732943
95.51018320700835 39.340882542574235
98.13702138563109 23.027107909755344
90.51161961980048 175.13112279038202
110.97805786630782 73.38742844555053
96.83029122997165 144.231954991985
139.38192015406185 119.99655798857623
42.57166816143145 20.504545692871616
111.54441858143574 28.012620983003607
89.62404368095417 98.31702639323473
119.25336941633746 119.9494968779339
111.55090515589177 136.44238035423436
92.07132776510163 17.886125488860337
109.13173824839238 63.52514831995755
103.4427958265916 135.05981857208354
84.6216103169227 21.58120430051833
112.37858964864684 95.5666700244449
117.77181923831789 72.59948823743986
122.75559065338116 127.15446562617966
127.82581245111525 131.9064997866337
68.25503154512064 64.54695610404326
99.6009898151211 15.695070992214085
108.47911306191118 31.176152404205155
124.67415458249145 8.110525790365102
102.89756836466395 17.804487007950566
105.33279185467269 46.46041301462892
84.96421465619936 113.91063498385611
139.37415268999698 151.65980685670073
139.58354825137408 74.1790991475506
105.18182417793261 33.73973415134619
89.82005354121604 31.912113238908688
110.56522422532576 25.669287138113397
83.48721058025279 110.90767123751222
119.94252770081523 19.011253917490535
64.57635882320714 25.264825183283975
151.97248961092836 57.0413039516092
128.4545471091976 64.16219807109002
97.93272401344646 80.21040507675355
96.37654623513616 11.758419427284766
122.83729653993626 20.399158718712286
100.05933464774854 19.657023272659803
105.72234561884889 80.52251169228411
106.19302894983397 134.078653076159
71.53334361942217 23.741134940909518
87.8164212729051 23.129410434197624
108.44481411415074 53.3987918659009
118.02677595686808 36.86905790293532
8.822430017451993 31.301922197814044
109.22077487651255 170.33153359840205
95.4967573470013 10.91261318869736
124.65839256987972 83.29080697078827
128.81490324121555 45.44683791965635
122.53792499579914 120.87422409460484
106.6768238921279 20.062592658412928
125.8607449562313 14.10120701797482
113.5913420932553 70.28821329055629
97.74775623208531 97.93572128417307
76.92883770596752 56.85223000909771
54.95866387084236 28.763599940022125
124.89811544905723 24.755633698939594
94.96619887466167 47.23492320141012
115.27735047091797 25.665645787095862
125.91290343056203 19.330761064778375
97.14194360055363 26.246017616405332
104.41215472397108 54.989492755285916
109.18587186707242 98.7186628291911
104.06781770094132 60.43234766453865
69.59142571063849 164.04394229879648
78.90249868680986 123.68367313820673
109.73272747238919 26.725693384149217
82.7862973405984 13.032777572039056
111.7050110074556 20.605142061679242
68.4957200777534 142.41118009892475
