100.66800553643363 107.93582621328132
28.54486583744397 111.10229683758496
104.62921400936663 103.53362407632528
88.35353161696572 119.44704445120402
66.53826608773642 42.83517405190436
129.55530526888356 130.72884050724582
104.21099220261625 46.601042435756526
101.42983053186309 161.60689987154262
88.31129245838152 11.983956263729258
122.01972771463721 37.24551683314422
107.20249246700513 22.85848765270226
101.05826390727488 16.22312235037556
110.19789101655189 12.47451021225768
124.1641616479573 179.18742713851572
139.00711669793992 107.9597233039461
131.49331287250192 7.6125904683516294
120.58430757167328 49.60106254267862
113.13454630014594 111.78857942081918
112.43429758889975 48.28095247127635
97.63483306884507 126.35495501771425
123.10397298116496 124.89765250573045
129.09564863218853 61.097558173684774
135.7331386504857 61.9870901179391
103.14724321327861 174.23570763898138
101.12080688077846 97.25451159914424
110.48361693869995 -32.07682546961541
112.36555605811785 28.41760197483444
109.2679539600046 -5.034994222616582
52.278390418405586 125.84259318851808
110.82706484177247 42.46640096652544
125.96551483914074 59.24117370843921
109.06102034256507 19.686211737239574
100.33575321298856 109.6018709176354
106.19675338110454 24.89440014616259
133.77997561152668 130.84767746596057
113.51432927345635 131.57196651313114
142.90255008202166 74.59353928726543
93.35729860624325 11.011267069793401
84.25402728877063 112.71839539083068
92.07011722119523 18.097343749778005
114.00385211220106 170.30697547903677
86.82792746295084 64.53164663617586
48.02058784540652 19.22771186736843
143.54363261677682 18.966977362154484
49.51276101401608 30.29109951532097
124.31095352005671 133.3448629115268
101.12578843111784 34.95636659629989
106.90101918323656 14.938021524211225
103.28165710097906 5.668871535325339
119.39609780426836 108.53512318743248
126.4201661979575 23.341451191100624
65.45228962813026 81.44139945054718
127.31560784880745 124.17434861218015
125.95823671574949 45.39835328278553
95.3244450317932 119.24800931187305
111.50312838862045 73.79104827411093
101.327185711871 113.99992271517705
97.51863308804552 37.937457319227654
99.41288626549552 26.019663842451404
110.90461169732596 34.630318654143814
131.3913367013555 28.60986864198883
78.31827763635395 69.71675457724967
100.50192270885714 40.369546825368644
87.69439994603434 95.6007128934811
93.47440962561576 25.11857898463451
130.94281214796288 48.80509477248447
72.09087286538251 55.401704389549295
110.15367562435482 17.806353926675296
115.92454513552654 28.492298476910843
121.62535560244991 111.72495456006203
109.53819495070539 87.19163493318607
92.68064008670379 26.356024790879527
125.06261223612144 31.378832793000136
125.39756942984272 129.90921565759845
109.55309244477506 11.591938719659632
126.05615058929179 133.82078964176804
81.49100807261219 138.12971673128544
94.51134676182521 132.62921782987203
74.34225575173772 116.07389482661151
99.54831550672519 87.34472320672477
110.38080072307767 73.1110153450954
64.32763042087531 37.60560155131388
104.52333371439688 66.78599500167832
130.57230607337803 133.02309518089896
130.43592266231187 28.704462186749417
121.8089164198232 46.34334361411256
82.4149325999215 105.3467245025463
113.63127085455073 62.72063572456474
93.92030981182897 19.784380080990736
106.4550557146201 40.888215495899495
124.95808715778173 22.644921189496934
122.0803472788072 125.44944533315936
77.68059265563545 22.945001187931087
118.83693401993077 127.34230786196134
115.38849047730834 84.62544936083671
94.10239492307619 79.69012024204403
116.96967972600493 126.45289957658028
87.81877057645656 165.65638801543003
100.82830552948057 26.61601172448919
115.0959576027084 59.350287408529006
93.42600347304779 38.533372090422226
20.293840863763734 45.500940488251246
84.69515539531214 19.890862313804035
32.86545878997482 41.51537346119626
115.6844919663952 131.11878054220747
104.27310147412777 18.096447337647554
116.46861274713633 22.679340123370647
75.0650210895133 144.26256868228776
131.31499045754134 87.50414952774969
104.11979533491599 19.50533051513662
110.04729702858222 35.10931239826367
106.0354037548458 17.61735483927056
93.94946474755403 40.39485881043411
136.39166506032709 15.560592762309287
92.5502776843003 56.855386719794225
104.47792180742647 181.30191969959628
102.15968621916019 20.874366160340884
125.0657852682882 60.28960797215263
116.13153056861705 27.276541504733856
35.743271716877665 37.38286820708952
97.85054061787348 70.9621863537715
110.1035855526048 146.22784076430426
92.08750159592795 119.52272769536825
77.2969011650709 118.53556673332515
107.54246349128837 7.01028444022637
101.52531188788204 111.07949230139533
107.42940294805572 18.658475504559746
71.51583653971463 144.0299391189333
121.36539030859811 127.17009950751175
120.55705216396727 22.38177934170026
89.27765232552065 105.11164443943582
109.5483919272115 17.88958586293927
117.1933461979791 125.84067304519606
105.29711934153089 93.59359794747789
68.95466331083547 110.72832626211733
80.95497998621536 25.65607323160874
106.19322719907174 58.37923718244979
114.7643752822617 178.4494246585466
97.42645929833405 22.060320052535996
45.34857066069152 104.64274334812116
96.87769527234609 132.10401937215332
118.01700945941596 120.21858089684564
96.78881602762684 21.24912788752316
110.01384768158319 43.36271330174386
119.62448232724823 61.599471042597855
91.5589524083223 114.43700120386194
137.11741640328785 127.97257268427309
110.39219412026249 18.598077162802277
123.30941619307974 57.30006434261208
112.73884088340806 134.35340552140272
58.48346038302691 64.08858506699835
94.15794529739286 146.374997319313
72.23157866702317 119.34568519800295
83.08604011798528 103.15847525663786
34.50870294249661 23.20802420404192
115.58938308460087 51.27206328511639
92.06158891526906 168.32152379169784
123.23357946615253 27.549535462251352
143.76844574517085 32.67752655646724
94.13447404982317 26.5712593514322
145.36378827633212 130.0868875806368
72.60100522074053 136.0087242425538
94.26623521263802 93.49981552635592
142.64107674578358 118.74253819190342
115.8373509463077 24.002700942184493
111.21106365212772 100.79062618770247
98.99404181549276 41.47926532864702
105.76080476633491 30.384690165793263
118.92400248095781 53.753059340000064
84.63319545138962 90.60433089294357
134.56963216124436 58.719681275467345
94.37243608981524 132.52738704917692
114.46592043162244 67.42120993154592
103.9825915059288 122.50613285838882
109.00211632918675 31.88153683796997
117.50490794068317 91.97190025625808
112.17917825293382 20.791895898721382
115.07670173376694 30.12425875420965
55.92105375776984 143.22810196768035
84.24094661033438 19.295741064545528
117.50344863850925 35.118395521042814
116.08042562263739 27.55525202960346
127.78222599232946 43.61453711486005
109.3435139385173 149.90169250734405
123.40165569816149 40.58852039684542
116.8862646972657 28.109105595759573
105.96477627339613 125.41619359232871
75.88336160787728 132.26067538942908
117.57964346802432 98.06269592200573
86.45242880762143 95.55166211149468
80.25520520588339 162.44750504873053
79.78342531965333 11.69648029067425
75.96887523234938 36.58333010397674
108.04049146443438 15.018347550314632
142.9094916457991 59.09463693430991
48.32350595461066 123.01491517616765
89.27584881584023 56.0545989441274
133.47772890658615 135.0596336776737
124.7963832399599 36.04736149683564
90.70618535651283 125.70699214817996
65.56225650348412 40.844002716433266
125.93431700770614 42.956934371078766
108.39195830624033 32.372295196917634
107.85619573654678 16.713707775184112
134.68303335319496 55.04091717068525
112.3944415641038 25.244049376270443
106.40160656195454 143.06751866549735
101.02634639847183 47.894323905709975
71.32739134293972 145.622322289972
106.21498108387637 30.33068191148496
113.13057385384187 24.51357299705873
117.64837756079307 71.64284556419669
84.58114627791815 117.46596352161284
118.61679269015644 33.60953909979947
66.04408292212186 -2.5395813400615244
122.33191394003444 50.45723565602292
97.49891497254343 17.834337636063687
141.3537108361327 129.3477842784569
109.5550852210153 15.664782624487527
111.81730627167184 39.44529696832176
140.25970446081615 119.00728848367851
124.18042101435381 76.68721577577624
108.90630466713807 37.82993024422208
121.88961060984836 80.64834065158786
122.66191776746562 49.26240113370487
106.63328637079617 168.9258414454865
110.4696738182756 23.75275769391468
118.2422558443013 19.877212399963113
76.6406301212565 129.6280452558039
96.7479635950694 59.492994492118065
120.86606398546738 34.25549192846912
81.03929537935119 39.90448614145662
117.84801329766893 117.41187861165216
122.69690240950541 133.55852047340483
94.83847808117608 123.70909990450394
122.31299935223092 38.06727800705705
121.24949745367076 19.715233448125478
135.44526544686886 25.130067375816587
96.82621387216909 126.80144520237499
116.22630058683036 49.528880146327765
110.86324685337532 49.528094360916974
104.53002317136047 27.446279274826058
132.2816717556715 123.38667365667317
95.72837050803301 31.120751564311217
84.3398314354935 99.05216220249432
123.3142472936096 7.017633654844891
35.48415478842974 107.78505204546359
98.1969884393733 22.23544762918286
95.80600887022958 40.42369419572588
105.99426268566677 25.09351744632584
99.31141614016414 181.1710282413974
110.91600250372048 76.1321487029026
101.27152862837028 152.30556173624302
141.2153298901887 119.89205137273674
42.98531462252319 20.602909001704194
111.90072551843687 29.0609313563865
91.54737973796296 100.86343477861797
125.38504814132004 118.69171548804658
112.10127957649246 137.03176180920346
94.36305449610651 18.78019398946231
109.4797175009335 57.55595499458151
107.64602394983476 144.84791359723386
76.50141167091718 23.964659792900743
111.31843135244111 93.22054779156247
115.46535717333829 81.23313008075759
123.66661828987888 129.0994268401601
127.17395151067927 134.08791994689707
71.01583037648363 73.15587067059273
100.8612012469432 16.315742302518927
108.3784623027841 32.93885519631634
121.01276651048993 8.842594383568523
106.41375035456552 18.907722307402185
105.82604814017881 47.50599014006104
91.96667081473718 116.56462304692343
140.15196485901905 147.8728124260314
138.3807810448946 82.33152767857644
104.49608720195289 33.4745618779423
90.11558736574544 31.8826917801079
110.91539041806017 27.200015360738433
83.75493443279969 107.41623958945789
123.51723101650313 21.601389224006454
66.75122094169758 26.466121938417427
152.48618077902543 68.07828760803336
126.46094654787923 64.60213421677079
98.4967613460503 87.06985076560633
99.46995773103804 13.6858935094763
122.76723315456775 20.450917713860058
96.89059804016065 19.60820271904561
102.85777353238134 79.55296353605546
105.32086193804923 132.51546987760565
74.9094857379505 22.951132201784528
92.11935624230014 22.50574504145897
110.89586529727174 61.93336155069561
116.48361658494717 30.954895099600563
6.4908655392581185 28.249856365843897
109.19966366989539 172.69197501832178
98.95204967053496 13.389930011017903
125.21323257135293 83.84478108309743
130.57393640090686 48.09634119777514
125.06360964405683 124.09846388194495
105.41813269449543 20.366373763722294
126.98346361709574 13.619078267033998
113.17933966969427 75.17653347319124
97.17272335666773 103.59811392501445
79.84683329080285 52.95448495113555
50.64721647419952 29.384171882366445
125.27696448199258 25.034792350109164
96.6378376923496 44.35292513758481
110.23856901789716 26.69917909418135
118.58831652122426 19.78698993599083
96.2045004401954 27.046499299082893
105.387390399682 52.54381555707014
109.21105574576156 91.94007374840183
104.27275725939121 65.2327138582295
61.85449545720588 155.96662110495322
80.07352386774818 120.82147881587252
109.51708615590297 22.47588293640043
87.64316019508463 14.319616867675984
108.10707212853869 22.923344597090825
65.84894653227353 141.75149781394472
