102.0996614036602 101.66430566584596
37.62167964309437 109.20215533196368
106.60728737824402 114.36156746495023
89.02103677094007 119.86133751071084
75.36498928999822 44.0759613704548
128.18930529831104 130.35667774540516
104.87056234583845 48.00324887530834
101.46376819249615 152.91103219828958
92.4250555338086 14.997607086385466
120.05002759311868 42.85744119517134
108.46224489776804 25.722742844574995
105.81854116356185 17.261837462676166
109.74410831390409 15.971273467751157
117.99596996881073 182.88192043119156
137.907999918487 102.70842846597715
130.5055060615685 7.658400878445683
120.04726138734603 47.019359342536845
114.12308579645564 109.29324340337874
111.73963372878917 44.637851074251884
99.01536870486024 125.18740756603911
123.85584660673155 125.30260340771599
128.70815917795636 59.76157833079014
133.65526880891355 58.831342419012586
103.35234070562346 179.54847685410863
101.30126707700134 91.29376020118507
110.66187134349781 -27.789795914387312
111.95174534487687 34.13871966101345
109.24317103708933 2.4064926272156066
49.67251588551638 123.72905513298325
110.93144517596363 41.16209294368315
124.70135214900431 65.85428415754365
109.49977075411556 21.83815238960941
96.2653158707211 103.93620151014187
102.99409039392624 30.225752228487313
138.1816933301361 133.12236040466698
113.3925781224465 132.77460119823004
139.0207904337598 81.86830349944347
92.49440850481604 12.583205565848454
86.0746674742075 115.10562586865734
95.6815892028171 19.34837863466917
108.08644046576764 172.02638409586734
89.27334398211346 76.0331608525887
44.44449615960357 18.900932370723588
141.14447831640996 18.981824159119633
46.369863559269234 32.086643805435365
122.17599923058621 134.12772538951953
100.70430613001686 37.27520530884293
105.55274917215209 10.495476193949196
105.3372397965741 9.577695672402957
114.13702059255827 108.33787076734427
133.59341867830085 25.26373430896662
72.62614334251548 100.49422715862504
126.76471244987202 122.99057769548872
127.61163794941591 57.01595213581261
99.30805923365253 117.65513118387801
111.61109050671637 63.90149085600845
104.96244358523504 120.93437947279838
96.7215515815325 35.38907192319933
102.8083713820097 24.27060727767201
109.48088307732598 41.25466539104745
130.75323284768743 27.82865505742352
77.36579439059149 68.65603681784225
102.11006102879463 38.27978367906234
91.02502135435299 93.66112870762831
94.41224451899599 25.247153959649484
130.71334662898485 47.6011297772988
69.38255693919008 55.85129471308793
111.59467701061341 18.85292345717976
114.76572973787987 28.684338834432783
122.9132191809995 116.8555596425119
111.37758368176499 80.2049520781647
92.82909511550224 25.932314221028783
126.37569531926825 31.9656617044648
123.10748357412182 129.3239732856348
109.26106203638902 18.825444669622918
127.90869082480496 135.03058639485425
83.88671534912505 143.54125632112786
93.5132036410826 136.79236656011574
72.27122147063788 113.38363004884575
102.48911126154903 80.52789565577739
111.05279568336039 74.20023129863625
70.59736653576577 47.63234394765268
106.14454565860258 73.2952570343377
133.93415239947666 134.632921561697
129.24253633152074 32.36521440169991
120.75745821835275 46.48555939116755
86.96135033509499 106.16663984388123
113.04322490292994 50.138637837632466
94.47347597268632 19.783101805115482
106.12705713282433 41.034685359210606
127.45885519777687 24.42896056640007
122.42091032635517 126.64636807629485
77.87305444425289 22.398822453141914
117.85151380203067 127.03346530754582
111.7883611073905 77.90926825405835
91.74409236321883 81.7890388903552
117.29293092798842 127.25974699559868
91.35545075101804 165.3538302784137
103.06801119499148 24.5760583556354
111.98172351593944 65.26774258506995
94.25388032575346 35.02335748941021
27.773720469539622 43.53892464361289
77.79951254505833 20.09821583685432
33.350085956070274 39.325970520237846
115.27750609991774 133.73197444640564
107.60077001865459 19.837939991138235
125.70088874791514 23.485062532649152
85.18995746249793 151.30653172376887
128.14935041553525 80.62048997101643
106.58061242882448 19.41243503060399
110.0889091756715 35.6807801697919
110.49916742341236 19.22834757866842
94.89388325148506 39.388471919150085
133.99293705910782 15.69336465208232
93.00945130768761 56.812817490095846
113.03301076489626 187.7610277544137
102.30569337269695 20.78741057754664
122.54598470290539 60.86279039319417
116.01996719280976 30.27996999314058
35.69329490169131 38.88993931650038
99.17726685861207 63.22642025330882
109.42308427074441 152.7225880044261
90.89003096234008 117.3146494008699
82.57083036528576 118.52480464587357
111.41868395885633 7.991961823627776
105.67257094503374 114.61839942212222
111.86335301399782 18.769344895083293
68.87326131126333 142.98985814962734
126.41288820831602 127.32358330621535
120.37728297264083 22.07721572405937
89.38529507363857 110.8728149217733
111.18308290574537 19.07847860396296
118.33599087704562 125.34837112448908
108.04321734835915 84.53745117290708
72.25159439932133 117.45638956274905
84.05699768824566 25.085924120213075
109.26197374711263 56.75884746626138
112.51759147228798 185.70410264776055
98.37957655266051 22.3803095446383
43.36376843089563 107.77309925003475
97.53898187072873 131.31255961844198
119.49375392812878 118.16751497564215
95.56846239237929 21.44574707723315
109.85521021750449 40.10131602742287
119.22777672185582 56.72334669418922
91.73591014458003 110.2561042852241
133.09425736779625 127.43862411670776
112.86979219952491 19.488754667939222
120.89755139079344 71.55692684560894
113.07380487859051 135.39023750140575
52.49786561458767 65.82075210120956
91.34348958716495 150.82718008648575
71.24395085011221 119.31075072765017
84.33364351137816 103.01899792907854
39.65057182544907 22.97144982165874
114.18917312985528 44.990951641926415
96.23990290408584 173.86760979039934
121.90943035323829 26.701697876160992
145.13235245179064 32.37741576360025
95.59883332522037 24.915988263345255
141.3690423402365 131.5593809111813
73.99523780285509 143.66654634725685
98.55557239839288 97.89325024769636
140.3311154454851 118.72119381673345
119.50375806592625 20.250229576069874
112.84826651863284 109.41981202762877
101.55059991929281 38.733746458372636
106.75306796926783 26.383334149184755
125.44731058088279 55.489839705008826
85.95657120914906 89.62284053147884
137.21754620445796 65.27943308788606
94.10448034098877 131.94608215170604
113.93209369458522 80.97884666510606
105.589745189688 126.65749324386167
108.94460235526392 34.1296084555466
114.46150158301845 94.37376074980303
113.26770073829829 21.987833458792203
116.07937233012505 30.172308081393446
50.07691936350488 146.71517307172368
86.11809186510118 19.251611419561296
115.50958195563925 30.38263789185878
116.51922601676425 27.099537838163453
126.11899145800393 56.077774021297984
110.32015333749459 156.84361334461687
123.18559381033472 38.73427743085908
116.5975678543022 30.67499794145637
110.40077640045922 119.97057896895767
76.04498814375269 130.9221976771783
117.43502526498031 96.72706970946764
87.59620249717597 99.53813403128078
83.13539907947555 167.47754050523292
83.27196369308292 17.14876674064849
81.41216697926691 35.7133362898001
108.21157037138046 18.09274156295684
138.645505287714 50.23763263559477
45.86143414884222 127.15317727135815
91.04333116204434 56.48462119526686
133.15952017680013 135.14141370399892
123.83977166089545 33.46090970749639
96.0941877608808 125.11479494465435
72.51323926582151 39.96439577743256
125.16404917954635 42.227216853739456
105.43256766873681 33.40361130596985
109.9030750493911 18.871034798876615
129.24106245697504 57.487293621795864
112.52601019392603 26.776327430287303
112.4703160236035 144.55721388505296
101.65024385172077 44.40694703756495
80.4984486577152 148.44509508903056
105.70629734422734 34.699535943870856
113.52897763127821 25.777957236535457
116.45801623430903 73.88388260343443
84.17071685229388 113.64654527899918
120.65052307097518 34.49982184793519
65.997527228885 -1.9386204818462107
121.84352588889702 58.959562579492975
103.040130388349 19.440114842079076
141.52438777948055 129.96886070129176
109.3674208941088 17.984664587050098
111.65662222091707 39.18710612527316
140.76274772386552 119.24798203272081
122.94111240721685 75.42195837634802
108.83572405443043 38.323757293603876
116.00745111597847 72.00492271617931
122.62526168009141 50.4090528778015
107.50955335925515 173.7897235165639
110.06815511866665 26.2944919961249
115.73894823669848 19.473103459182795
80.20056614678943 129.81973432425906
96.79074829563666 63.71695620522891
122.5102285494663 34.59871808137455
76.6782500323081 44.83603263876966
116.38018087913049 115.25097775647953
120.51490751668561 134.73953691634892
88.97582948414268 123.18007590784804
120.4335754871134 35.749117840129756
123.5094780537835 19.933383806991053
135.36182617665008 24.766548040638757
92.6689042352286 128.10493153199732
115.60052091912016 47.562700657645216
110.18503396561655 44.45721489327549
107.00859064450744 24.531302786256646
131.1162895981557 122.67132240850252
93.83638952845166 31.401145047515485
82.12576652287171 99.13084721679712
119.76646002167497 15.009457766201031
33.06202364501177 111.47190561000147
106.38712234955227 24.3154891685529
96.88244433266821 40.308239448596495
112.30548226903382 26.84707109309681
108.58638869591486 184.5777246006649
110.82394880669 76.88639130104757
106.00860158869773 158.49762452874165
141.7199458453172 119.76124760772096
44.03924906813047 20.6553900623479
112.13673084356682 29.985359738098726
94.29218091704288 102.0619084009567
130.91633945345356 115.70150427277896
112.57463960086926 136.88429367342025
97.40845086429931 19.69455204368573
109.82256400968363 51.66044745790772
111.97227403803586 153.5906928295066
67.95697481450965 26.16289550442359
110.15735393336668 89.98068818875124
112.90074638527369 88.67405332891177
124.17261768797798 130.6554966081301
125.86127374227854 135.91923827227257
72.8781672723931 82.39555509893597
102.50469737297476 17.086870459035005
108.31839989093399 34.226862378680835
117.06091406300715 9.89978912489221
110.05593152050682 20.033850150648988
106.5055733478417 47.53817189618629
99.55253739944948 117.96439788194067
140.2267957096648 142.83347921544618
136.24592900107 90.43277984692985
104.02307251112562 32.84942348173096
91.22572617330388 31.204613807326552
111.20839844265164 28.49464462916852
83.51128577982271 102.06039393570117
126.55816972378189 24.075938563536592
70.73029927414377 27.28260487168778
151.68690191893492 79.28367040989036
123.88464937959456 65.16455891997212
99.63622772104631 92.99021983007529
103.04786231564228 15.85189619987726
122.32002200339323 20.45646393223698
94.15919479660802 19.55304581309137
100.24683618845309 77.83897106634217
102.97346530371195 130.54943474779046
79.54759775978006 22.031368320885697
97.2288358767399 21.724298577501624
113.25469980236797 70.7648271032879
114.80621651232684 26.65375348297162
4.606570532450402 24.818350181922153
109.18560550024858 173.6367401408777
102.84419772591448 16.204851443165275
125.26076012899506 83.26136056689933
131.19673881518622 49.31760647681093
126.9917835021997 124.716776479862
104.30147472739431 20.64520944642771
127.23462182060844 13.463370176771768
112.67307442876229 79.5610141683791
97.30867114145177 108.0309458521175
84.0918033457667 48.123906545890094
46.71709468192979 29.581662577787675
125.18872480222956 25.15251492034192
98.92837244132281 40.41257394055425
105.20865405901667 27.343867971894984
110.91834607037435 20.226879153782637
95.75789441665059 27.548040572931978
106.49744535700637 48.195077801282444
109.24838041489855 83.46179539516113
104.67192685938905 70.35670154866663
54.66746034920002 146.6448073085428
82.01053126449406 117.91240711719215
109.28876972013819 18.105655601448102
93.31731440662442 15.771869228082284
104.53759002888918 25.099026068813828
63.52438413476633 140.51310325322663
