110.085351461402 62.1342912706389
76.93948344114705 106.7699964475354
114.75043638796419 150.19285823653775
85.27174419021206 100.34077531423976
97.23602605637184 38.324766278097925
115.54579626398511 124.61822893799074
109.13802598129874 38.09864330520988
104.75756539494317 106.14277028061986
113.86450031357457 27.508498913625157
109.35703975564344 76.08015452115032
112.78171520494443 33.34330436660122
124.35117001307987 21.820322310561625
107.93680023969415 29.77087745249854
91.8842827744759 172.07362793215074
123.84259258895689 74.48447121592025
118.53000200233579 11.859316929170937
114.27746598094818 27.293582047908302
115.68626623270087 84.09860228912255
106.9635532751106 39.5983692374961
107.6645033521762 113.64156576860249
121.83361909557 119.96806943537644
119.09428686038676 37.69068886886224
115.99040402768269 33.341351594859354
106.2658573987962 173.61436686435428
105.00067044172646 59.479590416412364
109.87365979156677 7.857124865668558
109.5151312219196 69.18789725164574
109.25190932405852 35.94466258871349
42.71299749537677 115.62222786378005
110.56415149472993 28.11579713777188
114.61252202893276 92.63483022477607
111.02783503240914 28.597849337518564
87.52157140192736 72.14874768620716
94.48474054561811 43.58261804373608
147.85353241536984 136.7244304537589
111.13860135887602 132.39308145559966
115.03690153015826 102.73358277712781
95.31585553804189 21.169930782290052
100.49037985902943 101.87219780529931
114.24080880870451 23.59368974726628
87.39485545108806 152.26082313592676
105.08117213297292 118.24063957387715
35.51151006070866 17.736156218326947
119.30386842366224 19.131403157704952
42.42012926196125 33.25029564159619
109.42772149166107 131.0745426811673
102.39508905502713 40.25140404682115
102.32102913268973 -2.1457362985358204
114.24640139611562 27.13092088833625
93.5430384085588 92.03873982610351
150.1895277183551 29.708010296352327
99.18360159619303 167.04357570329537
115.89272207355101 103.78475995483824
126.70502984956788 104.64589168913558
117.30894059280557 92.28320454383426
111.01615717562845 31.224572432861326
119.49228443717594 138.6710684467998
100.66077153257812 19.02334169771805
117.28935465238081 15.400816957770983
104.34182490415171 78.57438248013547
119.45491589159639 37.18348496326713
84.88978648007674 61.776254155499714
110.77239207452395 22.33923352048634
110.71390118311987 79.26459921992027
102.63904170285491 23.735444792674947
120.73591856665757 31.930018075044917
71.55764967267848 45.08254995913104
115.76557246858901 22.480457553602463
108.9646175986196 26.26077434427421
122.48680142010453 128.06986267533355
117.37579468769364 53.42823921438182
100.26538335026076 22.10517302181936
125.78461350919468 30.976117241555247
108.92115553772679 123.54858010446569
108.25461479210884 46.13158824414298
127.38221111965488 135.2879183897055
103.19039918722976 156.50256276220333
95.37477150139961 146.83709495982438
79.82053876628828 105.91282173277544
115.61958828884359 51.07544420740701
113.21172366058259 79.90419573931528
92.52135856471631 91.8610178180648
113.33944355291246 92.88672269509968
135.7552327130028 134.96120692059483
116.28010848660092 40.1402867504019
113.66258104307155 40.20212167758045
110.75751710609202 97.60771145582146
109.66196338597163 18.412880640198036
102.25372725049564 19.634527489711218
105.87602738314679 32.9391219761892
129.34214859807537 29.227461447910542
119.25335377401849 127.65318786953794
71.44436331504525 19.092087612227843
110.4436534662202 123.53573909865653
98.40875254053911 54.09071660946034
89.3437997314967 85.835604311738
114.72364122519348 127.6812874087146
109.69438182757368 151.52093360721253
113.53033039367455 15.148928422754823
99.67836077558844 89.80673935991528
102.80790130263604 15.777717468790808
67.56909458639664 26.220020247307946
63.35982200934653 20.47719659752879
43.09397355468853 23.115765725483985
111.17514838886048 138.24155737372556
120.54772432326577 25.623223912755908
151.56589846695124 25.17629900798076
117.46221319347293 164.1418711929963
109.29531188967393 49.0674955584357
116.5957706117857 19.07336190254299
109.94822507580372 32.64639440183207
125.96451363314428 25.042998001104745
102.96010089920307 29.193141287289638
117.27327126548452 17.750770579813086
100.29028529561378 62.82313855304033
142.0170146865188 179.1917455973436
105.50981177727319 19.88223422624784
107.49165180744657 64.93847951929823
113.26260810733196 37.52611705563516
45.97976927989231 35.46872095922425
107.75087655918392 35.45323934133383
106.96145061153247 162.0058153821395
93.1043907950455 94.48929719266836
112.38338784558042 108.57795043856014
125.16712426113033 15.864685624298488
121.88102170545662 113.86563738153123
127.04673269956608 19.35972794699986
75.92922540201981 131.2981702709531
140.4713663135344 124.64539891158206
115.646412073173 19.877956580105717
98.81967903662822 119.795892863041
116.53191138122445 23.585362053672757
118.29171213914681 107.96608984242964
118.21981925118904 45.691365681588096
100.82453179133515 142.07631960110075
105.19572795968901 21.022809346106786
120.56404868381988 55.02772808908715
103.69360837592203 192.76940264241182
106.31347388918338 22.02827797419847
48.94543967624906 122.7610997037229
104.39281485835093 123.7029029030796
121.12257829723133 93.32671867696024
96.22400943871449 21.458467750925994
109.16329424389694 20.489246555694116
114.42683323991453 27.56803937933135
83.31201752342996 76.63382387823809
108.68487082105788 122.77191009457103
120.77196741772077 22.69261194294823
108.06678490422046 125.61306136453402
112.66713454724966 133.14088926927445
40.00014948469305 81.87147933507333
90.5189880086144 154.79065087402148
87.50079050907723 119.14487208762206
99.5694166258735 88.67816052995173
69.06942193761806 20.777801266819377
107.04874307895456 11.764209646333
115.87970602585541 174.20319142215595
111.45813125005446 20.858419933027513
138.95633030172905 26.832706407127645
106.07945870430588 16.819048734337965
114.54916953521197 132.0497201733478
94.24236437158359 161.13172012229728
117.81407860331483 108.34375921589235
118.02775556224341 118.89753467012278
129.04032403081246 19.84687869290484
117.30774652032646 132.73139961825612
114.39410968735731 21.140878542355985
111.31203407739795 8.778449460979381
131.9522397664793 43.5843005355315
97.81875594886239 80.66184217289721
136.32104279730325 92.11027139879576
99.10583324243471 125.97068025007293
110.48414190002588 124.48297058873897
112.98970846855737 137.94418703213742
108.86117035041397 36.850884876225415
100.87014249059355 99.99565238791052
115.4937454179606 24.894176336536397
117.19379627985722 26.525849625161026
38.404501576172386 147.9545672671922
103.0715801675754 19.190290350616518
105.82492577806227 9.8348399687926
115.05701962128191 22.353609363825036
114.80431513168548 105.03095214092819
113.44323528903844 166.20312090772921
117.02930184433443 26.27115828724944
113.06327537159886 35.77193743021116
126.62046682686311 79.89387778369918
89.68279947376215 121.31936208338949
113.28539812857247 81.39251680259697
100.17709145482634 100.1792070727235
104.26308242640654 164.65168364691618
105.6858223796718 37.58665637524112
95.27654713342359 25.443130738377047
109.2048441749004 29.897583786415378
112.27353748064593 23.740241608063272
39.898293282570634 140.9128388277269
104.58819669277682 44.48813058656545
122.46671062819875 128.68872823887432
115.09597344717689 19.302876338402616
120.21651871105571 121.31017213560241
93.41733548507557 29.54043734965295
116.21861208229791 29.439307936211122
97.13462088370898 32.18998908823707
117.2487272007515 26.615885699530505
101.65870330960914 74.29722600532553
112.00289880234968 29.929282565308483
134.27862021346442 141.90843511534595
106.40486481239844 25.426551432665967
125.2101345898139 148.10490931423658
105.08999589557564 46.086286041121845
113.544071656186 27.720444925770863
107.8868733251502 86.31470027096907
92.01646163504337 81.81404881833784
122.94400742122247 31.583542277093034
65.69824644133129 9.289579961279864
115.40208383840123 95.01758129962094
124.78687197922991 25.612420525193365
128.23469837557235 126.97862142994273
108.69680816151946 27.055398917090237
110.3311456680727 30.360382627127304
133.4302942436016 120.28754545913743
113.52654003606195 68.3584954521929
108.87813821658112 33.59601162423551
92.53031005239214 41.21706572338404
117.09708648208262 43.02023523341914
111.39688326410828 178.0875471772506
108.37275654017196 32.661290051761924
103.83596150684784 18.018910930382972
86.81221023341703 126.55118669554663
102.3656334771473 83.4655973237254
123.5771194201103 30.028616611365038
74.02844702722886 52.69618370906416
108.49569256113828 102.48592800529339
107.44684184394391 132.80608397567582
75.26568007654508 119.39525254945416
109.56287165498757 20.0000830448272
124.813799830137 20.541609550792092
123.41095558181378 21.530753207989317
81.55728855915876 128.96341695126873
110.80814378102356 28.743587956519228
107.37416488492998 16.864837118573938
117.03782746828206 12.035919831697306
118.81491858489608 118.70372168131837
93.07353697024166 26.953811566974835
84.59437570240975 90.59911009662065
103.26664112984294 45.79350167721112
40.31434550213065 128.21308045219567
136.97907853251107 29.87366203964308
105.11000312269611 31.227546967681437
127.45224170823721 29.836186054856938
142.42836632720878 171.3431479310108
110.00273084611193 56.74994888253378
124.60020097195404 163.7339800142329
133.1741774669778 119.14888840072105
55.959515442215974 20.245436597637127
112.00905329877683 29.821733330038175
111.36629994253018 94.7345763771935
145.55770208040545 85.66422925407187
112.80907684764043 128.72042900247476
112.24630479519547 22.857053000546795
110.96541085505987 29.074366179837803
126.91557691945009 172.9534662263295
37.984107380103765 31.45442720152481
105.74821192600649 71.8724476508718
102.66219079238296 111.24950773950097
120.15699324364205 132.2768512517594
115.56627053506766 135.7358658136787
77.0954526827838 117.74071694410148
111.08249818334275 20.928626495052104
108.5021359341448 33.008831797345074
100.33189079036174 17.140551332805277
123.61292396814915 23.92035206685113
109.97945738447017 35.806729479939996
130.98052580622223 103.21109002149905
131.98343713883511 115.5297541127244
117.74635905567229 116.28835154089406
104.39603246150985 26.160765141616896
101.67428239633655 23.870544738644647
111.78988603153408 30.468668511731085
80.79379317011964 74.11571980845662
130.05501444219698 31.369093514329116
99.3113484640946 27.035430140811254
134.0285151161671 112.59424007201187
109.67442069562985 68.63111156913125
106.96052732567715 101.40273694518143
117.93039780069593 25.052813480282246
115.60920369525942 19.94225096936806
90.01302020161924 19.286597606758445
94.87548589933597 66.04500051982582
80.31254519159924 119.165940726859
106.94844850825282 17.836509352587647
120.67967043164003 17.81235305479233
119.58779320270735 98.80962363454542
106.96561427491352 26.405813592665858
4.984275936361656 9.928972539538279
109.19271897825955 156.1169077046937
119.4146792360908 27.780200592836103
119.68921417187973 73.57948880211907
127.6123911768066 40.255494389494196
126.20116015702492 121.6492868960353
101.93572624340133 21.226668245561594
121.99912870138215 15.388464297130138
109.67779543538343 92.28323337219966
102.1069328955805 109.01101888817671
110.83614532085917 21.177684333225734
44.111477120125734 28.012305241626077
118.59680617789245 23.68043426031663
110.51991238676406 18.190908141901584
87.89069673822452 25.870078652514938
82.68539532643253 21.45387688025155
99.70250171204121 26.3061544049997
111.5582174310462 22.16731462033394
109.50859066433792 53.922524844366166
108.09071223038544 91.27604153421623
37.79275073229241 103.31663349399888
96.7351956943526 97.02923263866234
108.44329612162056 2.6587881355642224
120.59741809925387 22.271601306898624
93.0644227096368 30.540563445722725
57.344896018761105 129.44800957396163
