111.1804309685745 56.669262999834245
81.42564396338909 107.04021649481417
115.6833058898989 153.937384148802
84.14607132705295 96.89685126387721
98.04525478171117 36.55577206141656
113.53365232974168 123.59024861579186
109.75857417041634 35.431489129858
105.45282931137507 100.2133057424233
116.65220659664978 28.760623109628412
107.89559743039747 80.3289213077144
113.12731978730822 33.64737623782591
126.13391422983281 22.338968388201422
107.75993867445327 31.17338856109871
89.00067420656666 168.0408283537294
121.43366480964983 70.64749452949087
116.44771707270802 12.816206052406041
113.14450756335982 24.06674032404975
115.54017154715807 79.72674671107427
106.29357473172773 40.078354218348
108.94376055364731 111.83778175976708
121.02780033001392 119.21182518184649
117.33081295957386 33.89283331254683
113.11715738715287 29.11741120412927
106.81017271652662 169.85273197301504
105.76811367687803 55.2798784155247
109.64135487359793 13.26784082332797
109.16944360126232 74.38993694665777
109.25708652974573 39.875597550731165
42.83824736336418 114.83644362584505
110.44686910176675 25.918578809411617
113.04704594795494 95.38929093233487
111.16122765626695 29.082904402902056
87.71500415173054 68.04609278615759
94.0663543945935 44.09345797498227
147.73903561919838 136.40049866307334
110.74385662837567 131.66552563930364
111.39523000621753 103.16278672036458
96.30291019769473 22.285872750483232
102.77861413838627 97.67915488200633
116.63009068888479 23.959324508919575
85.73344476815825 147.47955781870849
107.50881238807624 122.39156269294486
35.28461026410763 17.61674607635263
115.82440680226165 19.158170938069794
42.936775210346575 32.76552013917778
107.64849294745466 130.09888602625398
103.01392124486777 39.768319806297804
102.24984258245938 -2.625774988682345
115.24915106132987 29.190915582419127
91.40515601970094 88.33884325322649
150.73409294008943 29.837824167254492
101.7624737191373 173.62512050676722
113.92421938280599 100.139706541046
125.68177936388047 109.21829858806572
119.4407063686622 86.88738801652147
110.8322933459801 29.014156943575273
121.01687473103836 140.13130581880745
101.65941223727069 16.810539879973444
118.92654815329436 14.312559774121796
103.93841930337896 83.71647374056487
117.30579230365859 39.71656757654794
87.16437554149252 61.18005097852901
111.93378685623223 19.857423586142247
113.33723189130443 76.72993225847205
104.02490578494931 23.394019997553222
118.96599088117185 29.491510663366917
73.72417741718782 42.016318500650534
116.06947212943479 22.75794659023988
108.19723882366544 25.559823372946372
121.70609010177303 128.93412656625284
117.83498671828175 50.62526071778876
101.87889783555006 21.45606351715177
125.01972005077768 30.3918789787296
106.95515014350052 122.49684725932771
108.16886861284705 48.712621442730544
126.36362049821015 134.71942757300104
106.18914117132546 156.54425765723616
96.36145236677014 147.0494444607314
82.68406156380239 105.53589589134201
117.19290153973051 47.58998426112818
113.3334089543064 80.90642192485956
95.35360076673075 96.60696958410854
114.15321099864923 95.23624374190989
134.75025243767462 134.09013400881489
114.00216629404224 40.02648294042445
112.50364079531846 38.34436450228862
114.05072599411514 95.06533494377082
109.17839782918624 16.441191701987474
103.6725910560723 19.601321961502933
105.9700130520509 31.308029422278963
128.68443536373388 29.517636559165933
118.28094723080196 127.46852696937542
70.0494357187 18.6230515112303
109.3451893652532 122.92616289533359
97.1403127153144 51.874031957883815
89.98398598645785 85.36111798699767
114.00266867782376 127.45660842052331
112.17508962854988 148.3808578575082
114.81245516458398 14.014745211292016
98.43726819115521 92.32440642408505
104.31164227784454 13.238430615967252
72.94554835023017 23.573133087628094
63.22757053563584 20.46236924207206
44.92537538814113 20.616514172797025
110.50022387915699 137.91128054244655
121.8594858237571 26.107466815113614
153.0505856520934 25.19146752204721
119.56734864254318 164.2142376470777
106.65713259480485 45.316864066026696
117.63536883669937 19.035060952040762
109.9051887964545 31.611538355038956
127.01325483129487 25.53514302226812
104.38746653932972 27.266839499229253
114.64016238801808 18.113716190672765
101.81362031366153 62.871569678989076
144.5880695709111 175.59951140711314
106.17013825195495 19.72845703659964
105.42680550963455 65.42957746272003
112.73895549554541 37.73932066463819
47.898922751444005 33.78791526920711
109.00737129065635 33.1233673895558
106.71850509042166 160.9858100494781
94.28217956004393 90.30131616628083
116.41364204876515 106.00310237888841
126.30118795008231 17.135922239503543
123.54398559775078 113.27217811647226
128.40036461019585 19.44076597486398
79.01204866021601 129.28397498075333
140.96764344136585 124.05725202215615
114.68769247057479 19.5330801490762
100.6642080562662 120.05902743613537
116.93184942969461 24.017122538380505
117.8792431302728 104.81009950810684
119.12495535611014 41.23808561672392
105.17805346108356 144.31760615072034
108.52623427080336 20.404311535601764
121.62884984878394 55.56953233630751
102.71815981810384 190.33577768492688
107.59295641347462 21.840688879747738
50.92259492515932 124.69407032602122
105.60801852770636 122.47968551079916
120.85351951814921 88.8713031321419
96.86529847017528 21.37194473200059
109.08097181554886 17.728510513143657
113.58476496289457 23.18228151617429
81.50310322668479 71.31275276225765
105.19160643204366 121.9553487565454
121.40801725417921 22.984805261160357
106.33932229406949 130.77451969708383
112.42913910314579 132.09265128343827
40.381700590699076 85.91912683698938
91.37116751527034 153.7942608912937
91.26372107827237 119.12301372982257
102.16579842409794 86.45278573359869
73.01814918289229 20.36148728305361
106.1713904947613 7.484150063782033
118.23600153040994 171.92102075414496
109.91991731671295 20.010631622827372
136.82055738879396 25.81972515755467
107.68258687814485 15.79397578294623
110.46106511826889 131.47128974087317
97.72960640860765 161.2576253271204
120.14071598203004 107.8858341217708
114.52877112967087 118.9455531936619
129.62268754249652 21.042237147695438
117.52045847792128 134.62008087664813
115.97317102751407 18.60662099936049
111.85402039209154 6.764174883201745
130.25838783559715 40.882668222557
99.85524013920713 78.97870797852586
134.69069288601514 95.01669250288948
100.4019149109908 124.86874153197967
109.9565849650725 128.98412851749657
113.88667262805942 138.63928901447235
108.86783968373159 36.170877668135354
99.28831050248147 99.35301947425388
115.51768374109227 25.013253416074512
117.00211244208128 25.595955659139978
38.41923627606337 146.53044923217865
105.78116904008233 19.19879980209519
104.6518591087012 7.430176647437075
114.54398926165976 21.496719898667717
113.0729153380783 109.56692318118907
113.70780164515021 164.9425745052611
115.80661745059025 24.3394838340285
112.45604588854162 35.86004973670849
128.24316990348402 74.1409561029627
92.54188123191228 119.87768742808456
112.523652868621 78.48171226911971
102.31721419738501 98.74548877745208
107.61118140740099 161.20492668271308
108.94724869116496 39.57262733028469
95.75359799608921 23.597835730239503
109.34280630504013 31.011561269583854
108.35713157179777 22.11722105182202
39.944215678349956 142.28310663437844
106.7923752535052 41.322065979947254
120.39442180690564 127.24419293616458
113.49368222807583 17.402127065158194
123.05564833747786 120.70524700677501
94.34716777773568 27.77182138506826
114.70148008589582 27.164704931989036
96.68617473512832 31.498470718922103
117.98826767945685 27.346147682304807
98.28248765465538 77.47406922899312
111.80689758985518 29.90526785733636
136.39815959967015 140.42150944798064
107.20845136038588 22.585348612108398
130.71258862792158 146.48202923513654
105.1427243153204 46.329588092673546
113.33100369384603 27.619608856530995
106.60838814010538 87.67971504709145
93.7977352584525 76.05243415102198
122.71294102100433 30.57165336854968
65.27389959084297 11.354054537033857
114.24230068161664 98.60360007770178
127.02415907140667 26.232527110950812
125.50016803608607 126.18533422134372
108.63368909636841 27.99783395833798
110.10644860875269 28.450536368759373
131.54363903133 120.40769057943356
112.02213074935915 67.27178519059315
108.91675850501672 32.438449440705384
90.18072205216244 38.50533368305173
115.96389696677461 40.84355610668812
111.86655335666784 176.2828752489386
108.1802545843792 32.793952124294435
102.44106197391929 17.87521471970808
86.207010036209 125.73447277903341
103.48860339366406 86.02374172529471
123.10320607658277 28.8226734254733
75.48218442200336 52.40792517807528
107.41652122602439 100.74498372687441
105.74253792491814 131.8706736736095
74.96925456812059 118.85313470151023
108.04503059816626 17.802809806029913
124.21822998033572 20.571601308816554
120.92752879586925 20.98997752231505
80.89192429357249 128.48057626871454
110.09216833964342 25.538255945364508
107.0570277125486 13.111303391241965
118.19474788658178 10.745858814107837
116.71990740929189 118.18320038826296
93.8351148346376 25.770560163853883
85.73790356703256 88.92469062261189
101.23487598642095 48.76894560021872
43.65763663349526 130.14757014941307
139.88514999879553 30.132703082627387
106.46870809924962 29.455884319394727
126.4601471717576 29.707646177351815
145.69476660594373 166.7449762491075
109.87104971234749 51.65567483597317
126.59549277438401 162.73929838541127
130.8432127576567 119.07461106698426
57.77234066349704 20.130057989857995
111.8692209963835 29.439279704170556
113.65968442190866 92.81164503241399
146.45360513169263 80.26808349229333
112.67084867013784 127.06044144522697
114.16956043817873 23.12725131466962
111.06231304466885 27.787928287012644
128.26887084395625 173.4389857957507
35.64130623855617 31.66265596901731
105.32699638951476 69.22601483462203
101.54856638527275 112.8619077788753
119.03366230183525 131.77881114215762
113.78444056868466 134.83465160012813
77.25118905478946 121.68462215113357
112.18562845353324 21.386278148542903
108.56941942802816 32.16134250102403
98.44157592185488 18.250620507342596
124.99662390974864 24.250882189202322
110.43104523713214 33.21049382525682
134.40793851432483 99.30088011947767
130.03464894839706 111.90677870550661
114.7627103889375 118.50362959720803
104.6437080130134 25.007295173206643
103.58332322853266 22.67144468640362
111.76878924196538 30.190563988028813
80.68930562703807 69.95017911648344
129.50599518490762 31.833459761816208
103.7047373206449 26.54274152834942
130.58743420835833 115.56587955548429
107.77324755895981 69.71754773924467
108.03725229157662 100.38413984741344
119.65503293603207 26.129515080383815
114.44270571124741 19.82387094053822
90.20991331817099 19.25823426849065
94.71016803429153 64.47773271283697
77.10896311610085 117.61504192265969
110.82279110240984 17.32237164534287
123.41589241037204 17.32657763931407
119.94162716413307 101.5834323469096
105.97200778767318 29.218212170204968
5.806963378761982 8.231011438172386
109.20284012108502 152.64712307347102
121.27668850556526 29.007837488165958
118.32852104366631 71.16083711503262
126.2836860444244 37.87851747944405
125.30382883985322 121.13348545910833
102.01219109134236 21.246954870084455
120.5981551306303 15.8289664344002
109.26729149978874 92.6315041918043
103.21867972912851 107.6557122634433
114.49398231559356 17.364684801384414
44.94946686885889 27.54945662938663
117.25706256005763 23.244598178751957
112.07943201715612 15.12953193724105
86.39490667047681 25.305754268222522
79.97451252975128 21.506337877447248
100.71058867281042 25.821720590438126
112.14685381178347 18.603636376821264
109.54807482651994 51.948935532710166
108.63318500840678 93.3964335692656
37.06542012470084 98.14064133899392
99.2178844255099 92.9006056854281
108.36211435404235 1.4007517524076147
123.96414087166889 23.023460355758147
92.22283381493632 30.75042083374758
57.06546357485908 127.52006258603406
