117.92909974356436 22.63969726300733
108.43784797018053 112.09214955750669
119.75124479083192 168.30544995538196
74.15130471774975 76.96867580729887
95.81662076112066 19.37820903650291
99.16578844809959 116.15185918160522
113.64397569910041 14.598052761480535
110.9520476863132 54.598409399740255
132.9621393773154 34.738363871158946
99.30360732057473 101.14659375361184
114.16325898649889 31.32967270553173
132.875510326236 24.717920024498273
107.15027823590637 36.58829020974863
75.37514243418656 128.94298036866726
102.71181985014749 49.60087036466852
101.39305882895539 20.161383388199773
104.58345479690666 1.8464692248429002
113.11272597425052 47.63632198703368
101.96571160569597 49.45662497638558
117.08821012040083 102.20899040444993
112.48335432717559 114.29204668301351
103.94304939556709 5.221330461688618
93.35897960834914 -0.6871979669854729
111.15070275115295 130.5701317554576
111.61739313893482 31.707698351946323
107.87200580217215 49.688081389134624
107.01677156231668 112.95102395021584
109.2944436308366 59.40885458313616
53.09480686715251 111.49096418406647
109.3573027517793 9.943441855698065
102.41018633421547 106.82104795853293
111.67907335346368 29.542076451787942
94.4338810014896 45.94735796547185
95.42170176823694 40.63912850827775
137.52942798262498 130.7517961465983
107.88860667811508 123.71842003222153
86.79163511107353 107.55657783692449
106.97656915427814 28.752684552361274
119.55324840597648 65.45788030567027
130.5409734612521 24.88336094942859
80.34063591143965 109.76764913983314
123.5288119852623 148.48637144096602
44.18083878589301 17.204586514135574
91.85537067911875 19.35883445547708
52.30256687217117 25.71187316505456
96.58168930127496 120.19412674815536
108.82195218968259 32.36941532518156
104.00409768792659 2.4299683420591345
119.89341396306591 39.0012880677519
83.15656358018533 62.90336336873193
141.0940021222174 27.437898721708958
108.14236788188003 201.7949250840874
99.92793180129856 67.0207613557411
114.53284994440818 141.12443438273115
130.65854469125142 43.825290089904094
109.18523911037155 27.370608725734062
127.88742396767287 143.4147076510289
109.91915279443211 3.730356630891874
127.6755766418195 8.273835441480138
102.34454704859613 111.96103115877102
101.5445507627177 64.48777225688437
107.27872896846297 61.1728455404662
118.67763739720036 3.6194572701740477
128.89050059796406 59.66781904751207
114.66198431362474 20.004301511597625
105.17377848522507 10.827552546828928
98.33768361870392 16.182950951846358
116.02676707762197 23.60667885328717
103.60438098952984 19.289558996708937
112.8938159385197 132.05338622074723
119.18205540319532 36.672185218547234
114.3197895649766 16.74200781390311
115.16653025541405 24.06434989883665
94.34069668182815 114.8624537292148
107.82614692252524 57.55916499716665
114.27051113552807 127.83056803579053
126.44716729084209 146.94674969028387
106.31789773942387 143.00782542333334
108.93658626809943 104.96159912423147
126.51127661782405 32.269287777341056
113.50451812517683 86.21524765881071
105.41464070760404 124.59131736595629
117.7002356299089 107.77539569197775
121.13995236873505 124.84932639804612
98.04558851259033 33.80148262065608
104.33977779617412 22.464545064062108
134.26359999363603 74.89147398666833
106.17081490727561 4.817543916427999
114.3172990253391 19.325297417647914
107.54035430015787 17.14480261456871
118.39721766510148 28.388303155967037
109.49122388269629 124.23034424923844
59.52967465036931 15.67717580644888
102.38576862619286 118.1436022722723
92.55143314341113 44.600893320912036
100.55702482598721 76.05811430297814
108.22593685933782 123.76062574630937
127.09371481757428 120.35008748234644
121.6874781231767 8.378781613376646
94.17343959796395 103.23144946599493
115.57180827471221 -1.5582115398314067
106.37002194281186 5.564525793187391
74.9378121220854 20.031924514311193
61.92836018237155 4.632199269831186
105.70724077990538 131.3873582690602
126.44460284209273 26.90860000445742
153.14782991153052 23.65616994500126
120.60142113639846 152.2820317555443
90.32303736669037 27.58791284995255
122.97179148906108 18.830385204507785
109.45428027793409 21.18245915145817
129.85268690519274 27.049068147904617
114.9113210417712 12.798225308539651
96.35679998217205 20.776701984705284
113.82164145071138 70.89819663379207
151.55878328201084 136.3386298639424
111.07723345142739 18.606880148857687
92.76378483561533 68.36618736248404
108.39715253675347 33.84030813443223
61.308848345341204 18.993795396906584
117.28688812920677 28.932244908664746
106.00683873004121 141.87621935500638
105.80065291243454 52.969152709044586
139.48761044758277 90.66926645581087
128.87261002497397 25.71592873311904
130.4663750581602 110.6045111430251
132.00619344974098 19.936660445577303
107.81337910461289 114.05864523264407
133.8378158562553 118.89593616034078
107.07843950616392 17.150828916637508
114.5753599794233 121.57647073518727
117.31914833658936 25.572038933456213
112.89728083158136 82.24852497831232
122.26084334451136 20.720097965306717
134.65356864308177 151.95870125259475
129.99509866778155 16.126715392454376
125.23608941798608 63.15001801806085
99.12466867465422 152.82649374904872
116.18519378996 19.816839734325875
68.59209671206455 135.49628894755736
114.45448051853293 113.91887624202295
115.34246214015401 55.622476443753285
104.75230193605493 20.285795021848937
108.67970523139832 -0.08772954833708191
107.04685425076832 -6.256543030418903
67.13508007493381 36.690134594812434
84.09344827801029 116.11282106214779
122.16895393274646 23.977971731748646
95.70429324808445 160.628307169051
110.07238164742954 121.53441771477856
47.393569615301786 119.15440218478533
102.16777964562712 137.3999697276257
120.5220374456272 118.98549705924776
121.0186878419751 72.81240338772056
96.70905496757268 17.27101680077851
101.3488750382466 -18.168087021381552
130.53164656854833 140.92706640412018
99.7644580808339 14.259259176657713
113.90045955324192 17.72841963662874
118.32496775134986 9.984031525630161
83.692026967612 124.94243301299062
123.25050451716253 150.58255277509272
132.6796897117344 108.542950300814
90.27403975133966 119.35509720885476
128.17364942211253 43.44720728489696
116.6048374702469 142.07590456219515
124.3219697467308 2.0107328490835186
114.78258836432613 -2.0106040243667627
107.37227024798507 16.752484380819666
115.07229768523246 68.83771708332458
117.0559090559893 111.71968194606372
111.33569021958006 116.67896157857308
106.50915036124911 155.4604074013594
118.32856455792192 139.61155488920886
109.02865983176811 26.828199313832318
91.28311158687026 86.4091003069501
113.69566547477962 24.663986023399033
114.20357588662574 18.10728883530904
49.52104208586063 129.4624179043487
124.27670309656227 19.29009570415005
98.55276811776145 -4.483994190394143
109.94018608621518 15.384101049298742
101.03894133447777 138.66637413021076
114.34837551716726 144.37785168380415
106.33746296827712 10.410710627816743
107.7101090794457 31.09745780930317
132.9987176665683 35.795483337519556
115.57043919381087 110.56966191809492
106.68951756772164 57.72507166669094
118.31175951324946 79.82198657534516
129.85589120402543 129.08219533475284
129.944984538232 46.677070795524415
88.42778397117331 9.874260772485915
110.16407603732438 35.225053331731175
83.45444693711983 30.946829496862776
46.76714782555519 144.37189074968578
121.80481654733863 15.31423852194258
103.31686224052783 116.02893510734857
101.90749775451381 5.971178126238411
137.2060117623435 116.52139609451362
92.7675734505442 14.025036603852115
103.58005002393988 10.416239103698668
96.2601115186628 23.651689474005288
119.9640456823889 30.05805395971262
79.78152830674318 97.3416527462724
109.94932380932278 26.76424655680001
141.87182761720769 123.86106699901424
112.77767687213772 3.1550519431957373
161.31923998847373 130.40523077447702
106.66554152548913 42.38539161948637
110.83141596617388 24.77670300230514
98.28580415507697 89.5423563884528
108.67460070326132 35.89903953474193
116.98558670597097 21.07713601383618
64.47296103443095 27.133964168079686
105.33763142394945 124.49762021957002
136.2585451440788 28.614070016791175
103.89729274890969 119.82591603537225
108.41793712643855 31.555103799182543
108.44761567577395 13.52300550270184
114.19543776606605 120.9279370605092
101.6633149190483 59.12419092000267
109.31308970619817 22.4568829950464
81.5951201585984 29.845645992778458
107.00267554842907 20.607503399588797
114.59721420417974 151.67498610909857
107.28108603080575 30.83188955348667
94.9016134262192 17.359418185013794
76.81094753023935 118.73360654717708
112.50224240801548 98.47359144332528
116.71431853997738 18.670288466009655
93.25498642189028 41.7145575749422
101.28539585154903 81.09057340312953
95.88473281990937 122.70090149372547
83.77689329368323 115.37529171598464
98.54608597498279 4.3609482271211535
115.95597338178321 20.564064671048094
101.21051659220477 16.988627096952943
86.17168368132532 122.87953827537459
105.36816699389924 3.4484285540514477
105.47298552147495 -9.750986122565388
122.99065324877746 4.815259144145403
101.287509413706 115.08745943561986
103.61611969234431 15.890177744200978
100.73167778812346 72.49906393220847
90.8794853275394 59.040455237466425
74.21831774749278 139.45683261941548
148.9103714357932 28.49617989132552
115.96407884552967 15.041623875998933
104.24184862627433 26.26819913437585
157.3127769862509 124.52149839018892
108.90326927829611 10.153458572816817
135.55302748432132 145.230782125054
109.49098167745106 118.6533279956038
72.1354442369899 19.109317042921017
110.20076880888162 24.99775104650628
127.2707506332618 76.73378349966994
140.13021019913464 41.89540054981952
110.9587789544633 114.23392422683044
125.91677704357522 23.92583939441013
111.16037086351875 26.472958306488
133.19960610575743 160.98261019698057
27.66568050162571 29.74803447026143
103.81687988110332 55.79106877235553
96.24629664252706 124.76082921777504
109.19012428748303 125.50605876649543
101.08672068897731 124.98932610549299
71.48016880445354 146.92225806301943
118.69695231665891 24.001997906684654
109.19606169662833 22.42375213262183
89.74828240426075 25.564962869440404
129.07882294040323 24.857960431136284
113.16200728759452 11.8555195068356
151.1210748427771 75.4884368344251
112.90979865527578 87.00840822833857
93.946056118068 133.17597764689026
107.51293838024554 15.982061008706768
117.24530312689913 13.664214749065415
110.84461815323232 24.598496242785117
83.48337940711971 38.98932224330814
120.89059020500815 30.980419505720675
133.32468891776605 21.163547714960462
103.18784929752788 135.75827173747044
96.65966471317473 82.84253790773917
115.32336131077828 88.9188677094857
127.98500111650847 31.48451006942326
105.64826054794726 18.895506603945194
96.54947084536711 19.15190027305367
97.2608852391423 60.82669521591879
55.58849854979459 108.17680702241105
135.02720582541596 14.431483995635
137.65850995643603 14.573614258532888
118.67652085732756 120.6039147945022
100.51702847464817 56.675372912173536
14.684627137988082 -0.22766427347843943
109.34610134098037 121.01435170923703
129.83533195036384 34.15081243386787
106.94328568114231 51.852601907346894
112.97594583221536 18.060209929051524
115.96863986153265 117.46553153546633
104.12510773933083 20.812125310914098
107.95040164594405 19.748529152596085
106.71258973823372 87.29825061824671
112.15388034457293 98.66097482842936
135.8258253772749 -6.543033072374961
57.37175844688452 21.6002890402853
106.06022664701491 19.380042625612443
121.41362370054026 -3.5402308932737894
83.06047302344862 20.040413533151654
69.0916687118744 21.073245444456372
109.20636809429793 20.94795496170886
115.25864039748281 -4.401687333790498
109.78747153112694 41.12200687266673
112.37251627701689 100.47554210848465
45.578699486916705 71.44870286419484
117.95881281236517 58.504782596901194
108.22118613456149 -2.6758119674611964
141.41690441175442 26.929876646083194
91.61873357276617 28.735621408082032
60.62513571789745 113.81763702476351
