118.64447464588139 19.08857310248155
111.4348905338626 113.1769209034587
119.90595050749992 168.486063592066
72.38338493598306 74.68115155522193
93.98045502502794 16.6192981441474
97.26160729146326 115.1255924129071
114.05297630097651 11.614754770146332
111.75257381272301 48.328605438696606
134.51044110060414 35.10603758158727
98.41692085671923 102.42300438533587
114.05976695974987 30.369644657886813
132.79525161324392 24.798878810784448
107.16275758081464 36.725418693462096
74.51131459728222 122.73448533533805
100.22942899686957 47.63474259014343
99.44673762799201 21.23356515538689
103.45204219305194 -0.9128421291698072
112.60809784030381 42.96940972110915
101.45175084855451 52.1934970724159
117.98765951937777 100.8454484613708
111.04245782036023 113.75121989645251
102.10180555948834 1.4451014532429318
91.10163217740556 -4.358647167671981
111.75476575890656 124.1774146948794
112.43949952744354 29.968397930472307
107.6588071945778 54.211740373286936
106.77867638665366 117.9525097888067
109.29779350067967 60.55800464202454
55.40783852118811 111.34493796028832
109.18664785571482 7.837075717151736
101.15539845309415 107.51928710336117
111.66389921151892 29.23223482160901
96.06063590025137 43.701467164499086
96.11889624641003 39.25689823736831
135.01507999515354 129.52457030497519
107.52391043902763 122.3861328461409
83.77563481766936 107.29257069532554
108.74353532159394 29.352615829753756
121.7333880479877 60.53782930699374
131.90813767834328 24.802260114780356
80.43933762139986 104.36630677202663
125.51747399515773 151.1716961627238
46.794120616414965 17.21977131205489
88.90521761512704 19.38649650039117
54.26686819605056 24.322564582970887
95.47377662669697 118.57059593361664
109.75282259908609 30.71159123234798
104.57081361832269 4.000019870825891
120.09377096797438 39.793547793363565
83.01823030577164 59.20166922262295
138.05895706269527 26.681867434320754
107.24044409475106 202.44480795136496
98.07028377108976 61.71336565214446
112.5905471086015 145.0760979410045
131.64684520657738 37.894908797496655
108.93426843899616 29.13379783302128
128.18217407058899 143.00499195247048
111.17439613649167 2.523044683550234
128.59145176187621 7.7170734328351696
102.42788387611355 115.57098604820432
99.46380123157824 69.0515269823015
110.54525659638381 61.820065802356325
119.30284804205833 1.7629807654230014
130.42877437282195 58.10751010840652
116.09164447512244 19.438919066714256
103.18714532258818 8.283984215066491
102.69023768602783 12.198916142495936
115.7527238228677 23.469972724641316
103.18725461951195 18.314033564586065
111.41906500728464 131.96574450328043
119.02954281155253 36.06830444921862
116.07580171126851 16.14096918435864
113.32264997169051 22.94426912546286
93.01122397589627 113.81122817408097
107.82523693395966 57.272090909013926
112.08288469681703 126.50465127615108
128.76338547087914 144.3416777336446
107.98016164145685 141.63075212628306
113.04818986344456 104.08555001794484
127.41276380526499 32.10498481849972
113.37462410685391 86.10655467961767
106.00352814770942 128.39557511107736
117.97313377497277 109.00112095461726
118.57790642846938 123.05562784164832
96.09437836121924 32.11003518325752
103.27094232914554 19.885566901854073
136.61410467777574 71.77139436534812
105.84791240080712 3.6449543645372473
115.81320021904081 19.28253668976602
107.87245950107454 15.039284800319283
116.38040538551866 27.710812957025997
108.10395565211886 123.57545919072676
57.81052804767737 15.369905006593385
101.63146286903148 117.46512081496853
92.52435068725525 45.018148367647896
102.5963864823906 73.52958762772494
107.37731124268116 123.00911934773474
128.66679314373698 115.95980859966258
122.21668910454142 7.912658052187974
94.23473796055585 102.96305576433737
117.06741892029348 -2.895657839542368
109.744184551461 3.491918820209124
78.06690476179425 19.9253175175898
64.53646916828454 2.8460870707940757
105.08249875348393 129.9205862101979
126.12095753904077 26.76580620012099
151.87464330465795 23.297674193929424
119.02000678966118 149.027335775758
88.34963288593798 27.022166492283603
123.25295415069712 18.813623247097823
109.37292054110016 19.458276386263933
129.5456170846101 27.051604516504568
116.309695653526 10.818973450267995
93.98987478041298 21.121758788909354
115.50650707280359 72.46928517303441
151.41484483048512 129.15749700927626
111.74739331410233 18.45925589214035
91.36787567812125 68.88382020167408
107.77335841113853 32.49888904870294
63.228703555108346 16.752987543445297
118.23947414779849 30.14852881318717
106.08883540940337 138.16736377264445
107.74694479588962 46.94438814184693
141.61083856189964 88.0064931275328
128.41310576676705 26.768467544919115
130.59548029746685 110.44291283809467
131.82473204024444 19.989950105635003
112.41209640010636 111.94541094537722
131.47011563424473 118.12777680537788
105.98461709665862 16.850149559437007
116.50193319669796 121.72077712032336
117.08749247155733 25.55356367868421
112.04620893251318 78.36862782826502
122.11808753769132 19.379809279423732
138.28343969515893 151.94674656369872
132.61118682172557 15.616658929500023
125.20504828171273 65.09953137295783
99.07739303928243 145.71090935988008
117.17724754128459 19.479742003199476
71.67911682798763 136.54324393398898
115.62746653577081 112.83018123739961
114.3037075392976 51.35971517462212
106.17337570574975 20.072794617677573
108.65485925135059 -1.9620410535651673
106.17488436411763 -10.050343352001132
64.83688477695061 32.16756513672661
81.98341152738381 115.39117467328616
121.83210934487154 23.931377366342513
94.58036988997566 163.59435579380838
109.67737279206965 119.80038021661554
49.07290200753286 124.21915386905997
104.21654387487747 133.97455891438761
124.47506114688314 118.97111131014965
123.43137391008077 71.48845803337673
98.88068094999255 16.861445910439166
100.90867216715473 -20.755014929604684
131.42220940875288 135.2876826976876
98.60656897374915 13.571162485934034
110.14628092446374 16.550628688864563
119.49047367709593 9.448241311803914
80.52137791284584 123.75567810325978
126.75093668988549 147.75684297633137
133.91133009663378 109.10425121012094
87.368675465159 119.4211478828014
126.97803339720701 47.99840632004098
116.11998311006084 142.33364323441555
124.94993404963763 0.0853039119959691
115.06688323338113 -2.316651640557011
103.16918492560221 13.034376869271158
117.12990080831503 67.99759103475706
113.96785248748236 114.4804529709349
112.95665500714303 115.51679600763902
106.0986711288869 158.2732200189285
118.62139096646757 139.37377614636506
109.06399598861553 25.034542483193995
90.6654065342013 84.09446710875268
113.21689594608469 24.4242956148346
113.58873823240779 16.977064191435637
52.361253784662175 126.39011126688979
126.5823557946321 19.310021786661462
98.1183234449293 -5.273350176625162
109.2144979420798 14.570297513020474
99.64593184105806 142.4059721689799
114.22376812353306 140.4866790214315
104.99773158016899 8.596348553370799
107.03823377428064 29.89317982867136
132.69501784499926 31.056018295437084
118.84425211664156 109.52871187590112
105.85572947557881 55.39537613432887
120.446546079024 76.06298127211615
132.473348452977 123.56429212784464
132.40794863107615 46.55594460733068
86.05306783761803 8.088961621766465
110.25295593919246 35.25009750059124
80.62136604842549 33.790958787960136
48.242698809222134 143.2982596641282
123.68453097836979 11.48668458213919
100.95048886392749 114.43324472388335
100.43737863815163 4.719515286328654
138.33144307803116 115.99648392549972
91.2667268492997 12.147153833750039
102.1263476941303 8.178094937774553
96.6323887163962 22.27242608270387
119.84154988217497 30.06338686906038
78.23129119787076 99.34642583339512
109.64525635522077 26.003330552420028
141.42851675335342 121.04188707791785
113.50272903047232 0.7802696281453239
164.26871624728847 127.65932552852207
107.01971688913856 41.000194674237584
110.39792411479702 24.151468699133382
97.37076237818378 89.23267203871357
110.85985263164724 30.989399342328927
115.67764113387354 19.54721946557425
64.26336247565862 29.31849020878212
104.10428844450013 128.29228369016423
136.38774021056014 28.68339570796371
100.78299582755932 118.83412942546038
108.42710082655739 31.54855768927516
108.22881443841662 11.51454246463828
111.35546353612304 120.95557411487881
100.32467880495301 57.483049436974774
109.38062090542296 20.82557211243457
81.23693543924871 30.572012708577233
105.73059643924225 17.386358822135108
114.82886241487128 146.44324623477607
107.22432276102077 29.960270563888763
94.29275077298573 17.357605804780587
74.94802158325191 117.65372571440555
113.80869555086836 99.02859503472924
115.42235088682777 17.09058825414692
96.64897948178798 39.03909882729411
100.88007216345207 77.77867034411578
94.89042432643231 121.14875742155778
86.3895130337351 114.95331059642714
97.52747633841147 2.947237205605381
114.42343613781513 20.5242311313931
98.52839085812424 16.448425662900885
88.2715696586266 121.92477238076897
104.82574767508234 0.7177959946739283
105.36583505861817 -12.220869987231035
123.01793012050378 4.520293580266818
99.23206081842596 114.75766907468028
105.34431199805488 14.458993579050512
103.49924611901656 69.3980910613917
90.14323161716271 58.26469894283065
78.92649130798334 139.86124781759105
148.46879392949694 27.842519098983985
117.166652451631 12.963786440883544
99.09671068806855 25.38520315874399
156.86957036394097 117.97357576719531
108.76711471482017 4.0147754295395925
135.6330025964749 141.28277042100456
106.12813535769497 118.6168246835048
73.93114962708313 18.946106131816148
109.89889259627682 24.113837189274545
128.65125368145888 73.74082387825315
137.9220568743493 37.25471462526898
110.61181489247676 112.49060641632994
126.96516841096556 23.833840340837714
111.10409186991322 27.47721328775949
132.99241801398927 157.2596611555095
28.445118166748706 29.026872221008997
103.84350916177883 54.17333815061767
95.93233669914336 126.37944193962868
107.68132009676651 124.28496470109536
99.44042412835175 123.22620388337454
70.15254522280746 149.5652517727416
119.40502116738988 24.2485701389669
109.29596370048598 20.764445664204942
89.21562048667442 26.423355761304634
128.85618403131573 24.692997431009093
113.43609169818316 8.835432395606388
152.1391847548058 72.15248166874866
110.25784269058329 82.71333955542644
91.31902316112688 134.88704288148625
108.04432490241085 14.752123113790438
118.98923383606655 12.492454407608331
110.60393035724934 23.510472681365414
84.64589950784742 34.71193478768793
119.11739380854105 30.440725617810944
136.78845684457877 20.24573476089254
99.2324595952886 138.07664897992277
95.51380154401954 84.1755883625953
116.2462455197483 86.5264034421905
128.5411764032779 31.83599879933308
104.46013794381547 18.764865642070227
97.92460658976158 19.15127336799072
98.16055450867604 60.634656823344386
53.29147283633209 107.19505768696146
137.73659493390178 14.136016919174482
138.61557328566755 14.32983231492163
117.99924730941747 123.49785246327963
99.99696668194055 61.01504909069639
16.21289198104204 -0.6694603724976869
109.37392777385878 116.23486354167542
130.37575374428943 34.27926940310771
105.1803005935381 49.07061221653384
110.77699693049424 15.067915097912582
114.23736863462499 116.98428364747278
104.64670557750924 20.661032753116118
106.03243967616348 20.33244387037714
106.42810117273524 85.30289221810324
113.43827069579862 96.62404655533109
137.97857208317814 -9.101258788975189
59.558300430307185 20.549928895217587
104.43318736949156 18.792557881254886
122.3908165983281 -5.417291140572319
83.68279148024038 19.16535859485288
68.83734251873858 20.916074662067963
110.53022362183575 20.122548081567274
115.49126201046224 -7.060314921369134
109.80972623168664 40.89778578631526
112.84997293754894 100.84731371455841
48.242859820956824 69.48662220112108
120.46549270883857 54.032979069971645
108.24659056741552 -2.500200084962242
142.96706570149541 27.197495989853724
92.23002831997027 28.039385746695253
62.13550081904654 112.20071566132401
