130.45585947153964 134.36233331870469
8.169372895619594 146.1092205743156
123.99988213776142 131.85239291950668
53.22112677398348 141.95431779489235
20.414910165809584 12.705812929562997
102.03052416426007 116.42941027797522
119.30635904004171 1.1432655189134726
117.23366976407263 143.28051469625981
136.1508989819235 25.488362213027727
87.84830730956496 136.3568778533051
25.920781206075716 27.431831069014194
136.50545915311886 29.88042080274917
109.47799346827858 134.21818007201833
52.818977387402136 125.2370693327139
96.9708204241645 145.64996665028843
98.56554090358256 35.660073923754446
27.03074469881403 -3.1988230457358293
118.28624401541829 131.4432628770668
54.53139560892967 154.7272362017022
28.208140637979334 114.98061148114459
104.77976492631895 125.06774626936672
98.22032835060271 6.6605119217929225
93.04339011454775 -12.466081132227838
120.18341083434625 144.23341317220417
125.31732805915206 143.1674748647827
21.348268314719796 157.51041584345927
58.822301623269496 149.9488244392733
110.90511318852425 132.41353960631506
50.59421567764099 112.89684472597105
108.58876777809351 12.139704167647787
94.64681674193885 150.66024392947355
107.43762015416296 29.097136421124702
108.43919909075106 119.78959010313295
27.9717469004194 0.5858509219394263
34.5214268907489 128.7061115791536
11.810163422549026 112.52869169988968
84.50028951302265 149.5433452568
119.54637104837482 31.973514925837954
141.38249033727436 121.16126396166949
132.17013568201904 26.425568497305406
43.45047679512796 139.94888883232716
141.56463350330554 138.74680382247448
26.83741077768803 18.111741217908435
90.32330243561351 26.40068363143541
14.643543457900412 13.177534182543939
101.41915832323734 111.72076723690164
20.590694696725645 11.960134320837579
94.32870492603968 159.80996043959416
123.49417526147698 149.83520327754135
94.03808384860609 117.0719218572579
26.295626031612535 22.80364348524012
48.05444115860345 162.39477617097566
56.94094504132542 116.57078837613268
14.915022241696823 104.61397354477933
134.63437418586065 126.84053016919732
27.47610874483102 107.38364001014313
127.68300620826156 142.05679859448293
14.216295792466564 1.6762188133765918
124.88549088975992 10.558187974607787
98.94725140206216 135.27748779623874
98.37691544387323 142.11957902258678
116.74252295504499 142.77340162002807
121.2999881152906 -1.8317560485328925
122.18737543508307 141.63706396082415
131.39757072090933 11.719160685653225
97.52517789815106 -9.55199949773997
25.492060909838983 -4.9588924013928715
119.75790167176397 22.749012694206094
109.5899257381796 9.443035928405395
43.84765350409139 128.08334882322634
121.22156356763713 143.34707698077057
20.21487971992418 18.60174063702285
108.1026182627326 14.482890981137608
51.42108341564783 114.49374354001594
108.45718999430407 152.81520784026065
27.041665488786393 116.53497616074115
26.149152212155766 136.99531459167298
126.47228531909178 141.5902315742069
125.9378012263884 135.4705716008426
123.57740074278627 134.98662165650137
116.44939143504781 146.82378366080087
40.82452923277322 137.71279648447822
124.43558045222422 141.18662258777138
106.1714227516245 119.9167328536292
50.13675830378083 140.48464286879576
99.22572864963512 6.813289191417924
141.35231918730423 142.16596809399277
106.5291064830285 133.22388575510817
18.053737680283394 19.33117501186127
120.95890073311872 1.1832976990708335
24.70293950518615 12.008004196605533
29.52884195221216 117.16400586048177
1.8270276479992864 16.54616451854131
105.4111082452788 111.46382796153016
96.1115436675098 145.42711467198353
113.60853326141708 118.35283391927224
113.77950950543344 118.3206988576898
131.6454151090466 143.14512626461283
127.49425928944943 13.468599996467423
94.44123266887968 145.51714512405124
125.7671075651757 4.872119013167304
11.827502214152716 -1.0637231988885643
107.45423097455976 17.444815777741574
7.737602126614313 7.641180090561299
104.74014119060737 160.27518323891007
122.39175369825391 29.90706442412944
23.93888568468853 17.469071812776416
16.98466462494316 147.5278747929378
88.72928824063037 142.90257911775674
125.71450144559034 19.47325787551616
17.739303411247445 16.02690357213467
125.44101172429066 26.419410765309625
17.026617970319823 14.20139262843836
94.82927973274796 27.13201711100728
121.393142764101 132.26675493428613
137.7022776956332 134.87081776403656
119.52676850014043 11.174776394201972
46.45067104403817 103.45926324859082
114.31947671541316 14.90972809041208
17.94079476191932 17.543991500563177
120.58579941792337 142.7422957426351
108.05595172482799 143.78454888016884
32.93027329636308 121.80948886201689
139.24189988875258 123.14497715447685
128.45700063329042 32.984643535178634
133.19938663625595 117.45308329931017
139.54944463854568 22.951217060109524
31.36913010873617 112.84617701920364
97.72376881986493 119.03380458095327
105.19246278460956 19.92158115899493
27.792617170444252 149.80175489404084
116.77327986341412 26.960894310251348
106.04433911496379 118.04445831033765
121.0304299848876 131.65240166476093
135.39131346856925 135.54796708653234
137.54421514150263 13.616179206166667
127.49852901948694 127.56174965703872
99.82954398755788 151.86130497376644
126.46787534910813 20.009621248102224
62.697759939508714 132.84424108404434
31.10178926098483 113.78783292811978
117.00102195301416 122.42057832985225
15.779015430442774 18.583282956646507
33.009723877567104 -5.061419552266434
106.13014631659361 -0.8571091095859806
49.36380015298247 125.0044125775447
49.7684092010078 115.22090962592586
119.71792545231996 25.39314726653012
95.38779340797878 135.83486287582343
29.36817952339285 126.45748637055878
49.09993667091433 145.18991191434324
114.12765314111128 124.26969566497147
131.11855538952884 122.01786742307951
130.1519702385527 133.28566258551783
15.369144410951264 19.494585093034033
101.5968600693755 -6.828585022034197
138.06038389466306 120.72611944873026
27.994208099817783 12.592149758097182
92.24721815849418 16.854328038795707
127.3687227564339 12.26314562600715
92.67890200134458 124.58717741058963
150.24253755640223 133.1584337774479
18.280524969660068 132.04325205777192
48.73443621477479 124.78242669632246
28.222634426652668 154.24835755286423
117.95094876106212 132.21437819623137
127.26052510125292 2.7384859282994443
117.14344891816445 6.58588214037068
15.923161746278891 7.369255934358931
136.20097729892237 132.42114620721188
41.59836870233173 133.2342708621506
130.56250223450763 113.31183796633714
24.89583757310404 105.42928315042252
127.01042625043323 117.788327153962
15.58852700443775 22.64466694875333
95.6304787461355 145.71416735157763
111.62225403866992 20.738463610118494
105.83182140263706 10.587541190497713
23.384155790617932 148.25405930156452
131.50440095818465 19.621270945225476
104.66439837820373 0.6772549962580683
107.03064687424492 16.92832211612971
87.72345868904384 149.77942271339566
113.12136294962667 125.04004376567246
100.95012246481406 12.000785861720196
108.80688351104808 19.42531458958381
128.23364785453037 133.0635537159629
141.17438760122107 111.48560552361617
106.54801969151542 140.68354952710996
135.81319543969423 122.69874752098043
140.70171804557438 137.2039183472882
122.52766662602023 35.84208278280641
16.418700147813055 10.56964635800659
111.97435929890052 35.210962028975196
56.144320780463936 154.38996145501355
62.78850003188989 139.53710427014852
16.630439704378265 -7.168539462574124
100.43881590756529 118.9318352809163
100.46130635695746 3.71619414074565
134.15057457110282 124.62413933035968
19.40374093804652 2.308425153969921
49.82245085231966 136.7126145682193
10.03344379604856 12.27178870252489
117.67863289726787 29.555859568222342
88.95281023153308 129.9784346014446
109.67976608836038 17.388576634424524
140.00114701269592 131.75092612527177
50.09816540577477 147.96450933159144
136.9907272291651 136.92262282249155
21.94133359933779 17.40250528660116
24.16903107309928 14.204452127364597
51.787802698550934 144.1650786763183
36.22053413058935 156.66683676263818
18.36932826912559 15.962577315552418
18.01862975647289 31.132525744754073
102.95378136726752 103.69586424323376
139.69153642593005 33.774458380048394
105.08216437383591 114.5162128558234
103.74485476962356 37.477419796982005
113.69359495483553 -11.742678432038854
51.445619042830494 128.76263898744727
98.82840865072427 153.18231619774338
117.54417544985999 16.70962010638454
67.90050872589195 146.4787552474907
98.41161251198291 13.623483588687826
116.18123512640945 151.82084082552535
105.40425275312428 39.22569124314106
-2.1621056912941246 20.2846816650524
26.195233644080467 117.58245552823921
122.67590443606635 135.75319054836498
102.24096899525787 16.209654119662616
22.401860594215965 9.810231595239408
105.37166529561736 147.13359689546155
97.12274225138951 113.02704661163015
116.40800641128045 115.16769195108152
33.653357996478064 -2.4211824726807345
102.63347409679312 28.015437478935443
98.02670833077659 139.5652326032727
98.92107384749202 120.38048071816488
113.27217364064093 -5.185810481548027
15.418410808755517 -16.538466832369753
125.85672778480811 3.2429292892046506
99.94183676002832 118.26145523693404
16.317152732750436 17.904712984546318
120.66821031796906 138.58454676744017
61.98402053610534 145.928318538417
60.27684200655404 139.27344526056126
137.61854020543865 32.85465344495617
116.23010980504031 10.51309795827084
28.493975747000317 25.555519251570985
18.4992315057866 121.32404262329797
117.81170930372178 7.886145611226112
134.01017930510747 123.79386796644879
50.34313322168559 121.74730227813751
16.58528528909558 17.787478120596106
112.94705874727943 9.798222047602623
26.089257997740507 130.95711645951837
32.34118696121252 120.21347071747019
107.99521179482521 120.37993764890383
131.31797869750739 26.313961740056907
111.04657070702886 137.26667803610792
29.83094479115944 122.4362176192876
27.434423618773145 26.535550796230126
106.90540216553386 140.83265560884087
103.6939776457454 148.74430911744332
27.09262499710586 119.69447222492246
104.58245694973675 111.05532658731961
24.96780987271577 165.82660936810132
124.8370684537431 25.901701637964738
110.93857874161232 18.630720730663384
86.14634034766762 32.018512870548435
119.24055438591903 27.973232929257154
117.29834304566012 11.292617524424221
32.3726149738901 143.80637960593256
46.61113124794634 156.47150793481865
101.21608415599135 108.27050046268688
115.28757902880491 14.6563220486312
12.591468030436994 13.417045325784425
21.208925059386793 20.50453895297231
14.032409162287369 150.32400405716953
124.49843092386946 30.722165539586832
14.23900362600169 15.700411069661383
47.57092625287428 111.33594664653299
95.51740300589466 143.86746358823692
124.6235602364244 150.10067596882152
130.83865026541346 32.08411291720326
92.65746236341039 20.431887098261242
15.485024837948359 20.40526052660904
121.51514649876486 119.78897324022076
37.76609816064414 110.17017581174558
9.605085172388515 18.153158002185812
144.6802393263865 17.497736428657138
120.58883243703006 127.01173959710493
94.6504928731368 134.7062742685151
28.42111289640256 -3.403402167472632
110.18790753774208 138.69060995377296
128.71906407775626 27.098651636173777
104.12463012712007 138.5144571387436
99.06481386641536 132.0672148531061
106.87632565370411 119.40748654155549
16.316129571715777 18.775217559755816
94.86503744325282 30.542678599865788
17.43581489821098 99.91611971366191
35.46895974252426 124.3218653649146
29.477010673383006 -5.8140737383378
13.181728855115981 13.929100507323865
103.90451067824281 18.75337188502648
126.16436294605255 127.53388654559255
15.77230460092105 18.72620945881821
33.300914677434555 20.07786812578516
19.421193349657035 10.500034511368364
121.77452728071422 0.9904591464475416
110.87527156957944 137.97780977696848
26.945258552655122 118.01309299243036
39.24491648947005 142.5915995925313
34.30861509986108 129.32890158935712
25.843716138958666 4.996590513096653
134.40067523050075 28.576875470056844
96.23752760149836 37.97936559658278
52.06227038407073 111.19246319765095
