120.5753415561657 10.178597864909104
123.05349664348833 117.68802544514264
119.4424713028688 162.05783058127128
65.38008818005412 65.050015243947
83.75123352312205 5.977194695919162
91.28106889310891 111.51541817245428
115.21825205996956 0.7729596500261988
114.67269002327362 25.57222690845135
138.9423035094414 35.532119159411316
96.03566177164731 105.02933958109924
112.7062173305902 25.37064421968677
130.60150477863297 24.68652391596705
107.41659884542544 35.392859556231095
75.28924478593991 98.27865740807813
91.5257829590312 44.3623555048669
93.18702411373471 25.082711793021605
99.71313399805508 -9.424678248076619
110.2068863245049 26.087699979669086
99.88857225553589 62.09464933725697
120.60854056741594 91.20144529096923
105.30489786757227 112.2365166392165
95.6783769056319 -10.96413295414771
84.62201157117408 -17.239702670982393
113.84348444736771 98.21449733880628
115.2104096180728 25.44203926285147
107.02594593615781 67.57917909478526
106.20173906616571 137.7084468341709
109.29774544680104 61.08494249593266
64.73499552425847 111.83471664641863
108.51959954570523 0.7808119496244772
97.29691087367354 108.23430231078872
111.41301661350293 27.31910563101674
103.515471115396 35.66985266542871
100.01781618403513 31.658296256277573
122.48624662092905 123.59528216964436
106.29604910398714 116.89466796678877
75.5058345584843 105.62301703764054
115.7241444579026 30.594767693787826
129.15580746365796 41.5024138231352
134.71383673103523 23.597927312565336
82.78324671960411 83.02062324869216
132.18826336563916 159.45125647294174
58.1377204300606 17.48247642954238
79.51080084464861 19.479635758928772
61.594302777921705 18.271669391803474
92.34249317495264 112.35340841819084
113.42700534234758 23.152482991549565
107.34112729091687 11.109319614634662
120.36266013324659 41.18914120109409
86.01298705812178 46.601789815027864
122.65124656484632 22.773814520785514
99.9048654665043 194.02619191199557
91.66326976801696 44.70913822449699
104.653436392734 157.5669561795922
133.8989501501827 19.535941649541208
107.99201886162162 40.895109894457825
127.2524871578028 138.81415632464552
115.81262082654285 -0.7194480217286198
129.8619232668118 6.418950248311965
103.36011734460645 130.00271708235417
92.44713387792928 87.75297588508711
123.35360604953594 63.42593438217708
120.6056406734932 -3.7172649094306873
134.40706840478558 53.76939756394983
120.72300604981743 17.202916439807012
96.32564089258413 -0.8174626201577242
120.18879941986687 -3.0679463776798648
113.98012591098953 22.245823880962377
102.00407884692218 14.59643600094274
105.40415835261955 130.12008916240194
117.47570718704553 35.67992774576125
122.25175053845959 13.994663996363949
105.83930173214384 18.29788498572798
89.11684315325951 110.15941866800823
107.9675925016826 52.717824449033536
103.260765904822 120.61300215854477
135.9284015655393 131.83722691558486
114.64152645791266 133.59263573410087
128.7724486957076 99.29359270954475
129.00389494663187 35.698525661823886
112.47728293659016 85.11120685887249
108.42511570653588 142.45708877449377
118.10553296849406 109.09506522062573
107.82878376567858 115.6995824128819
90.03343089208222 24.044874130634042
99.48036654380797 9.78983240371846
143.83027374672307 58.78310596696519
104.81085469966278 -0.3416667808223598
120.84841161885967 19.11953469854167
109.30068685784678 7.244299585153693
107.81147561228521 24.383378042379903
102.78047904697948 120.58488012456155
52.522171870348735 14.540018567767412
99.40646152489998 115.11972805358873
94.40514002911515 48.65862925446667
111.52899316355767 62.77056908039856
104.23150042373676 119.7665169832486
132.54412470174498 99.29771388948943
123.2695217161153 6.893604231520075
95.51343056932949 99.60896886219776
122.29846535431322 -5.060181443279421
116.13389315622838 -2.828371999245288
93.05571611273429 19.424801195652385
73.81674536565441 -2.7022691130814
103.09147932893441 123.18429866647122
123.68074781034653 25.813199954985706
142.48756922733168 21.552715681582743
108.55183266627105 133.23110823689035
82.40803655606375 30.19825118175289
123.33521767912711 18.796024524463625
109.05228122711964 12.698629186272074
126.14200852139867 26.041681417616044
121.05539779673161 4.108486535118099
86.78004230193314 22.336231089746057
121.56446878053362 78.6547857350996
145.71440336862278 99.9473312793582
114.16529936295429 17.960090144947834
87.7139095288549 70.53450598474551
105.5374683356018 26.311611359283628
70.58004535914006 8.4190118500402
121.16077522599966 38.13380963576493
106.87107020705058 121.76531079722237
115.45159482775061 25.751170958575116
145.857145478249 77.9941301145233
124.80568036216715 30.281868858091016
128.27091279943036 110.94822142629845
128.24676024649213 20.16015728968107
130.05380263901378 103.4940484384592
120.60502812811526 115.28215760039348
102.07534829363823 15.907099799680775
123.48304755433828 122.04031998428118
115.14627195541529 24.79075940334526
108.48756189851798 64.76176253837585
120.36124593522688 21.216203866882214
149.2371865600036 148.11262300225303
140.84884064489015 14.068299343675646
123.87289678074644 72.73790592490707
99.64548356607722 115.19133498036699
120.57424261508329 18.11346511755334
83.37506925181157 138.92210175768625
119.6086800321485 109.39381638512381
109.70021353045134 36.299715273532854
112.01643381943504 19.161747214944107
108.6572502511836 -7.404722623573648
103.260124346675 -22.022924383919854
56.3394434916621 20.518981458705706
76.49605215933686 112.85328116239481
118.68326202275348 23.30168586843213
92.02938359275475 170.78725150333756
108.13318004877927 113.0624044368825
55.81845931727969 143.34814197387826
112.84525366061665 118.81547626371537
139.10740300503602 118.93361299165987
131.4571538422984 64.09890161740208
106.32961968285457 15.463486408678387
100.1255373147475 -27.422307781222784
133.42069303411574 111.44188329042608
95.61590686052668 11.401403159903396
95.49065899122338 12.220531579823373
123.1851307836746 8.526909448848906
70.54992152012585 118.73876319614395
138.42271914814927 135.1068079486324
136.03067652102916 111.77317350414144
77.63369079168547 119.6861301439179
120.29251238801558 66.52341783491333
113.62832859242084 141.67589049652676
125.74187957103652 -5.4606373522730145
115.69859888754283 -1.3800183341907157
87.52190787815427 -1.0190832833513568
124.48394056061397 65.32109678145027
101.52534128028674 125.76745324697266
118.977912296315 111.43887426087521
105.01991047373544 165.31978805342757
118.64178026016268 136.22492023853366
109.22634605371378 17.376818483444275
89.92296366769499 72.30980446293256
110.88426197941313 22.942802467778073
110.62474134840808 12.714090978218467
64.84289436814089 113.80369977258128
133.88515286405902 19.41238899855937
97.41094495011657 -6.065329027652877
106.3752937646791 11.949276681065443
95.35554075740984 155.05215074984375
113.28623028119694 123.89596327510893
100.29625596692435 2.6935299724227004
104.66658093887668 24.175419029172712
129.1141594839063 18.073892907240953
130.43062147632278 105.28291587047578
102.81274799911768 48.688201362946735
127.51963887547146 59.16448551318658
139.96910059973158 101.72921582949878
139.8010468506291 43.72478310780854
76.34703090716893 2.1618982706470593
110.5211407802799 34.556642478799965
73.81090034001262 49.2342046518206
55.05720011650563 137.1769889971299
129.90414180563369 -2.6164916163434797
92.24126059016847 108.7482581053909
95.70252952871961 1.7503282191601084
139.88707207874015 114.11401838057908
81.8134827283712 5.779502768931135
97.00750002140569 0.5174974616638417
99.94122438695582 16.61664906076117
118.2400234873785 29.234633046529574
74.28513729000326 104.43068452635566
108.44896552530103 22.448174216162677
135.25796344992833 109.88903719336793
115.90052641484452 -7.181316381350562
168.8385316708858 116.33611531808288
108.55436622117277 33.791048476395915
108.63634274061796 21.173231791231178
94.16540870775307 84.92962983172761
118.9073969445352 18.41582152806652
109.73136712254426 13.624405841953237
65.59726059461289 36.94855352583194
99.79244792648628 141.86487020124542
133.94611950557822 27.838240290114836
89.30901048201152 114.95808607917509
108.52061673185887 30.585188447681308
107.47933385319773 4.547142615625938
99.95808512058119 120.99366374768836
96.70281636660529 51.79111658734903
109.64720104530726 14.329543074936863
82.78450121207567 39.481227907347325
101.19068842594076 5.148395431495674
115.25735437818932 122.81401810510228
107.24684891413408 25.532545458157863
93.26934719781079 17.603965747200355
67.4900411572014 113.5982994923306
118.60007372069765 99.19367329816832
109.67081018197982 11.067370699447942
111.32188158138223 26.451973616538268
100.1280040159457 63.981822629538634
92.27821019769662 114.88906598287143
98.41036349134622 113.82955070583625
94.71439387352102 -1.7172873401493978
107.94946793213396 20.296706611802882
88.72343827416056 14.523564784719476
97.8908068493031 118.03035313294022
103.26261006490861 -8.298792688835938
105.28266041767132 -17.952731888735798
121.76292599169264 4.32649977951119
92.26141145683087 114.04637487882519
112.42543635574422 9.173716590862455
114.84207180933494 57.301054740116356
88.526626994769 51.59352715223493
96.5502701760027 139.69803996692195
143.7092675946815 24.38520458753595
120.99634032490434 5.679549191630989
75.5671715706439 21.49259160500019
148.9503007797369 92.43210254884877
108.27210504367629 -19.220648348822778
132.5632774956965 123.82682004889638
93.1240725379146 118.52623770036575
79.84143025787789 18.30772130630624
108.64504480468977 20.09754792753693
132.20753173045938 62.885073057854044
127.25145581500236 24.117797810805136
109.12009062476915 104.2941119008442
129.63075229954669 22.926812383538046
110.708342682917 37.26948867146848
129.56414960206774 139.58389402586567
36.697073271711 25.237093262968347
104.57217239964027 49.651033676739644
96.57503442461189 131.90106313057112
101.9675930063974 119.01316311468256
93.99281899702493 116.00160255762385
66.17534837559506 157.9453027992528
121.48407935994933 24.832506372521777
109.68605992459543 14.148412874086008
89.4852640663461 28.99022373202521
125.81758141104491 23.424955155465803
113.97382558149118 -2.041781522334048
150.77126457962763 59.44203030640428
100.33645358013362 64.83680809752252
82.00993082748703 140.07749227223354
110.24220424992814 10.706922832014452
125.00773684300768 8.413317625996049
109.4800463847175 18.864030876290066
90.19238919906594 18.655955127033803
111.01712035019536 27.427299212659676
147.17775015878826 16.40584350960856
84.54221877738176 145.49639501341193
92.8108202680196 88.08279175890195
119.02088429082664 74.63680929902611
128.67025243321982 32.18463952963242
100.49655615403493 18.302720549883933
104.71549864375761 19.173478280098436
103.04880446499718 60.644731474962065
46.115288308290815 104.95447926831253
145.77531180548655 13.417441407979135
139.22556888481475 13.972939072562447
114.55530575773169 134.40644356868512
98.64781269197151 79.89846405368473
22.50569534263896 0.5465285624387974
109.48897106623899 97.19816497430395
130.34933808866728 33.66928180196067
98.48302605210499 40.58393834534769
102.28185600271645 3.767376162207473
106.8735653807639 115.33019258109194
107.10641250335176 19.962072091695113
98.94768738996078 22.50092006420607
105.64430137888358 75.74923722142582
118.1589818472514 85.9968916214975
143.68327781407106 -16.016815238797175
67.96351688085572 16.20174549691645
98.53293978616885 16.58186157588337
124.96163505390595 -10.278515954633079
90.2335585090747 15.738070803918196
72.48486740242092 20.199954995247893
115.5894407100465 16.810152735220186
115.94465312675518 -15.515417769059821
109.86062756822406 41.71105929777241
114.40857771893926 99.67915958979012
60.8837510833853 62.641582511371084
128.8138718570079 38.10029598871925
108.4757223102395 0.2288416128395565
146.98672821689016 27.582452949737295
95.99742308097055 24.23387261528371
68.55645957944492 106.62620567735458
