120.7506954555824 9.161730663351673
128.05186931673018 119.90867822864624
118.47033272271943 155.60113307185728
61.792956959732166 61.43219519127646
76.73901403869749 1.3163939639882396
89.6245864298867 107.9852136954777
115.3914796193813 -3.4210689921628314
115.8920276211114 16.507543743534523
140.02603276260442 34.94740480174011
95.53357913426758 104.4016678085954
111.6960817465297 22.39785453970012
128.2448203784869 24.32712655730905
107.65365682650351 33.4408531607266
77.07802018963154 86.48172789669239
88.34512640567503 44.21704117269101
90.88192171911075 26.620112389975596
98.31804433046968 -12.435864934659103
108.92698570475834 20.019837420353817
99.5635754077523 66.99853637373158
121.22816774653893 85.73038032683777
102.68668348731056 110.37640312628503
93.10177217917659 -15.304072596828226
83.01214483889255 -22.56295756484514
114.67032912866819 83.69323512206395
116.21419686553565 24.21324587712965
106.81988944498008 71.59905346736994
106.10773800560706 146.43002880041504
109.29241694057389 60.02664693796534
69.91459320625314 112.71191572730342
108.22030044038094 -2.0815998937365907
96.29938390224831 107.29269055455799
111.2055116746253 25.889789775174513
107.4623763593902 33.18761056449485
102.61616635845259 27.193837126510196
115.09105953205581 120.37471416105399
105.81412890619914 113.29161893659725
73.2629126467993 104.78730269504298
119.04358779575813 30.289875223518482
131.67600609348028 32.38653893216808
134.06484035423597 22.665818838737046
85.69491661050934 71.84775663918822
134.52170132624886 161.01458405815873
63.870306170533276 17.72992767461421
77.0387615269889 19.51522668854889
64.60834801925405 15.215928430472374
91.65720605212182 109.44575379718368
115.11634585854746 19.14553029088059
108.9026058235505 15.15185501418426
119.85479984196076 40.41257350699636
88.85673794191062 42.55318448020178
113.89555900290988 20.448516325078533
94.16899930533998 185.2448069913282
89.30984977723814 38.76023415435623
100.89426117345498 161.08508125714224
134.0765028864623 14.61132720286997
107.58204557526084 48.01263629788762
125.6395216740428 135.75638144395782
117.83938289783397 -1.2761905984314472
129.43407752472837 6.409624743788521
104.23049571324295 136.46408566459107
90.38393833326722 95.6199600230183
129.14501895371652 64.84599457240736
120.42684205094336 -4.861556735677625
134.66478237247088 51.43902839512586
122.29630328363164 16.167722627349985
93.79675500774817 -4.249762247915616
128.42115179847124 -9.73613688052821
112.76418490159053 21.346597691808608
101.86603499810988 13.015430826374024
102.64195336966695 128.45639229496228
116.00858219394175 37.50784952789499
124.51806471284426 13.27324471450185
102.25892997662459 15.993558700439783
88.67750591184515 106.81672286769056
108.11188369117981 48.807549355924635
99.12324036088978 117.58320089223129
137.8581317048969 124.50761600270143
117.67696680999528 128.84479840560726
135.77164657083358 95.47028519199358
128.67121620830022 40.226383240298624
111.86428869285561 83.81078686261861
109.5748114279798 148.07662192447407
117.57301263374549 107.34936156596119
102.47685627215506 111.40867108212042
87.88730229983878 19.585243844332155
98.25775092459372 5.154584719084426
146.5310164323011 52.44196877389829
104.57498717314648 -1.8218011938649417
122.65621449998685 19.04568701413006
110.04139960734508 3.8534167237799264
103.53163059607805 22.39960767774939
100.40546009146551 119.00427401903876
50.69325701209471 14.345225530979468
99.06965720167312 113.79161810708996
96.39999527544803 50.9029246869534
116.0586757465411 57.18973463862991
102.88005512007538 118.10053693169345
132.87068394040827 90.8302762027734
122.66022243561481 7.1011721926894955
96.70904406045811 96.6766029160475
124.20119442862257 -4.977894582524871
115.00724409681789 -4.71539241368474
101.45138545183454 19.155873518554618
78.48268011860266 -3.8892416905264344
102.54291396824146 119.45598925865971
121.71698379951818 24.983884157912115
135.8416184778296 20.57047905999013
100.36979335182245 124.4103001086082
80.7718278215418 34.59280494679748
122.61359285357547 18.828869331922153
108.90665810964207 9.588794970113172
123.43531814186686 25.05787853277891
122.76150909129831 1.8851336354348471
84.41458335564013 22.78156833719479
124.1001406809078 80.57523851575182
140.03860123413483 86.1064989009597
115.09374034806822 17.766317118474717
87.48415719668344 71.3561743615146
104.5661200412712 22.76437454005407
73.42119314398879 4.968339998827794
122.07486085389664 44.785094986203674
107.4281974834091 113.2922375817341
119.0156118288046 16.644575474193648
145.66750437497694 72.29069550402988
121.87282966218316 31.30256841966136
125.89694383363097 111.5644751456078
125.44210784431904 20.2163673597721
137.69222055345878 97.82376757464115
114.42231957794623 113.8984406250651
100.65436684125864 15.678441154782796
126.39697228805684 122.01574146772462
113.77745031823251 23.992010979825697
106.71888250445646 57.440521792625916
118.77666945893883 25.80496442540214
153.07771288451468 144.54414448085203
143.04272274200744 13.637914054961538
122.25872868569604 76.26389682965747
100.51143801044063 99.54941784509296
121.63694764248828 17.48327213153924
89.39708034893202 139.12994345508793
120.94522026438892 107.71241270578062
107.33746581696356 31.372682603581406
114.83121553400153 18.701392029245312
108.70966517502771 -8.373752534154727
102.18188565186001 -25.971272633831703
52.366638178839494 17.673008354082153
75.318743076184 111.8676222099489
116.42245697946758 22.720969729999656
91.88734648806128 172.36966424007085
107.44313220548122 107.52900514926189
59.19611845892527 151.78858871983775
117.05944926770364 111.06481264289269
144.92836398349522 118.9275619934761
133.9839861895485 60.751833028706976
109.65954138595556 14.89354267706735
100.20279695993473 -27.584354598116818
133.0247804217768 99.71296009157159
95.18246187035325 10.652622618342551
88.71579883340443 10.42162073453143
124.33017604397942 8.470471205208899
67.83647606754506 116.20624547016865
142.5386514486981 127.65127204681683
135.60675488200482 113.56360543032494
74.49812974743209 119.81308390859023
116.3122431431377 76.57260018905204
112.07177992879686 139.76781260363302
125.29625229487905 -6.564910946469694
115.6755682677492 0.31745523056700486
81.07317235610675 -6.594216080084699
127.48916468529637 65.03146431080671
95.61084381054849 131.1346973526048
121.50916237913621 108.11412368906147
104.8144065488448 166.7751738518317
118.15063422225512 133.53016957663382
109.31041345913077 13.574870016362416
90.58014891869556 66.3932293700687
109.57576947519523 21.999747760782473
109.02168061769825 10.909626000392947
70.94242864992479 107.83487815462732
136.61856899198844 19.464589464594123
97.69124442202374 -5.671162707546665
105.06977245812747 11.028375117439372
94.11124012793793 159.79205079151046
112.60000926269073 115.36846906610789
98.49188960896227 0.8592090334749136
103.70173346567903 20.871977542055706
126.28992911680288 14.75964503934675
135.43152041552915 100.88957907070954
101.57278110679776 47.07944536777592
129.97027569598725 51.44352789406125
141.48651449691855 91.50519196821396
142.20745460869244 40.759467475982206
70.90098961839813 0.3085033775751478
110.58024148305589 33.41798212972667
72.78627906964945 58.09515716924892
59.16014630899084 133.18466258843947
131.84591493030405 -8.406636466100037
88.86602035502848 105.2454121876915
94.06697469186852 1.4909282269600554
139.13856812973842 113.47297000011261
75.93340760281805 3.711877652834567
95.04782342631133 -2.3878153671106492
102.35692611341621 13.873019484016876
116.81970277710438 28.407615146370254
73.52865600781422 105.88341256804854
107.90993336341946 20.495148736302074
131.10278272380924 104.78703690214677
116.72661145944177 -10.059433555998478
166.33248258774708 110.78118304331431
109.37372091796166 29.476664035246728
107.77635537146236 19.539387464479564
93.25527286978176 82.04079131422203
122.439586086251 15.036375345620838
106.6269159183584 10.905059532398742
66.10191119772128 40.063862841324244
98.33537380997309 147.60848083118873
130.80405460004846 26.93245929712348
84.64477964549306 113.25939409129028
108.61686868156843 29.502084094822024
107.17958974214768 2.0189663567884386
94.74549677764142 120.97150821352815
95.86644982834956 49.60542629980584
109.76741973042225 11.298710956918287
85.14169774633616 47.69074792731815
99.44675623004467 -0.17439872691893932
115.1145540585963 110.61730120102706
107.3848012064508 22.952907929296057
93.81118026873139 17.905983517258623
63.84109371386824 111.85878615804224
120.50882679848407 97.13038217106849
106.69673705068186 8.450160498779958
118.73507606240878 19.326112484159072
100.24950964010412 58.10176296005867
91.86466525868275 111.65474871386684
105.14805405118335 113.26556497005785
94.28626908443032 -3.0726191406788255
104.7557221971688 20.138707298836266
84.75324790112371 13.747816172608024
103.25889597832968 116.20006144378357
102.92699490860092 -11.262551046110787
105.40501395031586 -18.452588237219075
120.40230615667862 5.132783841384
89.78746254830575 113.70848741320695
115.81440138176318 7.020186094812551
120.36259928548105 51.1771204421728
89.10293656945372 46.284252694518976
103.51962606653491 138.53665395325606
140.0267325181274 22.362080160253726
122.43818101046212 2.662861137244943
62.28244534952431 19.331697114496546
143.22842513557197 80.22229395079785
108.06910574113613 -28.74839472226185
129.254244240299 114.57808622406492
87.15452522150625 118.53228776255555
82.67730607922512 18.0102041932054
108.04186647374442 18.011551257981786
132.7080205618873 57.2507546025958
120.48150614552094 20.036296242116567
108.3653185199907 98.09420612056189
129.62593533166796 22.250362368174383
110.41052455325315 44.19256201547031
126.53694549790639 129.49379880703592
42.378275417362154 22.890582909959257
105.24498776822122 48.8033554923408
97.61028021173796 133.75474280166486
99.40261926673246 116.33365479657837
92.09715836084818 112.5457728954315
64.01152872493611 160.26986382291446
121.8433222137438 24.858247627808836
109.86171003175723 11.095293173095891
90.80189073024135 29.630524596265627
123.22934083133794 22.488700493669953
114.06617969040127 -6.3791546417295235
147.93696966479882 53.804834643825906
95.96815514557204 55.29276706303874
78.73615189524268 141.94877255466696
111.301377443168 9.17387358093695
127.32332902111692 6.809135864438338
108.89544642335106 16.531245238683887
93.20013418369483 12.502353528137998
106.78452086228397 25.37681176499498
149.87901650866067 14.565668355540199
78.5734081675737 147.39480492177782
92.1890289252869 89.9428930904846
120.06595633146749 68.41182594751668
127.39013044897746 31.72267970644423
99.16081779399282 18.122296147700247
108.51251231247217 19.19565582764098
105.99848887336174 60.61885107651165
43.57484151198255 104.63252396828987
148.70470049288608 13.41829501622089
137.83201911447165 14.070210568570856
112.5481503467571 138.90810217221943
98.63373353773368 88.34794568985964
25.54689959265652 2.25159396602714
109.54116289398942 87.41264611198328
129.42122569036982 32.79250335003513
95.53657321024943 37.62848237041798
98.58805831797454 -1.0391140434525608
103.24305932013446 113.97911318108594
108.48258653384718 19.566475745893605
96.06375117067137 23.462307405545527
105.4836671592606 70.4734645096839
120.0423152778913 80.00690427387487
143.9018588743441 -16.66609303382598
71.62404854370922 14.0795034257586
96.17196931600454 15.650937262053267
125.49898490297133 -10.704542671848843
95.36795840787266 14.227467737791171
77.13099587136023 19.798597827682645
117.7619080594538 15.299845513757885
115.8319764695607 -17.40721477855035
109.85938046850718 43.78804656703238
114.92848747940211 96.77030302767679
67.70957851232077 60.25564833128919
131.8756623457691 31.839449920805816
108.6311320415966 3.0944672878568094
146.57676681356782 27.269469030248164
98.7809596863482 21.889794199433638
72.47965905007747 104.6914320112599
