120.56978810392471 9.146128500577705
130.25562546610456 120.97719731536536
117.90017901400518 151.58665197623847
59.98107445433053 59.398885866465605
73.19901769571375 -0.7525808750619132
89.12347422455811 105.52095887884481
115.41230084156314 -5.4279201292283465
116.40183532204753 12.43003319196277
139.91703078422594 34.347162011260096
95.36952237278572 103.74075928745725
111.17545217436785 20.886346200374845
126.85134937176147 24.083098611450527
107.78541046207992 32.2430373917582
78.56781065989827 80.52719709722453
87.02657112094312 44.79920786512784
89.86348809542949 27.21960760892316
97.73102238932424 -13.81991168444835
108.29142183762069 17.914890423097948
99.44974914989486 69.52420708351062
121.3181387816042 82.94632403441422
101.44057602528628 108.7344992299312
91.9020190330564 -17.20732804969502
82.53005189634253 -24.72006947673534
115.02265893382786 76.05573035099249
116.58288529242738 24.378822283223545
106.77142859497181 72.75222340802583
106.09914553559294 150.43056458292872
109.28793686916065 58.92397101180896
72.4702319876574 113.33142714760952
108.0845009733917 -3.101360865827604
95.90351146253796 106.53103030820054
111.08089287341221 25.065404867352363
109.45466739156006 32.95527891087775
104.02685201638842 24.875654137846556
111.31594752664232 118.74704962609283
105.5897992936065 110.87787801100293
72.47197339153249 103.31388850139912
120.65110888225242 29.91191178122807
132.63166235199986 28.276287496235177
133.2848090865402 22.155373181830402
87.58383523067121 65.86984996694562
135.33334800376988 161.11489331129926
66.61521000520395 17.878330764081944
76.37915522953811 19.527488466822863
65.95970177926444 13.740947062336893
91.5958174965955 107.75080420835255
115.86638812974195 17.14629891237275
109.69898046942534 17.228628097853274
119.50711686256236 39.727451746302734
90.57138613137032 40.60102649709219
109.44176465205001 19.24174337697783
90.9717324394375 180.29788061675674
88.46106425983584 36.096340493111384
99.21203352191128 162.07292128145687
133.7006342408589 12.726880116008992
107.4004563715845 51.993928614230235
124.68398498255661 133.9115642941811
118.69633837187142 -1.071152316388899
129.0227274133271 6.657816057905639
104.71418735885058 139.5853123392095
89.70875379700483 99.33370621268318
131.72034880800175 65.75139190191543
120.1038970435322 -5.204839493803485
134.47031742043885 50.61897129989433
122.93504191139492 15.711411078634647
92.75066282594237 -5.6278577244378996
132.16858057270963 -12.511483191671891
112.0867456716202 20.860670865548215
101.96245584897162 12.296289433621345
101.3057102351844 127.46012898107203
115.16339135561387 38.820152603983765
125.47498366293284 12.956999465363632
100.6016142727607 14.905154420256506
88.80476463564406 104.46635835471746
108.21082169867366 46.37420770645116
97.15382960742497 115.62532235476
138.22060969228053 120.76943091288447
119.08703079259969 126.335705285411
139.0831855775509 93.0160777471455
128.24037489478252 42.916752159193884
111.53237176784972 82.77415506442414
110.1387071605316 150.57189629918315
117.1815144082863 105.77111498851345
99.87286802883096 108.10897179510548
87.08143478279426 17.336478658339786
97.80948481900597 2.918751117741361
147.438932694579 49.44105409346203
104.54692336078674 -2.2096918035707303
123.34859535427323 19.012618616913226
110.40681640794425 2.31352196837204
101.44791081501882 21.369269249536877
99.32725428965075 118.2136784741807
50.19506784267314 14.346138073064512
99.01343957245267 112.63414918673047
97.65174069637276 52.31886524627538
118.26659591151164 54.22733619920784
102.31110185549791 116.30258848708772
132.6148738749695 86.2914116714557
122.07702281156897 7.313480320734049
97.49707034947278 94.98965718569029
124.95900130487905 -4.590785918622933
113.24725464834142 -5.403190071035483
105.8386656804315 19.02131534991649
81.03858916523363 -3.924237326186763
102.34441527650891 117.57594834129638
120.65174659949712 24.47695488890287
131.9827183729309 20.066876214968964
95.66773009515475 119.93676619563439
80.36267619759785 37.81813110519924
122.08784399365982 18.85452746742912
108.84205934866107 8.215169451415917
121.88728048728657 24.50493102876359
123.48164990359957 1.1498319769047316
83.47275665759508 22.951312502161194
125.20626906314828 81.1530352337587
136.7670964560143 79.18738931012606
115.43845504431503 17.689901009442664
87.73759536831646 71.69645291876387
104.1520379387481 20.926725063549874
74.85947190712973 3.451927783878088
122.40041266690862 48.423661717394786
107.72965397768172 108.3049585055891
120.63934379012841 12.787691169392573
144.68529494250362 69.34577951665376
120.22948668999771 31.630428096803428
124.45317400467523 111.46272095050384
123.87077896442567 20.238219774985975
141.22437129111188 94.28455564734192
111.2400011513853 112.75275832683641
100.0976938821302 15.611859192618585
127.66671095246956 121.94803522077574
113.029327188309 23.49964392340446
105.84978784221515 53.81177340818063
117.83479714200733 28.74184970639377
154.71903746681144 142.52938919802054
143.398764167908 13.524144227212853
121.22318222209519 77.58591441461212
101.12177610561238 91.25181163077903
121.99515351678195 17.179644231314246
92.44387573191712 138.91388553563195
121.40608162473602 106.12749000558208
106.18692553377609 29.536903509584754
116.16787859828901 18.476469936673308
108.75014523308963 -8.500036344921877
101.77975207763674 -26.999058265375535
50.65793585417347 16.43328116260629
75.19972276396845 111.46783843539649
115.16564904565678 22.402280762569873
92.08407141093474 172.17402928680107
107.12180552682445 104.3179191701237
61.08715743009967 155.43044266495926
119.0437637501201 106.88863273839243
147.27888118173337 118.92789998403028
134.93906682852062 59.184905886383696
111.30833836555698 14.62101515271872
100.3310079676132 -26.748011759350337
132.5508813342533 93.80063859919458
95.1183935145782 10.40282499147083
85.61167245321329 9.73535526741822
124.73352396434277 8.559718788868746
67.29243140180208 114.98092085299989
144.1080055136163 123.73087104294629
134.8079327892143 114.5906719818005
73.59056925981552 119.87246655537574
114.23597083335481 81.26896309322787
111.23857666248786 138.45448810338698
124.8101314869805 -6.738261555846896
115.62508402219765 1.3840728920670986
78.45169026201054 -8.92822682163753
128.68303068767705 65.08626523456508
92.80720941636477 133.6220560019003
122.67823241399172 105.76893921845937
104.78472604506999 166.99466115374457
117.79271553423226 131.97956420613914
109.35212188466843 11.759078484720993
91.28418434383997 63.48074547718551
108.9123035272631 21.47968275049875
108.21804233367112 10.138127330176674
73.94875110247006 105.01287169580837
137.6530737552123 19.49056620448266
97.97065031098542 -5.155059957555918
104.46356850761462 10.704149895191081
93.65666980343981 161.6403446803757
112.17793900608724 111.12824497694504
97.77058718780656 0.28271995981013365
103.35352194648752 19.19374342531894
124.66818180567377 14.32182337142939
137.50714400551027 97.89333521885783
101.06322049241912 47.070224588567505
130.93189164978176 47.9650477612941
141.63597626079653 86.08309448141976
142.88992955374215 39.04367888845231
67.70806695181824 -0.3502662665818571
110.5988686743178 32.69119387921615
72.55218247431819 62.86772945988191
61.035090735273634 130.9968035953208
132.3369722961695 -10.822310357722873
87.60833788652619 103.01868750905544
93.53583434800093 1.544608290230698
138.44851748147403 113.28108426428501
72.71168680677094 2.988210682761236
94.21970612830742 -3.407438976197326
103.6272374461037 12.593163143996883
115.98513059009096 27.836329340401345
73.57517878469008 106.67748462559095
107.64964839972215 19.495682977549105
128.79277695394427 101.6702436196027
117.0001265058914 -11.292921501016492
164.39355344464425 108.12636671841854
109.786149918398 27.163647532962113
107.37051642616841 18.713160332858045
93.07745028450773 80.21934092749298
124.07420784222816 13.626022681914451
105.11400284766643 9.668269570760696
66.36582893358383 41.397507881262484
97.78770275447735 150.3527599162024
128.9177386575165 26.37749126452315
82.72783264384682 111.97429906847346
108.6779593692573 28.790411332440858
107.06577527347321 1.0794142415692831
92.44910183411423 120.9343126202799
95.7192288868676 49.06492403046671
109.82347381452887 9.91509014707605
86.77627697074014 52.330322120829116
98.76125078323214 -2.5918235100343296
114.9888509842461 104.07407799823622
107.4905699560924 21.621200882299867
94.25811238931077 18.081945072848548
62.18509869190698 111.05773796388198
121.27753459616292 95.85123191013187
105.25775523066822 7.318460380292955
122.268750854833 15.729111180139197
100.45430805361605 55.645394074971875
91.91858319406995 109.92529660225864
108.5837260356497 112.531095013987
94.29214314183692 -3.1800766589863043
103.26393935093243 20.05191512194702
83.11662228225008 13.427644721371935
105.9741417341326 114.88498084142901
102.81697008972206 -12.583195220804424
105.49347361790898 -18.3710713973014
119.53628787866809 5.789246149138508
88.79730772600709 112.75185502855146
117.42668679218248 6.058895913338716
122.96940024648936 48.568499063104355
89.53002068792235 43.12088084765406
106.2017761513725 137.67571413898565
137.67812860066306 21.3058668216468
122.89045824268956 1.4020778333013195
55.82083815597935 18.23812625888028
140.12949221346747 73.60325975204593
107.98194403122334 -32.94254916806402
127.29218208694951 110.02577501025934
84.52072142639682 118.54421137874617
83.82732208822061 17.866506274346413
107.75965515076138 16.98166490463292
132.54804753965476 54.44217223328292
116.78647146521097 18.84219779438264
108.00001670350913 94.43152186746121
129.33820724374414 21.843064330715173
110.24656800288413 47.873053710449476
124.8197796101784 124.20510425231443
45.34740401035798 21.644240114241473
105.66556347915429 48.86783599168319
98.31445390768084 134.50033349327188
98.24643748898968 114.57040326193865
91.37676667368238 110.38580727843778
63.133593095196346 160.77924470450117
121.80627738047424 24.79742435160347
109.94760609545037 9.658553063708322
91.70708077462031 29.712960969678566
121.63891832093793 21.970647560490754
114.01065322831786 -8.413722359031496
146.21958999472707 51.073570254198486
94.09441852774322 50.78313447971546
77.5291002475633 142.5707850230065
111.80040926478787 8.582798421646197
128.35261005708844 6.157081141089908
108.60880994984727 15.402156197456865
94.76281822986702 10.041325264099745
104.70031842017713 24.24442397889387
150.94008972006975 13.674899004358878
75.82041139053362 147.8679903086798
92.1549352886424 90.91017304439832
120.4759811833663 65.17720771771133
126.52225773912171 31.369031180222006
98.6766055815601 18.05220981084793
110.44520869003158 19.21046625183393
107.56573142962527 60.59584228598861
42.584120526387245 104.67842144847016
149.6908815227903 13.547169549555356
136.87311152268106 14.148574370942182
111.49069195239339 140.80574041311883
98.76529535506667 92.07388621633528
27.017648579682568 3.4794707983341455
109.56753101590918 82.12838897533663
128.74392113872656 32.11856794288256
94.23519792141327 36.44300454227121
97.00011739152393 -3.0792369856614137
101.50755561837946 112.58201111921869
109.19550192878673 19.365327350373388
94.726492795871 23.89196350126924
105.48887230441063 67.8870809854995
120.78339806315995 76.80607790354443
143.4191109821477 -16.683200103617473
73.30898198649822 13.091612221440357
95.2207959170922 15.244866546152101
125.46360262966643 -10.521220197106505
98.25628845826763 13.54175005128811
79.90882057838769 19.59151561482259
118.68628074224418 14.607507983369608
115.65924394782795 -17.825932656762628
109.85077626486452 45.160734915126824
115.12785539308611 94.83756003675215
71.37615098995305 59.15199424016752
133.2881027208736 28.706619718460136
108.71693010695381 4.814613084141223
145.882373176556 26.973051173998233
100.33595390391703 20.658597713071032
74.33260087567602 103.91670559147084
