113.81513511635646 39.82316246970284
138.46395402968807 127.40963108923683
108.84035448208394 96.34960909074415
48.00804222701959 43.8257236204358
39.85712924149327 -11.246463298773506
95.03986363333425 61.54897176969152
112.31918259159497 -9.634764632560112
117.27308616283364 8.263242987036659
123.2222110016022 21.009216230520455
102.39975046070133 83.6016218946758
106.33408149059576 7.4276008753120015
105.38743343416085 19.327055554951684
109.874821432686 14.448453063569346
105.14081924969258 24.915113795224013
93.59377405408674 71.86150836816577
88.55988331325074 27.52372826592276
96.87527085697982 -11.485907536567655
103.53905785979816 31.77141621363966
101.90259661315214 94.25519237611937
115.46036808900942 52.04161277773396
94.57999852303726 70.04978496770023
91.4531056074519 -16.218219245395108
93.41520356837765 -19.0152401199828
115.3373719293162 5.4667527174553445
116.32093079863502 47.50969085271113
107.89340801518735 58.624050762749015
107.92780060312482 165.74387843337286
109.2155398521451 28.672057188315023
89.35895019462464 122.27890980981648
107.5703914720534 2.9902080532113664
99.44722235993424 88.98307857248159
108.84906663373575 15.063629719390272
126.50536063351865 59.09921779407741
118.55168657225205 2.094386649253148
80.05115341131426 76.83587299274956
105.4586623061423 70.74781729188663
79.21844049383239 72.5405547739457
129.1177007426091 20.93777931054299
129.92007459941237 16.88494887385275
113.04308919859639 16.087524044835543
115.1910681082243 20.073314873105478
131.7506249408149 137.06908026849803
89.71981240798388 19.68066333542191
84.82826713108709 19.509364858529878
73.84984310454769 3.7939879395601537
100.86015170343312 75.22718194714105
120.50683992314819 1.691975833159975
116.54736804549145 35.566092656005054
112.23669895063588 21.478842784305986
116.62812901627144 29.428207354572304
71.54581693908911 8.827999571136111
54.397183489571944 104.97958926161778
90.32406530260818 34.207291299482236
90.08130301408116 154.36776290618127
119.24114333972052 32.85635414191597
106.92694689649088 95.29726269337904
108.72279869917476 110.58999230036505
122.72427113287276 9.633902262427322
115.36953585756247 13.792175542653048
111.35532643689743 160.44537584902625
92.50217979740363 120.23793567858071
142.7672181846664 78.18600188545938
112.68327710158147 3.510821120415379
121.99745373488798 56.10109427609946
121.74636253403754 13.664807187902463
91.99079505916632 -7.289678498229039
151.11956122179427 -21.849249770297742
104.95757583138624 15.88803110679479
106.97481419753454 10.24270914297773
94.13612229339195 115.16035395334863
105.0437368001432 69.20683950856095
124.85503903363661 12.780325952764287
91.7533507446798 8.117215288956709
100.25714695282635 66.52400757281723
109.64215715485052 13.0297904334044
86.78266573295842 75.41541990982061
127.94279024820084 79.18604296481038
126.9831477429666 89.12519351824984
155.00986274303833 63.71299548476288
114.76951500760316 78.20378119397841
107.85813473760837 68.75468343553739
113.01566817416588 153.04921224563344
109.9295635649684 74.36102789862714
83.6416658790115 63.934161199984274
95.08437827819861 -0.5139243767726795
99.8959454848543 -5.898655588755891
130.8408101493774 42.51243830278495
107.01145423283673 6.972245308130999
122.00551724330259 18.85243672310637
113.06729869495588 -3.778409122808128
86.38185310307782 11.61438624740279
95.68600203500661 84.91768316725779
53.73848622552607 16.971814356598202
104.85279887678863 73.90211696729916
114.28269275112338 71.30578714968456
133.24227185789255 42.65917713262246
101.62489522283775 72.43756520919285
117.06811669497019 38.17600117942561
110.71749856452266 14.617520466675959
109.40752681658994 64.63897606701275
123.67753526458982 10.157539920400804
80.64607015738417 1.3212888523574051
145.7253996276475 18.024462511073743
96.68350470424497 5.167823051240156
103.75814153386797 75.85401936675954
106.45137399830311 17.612191962529877
86.81486752030351 15.747652576441931
35.43110423593365 65.36161766129118
90.493581398914 80.50752007502001
112.5220614964785 19.263364203907667
108.54535128651271 4.146181552876557
102.36419803454935 17.182098649036497
125.19062375375925 4.5822425727078775
86.91476399019722 22.224476124601626
130.6227076019758 80.79101640091491
94.31832645451468 19.910106045279477
114.35641395690091 17.8651572092416
99.7275036503618 73.88906509794592
104.10058185420667 4.754686667287384
78.94501609965239 -3.5012478486316185
119.81572628885276 86.3575029355847
111.07649870470759 43.4856549419755
127.2945226986596 11.87926764011184
115.73384603002526 39.417474643649435
101.5932836355647 28.86353105193613
104.76304837568318 83.75137595018764
103.40328310140745 20.04824155872855
153.52132981788475 58.75186521907058
83.50958874046002 80.57058793921883
99.77407247900034 17.322318265120703
127.59721632470493 120.1465123129832
105.14634911242818 17.271900896804294
99.87820957742859 30.489326540298244
105.62203260274111 69.43909819534238
147.7482055735382 113.86592184340147
133.592721079108 15.47953480496194
106.50244603832157 83.8688347866465
110.78581870021588 12.31137869065467
118.2516626947458 15.318563780289454
106.95663814414785 125.7687967796714
118.11472202073531 72.95661765566128
97.6826158542467 37.293659726671684
125.02514385051326 17.182484537699995
109.50756751910487 2.6904836960793137
101.2970965911927 -9.507836839264044
41.20792543749936 29.782648097859674
93.19071455202698 91.85408000409315
101.77164491074045 18.2115467641824
103.94255743293049 145.77261724632058
105.30769570285639 62.50298513680738
78.2790036542798 171.50843536864915
130.50748642416093 58.04060207386701
144.87882487074248 119.06262633889132
127.72816033112932 57.71167091447307
122.99506316257894 13.575784731039697
106.15308648509107 -4.281262191491545
117.0984435669732 27.025458949276732
99.68854561367066 12.879414909326421
72.93768479373759 7.869186624654701
119.80751272373583 15.078845343852382
85.41520472719324 107.43430228842432
140.17931048977428 87.59453195357331
117.08416069666438 125.44492286613885
80.7736682829076 120.25849726642569
94.39609759030226 116.48725732357423
103.44027267916488 117.93052385910516
114.35911754732594 3.8081994644984194
112.58882293745629 18.15875028230918
73.88170879258213 -12.626027105424615
127.7920381883646 71.61827258618295
74.89873837930821 147.45922855762234
124.87416854608932 71.95215427634403
107.05027577209006 145.35448418628454
110.19887254693533 112.52307604420125
109.64629137429304 -0.5589966674549705
106.01078433547276 33.86119347723988
103.241224544698 16.097283536633338
102.01725836404566 7.5769452050690145
100.86333890078144 66.24751713041329
130.2888143142142 19.677126075139164
106.03819696481484 12.100091650573196
101.62338850576525 12.363254877240006
99.44829771994726 162.30642487087778
107.00828637971576 55.241708464597465
97.59162977744624 4.222257912741129
104.4430626393343 5.040628710008801
104.16230853277888 46.12659687524885
141.32213240009102 57.05383122990657
100.85973221487565 52.963107633476945
129.00112200761592 34.83927598745578
127.60626772875972 31.52404680518031
129.96693218206303 15.030466564143799
37.15511987731726 3.5953943736840914
110.02050648475587 20.934398779817958
89.72027744668556 100.81214296800012
82.8859260355234 108.61652284916232
122.44060431401087 -13.686418978047936
87.31819089065428 65.63380356879209
98.54726730390122 10.178229879019524
115.96455347419591 102.49760863100795
42.77315093480695 7.490078258919181
94.45789855232555 -1.7844170068293823
117.46549387615588 5.4696427635770535
105.56038101407349 18.752286828758173
92.02278230753103 95.8716868310584
106.64107932649834 11.024888929002396
99.88694482362469 62.283807099822965
114.51434086338902 -8.807471078208225
119.62079536596595 85.09871694066953
113.08244207394235 3.258217219702597
104.87487618455424 11.673560321658039
97.94515193566343 59.76371361983737
128.23090763397897 27.48333436597584
94.98528827382596 2.4082770395398416
72.24449605736051 42.404815385335375
99.3318037793381 158.5500927974634
104.91391976949262 18.050096437096276
77.00839843105047 79.02737080096826
109.531257064203 17.296936888749723
107.23858506384103 2.695316766546855
81.4852031376309 120.07515960426413
98.60102209957465 54.86612722370779
110.10612165318737 2.869539557687794
113.6427650445119 103.36080654569781
98.95237729493283 -12.67248127501852
111.70333914913589 28.721367297982923
109.36216602617756 8.994730092815633
106.17104031179738 20.26337680882428
54.434769401961034 106.53340153772528
122.21579208369647 76.90459240599878
95.54572665931481 3.2019929082668406
145.1759498339554 -14.32147782413821
105.7725049121496 40.98532230753424
101.60401665008926 70.87937971664972
137.6641330191756 83.97125697404263
101.89267952782596 5.186539453915695
93.45868990340873 19.073263648912004
81.70965788343425 13.640270511851401
130.68812122156544 85.70083680106049
104.69408548177525 -11.35666489849499
108.20048869435497 0.032928410496030125
107.32992006233583 17.6759282919123
89.1396711763807 81.95689917532941
127.77097807016776 2.694451893038069
137.5853215430471 31.944147295995162
103.3591550379644 4.5485081451618905
110.82183378399482 122.60794376887122
105.400406753833 11.192479262835677
120.2046765580667 1.1277624565521447
3.5877670047582457 9.542274545745995
98.18764451467639 10.737237003419626
107.90408977974577 -42.164227853790784
101.39259816514873 48.74106466644221
75.4708224734073 118.93017411926655
87.19148725696611 17.350544939508588
106.10886777522911 9.684567507574954
120.19368063123592 37.72181047183353
81.04694322836927 15.601164197224064
105.4964429858649 55.31282820886864
120.74541953086965 17.16680486490256
108.40008570289362 97.01038870220468
104.18717541114067 55.43491416352461
77.3507697098522 9.740205203156089
111.3325307783563 54.7860863132508
109.67447611326963 135.12782101419828
92.65981340678042 80.75319086270207
95.4267957322636 69.49527787929026
61.985533425277644 145.51912357922686
115.73213242520927 21.60296054382035
110.36041380484954 2.960059911240422
108.36932947906655 24.79887794379284
102.4989310162867 16.317503170356858
110.74489652615088 -11.030404676284041
110.67163736327511 32.15877130530029
85.07891950359495 27.367492221295553
87.25264328068924 135.43205391983994
115.03626557785995 9.629044368355949
128.0437395190457 6.323086396554915
106.5263344723892 7.814468928130892
108.75648463508298 11.43511575169803
89.63230881127666 12.136708024472945
133.3138537046366 8.137443803071584
68.23538984924 137.23851034955666
102.20944615858106 91.40234680445248
119.38185909182152 39.19701307453283
110.15010734390806 22.492066131644577
100.52231558514468 18.132256940061197
125.1311710097828 19.482653479683584
121.24019403400945 64.8494115286872
46.56675123825798 111.36318365182512
142.09446450010526 17.23204077519624
116.42835450230153 17.476977214150793
101.42395518933301 145.363699298001
105.24642428277666 110.72481340345037
47.948723312461645 22.67163279489827
109.75942307013224 31.328158875491027
113.48057892351416 20.613007539216998
87.4628131020086 37.3205047014667
91.8023011282871 -9.323571768058645
90.57970803442652 82.21842049291912
115.6695087922811 17.579609480257037
92.05432654348465 24.954148415200642
107.0028834423891 44.76392912161588
121.16597892626392 52.35012350839579
121.03866241444122 4.698555466668324
79.52080356113397 6.694816272175387
94.17020118570109 14.100958080501428
116.39241712964686 6.19266531407373
128.10446671503064 10.252156000239424
117.67396831287604 17.66608187143337
121.51833541801078 11.301172251582713
112.03609942007496 -3.7363793012565565
109.52450807148425 62.66398498983386
113.93010643088758 59.836192062287836
104.89318284750038 56.74585308100016
133.111630089552 29.621995180827586
109.73822682997937 26.146127270379367
121.51698924252116 20.367564915233007
117.7332002511279 9.678474804687479
87.12635454635384 92.02478933687219
