112.71419197059123 46.40123908502664
137.83673536217296 127.53512202151853
107.82552198382976 88.80618979647804
47.839429579004296 43.949385898228414
36.651462606934125 -10.810414066738904
96.70105601680943 56.22811474891843
111.78628527440874 -8.563729276546045
116.9167557139097 10.82515700320884
120.60110127644995 19.37113018265152
103.7083725097148 80.96658532697263
105.97506257707595 6.5842901439952275
103.05490480707803 18.758131138429192
110.10096827122878 12.598681463386479
108.50132868848925 20.541695661358553
95.90238223441503 75.40078035876171
89.58389015225428 27.062763494805775
97.29050644387915 -9.433453540188072
103.37195940918417 35.96919627066148
102.4726673854675 95.65189289918834
114.43937291996909 49.95710380459674
94.72242855995468 65.79695589779116
92.43986571617552 -14.306047726214564
95.8531183500788 -15.883327176482638
115.09223502823497 0.4157382358319808
115.97515135973255 51.24909425698699
108.15032271653627 55.099162438841475
108.24600966219494 164.23331129744466
109.21295121082515 24.53226208272739
90.60159898210021 123.30334765477318
107.60894231980761 4.773320640776955
100.43590524013388 86.15979975259496
108.61037813882777 14.136455477265882
127.55393165620964 62.98483663160518
119.74449357095267 0.37358255702607357
78.32112013200418 70.84736632885794
105.71431889190357 66.32508877463145
81.24948660992695 67.8776981043192
129.064025452433 19.772099290994877
128.48666053323598 18.486595403653464
110.30243585645968 15.533156422971091
118.0680034053758 17.10262477339078
130.0195892911888 132.99982549335664
90.86623729424161 19.85938355437416
87.16513698382319 19.49414194769957
73.95014028854239 3.4928209225141194
102.42214504453892 71.13362894061152
120.53800097040123 0.8663887078254947
116.98033843691424 36.82435468221025
111.2238577024251 19.181270833204287
119.35981026075115 29.506723360654984
69.37277347717982 8.076006057375237
51.25615171155198 96.86327900281603
91.73888262872411 36.165413385798495
90.10523308044668 151.51901132967612
116.91721052542869 37.76044519807319
107.01299722412742 98.63127219553711
106.87972754077694 108.40039281677805
122.42037696426287 11.350540531596176
113.42502566047176 14.85805192092322
112.03693337923622 161.40772267634796
93.94476809805575 121.48667005147732
142.13912872337846 78.82806150184608
111.65355020655917 5.365222155296118
119.85245543992862 56.967567895867646
120.7303203754562 13.782558009745463
93.05256806137004 -5.843158196960297
150.93728239084888 -20.57162485377741
104.3654440371867 15.488786292897943
107.77211580547255 10.670493624672693
94.10906980946586 114.02826333916475
104.10810035843623 72.31346308777232
123.9729744894074 13.13119168700462
91.94005212347795 8.019601329945298
102.00739016201086 62.53364278012829
109.80097504421212 9.50423618282885
86.95847046177143 70.58930466041004
125.72966337636473 73.81580428346102
126.71883633743762 83.31322904101374
154.11590564253464 60.13981894688466
112.85591757718957 81.2102831035851
107.54846850815028 67.07637334214145
113.03900255600706 151.28122741709575
109.02954450845354 69.49967957232363
83.20590037986477 59.76362006097202
97.00620974368915 -1.1922647306300742
100.83333267241984 -5.308414539639743
127.33081404242303 43.64064441739752
107.4474520079715 8.823845866122268
121.02793475372849 18.86040841752144
113.18500313869569 -2.96154191043713
85.88651511467911 10.882562978976996
96.24515499719156 79.70793769682358
54.305343162652456 17.420455848087634
105.72577553504954 69.0266120109031
115.949866818458 73.84172244079559
133.68094877686903 42.504408681410716
101.99830238469919 66.43084039209047
114.68675973988039 34.14004030005615
109.29288527517124 15.780592431448907
110.75284965521907 61.62683118862538
122.82724909412985 12.190192409538742
76.42268495248153 2.9557455844918756
148.4451716059263 17.98504152604676
96.41681234144086 6.979562524036611
104.22627489970158 70.74491440478357
104.9489791705534 16.87102816165886
82.67564053241014 15.434942551967376
29.553600095647713 60.65233971856861
92.43612834335664 84.69623762353449
111.26763940765812 19.317212430886634
108.55922961623266 4.877009650714847
100.49974811838996 16.4462041967553
124.60388677793777 6.077773690389533
88.13945388266359 21.973198707249633
130.39090714002262 80.34579377883762
90.08375115571192 15.101940631924393
113.83010124906033 17.957033825941185
101.59218612422524 73.53293227173793
104.47166644338428 3.7815070788010594
78.09447489590625 -3.0635215631404016
119.0413473076777 90.35455400456217
111.38365897680515 36.57799050744076
126.74014847637415 15.578080968192838
111.7806572101992 37.89584488854869
99.86568522284419 27.995354497201188
102.72910971757015 79.4815589925523
101.30338892056098 19.987845994257377
152.35320012682377 55.91060268966191
81.55312842262013 76.81535299441566
100.30437546653836 17.68469132186361
126.41001506147944 119.893861827539
104.46345331032775 16.669368812352864
99.68699603327731 30.412648052953063
104.38921542008866 73.47600786642316
144.7030576652992 110.79462443138901
131.20958840884666 15.945235598707121
104.93564062051718 83.31692390313859
111.91554391909612 5.926432835339296
117.2566133400993 15.35209867231719
107.60503808178474 123.7436434497305
117.09678227994647 68.88995490778332
97.47753025002794 40.413333899602065
125.29064466054031 17.180028691627424
109.60499844307928 4.579932280630086
101.6950392240549 -5.420162192681336
41.75997085865595 33.262858918535144
96.53373896535827 87.44680385509558
100.58367699133586 17.795486355566776
105.78869359542206 141.42478643089638
105.27794322610457 57.468255530654176
79.27959381121674 171.36205535634332
130.60721282447807 53.63460375379373
142.43435090806923 119.087253924183
125.71216999298919 58.87690397655727
123.41490260450999 13.626347370123582
107.04750077216656 -0.3354382807267897
114.85270800579184 22.49507346926263
100.7915294310075 13.591734022062306
73.80383760572005 8.275981993858965
118.61714945544634 16.09507152530819
88.99895051556193 107.38255539720079
138.09697797738167 83.80076050089723
114.61879305724841 126.38771383009717
83.30549421154966 120.26884395131545
92.73498842169701 118.2669019731857
102.90546214370467 115.60043851030089
112.93750666799008 5.717930064839903
112.02731642603806 20.17413758160974
75.66309532315191 -11.406078515151295
126.46036716061326 72.38468536448786
74.82281081944127 147.15928752166093
124.0148010195203 68.02995682118284
107.51101949850543 141.10678244951407
109.2663871080914 110.62544255301809
109.65514751743224 -0.8896534558469161
107.88114750295912 31.635644317236643
102.84777532664769 15.667978934174398
101.75785851724821 8.025001708551763
102.79104969382136 62.02028312376042
128.15445996449483 19.68923512386545
107.22006751342792 14.588378477622628
101.67047626342152 13.052242340238784
100.78357500582192 160.08678114921773
106.51220922884687 49.418026690644034
98.1781897449386 5.4635854188470745
104.92692900049242 4.175106333256925
102.09073796197485 51.74089202555538
139.86606867694016 52.712331664123994
101.3236518283986 54.440744473406525
127.5991272233868 35.800580117057635
124.8564365527179 28.018465892306676
127.0836582844719 12.399012807999242
35.55642275143283 5.1599989136490585
109.91568640410371 19.495293386561904
93.04414499402336 102.49662231444175
85.0620761378518 106.8317321969369
120.18521143500077 -11.673471113425446
88.66627753173488 61.08079297293553
99.91976024577211 11.608874206878431
112.71174875159707 99.30276441068546
40.508022921944665 8.975162806683084
95.25954689534794 -0.5146436234017071
118.68424831505709 5.432656057767234
104.58135148872537 17.680350918355384
94.989912962415 93.46777972660385
106.71407089814154 10.541560660325882
97.13061839282622 58.618400635284004
113.79439247097432 -6.903801138184512
113.4822955601368 82.37883217726815
113.27571752781046 1.52637537388495
104.84843843281662 11.271602168778967
99.06196580008101 57.99099508267911
127.4740146756885 31.78518532467845
94.69027978499929 2.523133368829083
72.53007717465674 41.28597870137231
100.17057426540595 156.9793792205057
102.35185506413083 17.1583060636008
77.99187205861367 74.5009002637413
109.62278580849201 16.036555472251695
107.38906445972225 3.9214232632485606
81.73220756969238 119.96426222570835
99.53449534386166 56.93901140001673
110.0991177731171 3.004281467489896
116.75243667248948 106.90357085233326
99.68569466801794 -11.816085466738304
111.20199619712734 21.56473619137888
109.59016507881451 8.129555096548964
107.83391896725838 20.47680411797083
54.08664701023394 106.7638889559016
121.56479262219881 74.33849272060726
95.337586703696 3.7132110691497577
145.99069546282448 -16.06314302471584
106.6574984188465 41.38544055788483
103.28078464653943 66.35725239484634
139.21058932643226 79.47449296866773
103.13685520245322 7.075394688654313
93.17400509054717 18.99520611134168
83.24434859506607 13.993536806601794
132.41764935459608 81.73754023983842
105.17985955812938 -9.571581253485913
108.5789926763727 3.096272181627601
106.06452145254242 19.219721503477672
90.16583005834389 77.3097040019754
127.93909581659207 2.9729659535374835
137.73636891085886 31.401291863154047
105.27698325501468 0.8499756901038342
110.18297953756601 120.81599649849312
101.89936038152592 10.395901392746453
119.36819186118814 2.2399439222068267
-0.4761416489442407 9.144088436555029
93.91670067288572 6.189048181316288
107.97099505233929 -39.77272166171046
98.79662180181835 42.892596429905076
76.32811390071176 118.99537840365146
86.3896240464077 17.41318488219944
106.10804848505163 9.42289643412371
117.97727927395286 37.67656921686057
78.55822545147791 15.487358084323605
105.39870302121273 51.81084164820333
119.2439317475792 16.752748182253494
108.24749745772192 101.3990066412159
102.15622533600285 47.38771831668118
79.37323490302728 8.922139201184727
111.90637174593668 56.27010475499965
111.02682286080172 134.47002671441416
93.09742714582715 75.73270994372666
96.73329429889357 64.8891933700242
62.455872438119115 141.88585041824112
114.61857856726397 21.160906682719858
110.34626988978737 3.2149908625738526
110.37740055041395 23.875987570090256
100.63584800902633 15.838688593850495
110.2835244385257 -9.573720294271673
106.3005579696515 31.62514127405194
85.31313406238294 26.638916852235234
89.9662015641093 133.63470224119828
115.11353556408636 10.448671448095103
126.71362670082674 7.300132758613601
106.45226500674026 7.5276992420179
109.73446040633166 13.224260181462606
89.1543675421397 11.085087085438744
129.38698008940185 7.977136802430688
69.62952369676222 134.55595848958038
103.95418149836942 90.16463375198292
118.74091254743986 37.57096266613911
108.06523282486198 21.329017718581795
101.29559606022812 18.22238064034325
125.90954296053584 19.515254055822968
122.01862908529026 65.69262623059481
48.277472976585464 112.48808905527609
139.44688142573222 17.78524647211267
113.59510583094338 17.99333348691759
100.62259324295202 144.38038102064553
106.20309622816691 110.66963912263685
50.68333411193131 24.790198211046718
109.76124991578868 28.033214636578396
111.41363772517467 19.19463617382466
87.59373717626181 39.31305156934719
92.27769870986674 -8.256930404443125
90.24839333590278 77.39402740817921
116.15202471851342 17.486102290801327
92.85853150413917 24.73152021988034
107.3077638473247 43.45827529428132
120.4658946920331 50.516818665389664
117.65789500536184 8.358819437266224
79.04674883235246 6.623436901361537
94.84009150002836 14.383029295367592
114.96862960707726 8.736701477437382
130.4447773099884 10.29680766271036
121.64656100055201 17.5302123437784
121.12841452359503 11.324334140232947
111.47116710081201 -0.20989091079118927
109.47792551704696 65.130737718395
113.49393258302212 55.84438912315722
107.05573882108429 57.37823383733809
131.8200751858773 32.79753643199049
109.83500488231951 28.20030602713682
117.87643880190743 19.471443155599964
119.25870160697663 8.921347665641925
87.47457751346522 90.4272077332029
