109.27224579012291 67.65851996383202
134.31425219204334 127.18183587110964
104.96254818237026 65.42453898378774
49.3186098842111 45.21687467541778
28.65341766815572 -8.392832855914342
102.5969537523957 41.464559596447224
110.07425407782976 -3.629482302339376
115.55779704550584 21.566522756858518
112.1733427880525 14.5419416270611
107.999593493306 72.51133189533289
105.12942347386226 5.076516027010275
96.48333086860394 17.110814748137795
110.7236231382803 7.383602774837061
118.44571982219013 10.58941781595219
103.90908292884758 84.86814707614795
93.56664789406487 25.158103811607376
99.25723955115139 -2.1491181957340437
103.25004827789594 50.64078464692129
104.42644804553312 99.44733512799348
111.1210883672331 45.14893700166567
96.0655824903717 54.30959923833045
96.56491736979672 -5.939140899729558
103.6083846856508 -4.325482061726157
113.97202106654991 -10.54419388515596
114.65736856633795 63.69267407705318
108.97681610975997 42.46763778282201
109.29241358518888 156.67781863901138
109.20984763098218 11.945212667706398
93.52295014836972 126.3393868589391
107.8018275772588 10.859440618874658
103.7678881127513 76.14195071585299
107.94889579315789 11.64804893605717
129.6756118201636 74.79467313952483
122.81075163521483 -3.4056650148446614
74.33265945859293 52.35102517528008
106.66217778946677 53.55971450192623
88.56682317109215 55.11486573062788
127.95864007029836 16.29044550646259
122.85559182001897 25.193385546476662
102.14517682852498 14.016689152785233
126.11690785078494 10.230091641227347
123.55902503189269 120.52602719915852
93.67508083449688 20.335608824523057
95.73184682108497 19.441953844177903
73.67823030076053 3.37625651062223
107.47762427012485 59.02400876949603
119.72239808422898 -0.47748807771197066
117.75952941528932 39.36446441271551
108.08367914122688 12.37647116595408
127.0966586897087 32.256141794206236
65.60377759391866 6.331242033775619
43.90242432504199 73.9628431194361
96.59086308240074 43.17268490476346
91.3651460952254 141.40768209447225
109.6209243278118 54.39033200225914
107.36195220338534 105.82180148661064
101.58834315939286 102.55962327078429
120.8298796131213 16.787622516200923
107.42853088912616 18.217214458121482
113.86658042040389 162.07329326949568
98.9848622607836 125.01834842368079
138.6121278176785 79.26689710860965
108.493368372816 11.430069868235535
112.7728423226282 59.9433961756237
117.03621034316659 14.340781758985472
97.5379227572694 -0.6602676058445669
147.36352581734866 -15.07883510977
102.97757325219425 14.554541468557547
110.19954172189131 12.6408054889318
94.80925503688589 111.04997826776011
101.75150208749596 81.1179043087885
120.49451535536035 14.511417359674855
93.59166329882744 8.251890805216533
107.69335973680168 50.75283393756929
110.2424951870524 -0.4749026172463289
89.22505140647863 57.163269486424966
118.50189541361057 57.56165177453714
125.4905189281491 65.6136613106126
148.3925734946634 50.62511623064024
107.08988353971193 89.62438309564997
106.75091498143752 61.738086401322654
112.86329213209171 143.49013644362034
106.38640083448416 55.343764537186516
82.83073910346664 48.55537084786793
103.45692264710311 -1.896684092875514
103.90474223960531 -2.066050906374919
115.55283636654713 47.57707796649069
108.86909978138159 14.855649031287214
117.32925569449347 18.922919487079845
113.23654779989927 0.603128681741548
86.03915589221947 9.163883641360533
98.43317502475978 63.77870596383166
57.07617111450717 18.896642463641452
108.53719116223904 55.39875735936102
120.56627930580265 80.4076120947847
134.0063559282216 43.668530452897166
103.47749905902754 49.884543369727616
107.30076067243942 23.670836468922268
105.10829821078691 19.366637700006514
114.62001393948236 52.92578715044941
119.7083955313364 18.778657530940816
63.354331288592995 8.780710137129251
154.22506507898123 17.9782445254113
92.60436895060386 13.163467672781374
105.80598158128065 55.57185470117316
100.63040924116406 14.813757998392983
71.58245568805337 14.6055785282654
12.57579732880172 50.15108292680042
99.42965725553664 96.06422294457495
107.44289841618453 19.48550279015601
108.63636097381134 7.907975886254563
95.74178371837944 14.509005947611303
121.407762614523 11.182289673863126
92.99817806015729 21.094719368179643
128.7671026358478 78.63330500220175
78.65662411863747 5.021911443860597
112.00784379856199 18.279192826521104
107.49503688424647 72.51599119945796
105.84387902853292 1.2365446715508575
74.41626707588324 -0.23316628279733864
116.28822155504575 100.10600946738003
112.20104816331053 18.175994128016125
124.09529763674384 29.585318336893113
99.92468438989381 35.07992359086972
95.4156572491461 24.678328259713382
97.20254428892102 65.85728446597307
95.67541820944787 19.77841494641103
146.73886135437888 47.42025890386449
76.92797796991744 64.7370070054415
102.33996989082362 18.809108076049252
121.85795555138857 119.1133732864733
102.83072988391204 15.08282785464009
99.51180500404935 32.921949271992986
100.99751639316499 85.71352004636628
133.24116015458344 102.27082975698255
122.69935443673421 17.575559038178195
100.7070995568141 80.64594425922091
115.14557835422781 -11.908087911157882
113.90198485343726 15.588594833666598
109.57459650262417 117.57553006900217
113.72289126700397 56.77506152901806
97.684086178042 50.43774613806203
125.30935444869483 17.32780982523978
109.89269833800574 11.027526824314497
103.23550079216687 8.97080395158411
45.62989374835119 46.30024465416134
106.87554697538002 72.77448998563872
97.66522612018679 16.657540768358828
111.4998840881703 127.58505373128288
105.38417110758651 42.25130484491565
80.9020702301254 167.80680151796938
128.9673835305927 40.59608389028602
132.94351522496842 119.17134039526194
119.0585582561741 62.0902413748098
123.61768463371554 13.964064243085119
109.85481800375373 12.602355449458905
107.96338046862897 10.674276092676228
104.56591602539105 16.103155643679795
77.56431019061716 10.196777743035264
114.45797298632277 19.331787179113082
101.14223610070346 107.97020985735705
130.2229735077148 71.6665594473961
106.9245288122757 128.66756467623318
92.40722012573849 120.25229909212287
88.39037637101157 123.63357280281932
101.74580991168791 109.09521676974941
108.588576069305 12.231618483927925
110.21742713667474 25.9603618480775
83.68419676590594 -5.552316945422147
121.15107903380941 74.1871906708831
77.17317785713034 144.7000072265264
120.26580234508958 57.1178234368323
109.07668949468763 127.20512257348486
106.52219602962786 105.64552160417111
109.65881486756433 -0.683386133863032
113.42509462269709 27.770413949399096
102.22084372981712 14.632423804652134
101.50557548538912 9.790297481270157
104.95499636885769 49.70329208286683
120.31801266935298 19.724895055505648
110.82766386334742 22.259703057843147
102.23114515262044 15.308287837001444
105.16864937024101 150.79882377478165
105.24323890750183 32.2078442941819
100.31582816111117 9.667279037955124
106.65762825446014 2.2736102428557974
96.58213698601307 69.51481799416251
133.03429374390026 40.05347160091806
102.996871049177 58.2678929497427
122.00690690906998 41.83569823072668
115.35952677287429 21.349345945219028
117.36767737210978 5.169426179812658
32.72962681800017 10.180007588089792
109.58829976068347 15.230186616469725
103.88563734116408 105.850262331568
90.16993093379244 102.70597115465324
112.83850798138336 -4.805080401123478
93.7718169833747 47.88587475855385
104.42680263553447 16.1814753669522
102.89446784106386 87.75654997558004
34.928121429988956 14.077024026262233
98.4348164565175 4.323759286269638
121.9133516439815 5.898251453000321
101.86107414513046 14.570624742901291
104.56509512934021 84.51611222010003
107.05856546283526 9.381241114648319
89.53656303752624 48.79334131925797
111.40266804548052 0.03412919780879209
95.24520402371002 73.36557238522626
113.65541086635221 -2.3646197323055222
104.98985757701024 10.402896261997231
102.81535221691512 52.22555688207909
123.2282664463657 45.66610520197773
94.79765364130546 4.282651030693842
73.25916948695469 36.69438767279571
103.08195534597243 149.19957852511718
95.31049788383908 14.685487179348389
82.44100530865524 61.96384238155784
109.87806316159536 12.52853139092036
107.93181838074354 8.638570240176596
84.37667684528617 119.62422938573825
102.94400523265699 64.23214943784087
110.02821861106982 4.62440580624641
125.63382510041693 116.75492427026964
102.30471650027724 -6.685327192443101
109.64795453729731 2.9016712722517077
110.26027635298401 6.327458882549435
112.84352519551864 21.045163320111982
54.002901297046684 108.4360430300091
118.77125133070832 66.2379961633614
95.31567738398603 6.058601129572375
145.92864899007122 -19.267591162494504
109.39804936807316 44.28474364953147
108.45151583492242 54.05554662647958
141.39447037137933 65.38671583397627
107.14800889680288 13.294862649068648
93.24039908620335 18.80657348390679
89.65162154970947 15.328617858264385
136.0948374099411 67.96270310103412
106.8622536508048 -1.844780775628569
109.73835818842069 13.258314025143335
102.58632551386397 23.81564438043966
93.99410365934735 63.752073040309114
127.30473247579535 4.765700356085504
136.0748183322189 31.177033118041948
111.19703189490144 -8.883249644166725
108.27291676051993 115.43539427912357
92.16271814799855 8.43290301022595
116.4089220770024 6.627346526888109
-10.993956133900102 8.565746177053843
82.3244278599837 -3.3841600982821394
108.2274313054405 -27.967602946488903
91.99635580072464 27.729250278330312
81.26418220217572 119.22758993405726
81.83927571386836 17.73668578134454
106.32188423425914 9.11118298166339
110.92249376658728 40.401323887016545
72.92066822958941 15.40305768532272
105.39116476179849 41.22772703220956
114.07987336965446 15.682413116351638
107.867601954406 111.45137764036213
96.40524831603521 23.099013809016995
85.61137953894399 7.2242565975088295
113.51128966286304 61.33909095173908
114.99415196361012 131.4962443579503
95.2098863151912 61.42392855958465
101.32758691837154 51.25856847726993
64.86883080026308 129.60239402134505
110.99868133329498 19.76556856579894
110.24384913157243 5.037604983139891
116.29096923806729 20.83187416179306
95.84294758247043 14.798621813611025
108.8744092141912 -3.597340598252155
93.57849670251528 33.699129773843566
87.50403774642194 24.868439804892294
98.87015301263742 127.45309299126546
114.99785190148201 13.575028923239595
121.65270225216626 11.010651640154212
106.38042946249863 7.732431504615738
112.63333522065896 18.693158038616737
88.67872293000694 8.671739179059625
116.5762332410454 8.009450209192428
75.9341291912841 126.04899172687227
109.6011233693788 85.22560743194282
116.35058287738376 34.894110413788816
102.00339807160964 17.743561098775498
104.25381738056133 18.550783811418455
127.57313065539131 19.615006498580936
123.43085567699825 68.74497032480537
55.137927932113634 116.22677896281395
128.86300964798622 19.53923361273895
105.02682546316221 19.633698800263364
99.01500811908846 140.09114045253023
109.20458050479674 110.67383570642153
58.27837174558964 30.762477484172873
109.73759809078778 20.269777800812562
105.14984657063826 15.013490473761166
89.32106931367045 47.43322407821611
94.60902465662036 -2.8984322521804278
90.04278704109936 62.89924592111096
117.21551531477674 17.318663661366777
96.177422798999 23.700251870562614
108.3902968332355 39.79074253466782
117.87099300851999 44.944484613755876
107.20947749157499 19.95813445436619
76.76572305352755 7.046092455145298
97.71630882077986 15.52906695965232
110.47224163533635 16.802957666443596
135.78130397427753 10.895904800704322
133.054505107426 17.26889937117186
119.01461997933282 11.853294702958255
109.70127613514198 11.626719386745545
109.34005184958855 73.60448839126057
111.97147143615446 44.71760483584244
109.90099392433092 60.93138892973993
126.66775618129833 43.69704746516925
110.09888821237126 33.725501394701745
106.6106111490152 16.81777259804369
123.17535099764166 7.162988561700664
87.44702777351884 84.60307230819421
