128.65055118000257 132.2043856116363
7.788982263203822 146.20127952246725
123.03384871709692 130.73529597409055
55.69309316744279 140.36281645680677
19.940263544642598 8.31610128064915
98.68475938120197 114.29210796641408
119.67020111763682 -3.1058602384400373
117.82721442360823 146.46073034115116
133.49948487942873 23.727701032962145
86.9701085359971 133.96183194051596
22.74280753681613 25.071019005821572
133.77698100358407 28.58278173278548
108.71112230796328 133.57860185277931
57.493553154241965 124.42000942837196
92.64099708109212 147.6171100569323
96.03835425982015 35.54279964062405
26.124696837902572 -7.159150089529083
116.97031759199224 129.3364235876651
59.963027336127944 152.59789044182773
27.146277065107252 112.79292922302301
102.3643240358814 123.56704541454916
95.4961783018223 1.874712307479609
91.67948842447447 -15.359332671198704
120.5618248661544 146.3255664271541
124.74417126606264 143.37795272010467
19.758516176356853 156.355456746089
62.24455334987895 147.5721448652638
110.55980584388759 131.18488351530124
53.070166131002736 113.23992362832792
108.31317876726067 8.28343343168707
94.4476405523861 150.6461370539409
106.86926272691066 26.484569681014133
114.12054183563728 116.69056541494632
27.65898999473227 -4.27909468812686
31.61188201597784 125.81599167530783
9.352623684201454 110.55991443439716
83.42694728798821 148.64722164832432
121.42606680590863 32.537588869558455
142.73239925558184 121.06741294774929
129.28443567003603 25.222842199362542
46.44818842036029 139.41484374762368
143.97869304397173 139.4042159090828
25.519923221244106 18.240716386686028
86.73601984769162 25.861777481262084
12.430576589063937 10.916089409190112
99.28130699709008 109.40840129411491
16.563383404047364 8.291010806576375
93.62123369645035 158.0995804216205
122.6281151785408 149.40472127332055
98.91073680345455 117.60546849069559
24.549656267730285 20.34405977314473
52.6317059367106 160.35361675505405
61.90293087637964 115.90202131625217
12.047545093953332 100.92079419035599
132.9397740705357 125.34297375544084
26.11151907793009 104.08961038621685
127.52856258547864 142.9280903204235
10.70589310001988 -2.6250105172172873
124.28537997772098 9.859867137190479
98.07841398622413 134.22946479333427
95.05559979637698 140.74029985106276
123.09667187840617 145.72054021008458
121.49385522820849 -3.5672452261765804
122.71970096649889 142.50861872986513
131.29158503792067 8.79477442881167
95.76429506365814 -12.118067096731954
24.090809385194014 -6.813514868850057
118.41916448817655 21.635136029469752
108.64437539228489 8.13948842316625
46.14346705600455 127.01876529033504
119.77710252176686 141.6322101356884
16.080172404508343 16.91531288288238
105.66649152024225 11.480897369673166
55.30671460571986 111.94593307803571
115.54676589687811 154.10852506806262
24.346728573232035 112.87426468618617
25.448997339444556 136.70077815174764
127.19592029463993 142.3746502635651
129.505855949571 137.02920792456143
123.95553070352925 137.8566403432318
115.71963935175498 145.32180408315273
43.47788718221746 136.84278408229545
123.57769973339836 141.94544307884036
101.24564481886311 117.14479445018968
53.69150543075409 139.0839144503397
97.92236119370635 3.9454241143666113
141.28291271901307 140.2760756062232
105.86959856775572 133.38621688765969
16.337913948225868 19.307749158346244
119.66369738141647 -1.9059438842921042
23.740761513540342 9.64267928205248
29.301160628666786 115.24262219363945
0.5434673970185369 15.682901610710644
103.679958504238 109.91459020714356
94.70859112794889 145.2184875074015
117.18376038157801 122.73083077758224
112.02669858190043 116.76219485421176
133.94362868097664 143.61153329754953
127.16648409793048 12.701922739604655
94.63716571976872 144.92501081330116
127.01366990679601 1.3683762643552182
10.690170445795816 -2.8510267183422373
113.03195172070201 17.08126149933287
5.716307242404808 4.997371260828148
103.05205981319693 158.62742136729545
121.29225782273348 28.43139108184709
24.525705854454653 15.504548379147126
14.732032853552695 149.2203656337365
87.41011475971037 141.4603129428964
124.71087338131989 19.315004102366025
13.889472741411168 13.175350595784716
122.33825312187984 24.871595093517687
15.058409675208816 10.489116079456185
91.21859384006919 26.675225903989727
124.73263524128066 136.6709706076376
135.77653304640248 133.66621225156615
118.55490879599905 9.969812971737381
46.8282684530194 102.95798975298902
113.0777606986713 11.998595597258294
16.144967971930093 14.389340077539837
118.50778948293728 140.9902730106493
107.45812757936565 143.1459262280452
29.370777125584976 121.51194202023606
141.67718652138834 122.6770089003177
129.6640370915516 31.72936188020467
130.54624781438346 116.8881899161271
137.13004950426622 21.808323224299905
31.1631212080061 109.1926868735081
94.1025998281509 117.67152917456511
103.31478732519282 19.41876991779559
26.0498664922025 149.3665414829065
115.33666823494315 26.74571513593395
104.42822953377258 116.9779307116667
120.60352842345245 129.98616735701472
136.21138452123893 135.24483838162493
137.76376618995798 12.62412949866806
126.66063693333426 125.83928412612012
98.9731238832529 148.66136694266342
127.85597014793265 18.783854714222567
67.55624140441329 131.52253311389774
30.913451651918038 111.57538366552527
115.14580478182783 120.97234152483244
14.964165871197391 17.40897611939185
32.88001195516819 -7.846311471743982
104.73015817402421 -5.564007937050848
52.56490293948869 124.85032294458134
53.48500786000196 112.5496390585214
118.69046193481803 24.383474528381335
95.5837522927297 135.07945104162303
26.7306730019922 124.404916631059
53.20604152618902 143.5311909762816
118.2458818426738 129.11218843700914
136.3515050528989 121.59838608343293
134.3908969596831 133.84033363389878
13.758662647985744 18.179685494042946
100.91965990094506 -11.15675471627291
137.25623545817695 118.8424218892567
28.19254265483523 11.588128924754834
89.14717853889213 14.518192408836775
129.07910025629977 10.978665008101945
88.87650208065116 122.5719909467329
150.89780596945693 133.1567972146958
17.291549326620554 131.62390910204738
52.11619606150553 123.44810456752758
26.13306301175497 155.62512317636438
116.90433931292837 130.1380269538058
127.39337623725244 0.7259542017824934
116.8769343913674 4.835599923433814
14.14543357535555 1.7239614778587562
138.59029909926556 134.23059927281838
44.818261503294366 133.6419823515855
129.99796100541366 109.68438688744399
22.769862484512338 101.73201504669423
127.19268598448926 115.46332251655815
14.219342536386833 19.22915022346453
93.65360105458531 146.16189027079537
110.3114232422727 19.53141751209828
103.93562805281185 8.736656096718743
21.871110171186434 149.85459779004702
132.15103306965986 16.88295674071384
101.25299474162682 -2.4367353522727146
105.82132391223114 14.787366590880179
87.48060803153695 150.11336522984308
112.44861576509109 124.37446066293191
99.42730231755078 8.71617066018977
106.88752759673389 17.20547238806326
127.08682979410561 132.4923860577825
143.39277219721455 109.34370973835875
104.39939178776295 142.26744197324504
137.77431741877203 122.84386394463282
141.6954754804207 135.75072111051801
120.00771486952868 32.93808350815479
13.25094891932098 7.26834074341148
110.99005275721612 34.68381726035571
60.82972061201401 154.99811824618556
67.01654614301793 137.13724758169948
14.01309694875217 -10.306511554510575
96.85797548766243 116.28013574973512
97.88269814748398 -0.03835386247331285
133.3688721897013 124.45810567288522
16.24383660802844 -0.8123514584081701
52.92062025266358 137.208650895243
6.768139859916146 9.164118248437683
115.73775445328181 28.198277470802932
86.16521799243864 129.85721396663394
108.89455229894983 15.444245204227538
141.8294673022311 130.41907481776198
54.5828154227161 145.28627182265365
141.10894485497323 138.22575550876107
22.283933390359223 14.32042430150082
24.181535630545707 11.593363590812794
55.481493105721555 142.4202837353294
37.399443882554756 158.02001386828192
17.84492834661913 12.855879803498235
16.987125572184773 29.528884080957063
101.11068484264995 101.40311885032523
136.86920230823918 32.630286993476425
102.1667051578798 110.98932245160545
103.22609541036535 35.30829850452651
112.41763369882298 -13.776043217844153
56.97625931561039 127.08080166062092
97.82242556933736 153.49372121389746
117.25545171608562 12.47805002746002
73.74554307585383 147.08152300835724
95.8959261225176 9.71948164813206
115.90886278362291 151.3534826940563
104.1799447812904 38.3401980494778
-4.249185920023189 19.744190112530188
23.240159070043426 115.31463110221054
123.73074365536176 139.52481249756894
100.60374614909443 14.339544165579245
19.749832922066577 5.086904892894024
103.90111561392725 150.16829182995704
94.18954922622483 111.46048453355479
122.27252314530523 112.98554922559956
32.97253231351831 -3.7407676113462403
99.97924308348598 26.799459808086194
94.20324739845279 139.27711208642998
104.07581312450375 118.07261763150093
110.84488290179424 -7.7771313354685
14.68384665943752 -17.533109337090444
126.10646617631058 1.6421483059390871
97.14625523430537 117.18751308555936
14.438725260676145 15.668646804076976
125.71841486831838 139.34524670598887
67.47594117954357 146.62841627887508
64.58670681638812 136.94881273791273
137.25886725469323 31.81284022942537
118.07647945326748 6.207792594201623
26.679395466899614 22.572474180004175
17.3411017227975 121.10342858439412
116.65496498502533 2.383966631047713
134.47097084113864 123.39027067786712
53.836953891039336 121.62476206067026
14.936529602911838 17.266389577434303
112.14510472062527 7.357805479739174
23.79932576188657 130.31876921934716
30.10340174421745 119.01586956260623
107.46994576437187 117.59123008403546
129.3588595246607 25.162602355764527
110.67964438325664 133.24428469547817
28.572023864490337 120.17106639277895
25.573571290797027 24.594906020910777
106.92392273313743 137.33466964020744
102.67976919356532 147.86891419510542
26.07159779357888 117.2975355530712
102.1056723893812 108.72200074933872
24.25287235234262 162.82196030573428
123.87629985077348 24.586952876582487
111.14619162501054 15.69126095977505
85.04218354286829 30.56700705393067
116.69123501797522 27.536266306686496
117.38783651740997 7.880626237411053
31.147523919093413 143.29256393135174
49.63185282015434 159.24127307082597
97.93407677410715 104.07593463243371
116.00087580942755 12.116996704281695
10.72649721176645 11.347964947822668
17.908281242538344 17.18212067273766
13.029019702130817 147.61970883041135
120.85919641991093 28.091478538397286
11.956556884134546 14.180662519644923
49.45903280931653 110.19287047335693
93.4483210101941 146.46124658394885
123.27193241987268 149.01066654262462
131.2179547223906 32.13259286380977
91.50891711086712 20.103584924936822
13.205996892400208 20.0308657389669
123.25771440942142 124.29218459366086
37.78306818888815 107.02244142950165
6.757041754732955 16.41377161023254
145.35038459917763 16.76207791402668
119.53808532108658 125.99657467401033
94.7095484352249 133.05460749671767
27.622474774830952 -6.9393262658162165
108.16003678734592 138.74493122013072
126.53286311839385 26.233231103678417
101.18455193937021 138.65084509818132
94.41718487084793 132.40003625203815
104.20067861269003 118.75252000356349
13.90622162721377 18.248745452575278
92.10121577400642 30.8239144865922
15.084581410493078 97.09708220779815
33.51226728693239 123.19613018063532
29.45901332872755 -7.825414908425902
11.382077471725236 11.167959650883487
100.89030558057169 17.468757924837686
127.9236051061143 126.49153679007831
12.80250262814894 15.721703382636228
29.619849686931822 19.457433487003502
17.338252606882293 8.592023115979716
121.64886156162488 -2.812189405033058
109.59387341851405 137.87844651844034
24.85635749226891 115.94653217005641
41.979620370412654 140.0985255630422
33.68099435477273 129.0432781703292
25.44102994480569 4.354143620776996
133.17040664826408 28.45226897076524
96.82862732550413 36.52248588824203
55.61091197090442 110.13759281129582
