101.37301999676382 129.16486086547556
117.60846147534197 121.64821187110124
100.50720201595125 15.266038558542753
61.42461310644055 66.10575565068469
17.182441909448386 10.031266981907164
119.71978177118716 16.14974343902208
105.62543646588752 17.755227974889404
109.85387529770877 74.0652310685054
90.30874242392478 5.293902945866226
119.12477452440861 56.80132361511193
104.86415982118716 5.220644505367454
86.99980768015025 14.258316755225323
111.68410746473322 -1.9757257214191886
139.26985638335617 9.350032512743294
126.90855992814646 110.00775615979704
110.34836563097663 17.57165237255939
108.5754648660914 23.411068828569096
105.31725916648234 100.56247609600912
109.91292618577985 114.26493183095452
102.25393610267055 45.991671868474334
105.05146128692643 34.55438261819749
111.59028642735394 26.2866624967103
124.98760250199274 33.97509259435776
109.40156899877034 -3.8213857755068905
109.30089010043447 98.31170668900288
111.16345430904511 3.4075497003957027
111.9376982247388 122.42432125621791
109.25518132582933 -15.880443894402337
91.92155568929454 132.0091648122695
108.85115953818419 29.05815661711761
114.25474098855199 56.05540722687989
107.14217229348357 8.581511534735267
125.74660227832312 104.87366136262739
125.30573309830557 -2.733635178988692
77.48055206851956 13.71982289619438
110.15792492993519 27.601217646215897
115.88283292836304 27.91175300529227
119.61539796878161 9.518251848357766
104.23348232878179 56.14073768402805
84.85116199136321 12.345760019490776
138.21745303289393 26.17397798795392
102.23380671533178 90.13363468898568
94.72310797757181 20.955121359445712
123.10312834659574 19.312123949813344
73.12090215853569 10.223567670774237
120.4324586129161 34.89415610859663
114.15491945092693 5.2064084708648215
116.22035809720067 37.890208618685605
100.84704499601688 -1.0790203185134892
138.85298677508473 57.57298032048807
73.8357688499036 6.7933933278515
36.179982175271405 36.32313920343342
113.68005578967448 74.96549832340528
102.32276118997129 108.2179072809902
91.8511328551446 102.21070756700847
109.07515197797062 126.41003314900732
91.62182840951245 94.81504551686062
112.59326548416638 31.3906389316111
94.13211775162853 26.77651357585349
117.07447928979208 142.6972934177354
115.57023117166992 131.12618111993532
118.48183067319049 68.67375434448837
101.37138197049113 29.169030854569684
94.02652910765663 72.90229938189262
105.31284950425788 17.825691456981865
114.15039451154833 20.0348061441055
119.68784456737761 6.650346377791156
102.80293710444148 14.254055553975885
115.89299518883386 20.51137369103581
103.53737392059911 107.69925443943652
99.59918775606963 98.7081720410953
106.96626113768039 19.885803868940144
104.28042232083537 12.330593552002085
122.5891970059274 24.07779492604725
110.97764006349675 -14.76595225102883
102.92473128794144 32.93824086058244
97.22349798620598 29.141774432580434
116.03160796318814 22.672608279580878
113.91655580113941 41.750866421865645
94.43170292412765 110.81695616366555
106.14396191883968 45.19098274752059
109.71019574019984 114.45747132322211
101.1063623634995 28.41151078368654
91.16431437289984 30.373659864008488
121.15838312711149 6.934282539480669
113.27971223808038 14.74963639637957
84.72827285879943 63.38893641221034
112.5523420195736 31.497997853026078
105.09621542624066 19.342379034073943
111.26125778505352 17.184923334065893
95.86327293014031 9.499439166645983
106.35949662714911 29.912022307772435
66.72279397669583 22.645376966466944
115.62020149884846 31.650264950467157
128.81176374518083 94.01130526175938
125.72032308154385 58.38377644953145
109.3681711127222 17.455683704579524
89.46700744139778 16.115489752413314
96.86302380314437 28.33128748694238
121.02651972228198 35.9602525659795
108.63583115101281 35.418802523816595
32.39530001075603 27.607828833164866
151.51111611077044 18.65425834871945
73.42145593659227 30.959967693411183
110.68915691310879 28.011989404435546
93.71264685738045 11.651171123977253
55.471605747775904 14.417937692829163
-21.86119082774165 33.44528747840695
120.64204878068841 126.51587995121075
99.19304480950125 19.871885968299825
109.13214693318446 18.975143818652818
89.21515516106423 11.222898698815655
108.46458002314137 26.89719809185485
112.2335023216014 18.345826240505502
118.03018903420005 73.88054533127269
63.149748637930706 14.706523337820713
106.31683641973721 19.491701401814044
122.42908024950779 68.6144934004057
110.39414308529471 1.7155837108926857
62.18437566106979 15.558851713010455
107.06135092417081 129.62213550037504
113.2793392545156 -8.284865853699875
112.29619163301112 81.65395017704041
74.84456555592092 42.864684291007265
91.79786572589917 14.266490450793988
88.7063954191186 38.293646477139816
87.03161208255044 19.160810446301937
120.92215450186332 40.11769800065239
81.92150756090683 33.784616020777115
109.7738363839606 21.748176378002523
104.77400874356563 117.16324465676153
100.93826025260591 13.605296647189519
103.73511246835496 52.4229299113196
96.16537913798908 120.44716796842782
94.71765685502903 88.65878620697762
95.3862955096462 22.387640704384108
94.00778055016504 67.58971110433076
121.03469568347555 -40.959632206484
104.01374699674655 17.457263215502387
114.03809443721141 103.28590706709252
103.66405534517102 34.41341889420998
103.47725774567728 84.1369442500576
119.41061841139735 18.70669154910399
110.45326426942934 29.733786504219527
110.17927041537139 49.01044690726532
60.4706375694823 93.84507952166703
132.9684220636889 34.67987727789653
95.12864949542525 14.932663920904622
124.47526663142007 90.86298771127584
107.23282210961153 11.818268852607662
76.98935464957614 142.90992963720635
118.0443649149474 14.948680096108555
100.67078417416747 119.41531291341727
98.93822502835427 73.20063719224956
118.32837796507756 16.385429613519428
116.49729134791775 47.1719862527485
91.54839222737245 8.283841534100448
115.93364023428033 23.44599518331641
101.42947259752162 18.898567020197362
102.51008105421903 27.20339494725507
134.10009028235172 113.81627941145722
102.11430042767537 38.838482886179364
89.3067866222218 130.10643488877437
123.38736499382522 119.93347943396863
86.6467735019739 134.91929583788715
102.07752197508556 96.72377841779503
98.68082367087052 30.269694745020068
105.52604268731287 37.58210152203713
115.16543316524546 20.949334102297826
102.81638864252406 68.72791214797215
95.04778929751113 127.34854148986298
107.1230391678223 40.0872966460116
113.1908754861084 90.24904550451228
101.40548619391896 98.65883542385559
109.53235756235244 9.470520622128966
124.93336821296579 34.18223123994852
103.88361798299488 14.47656310036219
103.37689085812549 18.0112598614117
92.21265687013461 30.454610496284985
96.58264101332905 19.789633833413795
119.15591079474041 40.741475642501726
106.39632298926134 22.30963962981665
117.65158999066844 117.18745903815888
103.81467023327109 -1.6738602198159884
109.63841549133431 23.213454753209888
112.25767301857215 4.792905304182795
88.44062120095926 118.2279059623483
104.88622614846162 23.388769004007823
109.09533395567463 71.14454680916293
103.12630694206842 67.87544573819754
89.57021041329197 20.67609213012536
90.62087529581599 -6.543449591856444
41.76751739348261 24.81548770249315
108.81456485794628 6.327757698802425
133.37604540306614 117.91406721480563
89.8717951901423 102.17735896302037
93.74868202144017 22.98163542741998
113.68347193416761 20.235981608227103
117.43824603433455 28.923238615830915
82.89051960307378 52.99954809877105
31.776348751271595 29.02199875762598
110.75743662706894 23.665550865127873
124.58757298492681 12.662311704679853
98.90073950806182 8.934031602195333
129.44744579392224 57.96717895868673
108.85384270498872 9.98690008404576
81.32546091375511 34.80398372042314
104.67938682753659 24.010246808865976
56.71335559334868 52.24383851293251
112.62012950847131 -0.9067387857991693
107.53912231749864 11.493963381320864
113.18632912751086 44.819476791740904
105.63820994548801 87.68684657305771
99.49058911735219 15.854038339439217
69.84190861608205 18.200537472072106
112.81827982922276 120.10311326767051
82.76255663285419 11.19690804022807
103.85958675396756 30.01461893359123
110.2572134241329 6.418836962786163
109.79016887049796 24.859692981246234
102.9944986288816 118.85233989837829
113.5523414792221 86.1469727406032
109.64058096436794 14.698459009965593
141.76230582299647 142.88057251471292
111.59229582965499 17.02359138558749
105.9035197926324 -16.653875655203453
111.61940326390776 7.2209621295511734
122.922902082499 21.745420422199874
64.59049894658843 116.2809925481305
108.0568597839449 45.70542794934004
100.3283468118655 17.788368465558076
132.78772966921218 -14.303761777323864
116.18703237683997 63.33356822556395
120.96353296876681 29.384870543127093
133.81664034265526 37.82084705909997
117.64977226252252 30.8483700989169
99.1957914118017 18.65121799319851
112.83763475094429 20.02278155268168
130.7866149149939 38.27937064440755
111.9084070931566 27.390577579162997
112.26372730053305 40.95427293903155
97.33778071623182 33.26799673957267
108.67321734119946 28.74119928958578
118.32701789401052 15.912358277368206
119.42675105914095 46.66450083542569
124.85054929491793 -21.765980612132093
104.08764044494549 103.24253232746256
75.35644588115699 8.42756592219075
106.44928291959238 22.678829521382482
-22.722031985267094 10.897961090192192
65.64986499158601 3.2702516035399727
109.30347948785999 18.341671274377198
84.0580169840745 11.303674127605316
105.86356112711265 119.8642218482574
64.73538077061316 19.14084536075147
108.11316338406593 12.188007443178638
93.6849346278812 57.31207617936474
70.5895782670441 16.3909436470928
107.2441194473029 23.658219420573122
99.38319793504348 14.442470752924267
107.63847746943529 136.87713108677744
88.28127107392707 -12.977736354539648
92.5822985965392 7.177010964226085
116.48149251623605 76.7588942447136
122.46958709204372 118.96856258602375
106.66969138224498 29.35880009773121
115.49093976191652 24.227048570846513
72.61198854968383 95.25133632011475
101.5684479151443 16.404120420814856
109.7145470680719 16.06630758638444
127.65231574998214 12.643679812073874
89.90803536112469 14.11431829644391
105.70753848872256 21.775676281719832
72.35851181216705 50.93734068652419
102.13765248961217 33.39412414183471
124.3187186396439 109.43497793231575
112.71714812525946 23.98520521083087
104.7204429591624 23.782442627920407
107.52893772099677 13.745738897568758
118.70649069151536 31.72581485829947
96.9994672355277 7.065161909223238
82.23674987351284 11.90120779047474
105.00557302691278 102.51267720575132
124.16723239641145 65.14345325791163
107.79486610474615 45.47953169986176
90.19548652965776 9.301021184274157
113.905035228489 19.648775924263088
121.80810382618363 19.864997210574717
120.2985128855856 78.17373845515425
78.06566349852393 126.92909483000155
94.68332794522257 23.750603231645943
86.22961903338715 23.47689014702284
100.34386595617616 121.73873793747785
116.57696848071407 113.45560396352492
79.05482414393624 39.737158603976546
109.59053618043966 8.07198761079892
92.08435714333946 6.994638897752704
102.13301748332478 75.9360057206033
105.72528749966015 19.512032077143722
94.82273042021397 33.62125284231717
116.24304745130848 17.774130297958138
110.3316300748896 19.012949147886115
111.71163353567813 44.050180638500834
107.97212924107069 43.52416383400655
83.18775939355379 47.771051537952985
70.09509663443303 12.3844308795175
109.84571279368203 19.662996396095487
99.24436886650783 37.32318875434214
140.1359924470549 15.519964371361137
152.61713929888984 17.601721557729828
109.31297138971483 16.235381027957896
105.38550375556238 42.95255546433511
109.06233587767528 87.56560636752799
107.17295810248653 27.2124475544305
94.71860536453642 76.59768149346498
106.98573349404882 80.19510718800011
110.4766504727757 40.55515133006277
80.50979259517707 11.675367092952621
126.18934104314594 6.7121201975532125
84.22860813761648 72.21368287090168
