100.69427064988625 137.1006339304113
115.09290859370503 120.73074474613983
100.30942104094983 11.156452557269215
63.55090964213232 69.81334980296697
16.728197493544254 12.967282214025708
121.54655169337589 15.979515029498483
105.16707463706517 20.75492143311416
109.04438401680855 81.85734678362365
87.93740462567273 4.665091231524592
120.156506419943 55.643022936357
105.04345062059274 5.612016196317482
86.83276585961099 14.128668667884064
111.71002746173545 -2.624860064428377
140.84033494566447 12.185197500431645
129.50429957306275 113.91921959238
112.69030158563906 16.574603394267534
109.86337662968187 26.791718225711325
105.77417859938727 106.47851611595992
110.49849349181258 116.50754148756457
101.33978113183296 47.57619945632203
106.48097575637551 34.0533938660224
113.5811841637843 30.499487893180955
127.32879470536274 38.640112745910656
108.77370225410762 1.3005881795625256
108.57547450868931 101.82378099578264
111.39440886628488 -1.2550191904990182
112.19901327093895 117.54383536499171
109.26424009270056 -18.133110072226298
91.17381538077038 132.2653469667465
109.02897230113136 31.18095800956168
115.58309274935729 54.1652783617359
107.14890065398792 8.681558305801499
124.5968879368455 109.17258517366116
124.8083058336486 -1.50557898038478
79.28293912703379 10.442077143336604
110.60532391875452 25.46522225486146
119.3143417490228 25.108226119412034
118.13321345526252 9.033088994688852
101.9450411760701 60.402003502389924
83.56823820386604 12.497061045160939
138.33856591860638 30.70670580059531
99.5671116338085 86.34750153512692
93.67901755470685 20.952325993952044
126.25191878570716 19.3004934798248
72.96515072534406 11.574801920927147
121.68366042976213 33.587285243371305
113.21874050529674 6.663828287224058
115.66999714415671 36.7722013386347
100.24384777626284 -1.8991095474843143
139.23099885615596 62.0027673965667
76.72833279301989 7.505429806582215
37.25703463949941 33.85239819428882
115.84704107819654 79.31512817894011
104.13213354801798 104.13499913760754
90.07942703428411 108.04312891666942
109.32587338411754 128.847289968302
91.09590927506359 95.09462035975622
111.31613985526515 32.92094931398178
92.9944806654803 27.63977138836101
117.21428586431884 138.79762338794077
117.54948197214974 131.34957881254255
115.43526181098117 67.01788527139256
100.7998623150935 31.216252915865756
91.97021288094199 74.24908113041084
103.86732075432322 18.42657172634244
116.2401015865568 22.928141550436504
115.23320606100829 10.099571581841229
103.05804410618718 14.411664098068377
116.33713615391162 21.563280739826606
105.11499010681518 107.79925179237311
99.87867356470427 101.67857849012398
105.21628099449565 20.61594798286394
106.04321368529342 13.309835029377517
124.08059339551161 21.849513828966018
110.99929376888447 -14.922591230464093
105.16057425049246 31.652074221439563
94.71884763981882 27.075007040762188
114.44131302604515 18.474273715619937
108.6785290385869 42.85089501044001
93.33558245287392 113.95509951937456
106.24000025379833 44.11246520642585
109.1970444144766 110.70957763124262
100.69114026287696 26.829990816405964
93.10911149315707 29.13916954338603
123.00778870669345 8.804177011267388
114.41272954519098 17.31868162846068
81.45941690742096 64.90517462162727
112.91614908956419 33.345415470674965
103.6031038116457 19.402171178889937
110.89434121368957 19.598127883847816
97.71034246008807 10.071960003077121
107.50798032824046 26.7342249509891
68.3545157240088 23.023421443216435
116.30898251460088 30.14913497908576
129.16868002069359 95.80980241298543
123.66382141073578 61.17962142531259
110.16116018086464 15.453398376948822
87.92943398708836 17.22257750925513
96.26676684616021 29.180348260073504
121.40831608212241 35.46978457110769
107.1379965988761 37.17670489926712
29.58483591211254 29.89629954852505
149.14943515291694 18.79524449262133
70.89038237764429 32.87963114863225
111.26351957088438 26.034897393750537
93.44700618348826 11.61845317521695
55.4432302827516 14.618704939878004
-24.376918066311156 33.066801446334054
123.08387179807332 130.38199435469355
98.62170744343106 19.906244788383493
109.20744078591738 20.51448100410093
89.19389461886541 11.150473893775498
106.73715410528587 28.72780901795139
114.80462550912588 18.017877384703272
116.13823749330409 73.37954898190617
63.182030147394336 19.30714801214028
105.65866182283226 19.661392443963273
123.81656743033362 68.52517960542602
110.99124694801746 2.462661778778494
61.301542231727375 17.944322852224843
105.89685951698324 133.21471531714633
113.24115924603103 -8.897637347622341
110.55957580899876 88.23045865814436
73.10285534433422 45.74545640455531
92.32038744263053 13.02434446279334
88.40386781092724 36.0143125403642
86.95356654738268 19.0925860863611
116.79089378700584 40.62370584274034
84.26053582482064 30.510849493590054
110.78000220212431 22.040479709596276
102.6063571556252 116.97628958010249
100.9192039789339 13.677949542409488
104.57543668090214 55.714137827252245
96.140839045321 125.24935498206196
90.24930530298724 87.91694142624871
92.03030038500393 22.919081980502835
93.89827487926304 65.59845695162076
121.27420939716365 -42.55822808108403
102.87034737467617 17.79028553124784
114.44359312486174 102.15621753047317
102.58723865625397 33.41856742567976
104.57926222936716 88.85708850944678
118.14903438062788 18.942769006098725
110.4912876387419 31.848036312562176
111.16379623104532 53.126895729040264
62.75785752441807 101.38175916969895
135.81453370343186 31.073592446171983
95.58104074855451 14.909022325619354
125.58632894986555 87.25259504729837
107.59381094678191 9.931844379955441
75.52916897257376 138.65999445269478
116.10454278362695 12.891222032069006
96.67510558333922 119.4379626536428
96.68499266798976 74.77483476973282
117.16926234872153 16.804801358523818
117.08764836014407 50.689419833060924
90.10718576521639 11.84130452802261
117.20674817600856 24.24829381059796
105.19731244123548 20.126980048951868
101.16202514495214 27.902086933476035
137.68042962204757 114.90602510923532
98.66646148750591 35.20786346221612
87.99529312264468 129.73991532981486
127.23684451085775 119.85935311213275
87.87381148763666 135.85971736321434
102.49207126311511 95.88082040155356
97.81301743612569 32.196931942224815
105.06994264101627 38.38466691636892
119.29775493235718 24.643967625965516
100.5310240255432 67.56603674831524
98.33868595639939 124.49810676022697
105.40617798674549 39.235691714169775
113.58851766639782 86.1799399862199
101.11183481394073 98.74029284186602
109.5055472383633 11.431203313672452
125.68575723278633 36.093110486975995
104.36556811046572 14.694437084243111
103.90409627096676 19.2120351304687
89.24054517812068 29.714731551290132
93.87836851238201 19.791242489356932
119.84412108361649 42.501381479688774
107.152141581968 23.151658302897992
119.09180970310334 112.68379506474011
103.86160267756158 -3.7190029668939153
110.96049142207013 24.921838405099972
112.93458085198975 5.707131518184227
88.3498491936491 124.74730986786138
101.19550327620006 23.009703677441493
109.90888090338369 72.58433075830337
100.79117428805026 71.0604624532843
86.96581164542712 22.935199518017804
87.96255256919463 -6.838894235505331
45.140621391921194 26.496936576322174
108.74927700718416 5.655030484189892
136.45574838081646 119.66537913356485
88.96297039253534 103.27433515605055
91.87898862831236 26.68282036369773
116.27342214122963 17.9335772666037
118.85447603410184 30.230938586805813
81.59265340267997 48.326541625966286
32.65437180621436 30.75011720296881
112.415277455583 26.18053855571589
124.32147079397656 13.8605044877622
99.09212269914077 8.559719238092487
132.10622113504567 54.64552008217384
109.12898980190046 10.42437142203521
81.82453836651804 34.43016454005806
103.89429285115098 27.122477463947106
53.78190884635141 50.73797854696362
112.32949402138455 0.38008567572554997
108.0159490387308 11.994348051675823
114.26262309901963 45.160871903337465
103.22116279232938 92.50270273717061
100.54679746245567 17.58276626406524
69.52167183589235 15.605311001707737
114.01154824456628 116.1537399107146
82.25625351141252 11.147594100337084
107.00636296521904 27.240094372629745
110.26095075808429 5.976757559355344
110.02395807247494 26.878181824028168
105.92270996749781 118.77994736398905
114.84075881156078 88.74033480288327
109.57612159935518 16.324376192357562
142.37535254197226 145.6642234062312
112.80802915648582 20.388572137063626
105.53551466702923 -16.44742571113347
111.71045323103087 7.920498431053931
123.53985819485834 21.72750477152552
66.61258864603919 117.51565166611412
106.65609962730741 43.740607141961014
101.42607481159166 19.473217144027643
129.95291576202703 -12.13164641466288
116.86542951158211 66.83584499453855
122.05022950800141 28.270745760933252
131.88303203443547 36.72626133962815
118.71283441281481 32.716640899629546
100.45780570642354 18.664523776417074
115.91270803270943 20.627484028432598
128.7760754561459 35.29668339343949
112.50852417140145 31.116620492270886
112.4358859694076 43.987891018553476
97.1954411522476 33.941702005275225
110.71951619228116 25.497686126050905
116.67077137353023 17.580637180506823
116.57822874463143 50.241989165489585
125.96727305345865 -21.604706584566888
103.83350469530306 102.11252207632855
74.60515898360623 8.721511260924517
105.2184833202403 24.730764547559534
-22.035301152840365 11.501469203305025
65.33891240888161 6.426909706103773
109.44925321339844 24.737556583099543
84.07057612611212 12.16733025705619
109.43206674287529 119.92744370974073
62.13283127373757 19.33651514174716
108.42884780291844 12.9491551362872
92.00402160363932 59.98866933681859
71.6963841701097 16.6295360546916
107.6281429488513 23.402031757352983
97.82745645898235 14.499211309387924
107.68005926746247 139.54171639218873
88.28485984241637 -13.907802982144748
92.32644218952031 7.725377298333315
116.57549659599505 78.9548551908605
123.04732483918521 117.28490659717278
108.42165588656096 26.861291816140323
117.17127258959458 22.02887363646049
73.52385848923026 91.6395478557389
100.64972818524089 16.112342858448393
109.62890803659172 17.773889518571206
128.2352449933777 11.8542547879626
90.03900804798667 14.331787809074951
105.46511424356842 25.299859814545183
71.49986500430249 54.74938514164498
104.62236591515126 35.95657936415161
127.25540891961047 107.34927338496723
112.19991803795027 25.230742641750595
102.55718666892463 25.328462905037174
107.76263428596408 14.73735118342907
119.17162200258187 32.86764364767805
98.70980990942644 7.450780667275912
78.60452986262496 12.749818087102602
109.2671667868703 100.03223671725792
125.55431411313084 62.105745591116786
106.65811791425928 47.840660237528816
89.49309995866956 8.559380960437602
115.05182449732239 19.787492185151294
120.23626322940974 19.88810615769342
119.31024765537822 79.38598207064499
80.83965827094384 128.10571330241254
90.7211885267473 24.15527171073267
84.85235783780986 23.787780569571034
100.90684235732644 119.11537972577356
117.24109861430371 114.07681998096064
80.90868109791067 40.03813099976009
109.56928690942016 6.886776989173847
91.12294855579792 6.582921138303312
104.23544264608617 78.9262707965186
107.48446879921991 22.590298781012912
96.10711687248528 31.358987062113776
115.74930131979157 17.9240877424927
112.30490806174404 18.364678881123638
112.08300730138895 46.545101960676504
106.68773457832977 45.472040138865026
81.40466976470184 50.1904478361793
69.36469876562536 13.377455442209499
111.51750259232537 20.221775186053133
98.09807069371037 39.33125298184839
139.5826971964409 16.345835641490797
153.04531225238568 17.716261307894488
107.97880370772758 17.010634444984156
105.00352632999352 46.021284022906706
109.04215355854372 88.22903238175199
106.60809896970953 27.005541856956548
91.20477081498758 78.82915878160534
104.3543010458423 84.5851259285709
110.47317887151894 40.43336665961907
78.11291932668921 11.37930404883395
125.51408303885886 7.166035267522657
83.36977360438509 70.89931466248551
