99.05563431641247 165.54159455790736
104.92317592100144 117.0439314507188
100.82089114167614 0.647230107465653
73.4076238598899 85.17034298717682
19.449704882493673 28.91205855245413
127.29080710506518 21.60498199056198
103.85199011915704 32.28036059296541
105.94756849861038 111.3195876238845
80.84468903120671 3.74009352764551
122.7535242657128 52.595803373655734
106.23960291682853 8.702439934520319
87.8687129274725 13.82474379397735
111.46979564782752 -3.591995281266291
144.664337929748 26.87434274425922
138.55165265179338 130.0204658660907
121.4410392824148 12.890267828102528
114.78980243075453 39.394551214936556
107.98823038934012 131.07090297809913
112.77745834359324 125.44025028104564
98.62014119587329 54.95518531681789
112.3064937273331 34.17893720411153
120.93436187484185 45.47178959582885
134.97310187189063 54.86349685035548
106.43255081017452 27.044027737761155
105.79272318938874 113.83402627795692
112.152343144453 -17.31644955229107
112.97011694240085 98.6326834741356
109.29496783422017 -23.890544700151572
86.75263503697263 132.32411635553024
109.75483002190404 38.46895469039072
120.28031751064266 49.82535219246508
107.36724625991897 10.065668608755786
118.48280591854243 127.40913113170316
121.52377103672531 5.211404377783287
88.39814073294181 3.948411858763114
112.25099258623575 21.395619763407556
131.54788996164447 20.09609612596639
111.79882392528621 7.964449540495268
94.19667751263245 78.19980456621722
80.407655041305 13.71503933105316
136.32715267325528 53.319251289222855
90.2765392746973 68.57013351888534
86.83823022873787 20.771698671379024
136.67851870993138 19.271794021112683
69.68269704612237 17.823284152207535
125.2611993719169 32.3148535519803
109.27609815229658 13.234821316703295
113.01384118746235 31.129494781006354
98.70095228929381 -2.421011425832917
137.1602112870062 80.04500754692589
90.05567366054603 11.397841996003951
45.840255682507745 28.432861664799145
123.74086387156557 96.42693945423197
111.77574703512067 88.1923178235643
85.39749837629111 131.77114556568122
110.3166401684547 137.13327559840607
91.75036714042162 94.61015132796466
106.11780296274549 37.811508075998816
90.67876847188415 30.082530189737337
117.06847435180437 121.77283146572624
124.07499745980317 130.351719223178
103.16249074743787 60.41340041886234
99.41431276016671 38.20424439205343
84.78031959456071 77.46890458142028
98.88179850132755 20.864114736087295
123.79540719685643 33.916734495042576
97.21687874194944 24.372942339699073
104.74153509395012 15.466790456879956
117.26695913783763 25.468514894632715
111.66785451869316 108.64550449101486
101.77164057004441 112.18170952063281
99.05500026195952 23.365299420650167
113.29026709736607 17.66422309735155
128.19324420038137 16.70609208710721
110.86378505314984 -10.311102624925683
114.36379044155314 31.49399903873404
85.89346539326569 22.075203903899013
107.92465292330623 8.386242066607895
88.14477564839689 48.860576454581214
90.06121405683804 126.8989248853347
106.92353076129135 43.63557155290587
107.24403922396574 96.47625138712205
99.83747634690188 23.893944146311103
101.84571952829755 28.25165072395573
129.33735886688868 16.88732242080521
118.49314186363175 27.52664632770535
72.30831532927171 71.79494220926678
114.11207322317277 39.095950302006976
98.39098037926921 19.62969730596429
109.27873562816825 28.895894574027757
106.35861789549983 13.362312277759376
112.1400535344235 20.454451705314735
73.96849253034387 24.252720837771403
118.33228497163343 27.953852486251645
128.26428927339907 100.39303384015038
114.55555239588003 72.25657075699763
113.17570294367036 14.084901110600564
83.59785288016802 29.31391236841638
95.33583970594518 31.365828756121186
121.54256608692991 37.27594206039073
101.72627641276368 42.2843595477275
22.679036868674924 39.529901526602984
135.17362366752 19.38981729540865
61.06625140185564 38.98335785408209
113.30055373585078 21.885919243652182
94.03385602354169 12.2102141477529
60.51188818276203 15.828161002937724
-29.087749910099824 37.9134378368098
131.50322674570003 144.59915216397903
97.89351485860587 20.002179530474653
109.52368330377283 26.34090110453146
90.45326609952018 11.415680249373622
100.43370946271367 34.74948793194987
124.18981703459541 16.825014664790636
108.07812450535096 70.44005087591118
67.90099298885274 44.38133869252866
103.44187950719346 20.310238008588435
128.13866787547227 69.53894042889485
113.13092677333265 6.541156736599062
59.35932206801847 27.36399988211852
101.62320202486563 146.16302045194996
112.72529683070553 -7.3339148110300805
103.65886400313622 111.15745376317152
70.78507891399448 61.56215173077767
96.20172061229314 8.953601360784624
90.33587531670325 33.11973205292788
89.02733163794339 18.86208750425646
100.05497373520234 44.66109126785696
95.92064787313326 18.52983923183039
114.6326648355503 22.96088626977604
95.18659001100683 116.39556047429073
101.86247708834084 14.423429278382283
108.52955303372819 70.11796719807097
97.56131648668385 143.35633586030232
74.30449785939943 82.63220620823512
80.7886630494257 24.65512506706149
94.27942680272307 55.55497944931585
120.78308386876374 -43.998198955282774
99.28842769248836 19.196168115162564
115.75744926811267 97.08418711194243
98.97583948196757 32.52947984581753
109.36389852524796 106.02226440600097
112.35568747727054 19.931531802550285
110.53064511409283 38.8496411276938
114.81206363851857 65.50197425378421
73.08007170022465 133.18749123683173
142.80623658382936 18.233104256615782
98.76385896733461 15.248975682650258
127.65484508698627 70.5567510766049
109.14165930255312 11.281555393726368
68.10255798589428 120.06137916960355
107.81068908749599 13.877858172942588
82.62260107780128 119.50405539900166
89.73115195946993 80.52850831658127
111.79186749614577 18.534842500129702
118.56490517843635 61.34845793629483
87.02266765634857 29.771476355968467
121.48800271508975 26.854341628024798
120.18513509847621 24.869689635202946
96.56930563278347 29.81728122083883
149.4986666015098 119.6831716427978
85.9455773100123 24.680623378732548
85.60374927085827 127.26275810841538
140.48122399706907 119.54908240247923
93.96985616264682 137.76050842835747
104.65174716988106 89.9723497618886
96.0649955508637 38.41555787857999
103.69109585567105 40.06436788222488
134.50678517302168 38.63014978218696
92.41832009692742 63.77944649712222
112.23371867627237 112.99112226208992
99.08499913670762 39.10160647368481
114.78764510050036 68.75800620346118
100.99278383051455 97.71221132198528
109.37766455548079 19.528655824320364
126.56485733847813 45.80759746862314
107.00753894181345 16.0053180199096
106.62681379009739 23.910717748876465
77.08193899114048 29.15993706866553
85.04706847636677 19.78418151285952
121.47782016117277 47.08074111802026
110.40475286829643 26.09951273277695
123.57859885364526 95.28968222590507
104.63108882030383 -0.4775193336919217
115.98539007420294 31.050095599868765
115.1727057203094 10.987229770946845
90.68969806885106 149.31405697087084
87.38857573041193 25.254224769674778
112.9352846802591 78.83738139810924
92.72268298493023 84.56203422081404
78.83415462582529 36.75296510598511
80.38482368033593 -5.599425717241312
60.69881951558226 32.006033573912845
108.59639560455221 4.307311456177383
146.4420704073258 126.56877905082676
82.7617790483382 109.31208309508298
87.10148988166864 40.49915019512281
125.79143234849298 13.688800851590187
123.67913064706612 34.22911612343646
79.97652660339841 32.965887390323836
38.52582144565359 36.103736925034
118.64701883185104 35.29652252297088
121.60826442375854 19.397450789031375
101.08059749617131 8.70270919044084
141.21458135650585 44.38905507633624
110.2510327038865 12.67147429428345
87.19448813699084 36.05657589431397
101.057488075502 38.202694026460186
48.075731673355776 45.776270164186684
110.83961984313135 6.957799547996142
110.00870460708659 14.300746864055798
117.77851308481985 48.38582516598925
94.26078970948426 108.17149642697328
105.33580058339732 24.585331371630176
67.95613218965138 5.725110175204682
118.30230803093079 100.43585508408906
82.94065537413047 11.790257396886803
119.53313851719109 20.327471818330515
110.19360582931921 5.14308449573179
110.89104663756645 34.556553040159415
117.654640845497 118.55662928971326
119.23369422809049 96.39238196010743
109.30949566959252 22.920524086457384
141.50380669450357 154.95364906609106
117.16052544230004 33.380600499386944
104.28811791299623 -9.18636490231878
111.8609722618017 11.827263290956331
125.08971746260279 21.49098406740969
73.89233718940869 122.56260296071225
101.4048961486095 38.27444703171123
106.46245948915875 26.075990174436356
116.63471846806888 -0.48645783715285074
118.79415751113602 81.72194798364528
125.17755514472292 26.762655450214623
122.30895241682182 38.60721117024829
122.09378894049806 38.71408744001449
106.10310664716177 18.812583636390716
127.2663584178574 22.90237446940751
118.338686201166 27.739723176191802
114.61027149385532 44.744307745546415
113.00072600626552 52.55878485305411
97.87363165397568 35.10672495693809
118.61851457682266 19.721448063355602
109.4123168691725 24.2486827932717
104.66624134468904 69.0303594212549
128.78491636883123 -16.81862370239939
103.33105790627198 96.78454715485516
75.569114104382 10.726257020845967
100.82954872435644 32.03298675616883
-17.347447287813978 14.44357797175754
67.46050920801419 25.578700386574738
109.99039253475266 49.45098732412923
86.47291833648772 19.601190206169974
123.33101472124434 120.14686376578346
52.58027754994701 20.113477221546358
109.72679463552687 16.64394122028723
87.65097536662525 70.90820419001327
80.43974739273817 17.752610840393626
109.33872181823578 29.25292823759483
92.88828918723782 15.487368534507183
108.08138431923564 147.2401427615389
90.87797841597936 -5.5151798086192585
88.41364483655758 10.63672692206762
116.12363473395725 87.28825518974627
123.70917243829854 111.0032660012332
115.30765351755261 20.79923587088995
123.05865751477015 17.14120802425422
76.74117854866662 80.32859950098299
97.88585971302724 15.246948642222504
109.27574172979686 24.566352058873502
128.10428160657335 9.534911353980345
92.16003203731792 15.738730041197403
104.92210801533966 38.60584075380101
72.19324919293318 72.90625284765666
115.39633332612736 52.00448779648928
137.5314693817732 100.56363102350599
109.8781393168011 29.5683075949283
94.8352013383845 30.709849127832165
108.84241596335384 19.086948306451045
119.96501076518264 35.60893160168144
106.42824938241489 10.152462836147677
67.02840815443359 16.498183253237855
126.16338612080709 90.18872749635229
130.04363648986495 52.535930939743686
102.41015826470056 57.97193133593153
88.8347613831825 6.550566210037657
118.89146064376462 20.268779817330476
112.9809660358944 19.954902170607976
114.3872040907947 81.45785397439863
91.34044483778544 132.13108154000346
77.85176159915278 25.17933101330197
82.55270322449134 24.586547721858075
103.9329562171583 108.79358481451214
119.17103600395629 116.97926150715793
86.73426475056773 39.146306721687125
109.48278405286176 3.509425106274123
90.38061773274404 6.222569715580157
112.83090027477785 89.24101986278696
114.5772568348272 34.2136758292024
102.52158476240263 24.225857673592028
113.45953945919013 18.68152139475181
119.92877858650388 15.922651026085514
113.36735677686683 58.15917279452905
101.93277275664362 53.072172673273926
76.98599140904041 56.2783330817512
65.53712505285678 17.781383213004876
117.86849868997159 22.351912490879403
94.44454938235263 44.98427163286365
135.1301010442998 19.813854504414614
150.92611255034916 18.331501387357033
102.92994030702444 20.291815917743225
104.0192888773318 55.61860542577991
108.99151251153224 89.4693642102918
104.63516539731482 31.676229665356647
76.30094757161314 87.78482242162572
94.39297769361343 98.51727149129397
110.37311894628918 37.43955284430326
69.91654319526799 11.215044289600913
120.78257068183427 10.03050225405655
78.59077917684466 66.39210874319761
