98.91541816719575 171.854397021559
102.40412937539925 116.13365678232806
101.1949284776992 -0.3769632992738683
75.66866127513076 88.56634056672367
20.92744234169616 34.25393297443703
128.263087057552 24.024467138119096
103.67003074926762 34.937198454347254
105.26041793409608 117.97878687998997
79.75426454673834 3.891707440759639
123.12676371401962 52.39190372634254
106.63823376324876 9.68381629065301
88.80674598601694 13.879798492279086
111.33573967006802 -3.3281533561901657
144.9261139514535 31.486960808015517
140.2128185462079 133.97422044032086
123.24696164729387 12.081169573204072
115.90294001250079 42.12090303260457
108.5935252434812 137.09071598570566
113.30888280939814 127.55177733410969
98.16937749004458 56.98153097158949
113.71316762741853 34.890762409934425
122.46002519666288 48.6338067021888
136.43467656354616 58.031746753881436
105.92861347847605 34.583597365541
105.15718870257835 115.41716056052461
112.26403804431584 -20.591090409084124
113.06259844435851 93.4598305567309
109.30096415714935 -24.739236746401712
85.53352044811672 132.09529689719287
109.92856002260335 39.89399880149536
121.28103670844631 49.064037534062415
107.4677378715759 10.575116854893146
116.72825955697606 131.9404560238735
120.51034972600372 7.4167109452220235
91.2852359635964 3.7682248394523135
112.59501339645746 21.671875074547405
134.14344425526733 19.808539049392945
110.15306685020354 7.914949115534085
92.70153596873524 82.59664629817217
79.99899052055754 14.233339057132014
135.23606203085248 59.308507209327814
88.3317519081983 64.11912224509838
84.60026485483367 20.693516897443565
138.42244882849752 19.269875645147923
68.2001561537165 19.46759577921778
125.91517921647132 32.104898490664674
108.28453721734941 15.035218110364088
112.24445823865285 29.361247596729005
98.53927661783472 -1.9051670472071474
135.96713442532834 84.60851296439444
93.94756467738326 12.571649003558706
48.71767655872993 28.282284713267266
125.42944315992231 100.18791675356171
113.66388029659929 83.78162919680183
84.88245356841013 137.54306416265635
110.54743016364681 138.78780023030902
92.4034964595647 93.6404274463044
104.85981327299588 38.71704170868151
90.7243642438265 30.431314635167773
116.8700594596037 117.38129374083026
125.36572136429872 129.69643389076353
100.24593210535015 59.08435420106107
99.38385488276694 39.630714211197485
83.30576347116983 78.03779028187465
97.87471394178695 21.44721215435828
125.40534336242047 36.38135191066362
92.83495040246088 27.872842875493873
105.24203334930046 15.83901125863195
117.3264631013418 26.370557280855614
113.30923083008477 108.24860811793856
102.52623269325048 114.38679094290441
97.85344342427848 24.00063858367559
115.04115140458752 18.82340709301051
128.79771864138985 16.81622557316977
110.79710537369711 -8.182734323161245
116.61756039816915 32.39343792454153
84.18989521550536 21.990235174268626
106.30283272579638 7.499040482118621
83.31786683845795 50.910752038825436
89.56081938264222 130.01623996419352
107.16187550868247 44.37505209570917
106.79298078850739 92.58611053507924
99.83804472626721 24.375839590912893
104.22861595424664 29.179834673862704
130.5864804889535 19.06938628960515
119.35417894524193 29.967819337363057
71.05346372296209 73.34067543774512
114.33485994374806 40.08054681876881
97.36836848152647 19.681617791943886
108.86469247232385 31.046873918082323
108.68074378453045 14.332955801745467
113.2681044093185 20.788478892708092
74.90334686123842 24.432754760618927
118.67333342239357 28.320223953272137
127.38403763522723 100.79970458604777
112.11159939148273 75.07685697080585
113.835701097235 14.626927495215254
82.8764492677992 33.69941950982991
95.39265743166258 31.532234682967935
121.2473775664817 38.829252465457955
100.61679480073357 42.98241400786623
22.35805532844647 42.53117146763622
130.69332358261238 19.538495512670277
58.77818114398487 40.14677387168122
113.7173898178089 21.02861941444337
94.56761628878614 12.560069246866496
62.93890820213932 16.24497553071013
-28.44603789165478 39.66514197365865
133.1877176431063 147.6966192757704
97.91667983303252 20.014699750281224
109.60179873017026 27.630407433807427
91.07318102228943 11.672003406580005
99.10084076942321 35.931461346629774
126.15077973323592 16.558653074792744
106.04821583912535 69.61688658498397
70.30655174094062 51.33375808126359
102.98337451500576 20.45812161095814
128.88410419582127 69.8659873186219
113.57824363088739 7.960575776723671
59.344489092491855 29.587997639703165
100.64685221595897 148.72308805577407
112.4987347205956 -4.9013861009572
101.9909870181398 115.72789523469382
71.61294514877459 65.55435459371503
97.49054933971591 8.243519194320527
91.4656075280656 33.710923853582166
89.88285902446563 18.819263076445704
96.04807545703557 46.162832305015094
99.39825630035939 17.2364957809372
115.49615569487129 23.09621707899355
93.81752747260714 116.29793348991166
102.39455654746645 14.743066487034556
109.58367285356564 73.92645820623407
98.30521543875726 147.4589400381015
71.1844586634699 80.74666628352908
78.73584875415519 24.955887998925473
94.89390705157233 53.62107983977723
120.30083852068621 -43.47941710082618
98.54892914476854 19.555912116791504
115.94509882652972 95.15897455920202
98.30702123672432 33.12507112658528
110.58730917000541 109.1073236999857
110.79690062773348 20.176844786337806
110.52339491485026 40.16705215094902
115.64549526710769 67.72490082037292
75.70353991115805 141.13212770581578
143.40384513749834 16.206081998558243
99.82370032153155 15.505648296394023
127.58405363418795 65.95531914399562
109.54653059732463 13.806805005906444
66.33582731648924 115.28607014817409
105.70644305508772 16.181678418188557
79.84382675520226 119.51638303240064
88.55606631513733 81.826597291058
110.37007846661916 18.975569982122376
118.75535598778619 63.005159972568535
87.03653239455548 35.17218376581341
122.3508344210899 27.33308517853308
123.74812592484628 25.956821105371535
95.64119325754066 30.072039257676817
151.4383243452188 120.88864851601316
83.15075501247551 22.555571159788038
85.63700225030902 126.40693323524636
143.17394804388434 119.46350300283743
95.75822735877469 137.8242729049089
105.33507352678684 88.28984227664263
96.06288963238532 39.60112140118407
103.47709814023034 39.93059660970529
137.828703089584 41.63527504168169
90.71881355266893 63.398312774895544
115.78432461445529 110.1965853903924
97.66178132199934 39.82499880119005
115.00179195791105 64.46615202729275
101.22357126799757 96.21539290860652
109.34283396217008 21.58653607162507
126.25597169169446 48.49681712296366
107.76818464545956 16.45606921482746
107.377236333002 25.0513027216695
73.59741904591664 29.766202925713415
83.58870226474015 19.77884118613626
121.56200677218558 47.40214342445898
111.21734832242419 26.674339227703626
124.3069702154982 90.63516693057356
104.94839879995 2.2690315598918844
117.13103876465253 32.37125525753007
115.56750969979377 12.58140923973855
91.76925218078532 154.88327289631644
84.39104226814656 26.643127965635383
113.62026939107993 80.26952348030203
91.17229387574382 87.1270688415187
77.24496253597968 40.77428713465969
79.36138388588881 -4.369770464374666
64.78630958597725 32.93976776748928
108.58696523545862 4.362129873063976
148.06149558436869 128.20985327885032
80.87131143350551 111.26708660429063
86.68994492510635 43.43217244806465
127.74165993256973 13.247299598543133
124.50874202190344 34.88320943215897
80.38925942386373 30.344289507135468
40.66257879371243 37.03034488266364
120.10594967178307 37.18365271292368
120.6580765967819 20.84032162571615
101.8074785070407 9.105280781302529
142.95364335982796 42.70978283893004
110.52281832856312 13.434878508756485
89.22081216803169 36.85678724887749
100.50666591990846 40.571318295706796
48.39793839536768 45.016893439282434
110.41533786426335 8.918169600385477
110.50226655856638 14.965751711178914
118.35835221878233 50.215643233816266
92.29880507230884 111.0797240390161
106.67216985425229 26.265632724423355
67.0956482473002 3.4329854975604057
119.18455114355163 95.85642115350358
83.8902362577563 12.144940379678502
122.58369154639364 19.623995967207904
110.15594838776664 5.212748649350619
111.07574274032382 36.24503022899172
120.48962938459326 118.51614016105772
120.08128759617857 98.20189444598422
109.24442973749656 24.527588458750145
140.40688217463986 156.99705772880037
118.08796103970772 36.4306692291211
104.11948581400316 -5.055840373967154
111.83633074116682 13.02896339059084
125.12025844673727 21.38659070572735
75.45945460332523 123.77490587885862
100.30435617242578 38.17085102966595
107.81073911974144 27.620254316752085
112.97279400672879 2.982594958791387
118.9528531350771 85.62422103456854
125.67226230894448 27.66987988671568
119.38802848052975 40.04685232811737
122.6614963364524 39.8185275156912
107.61193891876005 18.88323631980654
129.54832397620055 23.405403260694506
115.36866648264686 27.319462425729466
115.01101652655683 47.51239054366991
113.04872464751213 53.90361093800153
98.31958611603292 35.0339545328167
120.39817507302806 19.903831218656144
107.54494070410544 25.826073077209866
101.7040789497791 74.34848726059747
129.12192415733728 -14.747382579489884
103.32643019568789 94.79212315180834
76.52913828327004 11.418181045292252
99.93775113641651 33.54353440564637
-15.522950994967175 15.310735214248272
69.3574104509614 32.104513289603155
110.11485109343718 55.348848395730876
87.77822512832329 22.8175805361102
126.55617443573672 120.18813797557974
50.781459440567616 20.297827453668106
110.04894000803891 17.67152385109261
87.39592832047605 74.08768127972827
83.63232631300724 18.07587764826836
109.78000730482539 31.760679057009547
91.97089004505419 15.853121041832658
108.23529053798767 148.29623673103623
92.04684393980828 -1.1429679822831575
86.76619182474643 11.5669902239892
115.84949352836408 89.06677803935732
123.49554555383354 109.61533201358408
116.90296942981662 20.24297151385674
124.17039904907408 16.966421494537332
77.33928137604198 77.89241048817063
97.43177854090993 15.111532500808611
109.19043906830399 26.179735855568488
127.61722582811815 9.198428943940623
93.23687197587718 16.228423298031135
104.8958130419241 41.5653008122855
73.23635018930517 77.4884288961898
118.10384026186489 56.81693111217625
139.66781397879544 98.45676311523829
109.26924232330074 30.437828782798253
93.2399836656521 31.8185492111401
109.13071807261976 20.209625981244407
119.95448409677532 35.86487787171007
108.51190158205392 11.080459417090859
64.98523271648477 17.465134781973976
130.13013702750686 87.13311368163414
130.81152635866573 50.57963560197244
101.48292951197476 60.860364322720315
89.18528443659973 6.3357517787551725
119.65756318626318 20.363946990927463
110.97966654857153 19.966716732212355
113.07961114256527 81.76252128316132
93.539597124494 132.82984658451662
75.54577888652051 25.31517487562378
82.39961255067921 24.662842634258208
104.86859203279658 105.54292725367795
119.34206454776202 117.76095570405019
87.55534619420293 38.470538176123114
109.46137244707624 3.0849060460298796
90.77533659264878 6.575221424048002
114.92069291105875 91.22135897148173
116.27575665997323 36.86966038442428
104.32962668308441 23.27934670655328
112.79413605412118 18.89814021516079
121.64951485341437 15.369934101752529
113.62249119152072 61.48307056081354
100.9117933606596 55.52389726583572
76.2094212239991 56.6243565714752
64.4723111715549 18.915268622934487
119.3376671619619 22.844905604377935
93.97085011476739 45.90562579424871
133.5128719223013 20.67317308095159
149.2006120510027 18.505862438879465
101.80808100020688 21.112931208022534
103.94582726935687 57.17457050975086
108.98350812836532 89.04762524237822
104.2513504984758 33.74224424848403
72.42257253342953 89.70635964502814
92.15914249838772 100.9274490605787
110.3255586192235 36.00703652972558
68.67262257714802 11.361746034149458
119.22827932555508 10.94417216413373
77.48131250814897 64.74948298098167
