101.16021256153932 202.246653035912
88.6000901597861 104.17287330424388
106.38085410963211 9.349948473724597
90.4290834784981 105.88725722478296
46.54884533052981 77.70753381628255
128.58649250115485 54.34046405063215
103.94561728842432 47.8131804819219
101.70687463712024 160.7061643287055
82.41591669073799 8.626045008752852
122.38190922996837 60.50913807944796
110.34463910440282 18.418708739775603
100.09765749351351 15.674547765942735
109.91682952201786 4.419302192001213
139.8668195336359 75.51641173265796
144.38515906951432 156.03896339384943
131.69914893454626 8.244771590793604
120.80238341940642 56.44245465809872
112.77420456493925 170.495797442724
115.78165692424582 139.46816073074513
97.11761185786813 73.84259051249029
121.23630178691332 54.425626926821295
129.3591955456499 59.821694322706676
139.12335784565693 65.49777926236784
103.68114297131133 93.07593112928345
102.08705702473013 109.65713336016381
112.32957938294997 -27.556970273559916
112.84377104193946 53.72379926062007
109.30526092667041 -18.887081415790732
73.6099146267347 127.5880179821059
110.8918387700429 43.037330951182454
124.36008913367812 51.74683224603435
108.63895006059757 15.637781185189697
103.6668333344282 158.40409975940943
110.50659715693119 24.416362314415675
114.75627434820203 20.728859981603435
114.09110950162375 37.56303433321795
140.70194851023697 37.779258532765986
99.29629575826507 9.96955896059674
88.32017860026947 105.17874017731941
82.86662430482285 18.848884137596748
122.87602340759976 97.15718407883504
81.56159768712526 34.93385696944837
64.6028725952687 19.652746497179532
140.8468458106653 19.29061951981435
56.538823659238844 29.909312580592776
124.9153544830481 42.15645551067458
102.52346599222301 27.84888034528785
106.66862867376855 14.968563272744428
100.1291749375614 7.60781090365254
123.1856076675436 109.08319636842216
122.71135609441865 22.100591566476663
74.33887236016025 41.66998010989214
132.65831490832628 112.71369363399978
124.82431427076386 52.331714969617934
87.31588671155961 168.7099664646455
111.72368533201552 145.19382594789585
100.67861584530311 81.31230744485036
98.07050314673897 39.35647783916267
95.60289241387407 30.432284522478508
113.88827314726906 79.41083859676128
128.8176928439513 121.66444587925977
84.65844308140962 53.85691145012922
101.82497073318848 43.08503114488026
80.53564178955985 82.99164211091569
94.34252974354621 24.69528712643557
130.1795918213816 48.91108140323538
67.24412633748607 48.14663594159137
109.7587617324566 19.493370704793946
115.51662069462861 30.564397671172742
122.81963190006476 102.11195838586154
109.21606967329159 115.59643654296018
92.7681377463921 27.106956204465174
124.3535925082446 26.58088698136717
126.16972641222456 33.319290040134305
110.01220243922016 13.844656512274371
128.68591147454165 47.8327522625684
79.90367052733144 34.871773570240876
96.82820075452904 16.44322697646377
61.21930952650477 67.94449005493298
91.11751715905814 148.13665334028704
109.48801488353284 56.10093812589635
104.8304314016072 63.1369019652351
101.51449592093162 42.419835956386464
120.83050930318926 43.45251367132151
133.51619045668937 33.34623225407953
122.29204850426945 41.993878770462494
75.18609109628784 81.90306046153104
114.5273655277211 39.55796881850481
95.01082306130097 19.931456111126707
106.39527336597644 41.49615545767899
123.64910534895705 21.871579548298783
119.05754637718206 34.39349090553565
81.63855564208524 23.83285725742478
118.10143440168436 39.36252291883258
118.55769752374515 95.20104564755898
96.46205698031505 90.22039279832083
116.85044881673123 30.65813800236572
84.39776465123927 69.1909027767703
100.8763442232862 29.961218203607416
116.44496749640176 59.67825261931446
95.91200112735443 41.40329040709231
31.910932751677663 67.91731741376326
96.50408243058266 20.44206768434505
44.81826006843652 42.51515979775848
115.14211073931361 30.421196932780777
102.96991054050419 16.68002877346655
90.87682221664201 19.57772035300398
-7.174872422279419 59.91200710042834
139.40769355926736 160.2048073422532
100.87012731567934 19.941727736245365
110.02995709526101 33.774804988266055
98.50127708926344 15.155385800052517
93.41131684033981 40.13319556468291
133.0047381735593 15.618074009362802
94.26937298712559 61.95902964173142
94.14218750173053 106.78174556021973
102.08286012724506 21.220050656160314
128.56437520718254 75.43631584625237
115.04399347954805 20.654997079217505
58.813694878904485 40.053224533671674
96.7425799415297 158.71130908789033
110.29605431717376 32.18659888987162
93.89096137506611 135.3150245170049
88.75642183511842 94.37990730214867
108.97181162673267 6.555238938036243
104.06252841151407 48.438826995948915
101.23218364152649 18.69127886332714
74.09201027900569 62.20421898983571
124.48545860851097 22.088365672676005
119.40625218000206 23.33316660053959
89.75006277026745 113.04605070303096
108.0989043274975 17.973289198620517
116.15399536470021 99.70062374266324
105.34367835149041 167.04579485080959
59.9362761875992 63.22032047352427
76.326241036251 25.45006660641107
103.01484511862161 43.733052986995325
114.98683877682001 -28.149005197396637
96.20990124558587 21.87286389685066
115.73681596522628 73.01726262778016
97.37833877310638 42.76816120604086
117.92700982939833 115.1399178923384
100.50544163770758 21.629541145614557
110.20467013371164 42.262033618025775
119.75308615186852 67.72093314531513
90.63565507017972 187.75269852653983
136.30156710512824 13.559437235475489
108.53384782219081 18.62463638649327
123.26446618183998 37.251136350282
112.08942660700626 40.65061009893718
56.61450811615518 85.3889530679852
93.22942438110829 41.45135748753702
67.46233786313668 119.49882170668309
86.5756290011181 90.86852760778555
100.85698781756084 21.96968302453805
117.40970876394519 62.76148919071028
93.3639315002964 78.09117261151255
123.50215491619917 28.492264527393136
141.9904581615009 31.16603604026787
91.64489402682882 28.752864036288305
153.78209879613053 128.54380502203807
70.64962572712508 19.450468724154884
92.7523854183479 119.10140468766646
150.46654344765415 118.90706278203841
110.82277328449916 133.60946676790715
111.17465764355076 75.08144751408929
98.40309915964833 40.861308552416496
103.93456229669927 34.0315043046304
154.00331543170213 55.803748018966566
85.1143966661922 59.15636222045449
138.11494273786943 80.19287645687567
91.73049048549302 56.152397376466055
114.75137405444211 35.870773725590965
105.15751605157192 80.34184741336902
109.13988739936447 34.14229594181599
119.89473202863354 71.90064884293368
113.13056933881998 20.373346817811505
112.75347661111137 30.702527395305278
53.86787984727567 47.26826796698178
83.31902549499888 19.707418587674955
118.80718284669491 41.664440404267765
115.72120044417774 28.465138487288865
124.57942269455752 56.308154133433156
107.74114993892779 37.218179285801206
122.53898275868994 37.44936411290121
116.29923910562748 24.19445835763102
103.10419261647503 181.2725534437006
70.78563136911986 45.5360649091814
116.46643247112645 85.50543872493833
86.41130389906573 98.32525574666646
77.55471598815825 76.13238599950883
77.4314868836677 9.204722043473573
91.2695573539329 35.700785769507625
108.844111563514 8.689154024244155
147.27078511965445 136.20766478048571
64.77102632703028 126.9939513057788
91.1948972900131 54.75098002828725
134.19428093800138 30.543043231089044
125.56662795145964 36.418263222216375
89.04222567729875 27.15449547738212
64.51835398982315 38.472171944886625
127.52493927042576 45.662470613236856
111.38505373081937 29.64425275036139
108.5943929672574 14.600985400599908
144.47151666365212 41.670057812542375
112.01841235748664 20.063676591106997
106.6013546180186 49.229537607481944
99.71491729541556 51.88870224229462
63.59922288544561 44.47500605267597
107.43043791910209 24.812955438224968
113.47433616074366 20.50698855748578
117.67652330770643 64.72405363462494
82.60141358657417 125.02296450146754
115.84890212753938 34.7085324376003
58.037519633601526 -7.234373467377933
123.20781900238747 59.60848213842938
96.52833839480304 16.61015930311187
139.28427983116444 25.20517063046944
109.70288634013784 8.594787919943993
111.79297755588767 42.52113537885708
135.6743766808256 111.6467085222915
122.42011419056671 100.92274100463648
108.8590931582999 33.66437431222468
125.62659572155957 165.36546216558688
122.05629629360875 51.94654816496532
104.5014738785981 41.5434758216783
111.06439478263881 22.25787451274781
121.85033094521984 20.223977168477916
84.04105517298923 130.34630577792583
95.08094338882708 53.19219370177032
116.75992512263737 35.59452352216363
88.38008039876743 29.515532331322014
116.5889613556716 103.60408900894757
123.26669832513566 43.57661695795317
98.08715691203803 54.03457314803137
122.62399850692222 42.37850312134679
117.75383805497827 19.552224995612672
137.81271691316093 25.61487041121569
94.73345835085914 43.70631086715074
115.97439607971224 58.45038934696801
112.21516695383325 55.0768183002584
104.34509410660023 30.052206506789098
129.99155898324096 31.191286778528188
95.73039283694229 33.719340782384535
84.86779266549702 107.44585439251213
125.67639947955654 7.294703683064703
104.8592494346519 74.41924674825384
91.8598901013665 17.97584564977503
97.8922972128943 40.26963588279449
6.2404734685647245 21.871675561343608
91.0294670338582 81.94935457934614
110.71329080056262 83.3663960687091
102.0669273965912 53.601632273415994
141.6462228274977 120.2994744972544
38.43648750303253 21.131363210911577
111.78954414684718 24.920508027432895
93.2174138920797 90.20663528746643
110.54028097737739 20.321777633642945
112.45439887309792 59.6178042399457
91.0095487334776 19.266443133127186
109.58656296265787 145.20506275267581
104.62224007977908 45.38353971108332
68.19808413539394 19.67584987217745
112.45902246892297 93.10316905616713
118.70312348747504 83.79375968957191
125.16947405825488 29.34684722028408
128.18017822749533 29.803063677964122
79.82402993104061 61.403556112011714
97.852039255629 15.303600145741324
108.71128194179009 35.12238598893406
120.77919239654365 10.063782052624575
104.59617542171024 20.40635940128789
105.9383758580992 56.4902615069191
89.61840592047008 105.77208272287895
133.84396366102257 87.70826619808093
145.03746042393718 81.24294286795988
105.35452601508766 33.69097523097844
87.24818226455348 34.793401326290756
111.05319523422952 27.322161961218093
117.95769813087642 32.63762234931366
122.50469801486771 19.68120009043153
61.645720589003545 23.917408580244846
152.0846176283752 60.685199216145044
129.38248539176337 41.800217284470975
98.29344708706027 85.85990952458735
96.0932798454586 8.238585530656731
121.80779635478038 20.726904532618782
97.62360525150545 19.94229991157695
103.64591196555092 74.61987336786648
100.1607938476019 132.6107659333558
69.33215272441842 24.078020444015547
88.82674299334231 23.539417670199445
111.97179154697918 72.35474579889922
118.01018324461074 117.50433036641707
88.26606161705122 29.290849048592356
109.35635398870728 4.405453126136691
98.26845828424771 12.230686810215902
125.98342695339923 92.99187106351353
126.28648815788056 49.06250016441366
117.13786206049522 32.931770887587575
107.85715734532852 20.404269095020982
129.85535652702 13.043463929048235
114.56358407612395 82.58135235316647
96.95515517432266 80.16618603885874
80.33607545213891 48.359020591281755
57.09196868053247 25.722134144157405
126.56101646693389 25.26658022066317
94.88638244762652 45.14797525695258
115.52233919528413 25.799392749606383
129.27917156535548 19.886598423328287
96.21779170586687 26.267927216139228
104.97933826596892 56.555174936361404
109.06836041345538 83.64470179791468
103.3659740255031 57.4516163922854
45.574323304143086 99.89351579343163
82.18169986353894 108.70857877983796
109.79378739311127 22.11433679742398
71.16196254007808 14.962029121238936
106.71635990174076 18.821816245031215
68.35329674139571 59.42758374956744
