105.54868109489452 204.46648515497756
85.13918843297124 85.20303671973153
111.51281287784606 32.58795982082534
99.46451803260918 105.87133537390046
70.78592336339977 105.07294546277485
122.7565761970628 84.61373073612161
105.340804784095 48.7075679715481
101.66106797779476 179.04912655168775
93.04623939958744 15.462873023698483
117.95408073284106 68.5221174604295
113.05972418304444 25.10709030544178
110.9420878740775 17.904835622325983
108.72041628220155 15.649153099234873
128.50851497148807 109.07286014974937
139.89952094227093 162.46789155023313
131.73576367308485 8.188653531915635
120.80694552640111 58.14663088804648
115.00795870162021 179.17258235867178
116.28701167685782 143.29919319725835
99.67747107283084 85.52000251447492
123.30278587015245 75.75465626840406
129.59014178933407 55.26776497638142
133.26949034914617 57.23163436523304
103.59659086550887 129.30920771703558
101.63965925451373 95.8525095568986
111.44109144504722 -13.537410558147329
111.76191455165626 30.117869026542003
109.30856839422223 -6.061826011070069
66.50500317801924 122.7472338237348
111.11625010344821 38.554562031650136
122.01694851375788 60.6387223086844
109.81806809892036 20.54280509056564
95.41095357462292 165.03385018758632
102.86720320335806 35.695194737542685
130.56515501375722 50.184355011386714
114.05944511669433 62.99758500329297
134.8597030711303 58.67109214380585
94.15034776652817 14.366239138681268
91.61363503554703 107.67505438428562
92.6162020242831 22.351556262300633
110.48039993045563 116.73977578317735
85.43933018999186 24.70093043129276
46.37515549409245 18.674028872577498
132.87947395392695 19.355308309241206
50.50684667703407 33.89774562031171
119.08108133725136 59.35681733288926
100.08881761409178 35.52556816957866
103.32873119004933 5.640148230922639
103.28276605334197 17.88091511128351
110.25766588859403 115.87677898048005
140.2474471425342 28.136222159469376
94.90017297170256 61.54623581604715
130.85624767053173 103.88252880957184
128.71220054977567 33.68321671722396
95.56147611447047 174.67969215711847
111.91996156522252 141.60840875086652
109.52171969587118 70.58352872387528
97.27934972776401 34.25772078332749
103.24122071985194 27.716428984955368
110.23934752619078 47.6023238508301
124.76690587387853 107.00209690367544
80.98771110061617 53.66283244352064
106.71554296535365 40.05846171460806
87.8474971183754 83.04160842597263
95.85586746611635 26.096840924417496
127.29554832923974 50.06931287722761
58.77053829313357 55.40800051235808
113.06738649281681 22.19126790461854
112.30783246155362 30.431500285890362
126.12751493630786 93.5875777694471
114.28405700463131 100.60072158737371
93.52431342990953 27.038123634558417
126.66307573456908 30.226095858470654
119.27747476483016 51.44695252658594
109.28423995676351 32.096050188706066
131.15688240541868 64.53122870379069
83.89240000635434 53.48828817144183
93.96270216754424 35.687722050405206
59.35033811375983 80.63103282151022
98.71592389018006 153.11996790817926
111.30716344925757 71.34427528384543
105.06377257443091 45.1653218843292
105.08600092136824 63.22135101421638
129.3435757619458 62.6015582062502
129.17503879589268 39.669087542594745
121.05975348589608 44.049200919655846
88.39807404754592 84.1845625375532
113.45929188455092 31.39362302170117
97.53120619983446 19.940406525723656
105.39443537107515 42.874559487147046
130.5723119190867 26.80836713750563
120.08410671067362 58.60336640522201
84.58930665037767 21.769798564366614
115.09862670271373 55.14956183773964
109.62410375602751 84.33725245563507
90.21689606973042 93.28746642698262
116.9233152738714 52.15655709383121
94.5206701365489 95.67263365186722
108.21693441838465 26.14843543275173
111.11484761617528 79.66788946478789
96.82190412207619 32.634733818560655
49.298517826453065 84.95881715166924
74.66662730913836 20.73803087184742
38.35219011398611 36.747190531885316
114.50901521269074 51.945053196347914
111.55718323676388 20.590857593032787
117.78965236531428 21.799337829555967
18.574302017178532 77.32555911600963
135.02486624465993 158.09238423420447
106.19888759965475 19.740871306995057
110.10986343852362 34.65020920461853
107.65175950122982 18.815625019872627
93.91411402415187 38.06754235607037
131.2103521348007 16.06318194358964
90.76243486906993 53.04354792734024
116.22948197106123 140.55953660326765
103.77090410903091 21.331051081282784
124.0723632087085 76.76590548311589
114.64871101484846 29.738108081385324
58.176156640103486 41.05252418140993
97.43582647028828 154.4153920227957
108.62478172029815 61.225496613988305
92.57563148955857 144.88788174157222
106.1403392092646 109.5477128064645
117.7620189527871 9.69447648672616
115.07782575847699 63.967487246946966
112.31649932335948 18.802620474682758
67.92526220238639 73.80216343678669
138.48162828515075 26.245502925888573
119.60177097750679 22.437376470303384
92.32280872507309 100.25111220488935
112.80367204079015 20.865221218847307
118.63467743770504 110.85615780194144
111.49163034529542 165.74619891556162
69.30816033311329 49.15388104724592
84.86860970201673 24.275145686606955
111.2979813525569 44.31260767355653
108.91144725080915 -4.806553015052286
97.83517926115488 22.754621501341408
113.95670517216013 53.20234349620249
100.51872710480883 59.532538842519614
120.36922723248398 103.77229874727439
95.79398827615833 22.233498350869315
109.81730512376397 38.39786528524392
119.3424790566507 53.30174778702296
93.95990980910116 202.57562619679206
122.09265948161604 22.869173167328015
115.29571275484182 21.2657558930531
115.8565266350018 21.315089877329164
113.28856713895627 67.61094552936466
52.31936439922088 74.15756422588434
89.17057230643343 65.94760186652141
68.81079552632914 119.4326342104249
91.69213263329058 90.86840217052494
95.48736482624486 23.256760329237245
114.03082130929955 50.53456352147837
103.07670159688098 108.90998080645545
119.53973322395872 26.66998961029236
144.8427550350122 31.088268914625964
94.6129763195907 24.78924144839511
144.10710842360496 132.48240610882087
74.26996269231368 33.347383580122006
103.33956585823553 105.42715990602876
146.2823069697013 118.24890205607898
121.7643678366643 122.562444787045
115.22250431382528 64.19986761323459
103.688057519334 36.58313347936811
105.82008356586482 24.801543655063497
156.72317185563998 57.11362259401307
87.598389273935 57.914480580327705
147.3576377045386 53.865667778903656
92.9839102220964 71.97891973188031
112.91706445990579 24.407477799559818
109.5467152645271 64.73256595028461
109.08405850790925 39.26704569033942
111.37388347185713 89.97303783012053
116.02241540184187 23.042510816020663
115.71147103995274 30.732203818652394
45.73557307863725 66.1648951164835
93.65717455407996 19.645614214991205
114.07408389625576 30.332327445990764
116.98590465843768 26.80208536659485
119.472353397688 37.09170274386846
110.21121455534882 72.2404821107601
123.40448165583285 36.163947252530185
115.07796979888062 31.57402224714272
113.24639963517151 182.9981746437561
74.99406476110455 64.3879502920579
115.96773323626549 89.67917004593257
90.42856100159733 97.47170355778374
87.17897217391216 98.83071119019674
83.09997488309041 21.387039107627775
103.63051640005126 32.786775007544875
109.29967011325729 14.928298709736357
133.77910761901458 136.81033936479795
53.98780527538602 137.69149078245613
99.69447559543647 52.906017001593256
131.13571569166547 54.91658503179328
121.81298697098187 33.179874944735964
100.16196288581122 42.112163003546655
85.77400840667414 34.53691805805891
126.5948033275291 43.79714625875154
103.93002088806695 33.128376388898594
113.75246581033258 19.696093762716302
136.97621348863717 49.29956314713768
112.4001799896176 24.790942299373985
120.35560157266205 63.56418498398359
102.60484950529784 51.512547124071105
87.19715239365811 53.365063806403555
105.74295479527024 34.877212613167316
114.61063581622759 24.37629747499278
112.99991866856482 76.54735431439359
81.49876919218873 133.54756726813113
120.48599922846292 36.2507312136288
50.63071149916339 -7.3222454897824765
122.64009228353994 38.47011806764359
110.27907922488455 20.842984412413585
143.23567042815125 41.45945402245646
109.28216276191776 13.977903366179559
111.61787784887248 40.20667439011345
138.5117985206812 96.94437013388774
120.0169066603241 95.43707859745344
108.7491906313313 36.538268715181495
109.68447144737928 161.2662777383079
121.39231126683629 53.366156278862206
106.27843140605636 82.63944095828931
110.0899634298565 28.141275765570338
115.98463240535413 19.212366757589653
84.87303120759012 132.30429121968973
95.15642121923753 72.24385268920857
121.11095595314403 36.36234783885256
76.8855659727865 45.56129317470839
112.74427838269331 105.93964994764828
118.03762200163375 62.67616796166803
85.30540860223873 64.3189705122888
118.97366296383942 36.43770458334338
123.27271859368915 20.088492704109353
136.2340378973142 25.912370565148947
83.89388588209745 66.51929529140872
114.76126957962497 54.879949237516
110.56147179954148 45.668576335178265
110.60310607325042 23.410979474736227
132.27117853548765 49.381772455018165
91.31889144326964 35.77660878666768
79.99360822919292 122.67286397788537
118.10011449463711 27.534594183466186
107.3604084044598 58.58460687040256
108.70735563755208 23.406709171346147
100.57894701596689 38.794602354131065
27.68499907734065 25.72712903138944
113.29772686802195 116.72385298101884
110.74318561746514 86.46600346532503
114.60448208975582 76.33092685958493
143.08828321669372 110.8953751087684
36.051382283708186 21.11378329719628
112.25739247922803 28.75148098609499
103.47043804027095 93.56239446676355
130.09025831877634 21.521567455037502
113.5941383068508 80.91997244139371
96.95867357439194 21.837172527566935
110.55865645270335 134.84661761649394
116.07985059519308 89.95888049770484
53.288056521237294 25.702483081152252
108.88165333995684 88.21409418164366
112.76972985163394 56.49042785720751
126.57097040705565 47.86418822989854
125.61747624788984 50.01145175113684
78.40995214861462 49.66025251103332
102.08702671054724 16.742246575557033
108.56858741744301 37.03563799992603
112.92009492307439 13.375721529438602
114.46699134372204 23.31482133283513
108.05331870470032 55.163012160118164
107.34468311638528 118.77869318521707
138.2054025342114 102.40323518389684
137.66807009325476 67.87574774412509
103.5202885301232 32.41436612580766
88.58599906304758 32.02542320836984
111.9215315828985 30.239999903809316
114.78932785021252 25.243392183109776
128.42573294945802 26.09086263681972
70.99591704056988 26.726190925246556
158.37615172974805 44.28320180722597
123.34867815883696 45.519844173684135
99.38619776295812 103.56058818889291
104.4959728722004 13.193433709710325
119.69833666635314 20.533086980216233
91.71707984561988 19.81874101864594
98.45219552521206 64.45778373432013
99.19503813375256 125.04482870466737
74.9362491707155 21.483779728127868
99.14416231064502 21.360156408574305
116.55946865634843 43.261231306329606
114.03582604720974 103.95163718278882
82.88885155125585 19.54519012355444
109.34977082171793 10.650071392067566
107.35683916276999 18.304281435058858
129.6238203218791 84.57660503420017
128.98382595348377 50.87580549341281
124.58962913888386 54.51029968139086
104.6488470843126 21.315254187760242
129.87178480740633 12.719179918427564
114.12973916539066 92.27881449228552
98.07760613235662 102.3497403115905
91.999527250071 32.42110865955247
57.30625794936913 28.137130044909277
126.67661658630095 25.375862998019606
100.00095159710115 37.15415790243695
100.14822494967862 28.192261724995376
108.75426519115116 20.788448757749226
95.81675227158652 28.054577359883254
107.07522082981515 43.05474411873969
109.28846361685078 77.4930146017516
104.67849723019629 80.72254490853447
33.96644153590426 110.79283807064547
82.09762202856294 103.43835658368738
109.29072236282715 10.967064805069684
84.3798738688778 19.134903996203178
98.11068975324318 24.703906632438063
63.829189816134694 61.63597169883187
