107.69772227821964 199.04097616193894
85.26613292571993 75.50032431109247
113.53925372296857 43.860538143619074
100.98193732296 103.61293022289676
80.54291496851323 110.84072339547218
119.61835946837525 96.69078958416199
106.22173277657595 46.77120443759616
102.32303089591741 183.19369078735875
98.67560182474139 18.54399364585406
115.68032113762031 70.78496606198107
113.98994644580188 27.44335976521525
115.33477777204422 18.95683985391312
108.27404905989962 20.589238823435856
122.65353998522217 120.9729266347323
136.4022299144816 161.9821736583034
130.1633927840093 8.998183265360142
119.90951828146254 56.68963399066776
115.6240890746016 178.91850643864913
116.07505074981417 143.77878968885315
101.34652163359407 90.18673064815201
123.14156146019982 83.25164267293977
128.60856544012972 50.24563851231397
128.95561590553874 51.08314300121057
103.94086160555887 140.71560117389618
102.017452999012 88.90432776100475
110.9015767642674 -5.1489274256994175
111.15726759795729 24.194076650943607
109.32039589195622 0.6382231927645279
64.3404832783961 120.75622665828769
111.03705308101189 35.27078400762492
120.17424316750092 65.1927782259247
110.30442921435356 22.514306730611423
92.88227106120888 164.45530462862533
100.09594920635745 39.17937566221518
135.73022732065087 63.95356688131745
113.80951260353001 73.6361609586679
130.1234552529565 67.98916538202332
93.29887457209911 16.60833655665612
94.06343434215668 105.93577289955468
98.01187695015759 23.667469398600822
105.29258788641897 120.59958408564437
89.03474517993541 24.026023838909843
40.11269577509075 18.30637791573605
128.14270102435188 19.3974979407788
49.67982671438787 34.44756696523087
116.04078139354438 67.95516183183344
99.91219456512934 37.768121774922285
102.40440086560702 2.8433955092633054
104.91547180162702 22.264260480993936
104.79928922680664 114.99395623111437
145.59034364453674 29.766023730210872
102.28844241080373 70.01169824629942
128.65653861852724 98.45858933104309
129.39817285359882 29.0943300537045
99.7412115189637 173.73699606583045
111.89259543931425 138.46911470018625
113.17973809359884 65.15907397989362
97.90894001908914 30.878595728867825
106.85818779799325 26.197770715394324
108.65423819364972 34.80610922683437
121.98772113962754 98.60586543857333
81.38945366687878 54.979538972764786
108.9798770339238 36.637594194394026
92.41871621130095 80.9642165346054
97.55534147628252 26.399696154945225
125.01398604311993 47.40366882047989
59.00952695042626 56.172008710597396
114.22209097716922 23.105676665938923
110.7927981321806 29.41775101803554
126.18297626165682 88.54102304050208
116.00516306525479 90.64725334132574
95.18560755495686 26.371771322564104
126.47015867881366 30.90526159468102
115.63900506850312 59.7878530721403
109.00869994444355 38.82344637258076
131.0895236479809 71.81244682298366
87.29468248517429 62.06228514622844
94.07133383212978 46.360160354906206
62.204036173341166 86.6534208562573
102.85120273848662 152.65152279458184
111.94090795078479 78.39335164342731
105.57303010497587 39.479327159050705
106.88547859814274 72.04073579956055
131.86528657113553 71.30889872876737
125.72460445188129 40.942396924505076
119.99690915028542 43.70112527427537
95.47678445646054 84.0493067040809
112.81752689873223 27.0033354182123
99.61677972461744 19.917175828502547
105.31461621739453 41.05837514155657
131.77586228589635 28.47810321682617
119.62924314153564 69.69982076288645
84.45328003182765 20.66781029888426
113.54047026422322 63.066795769378174
105.92123795618365 79.54301647749011
88.94144158588603 92.06422894335239
116.39881397060405 62.16626286254679
100.16264463957934 103.43790786715469
111.35404615887087 24.028240795958734
108.80045697388948 88.03926707782384
97.9557005981148 28.07782177391298
56.684324134418425 91.2911394666314
68.14835015576996 20.772639029441148
36.880788936818526 33.033061994276174
113.78831740341742 63.541669173476095
115.02335858724877 22.158629878713047
128.4299848800144 22.467726406033407
31.32953023023382 85.14173143294292
130.86357973562608 154.23929157095634
108.6385697862341 19.64099658930227
110.10686893881277 33.77888126282527
111.61303644914511 20.39778262180139
95.02888125906787 35.99184185645674
129.21515639556208 16.555553341352987
90.82242964132934 50.570007272660895
124.84282881244395 151.23890585302362
104.7982794228154 21.221726787150203
121.56726520211694 77.1775666859207
114.20238223282271 32.80150166075867
58.13293919146979 40.070012059858314
98.34184231791828 149.22774421158294
108.06220993856178 69.7339006344795
93.1692450598208 147.25279041423252
113.58888058278843 113.14379552332966
120.82102056759578 11.611653255460578
119.20978588536083 70.74684572549162
116.70361745551594 18.910612969255013
67.62923084595998 78.52630681484614
142.07240641431017 27.418485866017814
119.26160408450963 21.85058787575935
94.80915469331482 93.12748036574823
114.54613189545498 21.974987219000308
118.98348980644626 111.14670310230748
113.90268426526085 161.6760254005369
76.20038246937162 45.10771023184263
89.75257374933524 23.455851595032282
114.65988963678824 46.497201380778726
106.45810115689537 5.717496399942365
99.34972870426473 22.86763746370744
113.04522764758325 47.07378589390925
102.37946710877004 67.26932802457698
120.60100819593423 96.44231023768815
94.97409626721137 22.298893447847544
109.64702970884626 35.64361106752362
118.40791106184119 44.967987375310756
92.16419140915077 203.1227050651271
115.2121646468997 30.889924287105345
117.74863325283253 22.218090679292136
112.45320785839691 17.518916676162917
113.53652763091763 79.67444124672333
50.34699091622066 72.70377057202248
88.81135955710967 77.05543698550359
72.52387769389529 119.40009216078386
94.68921899182236 89.46909705010887
94.22238916393326 23.450000788797663
112.34198193845026 43.36995315976153
107.4008234276444 119.53702462578987
117.21018727082985 25.524948230380208
143.58359409148812 30.110253803017166
97.1124674217462 22.83484352654712
137.1199587080731 133.05360041837915
78.37848209186727 40.78865437674553
108.06207677657059 95.82219451501004
143.14650476107678 116.14478582642947
125.46970544903722 114.43540499679364
116.61396427353785 60.34259171870853
106.48446882226065 33.54709818381684
106.94002138808145 20.479462404498072
153.9147685019364 55.23461079542881
90.18015241847318 58.12757409658651
149.0990205172254 43.575438065294314
94.78014097306352 79.2855385555142
111.93829894371325 22.367527350893965
111.3772936937698 58.86993045707121
109.10034225668227 39.7228445058523
107.71526293009943 96.46256522274113
116.84576751849987 23.895277576181535
116.33153165668774 29.702221229084245
43.504810595940796 73.73469110672444
99.23056613509695 19.633468308054656
111.84848814316938 24.92006801107977
117.13258691865457 25.74599944003399
116.76110894007317 31.02992335416193
111.17525835609554 87.5945429409
123.00106061076394 34.37127140961331
114.27950815445415 33.77933065129987
117.2464172355318 179.57644065163495
79.11802146568378 72.98391407973926
115.19114068781711 90.21384272176311
93.48833738663836 96.2063566461778
92.62291202625472 105.48627693197292
86.95303156325302 26.156899740745377
106.9676161413678 30.458424541062257
109.51387465701463 17.887730486914126
126.690239834189 135.81118168902478
50.71091984882529 140.9927817120538
104.117374780193 49.935213847332236
128.56713943203425 66.72960929324171
119.67477137238639 31.129884371647485
105.50585941751356 51.49686966779122
93.7926628912291 31.942800412455686
124.82817436223236 41.565553488401
101.29210554964459 33.52684912272149
115.59585494359494 21.764842271231608
131.95393512786978 54.5951502375971
112.3349471907668 26.38408906168559
125.31675445732391 69.65491563734145
104.39010489582826 49.33708169735393
98.75707114228624 57.88894198901855
105.29572325017078 37.85154686395876
114.85019500380983 25.69057705057183
110.78002253838342 81.14302256524647
82.5124996213956 136.35894096936073
121.31750311722864 35.68749503517231
49.373998650545 -5.484131487790808
121.48175837499956 31.41885636084836
115.97502608222716 22.530691709527165
141.94638655655586 51.03648277804854
109.11783278259179 16.596487602901796
111.36451048418843 37.76949662290863
137.3245460587333 89.35077997125738
118.38936519003171 92.07730808095137
108.75353130043285 36.38292722586462
103.08882477275364 157.11809244027307
120.4524849579763 50.95383311626442
107.26894942055195 97.91101507063723
109.6559282801326 30.06457306977379
113.22448959592555 18.833356629102237
83.48991114421064 132.32704037640272
95.90580317161889 80.26835357611738
122.20462928231414 35.437772543500714
74.65321280929 50.02754620033838
110.89415334377257 104.17925905216609
115.39097704194175 69.84466826836862
81.9794833034414 69.00566837396504
116.88226879419688 32.96697077490337
124.98832292602349 20.29249389273951
133.59613348894692 25.58301456486319
81.03634035060492 76.36775260186923
114.02422838695561 50.28599245934026
109.80224550020755 39.30649011171647
113.16556046187101 20.45011028906414
131.8361232062515 58.777955071494446
90.98633759253839 35.633061084166755
79.37138069032684 123.4540231115529
114.35261945121306 35.346864384652335
108.60379973661107 53.25269686562573
115.75489038484983 25.367247411131906
102.48313699174285 36.437948286942635
37.60479185451981 26.76517132702938
122.20673427256845 126.94532043741222
110.66883290110114 83.29948315714086
119.48739962036449 84.28378729793384
141.48599553200975 103.47882406347824
37.448287321142836 20.9012323780642
112.18627885507422 29.815033153005974
108.28999102465744 93.30857499435756
136.5503428522001 21.855334444863487
113.82041839111044 89.53941022526998
100.31328469494699 22.738068573096875
110.85741060662536 128.3263250696986
120.45227762556704 106.01580961990072
47.440725625146335 27.854117677305524
107.48335889673588 84.2578877804167
110.16419899299407 46.59555173973355
126.01858730613748 57.51499934049943
123.73240898077485 58.74755593557516
77.52529178240509 46.49995304889154
104.48194648281367 17.5591457779323
108.56448961495572 36.35681920568324
109.4275954718321 15.144473575119516
118.20760876384347 24.28295187592195
109.09439180242707 51.49988670542052
114.83449174285164 120.78148603337868
137.8588502747555 105.73466910307542
132.37694313563665 64.45029255573033
103.04209477141471 30.919534770245154
90.11796737872373 30.056508067221387
112.06886761278255 30.644002450262942
113.18642860227747 21.877792205980604
129.35524952477675 28.424737696594363
77.16814235420851 27.314087128482065
157.21411781146594 38.86073625553599
120.20248598254058 48.32325238531603
100.56321878020465 109.3932465300567
108.40113523321219 15.668673829090485
118.13690686699776 20.371477300440503
90.52523028428095 19.76574669467749
97.08733684199154 61.1057766969217
96.60074123619623 118.23540989471525
79.56857778631435 20.30383631387476
104.15719556446754 20.350412374332144
118.05740374973473 33.25969856016657
112.08238663530169 94.97153553747957
78.74072173579327 15.461179338866893
109.3734890852462 14.00892617672281
111.33569574947647 20.897352653475636
129.7741724460961 78.9978794887028
128.9758069472391 49.65604511866588
126.86456853327168 64.20287028060181
103.59361169366508 21.593742443446033
128.39671918048836 12.868066217782296
113.714739830049 95.05798781087728
99.41032341814369 111.32585086447497
98.25853417054732 24.961316612189094
58.00346507774198 28.544468303310584
125.24762057782698 25.001535149113245
102.86980436936229 32.837500380208844
94.36407210523844 28.55343193203729
100.21469540230962 21.07533085330877
96.73405442197412 28.21033091303667
108.1485797592792 35.62947391089188
109.39740800988028 73.24699432515644
105.4227632795837 89.61397082208501
31.270867025812734 115.95963895272199
84.1897184734594 98.34620599648673
109.10377118682781 6.9084542710458745
92.11821598595996 20.940327282024995
95.34664268799101 26.810731705968458
63.43224704889393 63.17876195540021
