109.9279253060825 190.27117003813888
86.61065357505649 65.7295622690076
115.4612072410282 56.546498980614444
100.87858090587497 100.31779799610709
89.32657554725071 113.28116904202315
115.99326449075147 107.7734793289961
107.27005149647795 43.8440557031553
103.16687153441862 184.72073551502052
104.91323825212788 21.64803020524962
113.09107866916987 73.0330740745632
114.83696928752573 29.504497909666707
119.48765493897712 20.04036111883659
107.8799125618802 25.497183637050146
116.55163373353228 129.3720871193486
131.67539153280745 160.06069102537995
127.87395954360716 10.233435636818948
118.47555600114015 54.00674730471491
116.05815319550302 177.01614749651947
115.61481650338551 143.61427447916816
103.27560760971046 94.75028872831172
122.18675921019887 90.46317675132306
126.96762971506612 44.56116900163862
124.11102049034675 43.86993651987094
104.50285957187776 150.6541022123344
102.72096550352526 80.50725150905268
110.29401208394268 4.1012396296482825
110.4946640838669 20.470584946978615
109.34140968009254 8.103513948575365
62.21872686213959 118.8266309861516
110.89322360030448 31.186101578315252
117.95835990528123 70.43175973147291
110.76825713438687 24.400659854738336
91.3853837385041 162.1317300770566
97.85105638953443 41.97022797294049
139.89496240087757 77.83221761219559
113.45467437606278 83.64417366961416
124.162959059005 78.11574244685427
93.53491774852985 18.90933875802612
97.35060382641879 102.88036270905518
103.61046932099391 24.842675013838267
100.15903668470513 122.80485200425044
93.62053277266502 24.128245721708936
34.040615707744024 17.96619071691287
123.0213394568606 19.444846706576158
49.26710383258006 34.64839887024283
112.82657778557304 76.44470722677822
100.21048930457972 39.50250210051798
101.70994445702505 0.9365863744301643
106.7084396303527 26.53793667315859
99.45991193583365 112.44164773796777
149.62823478095618 30.95916071048654
109.31562341333593 78.66992679154923
125.54590788471134 92.34687126904139
129.2078317324104 26.35565051502024
104.16069224141559 170.2161423981592
111.74510348380034 134.09742399268623
116.68818240086259 60.96966585550687
98.96416984145561 27.080438158925666
110.58376951215052 24.48645452526462
107.10381001318727 22.353812666132256
118.86842560089593 88.81094863573094
83.52134944922526 57.028557566620776
111.29058320445003 32.31481557792847
97.65536551105295 78.96071059896605
99.56675783543596 26.398589966706034
122.28319041016333 43.51881985252455
61.51041223681184 55.36179176847609
115.2052395341877 23.82238582041469
109.23152852309366 27.920341885219273
125.58433318345834 82.40427787499092
117.4940246490151 81.24028791581513
97.3254559881226 25.532327321862024
125.56361187539564 31.09275013697621
111.77780020909714 67.94094856924931
108.75404330617125 44.701743122250726
130.22774340023253 78.48991537647643
91.53668955366888 71.4403663492965
94.87117254104979 58.14496052879926
66.33775147451531 93.32559691202273
107.34699881920744 150.67132627064885
112.48067514975503 84.63147544850338
106.30273300418142 35.300732569417924
108.78968037307581 80.17548805120761
133.37144079911963 80.44049537973466
121.71165475952922 41.48995486189761
118.78607473039385 42.58145717190386
103.22751211951545 83.72938354023884
112.0830671537258 22.22834950618891
102.13150208136678 19.87341922903787
105.4300221747954 38.15042858385287
132.21935334319042 29.884742287467965
118.70395494601237 81.24321677719567
82.86941159527329 19.508511277110323
111.84990809671194 71.32970472703855
102.32497438922833 73.83810070262749
88.88193291043193 89.32976328136094
115.64878978905146 73.33000691403656
106.19644040206693 109.52745170470578
114.40533798284388 21.76086497067032
106.48113450295644 95.55759978042842
99.74650906405616 23.29428034228222
63.83285942395262 96.56760090144361
63.7299137613613 20.752438522845924
36.3454793956539 28.795256360637197
112.7965840293589 76.14948644997727
118.34986323379529 23.643275804971303
137.85509147548095 23.027455919000047
44.61992307925621 94.14451206096885
125.49829202788015 149.1549264045808
111.12460459009411 19.541110117700136
110.08218691390164 32.55403125018823
115.46672970463203 21.93859931965605
96.55924601159914 33.24349546364263
126.36055023400037 17.15706157471683
91.81120378603028 49.51055255535761
132.8511927445004 160.38111053177158
106.0259613710494 21.033183295834398
118.590733408971 77.01843935960825
113.51216753299448 35.32542897281612
58.20838560251874 38.0673433692327
99.80869419422889 142.9163952654441
107.55373651808507 76.07746090382462
94.35268414487004 148.70915429659556
120.88708606296349 114.16336049826617
123.4929800793251 13.721863210644901
122.9711128151982 77.52870057900128
120.73575166077084 19.042347289414618
68.49984369320998 82.14836435137875
144.134321207086 28.355603878794266
118.59852643246684 21.150970227762425
97.6747138052098 84.73469256709198
116.11368626713043 22.959957863444362
118.92231756347124 108.50831128130702
116.19493004381431 156.07146007766212
84.23234856387138 41.96999287336262
95.24200192166238 22.51474148496739
117.82861511271363 50.44954830409221
104.09560783469126 16.577296472531618
101.23643451767812 22.81934490217491
111.94941471713506 41.33749928308657
104.56419880123539 75.73847879374148
120.20294005994742 87.8949537993872
94.76686060152485 22.23431331670313
109.48081583001972 32.255394435314436
117.15497780792012 36.05034388699175
89.15264434310247 201.84064621753186
108.09841988469991 39.40884042903221
119.81870689402805 23.095164780191304
108.89727120213075 15.935798169793076
113.57217364704186 92.02861104254005
48.88370443897046 74.23038381549568
89.4593483821333 87.38156329427242
77.27723609801612 119.36217180405697
98.20248032524046 87.77654675496831
93.49943360008774 23.440779147278278
110.54574051942569 35.23103655088717
111.75996095869607 128.66859619877445
114.5333653423484 24.14914610597228
141.08880364242924 28.854223006300035
100.24114973395442 20.73597236730363
128.57753248656348 133.15004373707137
83.66616969533247 48.7957728464706
112.8294062695918 84.55442328945723
139.38413310539926 113.58851601421806
128.49609498609777 105.74575850953357
117.73148419190179 56.84815984565637
109.38162452468069 29.870615461867132
108.17375042035823 16.115394505818553
149.19742187247488 51.986843087912064
93.5464299250639 58.58051793765007
149.53889957798677 35.21641296481482
97.22350152762374 86.24886629323017
110.88058301656494 22.55428425798845
113.14130131479627 52.71473432979017
109.13615207565951 39.043980135862824
104.08344016727364 101.65151108874261
117.31451922601556 24.567430898299772
116.67328595126047 28.25247371001028
41.68815066137862 83.4390818495271
105.27580806245716 19.630201774175493
109.53808819049652 19.26375789224116
117.01495382456639 24.454805349567145
113.66864069948696 25.74418368738927
112.08935655406303 101.73535245959607
122.2705175062549 32.0671629573085
113.24601642487431 35.66740035509598
120.96725597821147 173.58821224009313
84.99184152931447 81.10862760684756
114.19411933049383 89.73032917979286
97.2490339440745 94.80267175941462
98.5521381260865 111.72819136185699
91.77742726370127 30.44733130551375
109.12939548950625 27.66869359937992
109.73758152807287 20.90893203179523
118.83190479257497 134.30033636078767
47.767321496333956 143.43358949230137
108.86579816311587 45.926477207656966
125.45502296185131 78.6141841455839
117.17816794916011 28.717800922134177
111.00177605997344 61.450447341374904
100.60469096993994 28.902208850984408
122.38421101223456 38.73675964379691
98.90371427827023 33.21414891830403
117.25639895379811 23.75143436731265
126.16372109142497 60.39307204516258
112.15661154582168 27.810805312383504
129.49665889761906 75.9132208367031
106.37852163820439 46.34559676738439
110.72323367316208 63.690095333389294
105.0026746585372 40.09855385010198
114.90080698431741 26.80771591356986
108.52199964092007 84.84256958327762
84.68979212100896 138.54300111295134
121.68910557777814 34.50286285506193
48.269129214877324 -2.594795785112284
119.69828188140377 25.32574425713606
121.41392090191525 24.144815909933673
139.1225659930372 60.67364405483089
108.96933143583338 19.328350329114677
111.02949079415305 34.723358227447676
135.15760963152448 80.4762545457498
116.4720071579403 87.36426401323571
108.78220140214432 35.70393436353346
96.78860381677875 151.4297901681681
119.1292400827957 47.42202630099655
108.39627539566482 111.96299294510929
109.22157858104613 31.610821885468766
110.30726317878027 18.506004498286348
81.6184170928972 131.79451378021517
97.23832838232215 87.8161322124443
122.69153231871806 33.745417163811005
73.67663639092792 53.21026305267136
108.98211314760033 100.56429478385708
112.44900082044255 76.33521349606254
79.40131201597879 74.17567821550782
114.60602884050876 29.239596954695813
126.21528045455639 20.472922120880618
130.274703053051 24.876088720381563
79.01188069651886 85.98019270328369
113.08694262032292 44.15285887969838
109.02580021580917 32.295335425617
115.63209791844773 17.45741903958371
130.75479385828478 68.05957428238945
91.69561938904553 34.774545961722545
79.98475344057508 121.37107566789926
110.40485458337726 42.74733975198153
109.90721999627554 48.790336483749726
122.63950006726922 27.15676115664779
104.75647597539806 33.16675340686573
49.39268322594447 27.32324656472578
130.52148493447945 134.91606992142715
110.5609570577459 77.62833766041504
123.96654588980252 91.38091647956574
138.94942688211873 93.82163726018948
40.625694263082565 20.602694808776064
111.98634918430791 30.55379046763973
113.17885413696594 91.70720394487948
141.68672206442704 22.02347330504448
113.79815420489419 96.63615980220884
103.93362627885128 23.543086831040753
111.09823909894547 120.26811232163126
124.3414853277839 121.51105921463542
41.967033735678406 29.865863895826116
106.15795686254411 80.00714632250828
107.5691989871103 36.73210662326047
124.71476905996505 67.89837550792285
121.36750206718956 67.64129868342862
76.4158964380556 44.86663756569145
107.09786686102517 18.428530198727895
108.58600460330378 35.161976434726824
105.94821574501329 17.118336216020385
121.67525068854938 25.09225499160026
110.16106105725311 46.457801523869314
122.15113128077816 119.2892860540654
136.48960341949493 107.68326898740091
126.39239732241388 61.5091623883897
102.85512190070212 28.844311057336306
92.44048105402466 27.742182429532434
112.12428945990948 30.429598073366837
111.4977447437584 18.437701299275115
129.67505351864327 30.52574268080709
84.8058607321671 27.497293135808487
154.38348779341223 33.89545914926582
116.67619215578969 52.073821293426604
102.12650224248021 112.92503877574786
112.33150567857028 18.314460715844426
116.39699274209289 20.149809284556095
90.08956365232801 19.714470985315906
96.1299936508687 57.861086245585824
93.64833085900288 110.71737614840404
85.33524932733629 19.09694763037571
109.38490200535648 19.301301593136404
119.1949198429404 25.649490823896123
109.99283788060595 84.98105722807516
75.06970750623036 11.481983523653042
109.41107127432569 17.66998134315139
115.22248193841158 23.445768369178097
128.8219638093776 72.90486029976238
128.31879504336177 47.002271316341606
128.47470924889748 74.3319353691749
102.67508940354942 21.76870685021083
126.34218472761899 13.305573515791412
113.13022141958207 96.78291571947692
101.15589607534673 118.7947732190036
104.79612006320235 17.285579528551814
59.43091653437676 28.545370746999843
122.99339134959392 24.367887861602966
106.03000452187075 28.110808182257855
89.15305879478879 28.62236801291092
92.29418631158748 21.28712225276305
98.06616361953941 28.121111544905816
109.27712590406202 27.15920274505518
109.51566712699174 69.5663108393396
106.27447808370364 97.48368956219545
29.712310140008572 121.23991580372821
87.4800028212227 91.7062258184325
108.94007439781502 3.6495432467139137
100.42988419537731 22.697901956730437
93.26890881534396 28.587706470734034
62.86999944801005 64.99407568459708
