124.22964139946164 128.044986116192
9.060505172347348 144.11540823007164
121.17891350939061 128.390849558413
59.95694801554111 137.31609371127567
19.22210052036293 2.508210493612949
94.70505026762135 111.44364846667484
119.63222760294698 -7.947784798851352
118.29019112543912 149.32925310231255
127.89346846697524 21.38741192046063
86.92612199850652 130.04804358333627
17.902919833515924 21.209644221002605
128.1310621795719 26.092936287345
107.98685381162275 131.60305844060343
66.06875891458525 123.29351048104901
88.38277960287905 149.49053759670122
93.7662260126124 34.41460126413913
24.465870615092754 -11.473792235354212
114.5064817328314 125.71683977354017
69.567577165615 147.5093417884631
25.750543286543067 110.11556614687302
99.0807505399694 121.27966895147827
92.40096342498323 -4.265025492224133
90.85842517706166 -16.904987786964654
120.52615590394896 147.67631205820058
122.8133198919905 141.59891706005416
18.693704377928885 152.94953041488208
67.9397992620783 141.20939376246835
110.17158366003264 128.5725447015779
58.66081055315195 114.357354913666
107.97583706093799 3.359937687008835
95.7933907544155 148.06454238527022
106.08464410214076 22.196974778010503
122.19863815950112 112.27427516112337
26.86334756636167 -9.460279148098454
27.18979836114003 121.0309078286976
7.763676218559305 108.20503288792864
83.13963080307187 145.8364493991123
123.19216526724762 32.21064126345586
141.89503776761666 120.88216734695654
123.66119371586716 23.52023895702411
53.03541104312819 137.42649691684548
145.29846157493162 139.5436642281293
23.225519409290158 18.64072422837723
83.07644857926297 24.864940746753927
9.759862412734034 8.426672923220282
96.72618401027167 106.91969437410229
10.852120563047013 3.227393605634917
93.50924502238637 152.06737046226175
120.54622656268849 147.76795180342
106.53859793725877 118.50049634073225
21.753825658770843 16.62052476935219
60.97612114993121 153.50517269192792
71.1562674582459 115.5645445862059
8.700885488043614 97.10383539399633
128.55695090529815 123.17891800702192
24.468954290346804 99.94609752341545
126.65902650628168 142.8837171985899
6.189369469854244 -7.265633107270319
122.08486705054783 9.953226237804746
97.45072957470907 131.94582821011022
91.53577760029663 138.11580008548063
130.83847689686536 148.35583507714597
121.26833224036066 -4.160053491563777
122.51730358232926 142.77839355538964
130.27702133291695 5.374582417208429
94.26388003355459 -13.98884450743397
22.205549724095807 -8.403852700251793
116.2671883616729 19.8237855925827
107.39465246893587 7.043651693690853
50.923147742774326 125.44841075586778
117.2987373830863 137.6998112027335
10.19649536977189 14.522857405812237
102.40658379426036 7.434050315592596
62.99915415648877 109.19212336925213
125.34679224200183 154.90121381253547
20.661165826873297 107.9810200494246
25.054853902687466 135.3299420028082
126.69181851063522 142.3378586282308
133.18641945855668 138.42954957216776
123.56492339180109 140.52658521563794
114.31807423130537 140.4692980764425
48.49813197849615 134.766413388579
121.3785881069639 140.8169691134097
94.47111761106295 113.21614303677757
59.50437826421906 135.0889280367774
96.55988662959837 0.6925180731210041
138.02331906426323 136.70959426638657
105.456758040302 132.70966230260666
14.04218524302447 19.266149475113796
117.66154829678241 -5.215936402670275
22.203490738136875 6.630804616739483
28.9832824013988 112.8035290919158
-0.15567598205828242 14.83346015839925
101.73811066170158 108.25427016583345
94.01825473558578 143.70107609857692
122.09481793881646 128.9602304606611
109.3358097463298 114.52950388151372
135.67104139037605 143.28455583787527
125.6821716937713 12.325602714905969
96.15766836566229 141.41855443042604
127.444857608704 -2.1748929347712855
9.935481663002001 -4.66581376617448
121.11529075356894 16.569568378859117
3.810749415937774 2.233518389299073
101.48222982342583 154.10078376494295
118.52147473890824 25.91242787412896
25.14425054712911 12.881344132168518
12.170027533178715 149.96811450852434
87.29130397472579 138.56102154124574
122.34565437428684 19.1464765982757
8.593374210166623 9.307202495455375
116.25155959481486 22.255136627504964
12.34433706502521 5.637931272693637
87.941422112411 25.701177920999374
128.92701835394394 141.7286073606803
130.601226238975 131.2498036195714
116.82404816406552 9.177578377272955
49.075750082148325 103.47291198123195
111.19755256093106 8.070305654056975
13.754397676602874 9.968828744075777
115.22841645782408 136.4928313725608
106.98027186826886 140.14553174836925
24.088168305200618 121.0063922003564
142.21178859431765 121.9851918099148
130.24495781829776 29.172449814289227
124.77449061517896 116.876667785765
132.43559572176798 20.327866368943457
30.819962809817216 104.52267702748392
89.37056115617538 115.8842606719948
101.10858153297315 18.693514169758195
24.19208402746357 147.84662984439387
112.89377167622216 26.023303051729105
102.49643950468187 115.58489110403009
118.82640728280775 127.1338271140186
134.72890314760662 133.86897683276615
135.63795414628538 11.765856096566253
124.49725190717012 123.30308281133966
98.8751492012464 142.40305957629357
129.11266216258275 17.301986380750666
75.28525087614531 128.7349767619756
30.547075526539928 109.19428404850088
112.16925186928232 118.71347505983061
13.969775815256037 15.839423674695187
32.11718459301363 -9.82235923740692
103.05885988858829 -10.850223004041572
57.963290413373656 124.35405290715839
61.47443160614494 109.74778063993035
115.96987413538075 22.87240631215986
96.586809605611 132.7344405477771
22.925352912390657 121.2457278580492
60.765619778425986 139.58647008348333
123.66956243113219 135.74807798328868
142.0382833143211 120.89869166976355
138.7503202079802 133.93204273743214
11.624828077546413 16.340079124918635
100.44352775130763 -15.129675711060562
134.3970180565346 116.5769694411677
28.070547301878715 10.658265252237317
85.46071330242818 11.558013783652724
130.1664029289034 9.799463035429143
84.49375195287267 119.7335720576308
148.48123006785312 132.55769218671395
16.985258027875652 130.5196180393678
59.19660611567828 121.48272025325458
23.709344594832498 155.5823831981906
114.74527019661198 126.67270459881564
126.5737947100544 -0.7386625404846643
116.06092456336299 3.1293706327416384
11.779880970231178 -5.22018486263815
140.33500675150472 135.89517639690294
50.817206520150364 133.42433222068178
128.57755550996688 105.09259817073924
20.152113272922705 97.54359776719487
126.83040004825598 112.47470396806426
12.449151667798299 14.182282272009953
92.31050255104812 144.66996490276125
108.28856228154741 17.707319815343176
101.56472271444778 6.7480921161714305
20.486236809384767 150.20790365521825
131.43906203748278 13.35938447303652
97.02957327265966 -6.04768037076694
104.13769246837913 11.85994917200237
88.82965694439115 147.94935718629833
111.2700533473631 122.96735957032223
97.79590779708467 4.35214454200044
104.20310785947902 13.997846851304356
123.82400549745289 130.62720690859246
144.8484308965148 106.99589820575373
101.64810479741075 143.65325971570223
139.18571811701923 122.8456645639533
140.3909396499011 133.1995570941732
115.41842523602358 27.333450752996715
9.218878534694111 3.3310279561910265
109.72164173470715 32.72546890342616
69.39224884488681 154.01474694025535
72.18905584108903 132.32474156793452
10.509735037614593 -12.759571980528962
92.31199180846927 112.64646835978589
95.31653353935849 -4.2713910642723825
130.42120101268614 123.74952349536768
12.067579698849979 -4.525254908084267
59.69847780198625 136.67699533781055
2.805263414273406 5.2371989664688225
112.61944828662952 25.284658163703103
83.34745954635251 129.2167252767642
107.78781679449338 12.832554564023692
141.6777355639473 128.03482210582996
61.672056123547186 140.00767108821105
144.54511683683367 139.07551672928517
22.696972060658887 10.065596430976775
24.01217486400938 8.212661715819458
62.00442338414568 138.50997308443414
43.48382581110424 157.1721782697803
17.134076615907286 8.631809297440297
15.565547444963137 26.496296676904795
99.10311436636067 99.52049837174914
131.06342633255218 30.386966217279266
98.20318631105748 106.55036470417528
103.01194588835168 31.161326822673374
110.75227623341202 -14.52828131537634
66.44921188215416 124.3094315162748
97.17995201728101 151.48937052983425
116.53156609609582 6.667928123519545
82.72058333297474 146.02638557352543
93.05095414891773 4.800112203173172
115.04498799432729 148.05656646365608
103.28438440041784 35.64104296968337
-6.224979650471825 18.95475634919188
19.139053981327997 112.24036793690696
124.5858574871683 143.43875047492978
98.74382069658459 11.864354005745366
16.01496507187119 -0.860055402836313
102.32457934238192 152.79629385014402
91.54816041801867 109.53878304139046
130.14725879524676 110.0052926349072
31.434824218059976 -3.636562952360461
96.4993344806756 24.871210954232104
90.30772391169748 137.7169374717739
112.03138342594252 114.64376596054635
107.89925001096049 -8.897692337497316
14.049248103920426 -17.175194788961534
125.32935840409843 0.8672541672149218
93.92262185515932 115.90242440676795
11.863575863739388 12.43934865348935
131.7607623832489 139.75835924558518
75.75338485392143 145.7203222196696
70.99814672403129 132.66261329330086
134.12559684541418 29.516492409846062
120.36712372044498 1.0024709172486288
23.29907850316956 17.973293925172044
16.165767153098724 120.79529002086531
114.89214444931791 -4.765937747169044
133.29834570224816 122.70943613681274
61.669142481638474 121.51579093647027
12.842646593436871 16.557410626783042
110.89863864610598 4.843745908074171
20.612719048027365 129.21498191308342
26.736133245845927 117.29074317853328
106.8388992578851 113.5825959457074
124.71660958419565 23.457274918401783
110.12864888662668 125.80734846946822
26.72263432173466 116.80965707082987
22.12660920962324 21.38258992735555
107.507167754919 130.81204636502562
102.35142868228579 144.47656078704316
24.730678089297992 113.99691278670267
98.86179554312422 105.85085572992064
24.16245342728604 155.86595400295897
121.39356838216726 22.45619250485919
111.33820800075071 11.503159971149218
85.67222636548757 28.040253854378903
112.53887134692683 25.837342247927126
117.2366984155607 3.741282763421138
29.898559362956075 141.1033875985064
55.95592606076684 161.92723832972416
94.36878992618765 99.63343088849233
116.58434086150795 9.050819555135977
8.747894856470186 8.781053045911584
13.140529506323922 12.364148417889565
13.288812201696249 141.24132018928682
114.3877035885611 23.79763838655959
9.228520292932368 12.130924505878063
54.788017184075926 109.81632060396173
91.8696841582413 148.22229190929133
120.7869538217347 144.8909685933458
129.99354443462406 31.464246083908304
91.20591449604683 19.656814365922735
10.376425825926038 19.43806298957464
125.56744066655324 130.48924051367308
37.41655691075321 103.64993496534123
3.2674374542844653 14.046211415826416
143.77662527583325 16.17485606322063
117.33121539919411 124.14066773302551
96.10029148353735 130.23771799119677
26.10399420820631 -10.449191798920294
105.68559769292676 137.7190626452175
122.17306169563284 24.249377085659976
97.4884147335743 137.78244855455418
89.06827745084891 132.27037895435996
100.6440793009683 117.86113652053493
10.769972159505969 17.538007740684534
89.07807711836678 30.50844341113989
12.746362204758293 94.38183205019904
30.419327573704507 121.20588876616603
28.630099883374612 -9.597237401563014
9.226275186764225 7.703663203267549
97.11969800048493 15.731960416215117
129.46841135233598 124.89115755813378
8.560738529480284 11.479512846205841
23.64760892123857 18.514524107563805
14.5955255397911 6.424373790372977
120.93418965879732 -6.574842013905196
108.11521327049797 136.56766853885577
22.082123801343567 113.1263602121078
48.2925312568196 135.00950017213702
32.559975330650566 127.92187767165363
24.624016749999647 4.399571855933598
129.37524727373972 27.697367650222578
98.80321903575742 33.1617277218825
62.24132703392268 109.89468434888954
