113.2311936233605 172.0320833890716
89.88082028395625 51.93117814469042
117.99140220095751 76.63792360186432
97.88275926456932 95.04769729760949
100.65973749616866 110.60199424684075
109.9895975906567 119.6500556654905
108.98775196735882 37.762923772969025
104.98859127428484 182.3821290618954
114.58654948230806 26.133731398470857
108.8875924939054 76.97107109048335
115.75637880743199 31.546736020348998
124.88480557510844 21.621049790382145
107.41522461431995 32.19055819304021
107.10333361677655 137.71306636172054
122.94225425462061 153.92892513896496
123.43539843392747 12.883971626723103
115.64691937487031 48.03001786981872
116.36091156665327 168.3757086537346
114.5700999731718 141.76884508897248
106.43981063185109 102.45166372813186
119.94147034149366 100.70718747126031
123.26948907455755 34.60467287814379
115.97554317467012 31.498031061760848
105.76418406201631 162.81979751530685
104.36969404905385 67.96829456787088
109.33081258163595 19.021258115596734
109.4389098635421 18.16692242279272
109.38524488070628 20.175505759574005
60.9668713219503 116.24945128796526
110.58540862893597 24.268621406096184
114.15185649107809 78.28595252278842
111.3641400359898 26.8435723060243
90.67539321398526 155.32191140828522
95.44848090858576 44.192440833104065
143.22295583507855 96.3442896057039
112.52511344603839 97.73353836835093
113.88108148965334 92.50177392623078
95.10294349060962 22.383910768413408
103.16954000852382 96.51287007718301
112.12778022387988 26.223915969732
93.25659661071073 121.79617254385677
101.6093016875047 28.428055186196396
27.772636267545828 17.543423581923705
114.26180176381806 19.524518927903056
49.823991135912465 33.243851108788164
107.78630231108531 88.41542224480614
101.2635673809118 40.916331674545624
101.45942337182392 -0.762025869714533
109.5432172256463 32.415545930985935
92.44729952476527 104.47036305300685
152.42174302962928 31.879253567719566
117.3371432516035 89.76461128781855
119.50479404041148 82.01704523421044
127.2820464956651 24.678800319370435
111.07516435155523 160.71265921809905
111.32168674384313 126.31224304362327
121.33414428959135 55.08723573123376
101.16486573520179 20.86829330031057
116.037981973928 21.597352471544436
105.01565171812423 8.465742052726988
113.51090636987455 73.4393784563224
88.92459506462446 62.18464362644799
114.61042590730034 25.09874963803461
106.01449643642732 74.13636275408561
103.43479959969164 25.947368417873328
117.53877289138184 35.32101660026182
69.77089038187941 51.836774914084856
116.33568608270215 24.662030478703944
106.92569299915523 24.899833510327763
123.9387991452273 71.31026099798311
119.02719049403419 67.65785412927487
101.0516783975361 23.84915878132771
123.09944218474193 30.673574664032046
105.94249956975212 80.33888130729872
108.4455505595948 51.802859931454506
126.9748223649779 88.9305708859767
99.71954322853074 85.50693953983567
97.16002483395656 76.31122055050993
76.11878126485333 100.17901612806476
114.2108768754146 144.3319248608366
113.09195446364777 93.48102917714701
107.67899902853691 30.854639796669336
111.66680909502689 90.79572185199109
133.59686427937874 93.99103871670503
114.90664281089265 41.087582231689474
116.60507615391408 38.89933746125704
115.35402537939153 82.71341116026169
110.80679891237259 14.816481515743526
106.52601723947224 19.784415493128634
105.79620680803517 32.51436700848623
131.17459846014916 31.219653998982707
116.69790190901575 98.04435089020564
79.0458225744814 17.756498377159915
109.12170980130992 83.22916720132187
97.44887545450692 65.90984246129761
90.29599267078815 84.61163206522144
114.12631679296545 90.04929158675961
115.34446435104255 114.23016541616421
118.45691203186753 18.27586604963904
103.18396391064843 103.65318347683169
103.03112294100147 15.898738653287523
73.68686876787724 100.96831883187491
61.13192841594539 20.62340914947928
38.754658753878985 21.843247911066378
111.04023867149944 95.290510110007
122.79685058354357 25.64589774650907
149.55330279452042 23.662705163336085
66.61738728397347 109.78162797169323
116.4569271874961 138.84156286316514
114.72458279435904 19.41085512246767
109.99294892711463 29.907069698490865
120.71597435991491 24.020187287448266
99.7994698851438 28.265261861096565
120.77361672106358 18.231779270847486
94.46253540730743 49.18338816967063
143.32090114330893 170.0006523311497
108.0692620287648 20.631848877852548
113.31908816625256 76.51436125315885
112.19160892265418 37.79327300376638
59.82766136083043 33.26671069123044
102.77678655339056 132.4457611901487
106.92569204428919 80.17254414945661
97.71836632488792 148.9119661446514
130.67636733412516 112.70235905029422
126.52718707542964 17.348105618571452
127.77487261858136 86.8842312471712
125.89986515842902 19.27463245213185
73.4714414583289 86.54881452917539
143.79814707583984 28.94877298080229
117.00771264203308 19.952685136652043
102.72747821144455 71.46153103307121
117.92483309373455 24.183606898137008
118.07044470500325 101.68182581874755
119.20910395181548 146.18467617055455
98.19171254165597 38.03320357949635
104.83020430618693 20.89817152616216
121.98452079537978 58.74718638070167
101.09200731964346 32.85033319701408
104.76334446209822 22.51288332857398
110.16168045141563 36.12961880213407
108.11713357240197 89.4460891435978
118.73757685120196 74.33167373593402
95.48962539205917 21.896850556308113
109.25080227185227 26.37564932101445
114.75865970228935 21.39118408095671
82.90959300076432 194.46596556950595
97.58253693541415 53.79720397629756
122.2665767677261 24.197200850773587
103.69704261047634 17.9515300884074
113.32100379402864 108.95860978499618
48.57258136248132 79.71587331387545
92.2417764372128 100.54459805343639
86.61906583949435 119.01473626649965
104.24823868189786 84.28672303620993
93.4797608358204 23.134760500410355
107.8153208904987 21.88667587743819
118.0995725642244 137.90695614782405
110.09627658843122 21.763250370107254
136.5938262707692 26.338680979142673
105.59731842188818 17.549626639412878
114.28456195038684 132.06583337260108
94.09122266867803 60.9840840512775
119.76341405072863 65.45593149879684
131.0278886987393 107.1785122460685
131.9890680821986 90.38961240798426
118.83131646762082 52.05428840342284
113.73097229692131 23.643190295006846
110.13581629699951 9.871813556299486
139.1602842275982 45.73983051547286
99.85126117290466 61.315569782384834
147.20070938714082 24.02776235210865
101.95288650114695 94.15038387657489
109.23717086798761 25.80586784570947
115.55038842223111 44.734649222909695
109.23312815279111 36.42862087936404
99.01639152806158 106.42488415152638
117.26643524123557 25.3224732107292
116.56695417917324 25.462512358038534
39.373092169053095 100.64140701421664
114.55447475747197 19.64230704525752
106.10832980998684 10.902756840864534
116.44144610153594 22.211705287393052
108.86319969582085 20.928169065047577
113.27298548631173 121.91359185920744
120.33627502649344 27.78945393719076
111.37888396055303 37.31828369370284
125.57894544985479 160.69541420093333
95.41253350853228 93.65277370299282
112.2511920393816 86.31313407362593
103.55498337764766 91.9571022733914
108.39782344556558 118.76919301826096
100.53572993967097 35.43620588528365
109.52234465292561 23.138655209582772
110.06561338129839 25.275016216385215
106.28836731562345 130.90142385476514
45.34031404413358 145.55231970573456
116.09445590697318 38.50840388118896
119.71661763328416 96.00958924095112
113.07580846474686 24.56898268405578
119.06943493159538 77.38072765487092
107.61526768340106 23.517017156155035
117.79770980040084 33.11166958347696
96.14725034034616 31.364325589341004
119.30265218142355 26.45643780467398
116.0965531358872 69.59961185135899
111.748356231413 29.188624795509874
134.33072202237977 84.76992736423716
109.57800887267942 39.73627740114164
128.39125712947776 74.48226609571213
104.95653742112052 42.034647860076795
114.4840901745598 28.008702336980168
104.95243381452232 89.01942887632377
89.22925483263177 140.22532871787433
121.26059007983595 31.316557933193856
47.366995401257135 3.320944448531622
116.19005071291437 19.55728950344904
128.70186087053375 26.258335309004384
132.7322248316912 77.31256196490975
108.7671224313326 23.439247497175913
110.37684725821836 28.8559680137526
130.08255470684435 66.08776706587322
113.03938607372989 79.38098073340458
108.8890745040826 33.494671732801805
88.1556956433092 140.77354968278482
116.2049806616481 40.08951257149771
110.13941980169493 129.93433833050278
108.60780064220022 32.88836348819425
105.88871955330895 18.12646863846075
77.5451663166124 130.34790099200922
100.61925705002594 97.81580791112829
122.3245455689695 30.358996636623157
75.46129219114809 55.53334733941874
106.19264047174143 91.1116350773216
107.84579327147472 85.00285360692368
78.78857756014298 81.77919564752604
110.77413838581319 22.9674556918068
127.55140717385297 20.67572103974501
123.42988273487519 23.47076036302703
79.1946189421428 100.45298228575162
111.52396166440589 33.63567531297698
107.8903830465408 20.786836238456214
118.96844425848693 13.228330810115828
127.36135033732039 81.03509539434897
93.95262028255078 31.991029033536375
83.10957731935585 117.38943745040518
104.45092125397386 52.64683114069896
111.83029641839505 42.631157721512906
132.0269530741971 29.396237554799708
108.50220296214012 27.305005126027957
69.29956971412369 27.41017848581169
140.71983965532638 144.99903931165338
110.26985230454811 66.18417379395686
129.590090801546 101.93761984051373
132.90574504886587 77.1527860452203
47.20249699439352 20.067531401942947
111.5156756106726 30.592403982892208
120.36995395393903 88.09205632062495
147.23455536832637 21.968332422169418
113.31873205857741 104.15469426454207
109.70533290999978 24.412767950930952
111.2802165326689 105.34430200998393
129.31229627702692 142.62452897904987
34.50577322829462 31.984308240059775
104.56431474199057 74.12026043947677
103.93560908178722 24.702695196086843
121.26751486642263 82.53228079940577
117.02511351772758 83.15745214749376
74.48255681265697 45.91240288325693
111.12219751016252 19.780563732365597
108.70038730035193 32.186991964585864
101.10963603418101 20.231559835594098
125.82750594839757 25.941924161152418
111.67612636855063 36.93923242366841
132.0161551540945 114.43746710953991
132.74488402928003 106.85949971125258
116.07039041982077 57.681662255827035
103.02547514769607 25.040423897712078
96.84054516205144 23.797828450931995
112.03168095841563 29.380221970354317
108.90659323477227 13.303846293938465
128.33103919769738 32.93290278765957
98.47774709073438 26.93924523052713
147.7530759454342 29.44244309422471
110.85500097292119 58.85879017599211
104.91262446025053 113.02929284964992
117.91697859941068 22.370202804318943
113.35356768044564 19.765445855525225
90.37765864434897 19.64497061305975
95.49939947822513 53.64107693304994
86.95843174116875 98.35114804576881
95.81233176035433 17.33355031873855
117.21425076475681 17.763312162901187
120.06403736413762 18.962072793046943
106.83410114314225 67.83548091120483
69.89522479545991 6.329347244935415
109.48802133321682 23.287143027220207
120.58276979209539 26.90316808327059
125.77624651875279 63.652099737152476
126.04355422946513 40.7309335244747
129.88551638426915 88.52930849981087
101.51002401910192 21.88505592639893
122.09378068065915 14.429581784021451
112.0732274050302 95.62037160754106
104.45098672641438 126.54292272283807
114.85223406633699 6.073303298859136
61.07594221868953 27.740349914983998
119.0919950931301 23.158602365342915
110.89839816406177 20.650642964427007
83.3743608941464 27.77462939062767
82.25454202274327 21.48061508781482
100.81043940634004 27.395568731692503
110.98960669488149 13.831292512398676
109.6988578342843 62.9765955982239
107.68331872183742 106.43380241373849
30.273042879153515 129.07626073219603
93.91054032604794 79.87336324502229
108.75445756425988 0.5023663538078595
113.60143226585498 25.043744668933257
91.39942761047314 30.42228221840027
63.11522914372795 67.76681337531589
