118.77962167255954 121.68711035927949
101.06414069457405 31.194520673505806
120.50690036313367 109.74153674390094
82.95567397938005 77.37716305896589
113.86085027749235 77.59412471123056
98.42668180660759 130.56664178482768
112.41838929011978 21.55408366790833
109.72703637903031 159.53988252808804
132.02693590688062 33.085671978956725
101.04693152443114 84.25692407282264
116.55071431093882 31.83191793660536
130.71004578402207 24.215387330200844
106.95495022866835 42.31386983754222
90.15812918643208 149.42483871404087
104.39429384932846 135.24569659234817
111.39650691190371 19.885040705925967
108.53199487784333 30.637213969379236
115.19337282564837 139.0488833586438
111.63171525061807 132.3182014101541
113.29819673308097 109.00852986281201
113.11832025243662 113.98756967242117
112.53908115476719 10.8534904852864
98.68175555592313 5.1833980464110185
109.11292699572766 174.44599709667136
108.94370593307323 45.37552962483434
107.56316760943945 47.871347582970614
107.4410324410939 13.974274960432878
109.490266435296 42.64699399320582
61.62897870157306 113.40516457081691
109.75901602488504 9.728885230717644
106.01732884435762 89.5574306725275
111.91561981491083 29.447276605234467
94.50173446239451 135.66877333723875
94.6888114127439 40.70531841635062
141.64740988999125 123.29740224687114
109.72669082698152 116.8957076535501
92.34132677568682 111.15793291122328
103.21313410436274 28.032719645750046
116.56125826428747 79.1228216874378
127.90196320144742 27.50264390329153
84.14512710428252 105.40379271635675
118.47034230478513 53.45585496436079
24.326210513223288 17.135636127124087
96.6686404798622 19.69305452952307
55.93979176081351 25.769208145189577
98.34696992903143 102.00638549089702
105.37714439759047 37.71139269766951
104.07908010166646 1.1829421071583988
114.99976095848936 40.905974944283116
83.91344726482143 80.30399635962473
146.40909450152165 30.82259606879696
121.92182743960181 105.47917171628919
105.16938705095123 59.511427804583825
119.1411405590198 34.19161895671476
123.62131910262893 130.76329589244358
110.08410638723676 100.26344946590663
126.99589771274161 50.43411440441997
107.30217710637564 8.762184839960328
124.56918022468115 15.34125490825364
102.24486299628634 1.4263097756869096
102.17197084653415 46.65386752545557
104.84537809636011 74.77363616697771
119.60329095064738 10.116952844698135
122.6742210475897 64.09480424116464
112.42355043007652 23.260570265277718
106.45831714951953 15.303540163642609
96.04495649377863 37.43499711244928
116.21028522731984 25.362043075600653
103.25290619433831 17.44645947727047
116.97300511969662 51.08028175991473
119.44883721484507 43.00501339755095
110.80022199211517 19.62125760340828
114.12220761237091 27.565137235618888
95.82849696570925 98.68781161138378
108.1338528781219 57.44773230851514
116.4599807269914 99.09693768209644
118.08700952527275 107.62702591731099
103.83851088756582 109.64399964406253
102.33688985388812 99.5278691577096
126.54098811754741 125.38423713428283
113.40791549081135 103.00573447138947
110.84844318539015 34.18199592307878
116.67015511660989 104.62510240135175
127.91395870445469 112.33651998225399
100.19824852930545 34.68831787916565
111.19230982546779 25.589530178869772
137.16041377402678 77.37326183971557
108.09524866298518 2.5553049159251957
115.86168927193668 19.559710315345832
107.4625736455174 19.444559484470677
122.98610898702727 30.833108582397028
110.69467166455838 119.40430768488383
64.32682417702274 14.74937296063908
103.98006542924949 99.34136937327077
91.4771639072887 52.041116308799545
98.02248989881045 68.0865504573796
110.01648753758091 122.23628179204174
130.90848071893646 112.49830198552412
122.92303306359041 12.190865111694485
98.45929900341719 111.26974366764163
111.31987757069483 2.8031155103976673
92.2020979255082 90.93637809706233
70.0135799672223 20.100677218781776
50.60527482245956 8.19501497543914
107.1950093919243 126.79596371939468
128.50113601909334 28.292439153709843
159.8019149774296 23.776269012141853
110.5907418302625 139.52132977461605
97.36450750025166 113.52594774922485
120.18600960111766 19.257780188613417
109.71847813395071 21.67494237759033
128.09778537090727 26.627437400729754
108.97798576269628 16.793832003455137
107.42688037281155 20.631712025428605
103.9118089610718 53.12867970104764
155.0044347701382 175.5315004964874
112.35718071523908 19.54954097648275
102.24256914996961 75.31259294631174
109.04412159574359 36.98377761816291
65.63121073770353 20.432022511778637
110.23687972006546 105.66388177281101
106.63469057431845 71.23104685181505
107.98859429290744 142.86361422331086
144.2939466215294 99.70312635041704
128.82394745706446 24.685053872800708
131.00029787739805 97.39575870077645
131.99042961209193 19.78609494985772
93.00144871685764 90.81385804020248
132.4196300812724 27.052872912706388
112.12048005524001 17.54252764906524
114.17452858170088 45.26185613071486
119.5760146403428 25.266198618933473
114.26100698766045 80.37624036024533
122.42480007246806 120.65342389104302
127.84352991945235 39.25943379952711
124.7661423137504 17.55798616576
127.54090277693268 80.3280971375442
97.91487045073096 60.4603879509024
112.68136802067131 20.95482674921316
106.51027582585544 33.090270769809344
115.13346540562151 112.81307598798988
113.61558837594227 47.245164931897804
100.28519319875369 20.592481363159223
108.9220884049688 13.123155837240862
108.79185302170627 -7.331381032908659
66.58830599596935 155.20085226582052
80.01140635409173 87.64385596745913
124.45360046706323 25.11984410003517
95.27592635270547 30.69902231410153
112.11420843881035 137.05737175687662
54.742843593137025 100.36254725687925
101.99778043625909 116.65062636517395
112.78220887450624 104.86259830303582
117.60559142358453 69.98550488954466
96.96754474314545 21.714666614862292
103.04476399788733 -4.221015746885591
127.90108477769539 150.31986430267065
101.40357542567287 16.668897115028738
121.61226018696044 20.18701339267475
116.72899704254274 12.034116606031535
85.51100974425472 127.89394378306056
117.72990142242628 87.12516794869393
130.18917329222353 27.210327224868486
109.88271701742666 88.30651834030242
133.6881193289418 56.413768393013065
119.31747715422475 47.25661567327774
121.3970545321828 10.496301344409531
113.75321065584467 0.6374031348587395
110.71402328558158 27.473228597740817
114.03348103728271 66.43902643161108
131.9494174531122 15.54752706634586
112.86958189059106 102.57600940528265
106.24602738800807 41.92954223765418
118.43188472354471 35.56733203211024
109.4905398867423 27.25624335105901
91.52506994707328 104.34427870094795
114.81626924305063 25.422839224297437
114.34535951716475 18.89774952949526
44.57299368177052 139.48208567676613
130.47900001792658 19.723165707689212
100.46156867746471 -2.812224733862177
114.2209023374081 17.32234423626736
100.01366510426689 13.168230552564198
114.5940354068631 153.13596092755503
113.86413151088311 17.417215984992062
107.35585954909737 35.732986498018676
131.10462719634035 125.42498115814611
119.44123149797761 116.44144284204346
107.57517181894625 77.1002330613232
116.7330794210707 83.53237072684736
127.9219782867921 113.58362504303156
119.29572699412701 40.545538595583295
108.57414879995238 13.967113014120718
110.58233149568329 32.39948313865132
83.47252399159726 115.6221403229457
47.4807237313855 143.24819975653332
128.15309468436365 19.85046563182006
107.04814113417567 122.97656009192707
104.29583896604906 15.093422796477997
130.9766286172583 106.81321172669522
118.18341571032417 12.38422201447598
106.60045791087792 18.588729064116496
94.213074576074 24.52063963190636
120.72575481920009 29.411952843475845
95.25321062817788 85.40404075225948
110.47450262951088 28.955399515428997
135.20705414827188 99.76814225003913
115.62713524717628 21.154264709602987
157.12721928675825 93.90984633104574
105.88590826669446 39.68961081401804
112.39112520682967 28.389974552796907
98.15337399986433 90.92455867128082
102.6165142848727 138.13788945661665
116.8766111813394 22.57289697513293
51.465476563839104 19.398859020287933
107.56281426589655 17.167154366814206
138.21734673503818 28.351394439237307
114.80417782673858 108.087037173328
108.5891037711763 30.326861955802386
108.87226271038642 15.116307227063206
115.86191216689669 44.76707621362033
105.70097189066598 64.99161264186503
109.25024776434638 24.955142844746163
77.61691418951398 114.83437156409859
108.64138255139015 20.157856786846207
113.47552780387639 152.75169939101883
107.71867699780198 32.620010813404576
98.51281228471908 17.802456907385164
66.6275881443186 124.751294392925
109.98051815912564 110.17154695170038
118.29343798346092 21.494739950761446
87.05664735522318 55.33553687653341
101.8575942054392 67.39865134774281
99.52190997420786 96.67955855666361
85.69144165425116 91.68205987775053
103.08567194898683 9.983330018949772
126.39855064206675 20.84828166483275
106.55965204199578 19.835320215346105
86.31403310947806 119.60228237247895
108.12721748932624 10.353415591068718
106.15676172024432 -1.3303923651567824
122.5687319247693 6.8643964693450705
115.18127718399354 105.38881851427959
101.63408193777022 24.294234855734683
98.04442932243238 99.32883527797885
94.74270596388183 63.957878212379725
114.77981425368431 39.10114390532178
143.5603953549518 31.67827692798233
115.97226281562514 14.241090660250077
105.87229738503942 25.719809840925162
154.04100906680702 158.045867532293
109.38622919278588 33.63572046976972
134.59018675810387 115.27298785768902
113.91101916813744 42.28505605928537
62.26528845432936 18.810294306436184
110.07757452050244 27.84818367328325
131.14880557265028 78.15567813103922
148.46236650650056 20.77733711498421
111.3136522668068 108.4541335972818
120.73348793567514 24.660561267700682
111.04061540419187 65.95945314777117
134.03289722964638 173.19713900043567
27.312867849875342 33.07758323853723
102.61537843428131 63.026398887190226
98.80823710426802 11.671712702170407
112.2057566602229 106.1858756072747
106.46468780804857 110.96949943635092
70.00729363207039 59.53560048270846
118.62302040325332 22.30891762491995
109.17582724927475 22.602384563359205
94.25070285040789 25.968547109380534
129.26348422015712 25.7300663915763
114.04579555817969 14.233113136667894
145.87037822459237 97.13889429055222
121.07752663949648 97.3643612013345
94.67490746779518 51.52505241134564
105.12785252218352 16.32096975083277
108.02848562753528 15.042576655444988
111.11406484665986 24.725988424773234
104.36322816536307 4.608211798669291
120.53039029256655 33.504839483561035
128.7889763364284 23.95166575766739
127.00933969583735 27.786533864908424
99.9569171188853 73.90172580303168
111.44041966382389 98.98533069252598
126.59382718745472 29.65618540716969
106.45638228886114 18.950640727966135
94.59194658337086 19.549400774648117
97.79588927392209 48.847379726700176
70.52065577647615 68.10242455143978
119.55582626372052 14.492337899079486
131.23145980927148 15.316975930754161
119.7288056951559 24.756910601326908
101.47159478288046 37.69995178956928
58.72249655540782 -0.8370130918219019
109.6502545267887 33.14334010954133
127.5813266585283 32.120449007050766
114.87346967857445 50.179084484834526
117.83735647129255 22.96842743126043
126.13098743776895 116.25010556207603
101.44809058097526 21.587187531570525
110.86300561071387 18.07286133131329
109.53724677654996 86.78227487875654
112.12665589316694 122.44718710309968
132.31303085884895 -11.449440837883138
61.25951389147724 23.726886961744526
109.82221060498978 20.060818178201124
119.70739666525148 6.199376395061231
79.21785082529433 23.601780911486905
71.05783906473535 21.360369898180767
108.22728943260098 23.92662991713188
113.90360304322519 -9.933226330710553
110.01464230194779 51.87498826021979
110.78144569586955 110.36008191820564
33.21246686135389 140.8625815574726
109.07629306030931 54.03577788676208
108.71283953056457 -1.336457283648728
137.38293470813616 28.564720904070462
92.76137087589623 31.39079150113727
65.79217363168864 70.42686082707812
