119.46172682662113 112.57635066440581
103.28995607570634 29.67076262435548
120.63602164010211 113.76280101009624
79.82351631411667 73.94264519359317
113.98884636706534 69.23250346205762
96.80772478907737 131.63980430689998
112.94273800545587 18.66834740968141
110.56013244742698 153.6105430837524
134.31971639963783 33.813678427863834
99.89420684435218 85.12608374325458
116.52900241985085 31.37376929408896
130.86389207153763 24.52049523910367
106.9528888519554 43.28771324525526
87.98429241347678 150.7123532252848
101.43769832998788 131.51549708498555
109.21386707009889 21.096668468429645
107.28513350443068 27.24153066497241
114.78221522299125 133.28604803222856
111.0918816780062 130.2468645029675
114.37673117911167 108.81228442931052
111.78410560824852 114.91280905050368
110.55302454077821 6.8818781433292795
96.04050276773577 0.915708575112725
109.738398029372 174.16448192823108
109.75973180437448 41.81376278791681
107.32544877366264 52.097215303269685
107.1621930816789 13.396964554136616
109.50712076778967 45.866096515429916
61.98641790629518 113.36529074545116
109.60760065170673 7.501657559995737
104.73444280722072 90.69474558679336
111.90486975194409 29.46680597569749
95.88473279130513 131.87628060151053
95.23481429971842 39.17201070197945
140.44112601081204 127.09247394670084
109.2352699132015 117.97163083408778
89.1375372696398 112.89545839815634
104.94054509309478 28.63718267631753
118.70150882547203 76.15195990053265
130.04789499333617 27.43831716565538
83.34639810699606 101.16460455630514
121.15432208742952 58.880360948055774
24.731121578455532 17.1370814773994
94.07374819744335 19.720099988011544
57.31207150576806 24.20717013448604
97.08233527084079 102.6201989528696
106.27420761739137 36.3637325912164
104.74557931125901 2.3078312061530144
115.77361234322456 41.57119097594065
83.33610660353396 76.09588051352871
144.06444255761824 30.2293770984698
120.74836689184534 106.9004130747209
102.79133923191196 55.93070839767041
117.30497527395158 37.24339034402466
125.2248682979708 124.79006628490426
109.85196945864351 94.38757827719975
127.31947128537419 50.818695747287194
108.44883300831647 7.010616834738308
125.4381134617163 14.367570271098659
101.91953003944072 2.8101305382744446
100.44238652138979 43.35722470822105
107.81217735067911 77.03848553754234
120.15690985053169 7.857752784621407
125.06818866691235 63.31433971606312
113.89166319036717 22.649695269300267
104.62119566083567 11.967471361585657
101.17846341245487 34.479395320896856
115.88145622692586 25.22955062439032
102.81008728227792 16.181417496885896
115.40881523389088 48.640703781661266
119.14961931957957 39.16362764209144
112.50897866644063 18.862900665789113
112.37455426237766 26.765191644038786
94.55369520115866 100.40835765341495
108.1290174013508 57.5539346361767
114.3180282353608 99.70092419747976
121.05204733011382 109.73719976738587
105.11115329427169 114.10046531128975
107.07512638640155 98.59790154950824
128.241349262839 121.73802832424029
113.33010687873268 103.36482199990122
111.3806448050227 35.95039116958963
117.39238498874086 105.62486830882682
126.36359796882532 113.7820453245194
97.92563125785149 32.9289249754983
110.20164389475408 22.944917793034236
140.1165655785764 76.11472563234565
107.67073903731836 1.0902487542690393
117.24872971969266 19.526731059170153
107.80174680847463 17.16181125018944
120.97911792804051 30.440707376783344
109.59924727871925 121.43064307488903
61.60270649505479 14.412662211208092
103.27253674341372 101.06170226874936
90.95295342547958 49.47904494382754
99.83805904068241 64.74579403451219
109.26972612097065 125.97547033761451
132.7064682865118 111.10471380866386
123.11909911207714 11.453634266694063
98.00686778091155 110.67785639244686
112.74410739640045 1.1988481002676754
94.50553280351933 87.32826760231359
73.10790896109498 19.986106591504253
52.74285424329851 6.196693310518652
106.60008988074424 129.72115651319203
128.80442940577436 28.475249531170874
159.8733800415614 23.647104056234284
117.13401203902141 143.6027124947704
94.42642937256932 108.07971709767776
120.7282554938792 19.25055988447323
109.66073399685853 20.137922078319622
128.78288566410015 26.77235906853019
110.675852317404 14.844531463268378
105.15642001309241 21.015835617934858
105.85858679085594 54.60000253414161
155.32038134368725 174.9756456492924
113.02456521346114 19.35465560492149
100.54044103012554 75.12744904465299
108.50804860301214 36.18869923479513
66.44443775353473 18.142207288586796
111.54098769009299 100.2528686893803
106.73030700330962 68.1728818394147
109.91602791344417 140.9272347955541
145.63645417393718 96.73844987724067
128.49878884008444 25.784268556280566
130.83688465096202 98.19325353267075
132.261452639975 19.871366049931073
97.07687952728133 90.94222164308911
129.64842678434607 26.384845510734166
111.15173549533631 17.18272612409364
116.02602502706364 41.66148714796932
119.64266813057927 25.212996690727987
113.4008210308059 75.85349280422653
122.42831596954737 116.06376819661655
132.40023795358368 41.008497457981036
127.75966211846747 17.035771062705187
128.00152677090261 84.06459935277934
97.72825371083523 63.86876680713283
113.95204397462766 20.61219606131388
105.96333083716131 34.138534504579816
116.159954350494 115.55516300074027
112.53763921300056 43.72717317927341
101.31541956112417 20.315885893218322
108.88478650448822 11.067929296276887
107.76049513888968 -11.802380788504767
63.7972593964869 146.6663247181764
77.9381257235657 92.93096393326135
124.28558983217714 25.07426391408853
94.46129319493706 34.06420220218645
111.84814641474782 140.74763330264267
56.383676764829794 105.021453779062
103.95338444184421 116.75989325557414
117.31560005709879 101.12240761001424
119.64365413667964 67.08278397866354
98.07455274815035 21.391988026389914
102.43452149425447 -7.874625671059521
129.01129337034615 151.34620324154707
100.1385912272215 15.87083206226688
118.45651064543601 19.09184613371396
118.39824140030403 11.370631918968945
81.34358376797566 126.92327090079165
121.65016678310333 91.18750948927442
131.21277597896471 21.765284973158202
106.14237732968589 84.0016546301734
133.07425650603804 50.975220837044915
119.10919902542938 46.88155961209618
122.39071655570524 8.465246597625288
114.25696155590659 -0.30586736316066687
105.67003191730794 23.999365481956936
116.33514541596995 67.08420854984104
128.5070718956026 17.100400506868723
114.69147668093598 103.20835892222135
105.8783046400246 45.32027258942368
118.67325124999758 35.47020294261084
109.53583053739851 25.41829221656978
90.74250064831271 102.54260520721989
114.13088373125052 25.24861176349992
113.75407031256216 17.773507620002494
46.452962365366965 145.812555433484
132.29406850295032 19.74409789132646
99.89993605880242 -4.458723451472243
113.68050942056827 16.52870337156922
98.85454073681953 12.020179255243404
114.6980013069334 156.86439245640096
112.56537396936238 15.66388284938196
106.72568395637495 34.898576964160156
131.5275712596509 119.11495808807443
123.3743356346418 118.87836189736036
106.76613045766189 75.69937969571939
118.80665555726071 81.6984415787349
130.69231432379766 110.85836892331866
122.2624842865875 40.6671891822491
108.43200157641631 12.566398228605594
110.63749524110516 33.099050679248684
80.48932925609161 111.34005857702263
49.129930699980456 142.1366489054609
129.68701587364478 16.55691631217959
104.93805317678313 126.42271341718474
102.9443423198145 13.587898367664863
132.34673096677497 111.14391828014224
119.74118825530788 10.702663281380337
104.73240552468641 16.055769974078864
94.38059476388902 23.11072001376499
120.6192186109366 29.547248043956724
92.02925029822732 87.69267820992198
110.23673899774698 28.56833562562154
134.2811085897922 101.63451964580449
116.50700138854972 17.834803168927323
160.37645386464428 96.19622662328246
106.19635210058156 38.467438293710345
111.93110037352682 28.096900430101822
97.25956148130514 90.9239141038423
105.27925431601757 137.26922780929573
115.80108195479622 20.985510657148797
52.4416109125726 22.24465588590654
106.12357029565345 18.87647971051924
138.82999119685957 28.36782429770597
111.50601330107908 111.2755581265131
108.5995968131344 31.140089346471974
108.6257859747439 12.870769590530852
113.05364625750961 42.622265362774094
104.5498673738849 62.79706719925243
109.32753236126007 23.249121204707855
77.22845915838278 110.52013343793085
107.34326058851217 16.590205463124832
113.93256937726255 155.74227537780536
107.62048528944158 32.13291250835764
97.65245279093021 17.828890037046396
64.96042360259035 123.5861471345121
111.65783508198287 110.52400520603183
117.2953573776304 19.860161055620186
90.00411176321006 54.17533330396549
101.35443820206324 63.55212986186464
98.35982933171587 98.05774955439236
87.74705837017726 92.52081576761589
101.9749839332528 8.083589403184424
125.53861118664541 20.84586083532703
103.6840523034764 19.197944188726307
88.53383704979417 121.09060366933667
107.57402021309659 6.567918931951841
105.95300227019503 -4.475835995490135
122.67282575481894 6.355940394871164
112.81115107954867 108.46182840980758
103.14635742265618 22.751422034811743
101.36508556791654 95.31623930763197
93.59800160589914 64.21093593071592
115.08134337170142 39.541943276468196
143.98358702268453 31.787224072474864
117.08571186559406 12.088376708910586
110.05906887645081 25.171933593008163
155.33923213010752 159.18542483175224
109.2248055618719 27.23765546436858
134.49876858213773 116.05423852281554
110.23817431351094 37.015392460511656
65.45897190896012 18.59967964475708
109.7963187432362 27.067428418613982
132.28202816774157 76.45107654804858
147.32265071104396 20.47906656998672
110.90168284070795 107.92428336978138
122.3059184099275 24.504923956039743
110.92949510191963 59.34320292613887
134.2488828078302 176.63985424361493
26.598590826712126 32.786717755018365
102.45468379128204 61.74168581483598
98.31354901776166 10.365260492230226
110.51018208124833 109.20593387743499
104.71084089192463 114.68295337641244
69.21918845813141 63.34830740809477
119.69149735906771 22.637151504661205
109.27477039478012 20.7250062395452
93.46813584908693 26.70546183259277
129.15533115235309 25.49767025497343
114.34485439713222 10.362722870016253
147.16064058321354 93.5183335178825
118.70575403076532 94.38394018501063
91.45176638374484 51.2815030142535
105.63422375366895 14.879438462432367
110.01345943861656 13.64376620842631
110.88862243309183 23.76198329073364
103.7239028431284 3.5351486145825195
118.82330106140887 33.14140408901888
133.42099396221474 23.242329597812514
122.76678541033796 28.615511089254476
98.50849076975814 76.44788342803362
112.52777146266786 95.4723367041069
127.40942763310798 30.598439997275985
105.34561619237475 18.82784043855808
95.83713932395577 19.540211111165124
98.68409558232692 48.39575471094787
67.72562113493976 62.96912956290499
123.43804222464311 14.165292852877386
133.0633228826908 15.032325573206483
119.28080078479223 28.430690999526416
100.82688070000997 33.500231238262806
57.426901440069734 -1.4918808354945199
109.67615542380476 34.3535434600494
128.21519155661255 32.67668760232638
112.68995373418045 47.59962325049916
116.19825051238533 19.791230146309715
124.70373291826385 120.30775243783737
101.7460199642075 21.48535333431654
108.83161444416535 18.790151789439978
109.10892221315817 84.84098242087234
113.43599116078866 120.4645403856114
134.400489848741 -13.386400822715174
60.81898406032052 22.74725195485611
108.19083404114298 19.506077798967443
120.78529291553224 4.093995740568109
79.4785538698831 22.723094556932246
70.26999834715993 21.27355620014334
109.59241333858458 23.104978169822104
114.24877767994607 -13.152528593590292
110.05205575609475 50.324528691987474
111.29750061447807 109.38230417932886
33.99357829361811 142.30742980716272
111.78956010270394 49.62407275577699
108.74995913357152 -0.8324488118064021
140.3995544528597 28.892075060989868
93.621081212736 31.159944581406343
66.25079296454408 70.29511516104466
