121.66900993673329 64.51956858589202
114.99237926775947 29.45081048703112
119.55676910325921 129.70271975264754
60.87534990928026 59.088669671975765
107.55852550912786 21.5938503300873
90.12953222131443 135.19989581238065
114.95211960098854 4.984315977122954
114.4118786457382 119.61473521272589
141.4982036109758 34.70354367750152
96.0073501380373 86.3014510989918
115.30016915371156 27.46859971133299
127.57963477863888 25.245998851934452
107.28218344571425 44.67413017285473
81.5150399132375 150.78673370179786
88.91495473948815 111.16951486776378
98.61914172050977 26.728851357758256
101.55172980490025 9.855896924592773
111.90193042374167 103.2088097899506
108.41086217769694 118.7125357457421
118.6354146791331 101.36872624878929
105.12257079413305 111.95291431092413
100.94493585536213 -10.137140039845448
85.20726252274743 -17.282240358727428
112.71041267459634 163.4673464296177
113.64807348224542 29.115292384965482
106.57408613647802 68.36896234596254
106.17816026802566 11.307046168599873
109.58733935278498 57.327364327663425
62.96730194376819 114.42077086338588
108.84968432946489 -0.9971712799586965
99.4085953286439 92.3613425353477
111.6119561746292 28.09763350504473
104.71340365217483 110.63301301777558
100.53444520081949 29.386362279117943
128.88181589008778 144.3020246432452
106.9952824878938 121.1304259783512
76.9152318601247 113.7644034965969
113.72682866878704 30.175943237554254
127.54060319693626 62.261226151144626
136.5765013020924 25.988574885490745
83.26963544803236 75.34797756757894
131.75928019236386 86.01180449397933
33.39710585120819 17.400243493637426
83.49689557512151 19.83305753172628
65.64002050150003 15.645627413466784
92.80881158255256 99.08738949399115
111.04920174452201 27.443640572074678
108.50589149148904 10.1680609131243
118.37834368836032 41.69963556560762
84.60362879636108 54.23463875183936
128.15531110867673 26.50443273091866
109.60012875415919 107.38265166841622
92.26470665775378 42.35721229489554
107.4289326561342 56.6624854068366
129.61170714963708 94.80098952767936
108.69532735825588 62.40130307302175
126.02541354355489 53.55035495404991
114.11437951068824 1.4968417251060102
126.75702209984578 10.202643176651188
101.69901582947664 16.445923666471852
92.7157495065355 31.803829486334315
122.81212867067912 86.60963596905678
121.35434500386071 -1.0831462059436643
134.67986104845662 60.29966818426624
119.8510602392528 19.358406542036214
96.32788056130978 -2.9335179300046494
127.26474674415283 17.427487945590876
113.432315764103 24.0100720831942
101.5804537731862 10.770423277752615
107.2912019103037 39.07136253567249
116.33346721472411 26.275454721003634
120.07466550695783 15.384495264021567
103.60943857024102 21.7684424204564
90.86832170352885 105.35491049222948
108.31143733120454 51.47903178889487
103.30755316230145 97.64962342793856
132.70317001155155 115.13922314343343
112.06908150163336 133.11589324758557
130.10358891377774 89.45212200000883
133.6990762156678 103.79172690369238
112.43543916347791 98.78481513102345
113.72422266217694 51.532578629438845
119.72059352200796 105.535467495291
116.16170883594536 118.33083693510896
88.56241890116588 22.92817991193157
105.3151375837714 9.823047152748039
149.16919065094376 69.29144140632305
105.98245322202155 -2.89837284036855
122.56251195130824 19.40648931748627
109.70010791732521 6.427729573376507
109.67163394744928 27.05224844307145
104.26223111528971 128.89668263143568
51.76309628705567 13.348635365741826
100.84495662602131 103.06023272356175
90.23469017758936 41.536343449087674
109.8495600836755 50.602277549844864
105.6851819773161 142.3751050729335
137.72173662416898 104.99182619599542
122.567755767716 8.866727599787408
97.66411481113896 102.7687561604642
119.21475197177227 -3.7059693527709725
101.29211034875267 63.65666727259376
94.1520624574123 19.370321155362852
63.88981797008324 -1.2986856080530709
104.04036037623031 141.80227054009376
127.19930492312548 28.347628966286265
152.87695779493325 22.14283600957562
142.57326684590802 160.64238654315025
82.00509156369621 77.07877906201443
120.85187314310768 19.299484363910175
109.36422858879088 12.593217826719993
128.514438263028 26.356338117567883
118.87350383816359 6.081768786539229
94.87094526972541 22.662024749989254
115.82521144132726 64.52439791845025
148.3616160157435 163.6137632666193
115.53547120030939 18.454837259580803
94.06584529865988 72.54674828823005
106.04915140782947 30.707980803650273
72.25101966935948 7.34643831027112
117.52752343527284 70.53677126343256
107.67086638936281 47.52597216169776
119.28356488319368 129.31075809977267
147.24560863236883 80.99532262227152
124.57006176969418 30.224396478202372
127.12085812316872 96.80569530491248
131.5691562359696 20.24510520298237
118.82499464888264 89.6292528873336
113.72313607875525 22.148814953563097
106.31499391320642 15.748769557839866
124.31133087370009 30.983065474169276
118.30603552240876 24.105479847908157
108.62188340792376 53.51785576930789
120.24660787284094 90.97805846117565
150.1050874546233 52.57416866361301
138.86721544322202 14.847227966915208
127.13306959213587 102.618135139875
97.88109503659695 72.24237858432463
119.5618424060202 18.756870816668314
103.6403028949707 44.3533984072237
120.20862657786898 122.59943669340102
106.92328697321153 29.898423706897557
107.43059723191946 18.895481338218687
108.7924352931703 1.9585042902144694
103.18646367595035 -28.177331927820145
51.28081011847746 102.2199501798831
70.53367412515836 112.51211896054768
121.91938484788786 24.2481680531319
92.63631600673938 56.80495510206083
110.25838030611386 155.16495047896336
65.59288301108661 129.3319166202658
114.36965809305839 112.91827186955656
137.86015503206394 79.21337240124886
127.61114620601738 53.766395565905455
105.28512552934367 19.570780595766852
100.4068743578514 -22.169365096868283
131.69908355863294 150.37151452887068
95.53021996593026 12.734314050111488
101.7088729196732 13.852300100424284
125.5209587583154 9.57589670913381
64.96734889458723 120.96023547885117
139.1276113476509 104.96781625525514
133.60920779441952 -1.490609235800417
88.76892183399764 62.52218461975332
126.45448994281726 29.08276124961256
116.73566936361645 47.347333713621566
125.29399565127311 1.1657165910377374
116.27111630206699 -1.8410821291478987
82.56824432160117 6.564135145655584
126.09949074302918 72.66714689988332
109.03955170506845 29.84809841309128
122.55573719673082 101.03955306310804
104.7526125573828 62.056665529200814
118.65963489854568 40.54987748163249
109.76329682122555 15.655752350720663
89.6630331198108 86.36353064412256
109.88867306993826 23.519477656678312
110.32290248488175 12.485231683693312
57.68742205909428 171.917453871876
137.53198467188864 19.85920742785265
98.71999590394152 -8.921785681825888
110.49309947728148 13.232374652479828
95.09142353490058 7.561737080899688
114.39199718781283 171.34231615587385
105.99408285352567 7.772356590510734
104.23342655526392 28.74898826162172
130.2476792187821 88.80927459594238
140.54009073449402 127.47299666342327
103.16667285790466 70.07754029853277
127.37935089911373 70.4930255261064
140.62122342749905 94.82930452405597
134.6092170281927 37.00032109056632
107.84729892343104 6.471711602266559
110.74031688778318 34.18940475231034
70.07493008946818 85.51452020239796
59.133312237131925 134.38626933838646
134.54076286679327 1.3666283172576228
95.27236938418861 142.05492609515744
96.96477601990887 7.2709022086488275
135.39981415569227 129.4471776495423
126.04329361032066 3.967558462540848
96.31487373019704 4.472634921800541
97.61805344359992 15.761154378874373
118.38347579241825 28.909613547341714
78.9306623379184 95.22942600811864
109.02312339827674 25.446598898949155
125.12257038656767 106.21958538404735
119.60977079139654 2.3807665136491893
168.2177012888434 110.97414447481785
108.08734295649262 29.681382102739708
109.45492975869261 25.18128567148198
94.4840089908299 87.88168455068109
118.26179080246565 130.90168618089808
109.60118525196725 13.250573816345101
59.69341883526198 35.34377352576142
99.55251036076332 32.562825934586876
138.75396954383285 26.9080315165644
95.3612065709743 118.86869569712606
108.80459784715883 33.373922668512584
107.56779454376186 3.012932695015925
98.94010472577715 37.3323308679499
99.78144817583868 53.20097818160235
109.73768541258525 14.382573218372869
79.74428530316162 86.81198539856183
101.32523981214463 0.07559929256839304
115.35484202608549 166.09135138059793
107.4634498714194 28.29050901006374
95.07884039816763 18.177585582883665
55.937009087548354 117.46442663229396
119.59337184545655 106.26205051000802
111.5958315000691 12.061432566850307
106.25300024381595 43.0474815914546
99.96952993824335 47.0349965762482
95.05956425101155 99.96548161166935
100.95715681517325 94.37841063476927
97.71474316381028 1.254749745933248
119.09517382037028 20.727496636140405
90.86607382972721 16.1480298973904
102.91849651140512 128.1413494530562
105.23506454732255 -8.77696281810844
105.7204569515874 -17.048846396276645
121.83297331421416 5.258111481571245
100.96993192472607 115.16481326821955
111.0884584693404 14.786536178671446
118.4507496308655 71.20442393270311
90.3389444627742 58.78893213908361
115.47282093162052 45.135163822198386
141.47030813203833 30.152564513670512
121.30990058003275 2.8866967437864908
120.69252419681007 21.57365791545792
156.2485164716793 159.99589764810207
108.48287102288067 -5.107526577641327
131.07916890358743 120.26958093153698
92.45026710745806 17.73291379842192
81.5336280825554 17.70637024810141
108.37210293597582 22.397019932456228
135.5249200855486 67.89708446584882
135.80032943047044 18.83699466925017
108.70207423835149 99.4848888642943
127.65819025036446 23.077381932801163
110.11586487496078 29.646402849979495
132.183944609374 186.3145778911136
28.354011716069387 29.280502188133557
102.75150970714486 57.05274911539412
97.63865676575227 14.965593746636669
102.1768636947323 116.42367000670092
97.21874160350458 128.08882840514457
64.78244484313554 79.62457218838321
123.16461190432658 23.761232880220714
109.78559138387152 11.592669085725085
91.31837228780827 28.78815278250261
126.84447465088876 23.52441260717651
115.08571854943862 -6.496191652132204
148.05984678301715 69.93582412466073
106.37487055060434 78.35368999903996
77.41153206517359 52.448645449786945
108.70334601011699 8.65169871673076
119.58666450330047 7.988786104496726
109.59787262263421 18.577150457366205
102.04225337089855 -0.8456797175637802
109.26812267074288 29.666774982665615
152.19065437837625 18.94903458260763
99.98984543651444 40.30791483372555
93.06503974957677 88.19485431179943
117.49325422675382 75.78647917758994
127.24970402844843 34.146803612790144
100.56957812289447 18.36255785827885
103.66217943256669 19.53339951181124
104.51711712818813 47.96757554021949
55.77182853854031 41.1783299921346
140.27514022878933 13.190979648920612
137.52389897745763 14.374324287181832
115.79422739277489 52.562235693573825
98.91789555259005 17.784739895844275
54.49820571104668 -0.9153255079820273
109.79354316612844 38.45212167832383
128.01068458078885 33.311380568888644
101.42964925037889 38.86901193495036
107.56696643760071 4.331721712551344
116.13439105011307 136.80524413459636
104.00389874881861 20.76656555252844
99.37349927823264 22.36183688305462
107.18169415311412 75.1271537662885
119.52750675213457 110.57693525317804
141.50494413726494 -18.946950136324816
59.979838696187 17.337054463513212
100.67997956796985 16.863912455782916
124.0625442378533 -3.856894512479718
84.59342163891307 17.96841371647708
73.70299156194646 20.596793579256943
116.082633725707 18.655376220624273
115.52786828743501 -26.085570130600793
110.14750093808593 44.95862943842201
113.53188639260986 99.87156274152593
40.94248012176962 145.68570730493954
124.29171824229735 28.981354436627605
109.07904112714957 4.011459413551989
150.59697609714536 29.43564977379788
99.7094928214928 28.49447240765736
71.0585185739277 71.35816538766058
