121.87646095641804 54.9028485548339
117.29371236268233 30.905906028226656
119.02533561982322 132.43570725920856
56.807245211854436 56.67865971657565
105.17123709314583 11.645399040228972
89.23406269323853 135.4972407608685
115.19513774407156 2.644147181140066
115.06938333195944 112.50990422664563
141.98608599463688 34.474461312161054
95.68410012151676 85.96389336903955
114.90539079981316 26.491124751008982
126.17001203380147 25.249747160402986
107.41049546170578 43.982884262085015
81.18799802225492 149.9301321190653
86.96772236705011 105.77886933842396
96.67949552395109 27.70013324665746
100.61258528448943 6.588546010930096
111.2266339726704 96.58693979049025
107.93218147865103 116.34014747872133
119.17018659298002 98.77603592053222
103.90088663643535 110.43738751325402
99.25555444552293 -12.65927211868828
83.67148649257449 -20.048488401638362
113.24370019930838 159.64271969380522
114.32940980052746 27.925420322157336
106.49363940201664 70.5547400859145
106.07507084407821 11.05763433841522
109.59379731361773 58.57244762856939
63.12939971004498 114.91940110857271
108.71536882129298 -2.041092667946196
98.61795967639969 92.12981533638137
111.51373058032544 27.661445558564452
106.74311476915456 105.52105311808292
101.94711173967916 27.068907000484312
126.00555640325287 147.1687626941577
106.60977211683368 121.00701579947099
75.43588828337538 112.23413817018672
115.43958672969941 30.183821153643287
128.71657044224267 59.48228801817746
137.18309918200572 25.527474532066414
83.96687041640956 69.92279938729693
133.45346955178013 91.54512144762327
35.60080933660788 17.500236056815996
82.0292274346646 19.849830411777294
66.94618515675613 13.978465785870108
92.34486973035895 96.91486343984059
112.02117982163469 25.37008135839078
109.31489642048267 12.042742492395355
118.65687804463042 40.80804568978546
85.6601966791887 50.29363064134136
124.26593102641486 25.587014500554055
106.45747616775452 106.82879998844474
90.55935011882399 39.82218051185175
105.42190622653301 60.711080042661266
129.7770123785738 88.24247356975974
108.47323726979646 56.47017776783419
125.21434396631618 54.3658712477786
115.1449944209616 0.91268078996719
126.43295173160912 9.585007712677523
101.9067231573405 20.31994441957084
91.4186545493817 30.71857668175444
125.62765909395259 88.04478527565057
121.33966160239342 -2.280024250306362
135.94408865581497 59.95138276196567
120.76250775923246 18.68313270675332
94.96857799364635 -5.377032122043891
132.13307751124327 13.911522065189072
112.79986909063557 23.650002652629016
101.53340349548895 9.906113620691844
105.67919954594818 37.71773400952812
115.62544735268956 24.900748403583464
121.41686827027739 14.811157560716415
101.92962496824235 20.67404392487979
90.81552602703344 104.9675708209805
108.3699565380958 48.95840739099497
101.26627621025439 96.34912659764531
134.09725112162317 115.98703845871114
113.4540714258338 136.48855253595727
134.20976557521448 87.43560767151095
134.11297346143044 99.72328195381311
112.15262833390337 97.12417346740737
114.09960119932136 55.531305279638154
119.86970470858768 104.27162149434665
113.70842592038106 119.15395937171265
87.13967630281765 20.733547225967346
104.42626046411563 7.470427304879749
149.41364643808657 67.16935128518561
105.76581450017011 -3.1868427016397787
123.29405539128223 19.389264232057194
110.09205445663642 4.643532271576277
107.30759067068323 26.144721802141273
103.33433948499588 130.0878716573331
50.29789240820857 13.302306566145932
100.5428811696695 102.4837537469965
90.77918796742199 40.42503262019316
111.97202383146661 48.22475726593415
105.01165735334988 144.93642259688147
137.82947273256875 104.14218404807711
122.1238061647281 8.58662295869821
97.88297732811753 100.54157994292642
120.29767993473965 -4.078212714793258
101.67719997306813 57.92945874140936
99.14450153907315 19.2482384495478
66.52724096490917 -1.977111160507273
103.68648365725186 143.53988853470338
126.35730690078708 28.04237137927691
149.83709102247298 21.73978133541355
145.7802588424945 162.68206449721674
80.3272058224354 70.14582995979355
120.48781565019569 19.325969994075564
109.30708579169708 11.20300319374014
127.86480708830562 26.083846941957443
120.39113477225017 4.696856616492257
93.15650943351906 22.929011725415954
117.74467672369882 66.50422712263311
145.81725436186278 159.83588850436246
115.84969634025737 18.2993250247167
93.39413084371157 72.18818817182479
105.62867501756237 29.31194766383712
73.32319488199383 5.528588042782713
118.60237188768691 64.50523837491474
107.93034482438303 42.7283548635287
120.93636910025211 126.6081016766033
146.64988894000953 77.62411331237902
123.40207113045211 30.760605790243044
125.86630145094321 94.91532471745712
130.82430750218597 20.305547533063272
123.14534300924291 88.97745406634729
110.32921460161275 21.160957384427544
105.39728873113195 15.599352523695261
125.7217465072411 30.788650491637924
117.73053151833034 23.757554539515258
107.63850802074862 49.43300748401136
119.5026457118224 84.82311305762238
152.61248665689675 55.8105248076372
140.16994591704315 14.564463258392438
126.37732478609448 105.92168513318289
98.04872331549717 72.42738905239534
120.42672272954096 18.387445350686928
103.28899415280772 47.214735336919844
120.86651419468106 123.8167412695622
105.844302978008 28.108737747719676
108.75554887925497 18.620264392959236
108.7880497664336 0.3759924215912158
102.43943253737152 -30.1754510060741
49.31616178474644 93.56167450513794
70.23780249825091 115.41282168178958
121.16323961891578 23.921837182093824
92.64317610005992 61.63503158419412
109.91021719763368 157.0347091094662
67.80964562309784 134.2192307553684
116.39491604616126 110.383236418434
141.4262391985159 74.48251298860276
128.77715987361762 51.948584964900746
106.95107275332728 19.191472598937324
100.25013738937494 -23.99908661310208
131.6421501474266 148.9602628430465
94.99801374766335 12.256257920319591
98.44932979705214 12.915399348674967
126.62871364574121 9.485361482559659
62.75215547917644 119.63727888230893
142.00932583808736 106.59002580734492
133.3102453366404 -4.672420440656016
85.79966014664471 58.18676760729436
124.59333774481118 26.488790992088273
116.04414426671389 47.820033932991684
125.51443357440316 0.3486377509404641
116.51305971346335 -1.6182188336389292
78.58580037593573 3.2356748430505773
127.51916856757349 73.90898555501202
105.04030297518528 34.16749516449274
123.86686251054226 99.61186569275672
104.67447524071079 65.2163141478094
118.36199537766815 42.200485810245965
109.80700033210782 13.73162473657587
90.00104123758194 82.30426216122744
108.98503231071199 23.066952496603
109.56969640392533 11.553440789448413
60.50244783147266 175.54468432645598
137.8625814488922 19.88261197896174
98.95034286826397 -9.135699034747768
109.78950510726797 12.766318405211262
94.72801833855745 7.149661817690735
114.1992268969669 172.96022240961344
104.76900092464261 6.482851849991687
103.91013936561794 27.23325439388308
129.41296546231663 82.66355978931881
143.40084366292416 129.01370974757577
102.59255207065054 68.91619166162484
128.68854140135923 68.37737455918815
141.6167223539359 91.25007501123602
136.27631133042962 35.57751278746143
107.76293334517013 5.472529716080189
110.72596575877924 33.94395245539777
69.02874008952844 79.72653665226548
61.28402297815313 132.49207374440675
134.61262827330938 -1.1368253582038332
93.70624237216363 144.62835955154986
96.0652679990021 6.288418563762745
135.0707386483944 133.01148892113275
126.94034108733749 3.052523031804933
95.08444052518712 2.662817934456564
98.68902456712502 14.341318543022734
117.61417832335334 28.62813633575551
77.31762509419815 96.08764103813252
108.79489941865751 24.573070236140204
122.70446472697483 105.56568684341549
119.94493573342608 -0.3144652485027484
168.3063946386365 114.41792832774556
108.53179166288707 27.475704781475017
108.94777589477086 24.41115579215477
94.23018379117717 86.47292832160662
120.5824203115014 129.28749934775323
108.29494065693794 11.890733566009251
61.42935248626931 37.50639049323095
98.47711992760709 36.216874446154904
137.9754835364627 26.30685153422029
92.32017233078298 118.57954736810235
108.86494591719597 33.3390642323336
107.40202390911917 1.3071300754075068
96.29178151533746 37.44654718064946
99.16097028344794 51.52246578037347
109.81834574699324 12.664743170537834
80.91702442076848 81.15085910513103
100.37376027283595 -2.661408718847656
115.48670430199387 166.85277336112878
107.47731528218895 27.331548454288075
94.87524392086605 18.29525939882342
54.42854348015352 116.25748536405649
121.00761268560494 104.08233699287821
110.35644809632143 10.681582613135173
109.73969367989912 40.00512746885144
100.0285958831491 44.24576491790741
94.85949982634087 99.43818839580328
103.95053563914458 94.22416560647322
97.14256928819485 0.3359273305310806
117.51982789820326 20.682977033428152
88.95978130986828 15.608750402561627
106.03827042041625 129.36276612706564
104.89916811248001 -10.960005512640858
105.82458783326975 -18.90381456668753
121.38310415717211 5.490789589033384
98.85022419538136 115.76023282724184
112.6741929385278 13.272849686261853
121.73733969904664 66.27741011207169
90.39688484849879 55.850294674641454
115.38366408259837 47.35446046327995
140.2541309488425 29.509212972347406
121.75486672602831 1.5108130110804432
121.17371712350023 20.741287549171222
155.7230486748852 158.96142233304508
108.35476675646628 -11.098004162620391
129.8455322087774 121.10944936297967
89.28664221428699 15.884972330470852
84.20766976580835 17.566210309938093
108.10682854266301 21.31856093893447
135.60778141726513 66.29955185627196
132.53980666988517 18.48723022730078
108.26734491918307 96.21781960649511
128.07052767968565 22.670651450573782
109.92446300890792 24.309839195860235
130.9681376425154 186.27012235995107
30.02939443997132 28.23068160348823
103.00812161505274 56.0739580672576
97.84696602804054 17.372166710687992
100.65913137056526 116.2412808557812
96.08428041903714 130.5111696553371
64.38863778244583 82.61639442346889
123.4734778781021 23.82836681845516
109.88567359894603 9.894662401883563
91.4478837604644 28.880646413789833
125.93650707425031 23.016677983928652
115.02641130812572 -8.943244029101184
146.81274308621957 64.81427445817978
104.00109556940555 75.10928279807132
75.41762305708427 53.36864425461189
109.35806062985843 7.746013186837477
121.32794880425662 7.215125740102259
109.32894535555069 17.53404371374901
102.0191180667308 -1.2767581021909808
107.28050965013597 28.604396667592916
154.84482782650815 18.023166724094356
95.49896584749709 43.85069181126769
92.33970817756526 90.04369889345301
118.32344926233951 70.98725962844148
126.49440583782756 34.49009188178462
99.92561014484676 18.311638302585656
105.49604188989365 19.541978579242436
105.82757877105882 48.83742642738918
54.041673121069394 37.69195997175378
142.92431094985923 13.209943157862336
137.90267049454079 14.427464252344242
114.90579025527094 57.948380019942896
98.80796769624506 16.14568440737681
54.5340011836882 -0.03375304830723769
109.81202759185054 38.721156566103936
127.57475237681338 32.99204844999346
99.25138246067131 37.188121395983224
105.87475582988444 1.497342122099754
114.12977292340733 139.60184883891256
104.65076590604814 20.589611747575958
97.75632787608606 23.02735862196743
106.84030167443206 72.61138688977958
120.63381250438363 107.84836041016915
141.9644598044544 -18.95150641613571
60.32006733121609 16.23031738191774
99.31759595745541 16.38957474017706
124.28876547644117 -4.792200654518557
86.16027460048565 17.009524792081827
75.67580574588057 20.428978184109553
117.23653232372276 17.752544961353877
115.6232627302043 -27.684317616188963
110.14713429112533 44.28162414636943
113.88243751450275 96.93629924492525
43.105062489235884 145.49971684597216
126.42749428322644 26.44441102185692
109.16836154019087 5.43197913391764
151.4010877844963 29.30371104636599
101.3027680361395 27.691650854822004
72.00742854890336 71.5846420140018
