120.75394464432149 8.430918976390725
127.21711709718113 41.50522974078622
115.0636766321201 144.19200544887957
38.00376332702905 45.35501919628231
94.38773896206315 -33.86667129239354
88.58831310401662 134.2824523538277
115.57367360927613 -6.533878616845531
117.11209079568192 76.01213089620953
138.1261568436462 31.716731857105234
96.663761109294 79.43856351780703
112.37323198446238 20.883604357525208
117.16588287412087 24.40099784434614
108.32150605313117 36.88568613868888
84.08181869370081 141.37759941518524
80.31720945858609 75.63164944786115
89.21959464916931 31.182827653185466
97.27372977333367 -6.9960467102082955
107.74899466350853 58.473750973577104
105.93487529750374 98.09787589620403
119.90948592946528 80.23432260589843
98.53252366141703 100.31994926196404
92.88434044720734 -20.422672881561986
80.85449845547015 -28.41139128899929
115.24199335976935 134.09841323821016
116.88032449622146 29.623773255084103
106.43532368455382 75.20002118975583
106.12599003962423 11.471653578655399
109.57553144191955 56.91626695660273
64.48865373250896 118.21887187688652
108.18281191102348 -3.5233198779945405
96.6809089043705 83.98683811885351
110.80715179836086 24.579057013506052
116.80487417190868 76.33664259850048
109.79384309091222 14.543854917388355
109.86784388911889 156.16788774975896
105.10650891054324 112.31177177179705
75.1309055130738 100.15561126323517
122.87594265525938 28.164367602127868
132.42062791054013 50.87566233664563
136.04952658065656 22.39131674440409
92.16842374611187 42.48065345244967
138.37269930184723 113.94207736773383
49.399653509118394 18.217347577753213
78.22777151000793 19.900715025247084
71.4094921383744 6.721789579279607
92.98610667892135 84.28321689077997
116.41658789321046 14.613496154547322
113.3088255786949 22.032010649142336
118.69367988947083 33.2685733358712
93.78076639873515 34.86595707411542
102.87823560318142 20.162585294707775
85.54063325078775 97.08683644684112
83.85897969956102 32.97146066102346
96.58765134950806 77.99317415135896
128.1317873769151 54.33514634274098
107.50645755896072 29.093093617839727
119.65095252023723 62.22062046704139
119.22848624771427 0.6810292994881707
121.9131920931834 7.6657213879371655
104.12044880135339 46.35403329922536
88.0679613866661 30.128021987386
136.82865602909877 90.64141767624125
119.64429063674308 -5.384347189692274
138.4327681855704 58.19375512945674
123.55448680143743 15.574928499714959
90.64344552926791 -13.978790725282863
150.38677911112717 -2.153328364587325
109.27091553948277 21.205174677424083
102.71767350190244 7.327162633825802
98.51726225259823 35.9430538978036
111.18734006025336 29.47563233357601
125.84333988600628 12.947181362655957
95.19993901311162 15.271908737140283
93.11570119820416 99.62076421781622
108.86513746776444 32.778321756031644
92.5952959644676 84.15567193878917
136.24206983295738 120.65346806115367
119.54998987816647 150.52105536010336
151.9317791551281 75.57829583181388
131.90998892137927 75.72713458350992
110.47801493739402 86.72660958340049
115.3549315406532 78.694330044421
118.62997299278643 90.45005395942351
101.40516538225779 111.64753220204558
82.94504118260225 10.011495650546372
100.95544359018938 -2.3487858270286157
145.91035628999836 56.9765833773451
105.21110531560335 -1.4965707403211326
124.46353065427283 19.359075370378633
111.88009374498607 -1.8143409864126583
96.53921872412127 20.807076730116563
99.74015677684102 133.9212491279973
44.963262374025 13.920091259441095
100.46049476500245 94.7104744486431
96.56675550002373 41.13146335385387
122.2212757771789 36.37359557131636
102.54095688694309 154.25331816802745
134.71618936364425 94.69932757300919
117.99334674572984 9.306777126349862
100.00130176223301 85.32524871591968
123.58546042779165 -2.3115094006614223
95.58628866966144 23.417719815995955
124.65004443602896 18.674837168108645
80.2151792894615 -0.47079793400032344
102.86538340101374 147.8176399437483
119.39829208967794 25.716515173381847
130.36737974472143 19.26479345584967
153.24916703618382 165.6800035213139
75.93435244213289 35.23016986108947
117.24636717262487 19.497614109211668
109.05302885002382 5.572351569003303
121.63076026838738 23.77145499783681
126.37256137466359 0.12373542097902757
87.05666876470158 23.823486088471597
126.07347398422208 72.04225293832148
128.7081821419239 135.47418598951373
116.18029769465477 17.77536668193993
92.54601253279054 70.60752750842818
104.33815703567568 21.45455153360337
76.73279069233308 -1.5302869710104072
122.6506333530884 37.781881720121945
109.54897099351795 17.07742084761604
127.24145792411291 110.16450912479583
139.38347588745228 63.505842868864335
115.98204152764984 32.353454394045926
117.63181496073945 81.94595473357035
124.07302042643025 20.538475009352926
142.1773364216904 80.4830379548545
93.99449864533146 16.0680032792315
101.38776810097717 15.504660385639447
129.7439642753632 33.59018222349343
113.7939351103811 21.369827087270657
103.2588671637362 30.85467433204023
114.46452794572264 53.53074620530555
159.87622488358423 73.50424809763732
140.7109065992694 13.896487308403561
120.27603330881547 117.10197334609995
99.91093746922121 63.98106077245462
122.89498627736151 16.78939854990261
102.53448847292442 64.55670324930077
121.81873359080147 129.12183166389644
101.04136076670223 27.16981030815056
115.18636053483264 17.514869741353245
108.84533023040528 -4.973101167179884
99.87152448522559 -34.55689080480128
43.36481069331604 57.20426215600094
73.9454784028516 126.30877630562357
116.31714663756054 21.92382342534488
95.77746875870344 85.2658541062586
108.191802427028 158.72788242991314
79.49434490422041 155.82726280481293
125.34349013182187 91.41733262722931
154.14251452677075 51.60878381430742
131.00241361084676 45.702033224252546
115.3983519208596 17.386467492265652
100.98072109047952 -27.424737728012488
128.24392328881848 137.6073965312797
94.66677342804836 10.965745825663468
84.1368236053421 9.736762200277488
128.83539473220264 10.843202265186447
58.543338896873045 113.23896142595927
152.52842996184606 111.86299418690363
129.0610621760199 -8.194846911769583
73.89198619560217 36.67590917584383
113.86270203861554 22.392278387512835
111.88953159105455 53.21876882643162
124.79997330034188 -1.4466220216640486
116.54562906686654 2.1530750524273463
64.85428078109105 -10.234576541475597
130.39678820145048 79.89765327909696
86.53386530009067 60.29973672379717
128.32788652215157 91.50421017051384
104.86970836429876 79.52929221202668
115.92376795857238 52.313295753063684
109.99259580964741 5.158242308192681
94.89691429109581 61.89933427857161
104.64415625068597 20.388756200554194
105.92080396721735 8.002739489194804
73.78777497313544 185.2401851501177
134.49305867237024 19.984775895465763
102.10945777136607 -6.174063059556565
106.37497080828317 11.716649429861075
95.09484812249758 7.749562916455457
112.820071212708 173.22245732581248
99.54510416034643 1.8172883654303746
103.24112428864416 18.78636282519951
122.7149854258587 51.7678128869872
151.81980092333356 135.1106679713986
100.60042551871791 63.633485106022164
132.81441574081066 55.24140544224813
141.7550232127479 68.07506388642722
139.1107376972828 26.210757365597704
107.56062055914116 2.2964288160832034
110.52849724364307 31.442279772031913
68.85580683179741 51.39598648915456
73.84169098810717 121.52493838041104
130.15133115977227 -9.806493846922287
88.87398594029432 154.31744759173594
94.74199546216981 3.876080917220773
129.4322680570245 148.09194774649518
129.29973708328146 1.8458879394126733
90.97094618413549 -4.033530223272006
105.24107508844598 8.307241426326618
113.06069300090684 25.857955054433585
72.72495038145841 97.57822207177219
107.86969281885347 19.514810396259506
109.27305028904772 95.28811203846043
119.34231230730151 -11.534717059277895
160.35501830110204 131.7570385830798
110.8235029328363 15.774683735982244
106.58884193441865 19.684616201199212
94.72648391866286 76.95989762475514
129.8356893387536 120.44503795909371
102.24687470680186 6.371484470364901
70.33406004994139 44.022607681602814
95.15884553768082 59.25721671383667
130.65442892230607 22.50728792686133
80.28064335934458 111.2159320215286
109.26522044574527 30.94075926845276
106.88966499858029 -4.356891709428507
86.04642294683923 42.40215137987512
97.38592469004932 48.61512609126071
110.18837781727629 5.088959476391503
91.78410531942683 54.00756658581013
97.52962415451186 -12.583625172867222
115.24854470596948 165.9420148207795
107.80224700931849 21.26733350094035
95.7954548940856 19.094325654701045
49.42047107224074 111.18979710948803
126.26298493653319 86.57315703441634
104.19721698793695 5.012430776312699
126.28713582090603 21.489919696427112
102.14105683895886 34.939650269033166
96.20670113678605 94.54433191231898
119.25428601081838 90.602855322785
96.202754996909 -1.618576169388916
108.5290426655056 20.35472446863647
83.6535556929044 13.667479413541878
121.5636346203288 133.4123727283218
104.21193821331217 -16.151078676722378
106.82627384850234 -21.164158917313124
117.98794020261526 8.408490175687076
89.90853098534001 109.76581064160858
119.7750201681111 6.715242179566663
136.28466322524778 43.16396738466925
93.83977439736717 35.45435644633734
114.28382963521466 61.136079771702036
128.96778276824466 25.155541664391926
122.4758412270175 -2.740776537065461
119.15757395295418 16.483993234453035
146.71930811269468 148.42644375230677
107.86671235985956 -36.82394119128321
121.42502849052377 124.82135010493145
77.41102585824443 17.56840823541231
92.68838217285636 17.159592332989572
107.11711690930117 15.829532500195425
132.57619592830997 60.09590465990419
113.71226457996781 16.912254852827648
106.36095090180362 78.69961346024037
126.4514584070732 20.315060552622253
108.9695228232156 -0.7046276906346876
122.33493166669395 178.02461007092575
44.770972700953195 21.59275426860608
105.35357181143644 53.75311188744969
100.85944187375978 37.893060604083175
94.4456003479658 108.53795400260012
92.47695826500964 140.53824436370573
65.38237724350226 94.78156686186895
123.20781463764266 23.314372355160945
110.32164596966132 3.366294681460272
94.52457377473634 27.669564265740856
119.09409912509177 20.188693338833705
113.79112691195496 -15.785186194041842
134.08765586362688 40.64048441693258
93.7887744846436 57.59066847359134
70.11751240281599 56.835941968439705
112.54000992192638 5.317996755436779
127.95304261955324 5.238877124239418
108.08466454580486 12.823077057706627
103.14006889291066 -1.662606300688229
97.89862533295465 22.230774826027215
161.48105535770148 13.543481640692173
76.2772842936869 66.15653417502114
91.22841922184708 95.30258342352766
120.93053610004321 48.093546719267906
121.01625475221603 34.52083379458861
97.91417189390928 18.221403073044602
114.8926819466969 19.615489589055596
112.5445635686103 56.2762899803546
49.75199309703059 23.50769229787946
151.07799194867874 14.385161342504093
135.96623277450212 15.398175979443282
109.58058610081963 82.02960507484052
100.00821417058499 10.868366656358418
56.29019455561711 6.5006435238162465
109.87018836786581 37.52866132504456
123.293909941501 29.484093436508275
89.81621675949651 35.17318097021058
98.55368308841282 -9.238600053080981
103.93754369334077 150.52119614970098
108.43358800163546 19.606608224917828
91.85742203512343 25.469927935134496
105.50456929937343 59.24123802489528
124.79581817253549 89.00926840617666
140.21218001922006 -14.238861310016134
62.01784606869485 11.068752548862319
93.76357626537293 14.481731302119254
122.82963994842189 -5.651046076244958
97.13570958971187 12.593547190834398
90.46979309282544 19.493497022250878
121.5340153486972 13.80213612202998
115.149818044296 -28.073907812799632
110.07396586739098 43.85173704627186
115.13628092235687 77.69473463690943
56.616960290803206 140.71968289163317
134.20209435868492 19.280795465221882
109.67854112270358 14.819887263744072
148.61026661379327 27.838006568870632
109.83325930707254 22.632515541955545
77.6232439527164 71.63800704141224
