120.08354429104331 1.1667701255304062
128.89626579558825 44.8620099968005
114.10378816168283 145.86614980011507
35.49502827499287 43.942070456219305
92.5874650646395 -41.80414000592218
89.28244240395996 133.7010798840647
115.47795974764591 -7.366571597826683
117.33387583712901 67.96943787151349
136.17805436431962 30.921098594849
97.2896690976084 77.75428648298397
111.77691391000862 19.67172280857556
115.14326122083706 24.05668090475628
108.55804903743473 34.8855485607437
85.4563804357713 138.7135694674548
80.03042199423612 68.94393057586399
88.21687926002241 31.563048960193697
96.9136387432265 -9.007808797535716
107.07690487196969 50.95882433114271
105.62286556200567 94.0266804615951
119.66338213757257 75.78956655103819
97.60576268510624 97.73690581638756
92.08109912379408 -20.752228778922042
80.96624168924903 -28.42718249423332
115.47579460574515 128.3009617328914
117.28344746941418 31.214395085240714
106.48658384298616 74.52732695028439
106.25627798063549 11.722404542184016
109.56226940353714 55.09361483480366
65.07789103830424 119.00540195057582
108.12077183138955 -3.109234818413725
96.77552216659282 81.58723387595425
110.61060060548796 23.8153381491276
118.75431510604805 70.25129217549481
111.43556048903051 12.12770932266545
106.48275883472743 156.7900381384896
104.92355464229557 109.81169440045932
76.38936708208871 97.18301887665646
124.15424656548382 27.50200686038458
132.7720753771213 50.327206073393945
135.15124725024026 21.661568449227342
94.45047100035099 36.972850077981796
138.42877538039193 117.33208998056583
52.944303706112315 18.399116280208354
78.2456966599621 19.903329654502198
71.82960984993791 5.538823908054661
93.72722598885093 81.09251424278497
117.18724415454784 12.519396825377582
114.06456686854379 24.05933344878561
118.42143489785782 31.13724171582527
96.04702169405108 32.41439106486803
98.6156770291424 19.02401475061173
80.794458883296 94.1605589573361
83.18380485291753 33.16699289051883
95.23860071116258 80.7583343647604
127.24372612005536 48.18613034751288
107.36859195464748 24.43508580835773
118.30002895254376 64.20326845481893
119.7736571221677 1.1947824437891827
120.47464691613496 7.609110834926329
104.76956109473053 52.00567959562673
88.14142750715621 31.02187286627115
138.05250380335417 90.61773790579973
118.92711686460984 -5.311022949825574
137.95155323819762 58.34854423493245
123.6939243583231 15.083778358847987
90.16826802728984 -14.900484426386942
152.72745062391544 -4.992341887192477
108.54387404835113 20.642159035863376
103.25442474441816 7.083157952651419
97.3605520562419 36.74893007876
110.21332511497579 32.3846090881658
126.15497858045144 12.780594144518174
94.34431127832227 14.298029805531694
93.98960279792945 97.82416085423927
108.9889525033557 29.10012146643549
91.27238654126772 80.98554616405444
135.88512095899154 121.6205133732673
120.47084212416925 152.5368913620365
154.46659718774836 72.61541158956098
130.80027496785164 70.80592898777405
110.09954857710314 84.09214583059214
115.50038091840668 83.73915179878567
118.1069556966264 86.78125752040864
99.08563628488439 108.27454007813759
82.89410387902997 8.060981632385511
100.50627204204744 -3.6230266925143817
144.51871363079238 54.958239720925235
105.21363940213935 -0.6268069941802891
124.3880175172193 19.36464277044329
112.17341047810363 -2.38153960140812
94.65284682858416 19.65517788253609
99.2544338601316 134.19735559406556
44.29321769315137 14.229216183443764
100.71538324770086 92.40955689847067
98.2335234045081 42.66542804738006
124.04232757903938 35.19886473702409
102.30611861828851 155.53054942654634
133.34847339161232 92.62984311098877
116.86201115455613 9.757705764700672
100.61995881489398 81.40976871562918
123.77753026394753 -1.3487427956109328
93.28043781137625 15.922826800217514
129.3916765595051 18.583637336213883
82.74095545234329 0.6896303833100215
102.91219722768587 147.83058716462324
117.67556686642683 25.035767625272076
125.59429509267082 18.746697186953526
151.88345255466783 164.70413738840386
75.94198402287887 29.05031273735553
116.3545678758205 19.540376381795927
109.00906389968269 4.769237994625256
119.95901514228079 23.168177870745456
127.0392926968191 -0.3175230188273562
86.42741690235731 23.887783940871707
127.27600379529332 72.85780843315548
124.53926107257925 129.88356608457215
116.03010416285139 17.730383815788343
92.8798862062207 70.3970292917415
104.19672671978735 19.75738330855338
77.03178953786275 -2.549232335312146
122.99919940105326 33.28086216054836
109.91241262399454 11.851843684065416
128.04470277578008 105.1642229777346
136.66651188413786 60.825527436641366
114.27394607372173 32.5143281760397
115.62896407001895 78.80355996380928
122.34187230172718 20.570142134721166
145.28260274567717 78.67496991217718
91.12926422831315 15.086338133203123
100.75512081064599 15.583897823558067
129.71920712975043 35.09535124766389
112.83765383607746 20.811706440333122
102.53989577456791 27.768973088564326
113.21005359328447 47.29308080449777
159.89077918336352 77.28685688838378
139.74547997404608 13.942491643040007
118.71305582931443 117.4992321639679
100.44831182728116 60.740518662961335
123.12079806798197 16.534748268679078
102.57065045147576 68.26741227525065
121.5879763353576 130.02646595078036
100.30204886922759 28.865614481270267
116.33489125987086 17.38045898545095
108.87809737899892 -5.595985562555388
99.63330850579052 -33.900345144072766
42.781382665800564 51.28788233901464
75.63631069212462 128.38665624292776
115.12590037264954 21.43957148176408
96.85124037328048 89.56869779094072
107.86917748817116 157.3513675857667
81.40319077316069 159.18135512742313
126.74717123208495 87.06207092334913
155.66557410683862 47.591052484576615
130.65374862813178 44.807970156398554
116.98498356530746 17.05670056305873
101.39170259236899 -26.290564065833202
127.04945150701029 134.5231437044279
95.04325379771502 11.027204652174067
81.90981060314863 9.336768903491286
128.4498093909386 11.42465036354159
59.111099499182515 112.05533573682058
153.29627730468408 113.15180844180178
127.78389924717968 -7.015053237974947
72.72243402362635 33.28350855828221
111.50680297255238 23.407243744525438
110.96095471833155 55.0768322781477
124.19125844347799 -1.2214121277613716
116.27353012682237 3.3322644950898472
63.23432489100384 -12.148213761375837
130.4812308390288 80.74354488381114
83.32820794962132 66.15047418324633
128.64915012096694 89.38211873700673
105.032098762325 81.91743779156671
115.27348277213892 55.136501069548
110.02391121786772 3.805650523337725
96.44070401661301 57.79091073967685
103.87112257549343 19.81842266862734
105.25079190973582 7.596752163584073
76.05524901075127 185.83283546554935
132.97519031183313 20.001253742413432
103.04965094510806 -4.6274427595834515
105.75754284001731 11.701292024691146
95.59731364105829 8.397062245969716
112.42960617377997 171.7251311147387
98.72487570232092 1.4353454678198
103.33087931285954 17.068860896074032
120.89162640217585 46.416726785671635
152.57477119850512 135.96092327107027
100.36728013390861 63.053048357866125
133.08099190429525 52.93129626175157
140.93947940007504 63.27380811297331
138.8096978928635 24.00299165598165
107.57966949917797 2.259822233196672
110.45179443997277 30.651028180046463
70.13354492978507 46.26512843995022
76.29832626936002 119.24423338383288
128.51944969761925 -10.528035016329692
88.52564917846543 155.64884083584315
94.84643701533751 3.7206777728925267
127.49257617203472 150.2148245007708
129.07713311912366 2.1573438676138927
90.6784580717862 -4.771633940699632
106.76311624165733 7.485603873954465
112.0101229952839 25.04249263465365
72.97622992727872 97.04014125951866
107.7455500524412 18.460901720649176
106.52052816602752 92.45351357739648
118.88156995744792 -12.696682863183064
156.72363854848757 135.0517078178429
111.25270349210017 13.440752003177145
106.20353496943929 18.69221937066184
95.27046851924611 74.73003448164265
131.25111357436737 118.6269271820001
101.21387541641914 5.558338275600262
72.15824923907837 44.33939239644975
94.82116481259523 65.07278807258015
128.48376064176287 21.59181465051624
78.64479076632145 108.37504378446496
109.35862662166932 30.06039874741104
106.85056271689653 -5.027391365696115
84.513882948186 43.9192500451378
97.44609845121248 49.29398222883691
110.24534634754936 4.039000923089603
94.89476070820564 49.516538669305305
97.31951514458474 -13.72578871275144
115.09192551738155 164.5705120490793
107.92719392195092 19.93355066925087
96.56194812868804 19.27734341066255
48.312977707811015 110.44448019625646
127.07586165832834 82.18830572529069
103.06259995363885 4.1768948024710575
129.1182270107108 17.558246815700386
102.85163647329344 33.96994049792466
96.92502147999265 92.73549839893192
122.10303976625191 89.40087202760463
96.24059451807891 -1.1786275130650965
106.66226200247634 20.270790378537466
83.33134774760158 13.4415569629677
124.44295684556363 133.62824849635032
104.21978336633383 -16.19498137804066
107.10222743113097 -20.335902869768503
117.04218976092453 9.312808680020305
88.49983454090379 107.00991219275502
120.99611263215228 5.742060625325042
138.65482106971555 39.336959890304065
95.03372856859939 30.76925491349622
113.88558726793937 64.49416096240498
126.05185738908037 24.069843456085355
122.34004452651422 -2.7427093044178923
117.39316400297939 15.69079539408674
144.00634250136227 145.64156334842627
107.8049692659343 -40.63050480198413
119.34851953344034 125.42081682071056
76.11754799784289 19.748165021065148
93.32956649678637 17.15608401636603
106.98814897567891 14.832230515484893
131.33589792231297 59.093256788195106
109.68739003739418 16.649882389682578
106.05235539296801 74.88191243540797
125.54939092257592 19.81395229239583
108.79682804994059 -5.358247976155751
120.29806344829545 174.64953804985527
48.5587662838713 20.148674703854862
106.00299660876033 53.66263965355936
101.69954476801972 43.26376804208031
93.74805078812277 105.59430977911556
92.27704516747346 141.92114722875468
65.77076436270323 96.67838064885518
122.71715997967702 23.065106831218237
110.38704056897392 2.5304273737939273
95.64533879932084 27.17246465414946
117.25776630879663 19.595863765058994
113.41553055579611 -16.101633047933348
130.5443105880215 36.601928096259265
92.26568420495248 53.95148433900565
70.19037756908877 57.397125848330894
113.11145885126288 5.276884326163293
128.7551717873319 5.246966688129126
107.88348919505218 12.104549434888247
103.65275029313727 -1.1556592192984902
96.22878452720366 20.859977624808856
161.16945612467907 12.713827049857917
73.35547092010033 70.80275810293725
91.48893544593604 95.10769812504316
121.03813189358905 43.54567085242894
119.58004341717907 34.18234744712322
97.6924858021264 18.23658768809996
116.68304935254986 19.633239002580467
113.84597142480163 58.41983447273388
50.1368622843774 21.905987505480972
151.4540912461765 14.773621254035891
134.7736065584527 15.717985059035597
108.46100179849577 86.51954941546074
100.60130438097286 10.74771778274975
57.474087005485835 8.17771173789032
109.87177854199919 36.79612931778109
122.00388900618768 28.45753184829824
88.32391777275937 35.27311234126012
97.388754855569 -10.411437889922826
101.96614315424976 151.89205215155178
109.24146647444742 19.411822114045517
91.13606525224807 25.773536958013942
105.37775951178578 56.75912025043755
125.2231892900489 84.52985372366686
138.82181877398514 -12.211218164873323
62.48431286266304 10.208553214271154
92.8201002476892 14.223628702983863
122.12208538677253 -5.090209580734906
99.60830878389521 11.864256940529065
94.06370240062537 19.301042097927354
122.05170819887172 13.122071810485911
114.86603933409005 -26.325353395705385
110.0469827871136 44.479817969598386
115.25506648268362 73.32098890650416
60.17099078575909 139.12437922077723
135.23718373271987 18.550594471814094
109.7836372970747 16.94200706667217
147.06463624616026 27.269736168498866
111.5766136725217 21.478066938116992
78.99450123875087 71.62916920173024
