116.39822857512624 -21.222057974690628
133.06078486956176 61.034926095573134
109.9830517218591 150.25389316084522
28.482518263426964 40.423036181324505
87.26195575195067 -66.05725193750295
93.50422296094605 129.94186869086522
114.44045511752591 -7.998766134024238
117.65979171589441 36.547289543990864
126.66106656728823 26.27012256514646
100.94775971517144 71.37259637197306
109.31096576408868 14.936841316472787
106.60670605620862 22.257640246718427
109.55408927968729 25.519859386785562
93.7886755910424 126.56171267486565
83.15761357679212 42.81049008308537
85.91830623484863 32.028836973220606
97.14052900095523 -14.28951375047179
104.67916633129916 23.433587620454475
104.71975665497322 76.33468602000994
117.77144074316477 59.38673482403473
95.31731712245667 83.84991595599881
90.7376858776834 -17.619343889608285
83.60949891320557 -24.909224930466824
115.83587281452262 103.70331171121155
118.44730478716878 43.76931723600693
107.05570931279232 66.43361646493982
107.07540228347256 13.274007639834354
109.5123166616077 45.0020052320578
68.44887851382632 122.29352546155368
108.08576488709629 0.6337312763846727
98.54709253694597 70.777364014101
109.7482454787334 20.39791783579368
125.32557472908218 44.081082877866486
117.7709945348585 3.5336457439073614
93.56292620009108 153.95278940278965
104.47814026626214 95.07450561924972
84.37356837304074 83.4011466415394
127.86572520280389 23.863927164148798
131.21913129043372 50.35324098162976
128.70811108019527 18.59959902026982
104.95127524836155 18.641625703576842
135.0733511331805 130.67059438996137
67.1544091816975 19.174241181295468
81.7567221430462 19.88178596771802
72.10013686479196 2.3057482581984328
98.27368055800605 67.85243266494466
119.38736908429931 5.094660258606185
116.54997407855005 31.53700311002604
116.76589005950477 21.49761150983101
105.94644888067917 25.13640494862476
82.97898509423956 14.646167299348399
59.95310929872466 82.54447477002313
83.72115903088597 38.333058876255606
91.70783986950885 90.37229474650171
121.8673554947883 26.07947520177153
106.96865955878594 8.33234012811659
112.19599483743157 73.04298864471554
120.68813924723624 4.313227161145685
113.74035009743989 8.346349959587
107.83449561212282 78.13313438170431
91.02435116096358 40.03207243374696
140.9871928693307 90.98234359091929
115.23663895508255 -3.4394537323953607
133.00636011956635 57.36361160619079
122.78116223643366 13.434061369776831
90.30050881514167 -14.291346799891244
156.317406297173 -13.540284470983494
105.87164215200382 18.363222829855914
106.04669303414478 7.132571860670766
93.70467756522692 40.77225460389568
106.35806300577661 47.25400116541914
125.3986400472503 13.025533380011622
92.72820823019596 11.14865381970684
98.99623639633018 89.14190941229745
109.52726327721889 13.683848087912105
88.18952903710436 66.3315026499507
131.63491372382796 125.22910662206773
123.26190389343833 156.143195852332
158.79974087542357 62.760214789861145
124.76784722493817 51.270858847631054
108.56342663959636 75.02817641849383
115.59085830659423 100.92981547780953
115.16975446238519 71.31220639896135
91.00468163715549 91.81112993494666
84.82656912387492 1.346143927762048
99.72200860377573 -6.11764784559156
136.99150213471506 48.783517025140405
105.61043857769721 4.5417588000597995
123.3361788377907 19.42915288765172
113.06769603253666 -3.0618537181567467
88.697211659844 15.122033682253615
98.49983923399972 134.00089156674588
42.69956157257141 15.767869043916745
102.92477114642708 82.68338670023853
106.04527025862924 50.12728316275617
130.32653865013108 33.74924325089839
102.42154031503097 156.19683598107548
126.35132622336285 83.04108150207118
111.71087368648087 12.513924144318626
104.08827446804074 62.61333926375521
123.19540553154623 4.600616937145395
80.97219906857218 -13.107543961368009
145.64266823566058 18.298907669726166
91.27932145870105 6.989747361675714
103.69060765022415 144.51926273897
110.2369065215903 21.79243137766716
105.38277222204977 16.71779568283275
136.68353194020935 156.842059870185
80.56023679804933 10.20204045323096
112.15748995083536 19.71577116989217
108.89299732969477 2.796036539840863
112.44841218540572 20.48173915542309
128.15611646468406 -0.09552909733650106
86.83999306868644 23.959390451554
130.62978443579982 75.83664096129694
106.08313617462933 106.77084080025453
114.64715795456651 17.703216988020834
95.2531284582596 68.72057258935332
104.19573091517451 13.099654557559331
77.01712814094081 -4.879894609707538
123.04252871304769 20.25508416732687
111.38506080236247 -8.120416417147428
128.7490034172672 80.73533012385298
122.07563977243183 49.60619900455823
107.16502620403531 31.480510502931068
107.29669605693789 63.35130141741711
114.3238761565153 20.55784064678476
153.05372586837487 70.18486274036633
82.0867079263824 11.55549907882631
99.23519977177699 16.274978295869925
127.48166632146996 46.07005604586599
108.68569115056837 18.477539346070927
100.32620729367468 16.581271891567614
108.02523776928606 25.304631043881265
156.11335244953838 94.45236606211932
132.90915510357544 14.645275129988256
111.94491920509483 112.46405055826052
103.59578292994902 44.19248504173552
122.55852979753693 15.70641187099497
103.43895889259598 82.51060050503021
119.71705942358471 132.62626258466645
98.3335899364137 38.83002494398922
120.0219282999515 17.090801889297936
109.05096114253648 -5.763225268661188
99.55076341859584 -26.394461487204865
42.94593124397045 31.572926832488278
86.38549335877792 135.74986310024536
109.94683461285936 19.34329043941944
101.51657201091501 103.23403247446427
106.72946697106099 147.27743624629187
88.60319300147438 166.2258625124844
130.92491199385725 67.99081778453827
154.7331773996418 32.41414946162263
127.50089343841444 44.00989959392138
122.7514452454669 15.964327898823278
103.8318450658054 -16.32006578654442
120.52506531460678 120.74221915802234
97.97136584278311 11.956945656658796
76.11352748649568 8.853076836110937
125.64091161869734 14.20093985055087
67.57289053488738 108.04375551083581
153.5194324430359 118.66782289911569
121.51171686745889 1.0113975786557972
72.60140728481207 22.47995520030822
102.09557831025187 30.441245776394794
107.20673918659277 66.51663257718009
120.59211414309515 1.8367720595107215
114.49750938392944 9.053229625676845
62.30543846331704 -17.4959707860119
128.53175741499203 84.54618520345757
74.26245212717937 90.30570031744439
128.27786005340428 78.05245144883658
106.20157593964406 90.985620578009
112.00607939938173 67.98363155265612
110.10581902182881 -0.30620659563987296
103.57359884085223 44.765329310279775
101.32494542398386 17.61935211958619
103.03153361960202 6.908967289736217
84.01356422128293 179.1346763862288
125.0463547279226 20.039327290936985
107.2952029543802 3.841917981889111
103.57279595242086 12.184223045346474
98.97844734069044 11.881611210869162
110.74062158127816 161.8394147974585
96.54239234653869 1.941200824983588
104.27549645089923 10.627529502152402
112.49744890973125 31.172683632632108
153.24453468686482 137.79993701852632
100.31404861603134 60.31596221865628
131.62998040986736 46.48586735398119
134.7229321945303 45.52521628166744
135.33151573225246 15.034753249585014
107.76361559014283 3.887726366109435
110.07415705014965 26.537349192661804
77.16226651597717 29.896688514536955
84.85548673333616 110.5967667148528
120.93819863446862 -9.06069863209799
89.37381180004027 156.52588985793307
96.74150949445739 5.030913672655756
117.30953597589627 155.56052652106737
126.39003906006893 5.6301781737380425
90.16584876061816 -5.244641467739086
113.04938986700962 5.638220875201913
107.74463131055583 21.126669356866596
78.5245472486744 91.60182853177201
107.52258944408352 14.424700296901024
96.24429232041886 79.35404461647204
116.16773027280104 -13.677550650625268
139.2031943170209 146.20942883149462
112.75891366367536 4.852663093013117
105.1450840442659 14.869751067513745
98.47966221613369 63.8318228188635
134.76764332025192 111.63608681047383
97.61289489312838 4.008982384473187
79.88489758845714 43.384666925948004
94.80105670112327 89.1371013954445
118.63721951952408 17.864572362290687
75.63516025085981 91.88785877717257
109.74184510814494 25.406273653852995
106.8771726633355 -4.800967235996547
81.42183906991767 53.20340810264575
99.1813363725889 53.65733068500001
110.41001302370739 1.4954101442715568
109.01046864112698 35.222426428418515
98.15286915210248 -14.621830435084435
113.94775317509088 153.79969594594263
108.5465070466724 14.652774325385314
100.35436136970569 20.020868059529427
45.9819373661713 108.71407947740595
128.27149732829773 65.25675845436896
99.33219120458847 2.4069964603587612
138.81825071431334 2.019038106396747
106.55041747594436 35.20500694433175
100.91732548546321 82.22673352016791
132.08045383120563 83.78420878322773
97.81134284789461 2.3694691333675335
99.76319441497218 19.911820151968865
85.12887203191079 13.286793844315612
134.5084042150771 133.23559050756376
104.7419811825093 -12.285383088347015
108.37412392674207 -15.081108487535424
112.73618925149447 13.540346008011069
84.33342057539677 92.80348470631684
124.55328923637394 3.0979095844020055
144.01630695980828 28.154559438288565
101.1353560599027 11.24734474467499
111.97252701862706 78.7024385013834
113.27728518234485 19.370323377054795
120.99838292077878 -0.30075558648318934
106.35310406109423 12.922294210392552
130.23565798576092 132.78374888981674
107.74592152703414 -51.60181399767619
110.29279151961371 127.04518579894818
73.80641124606161 31.711925554894968
94.7277075184806 17.363419989368655
106.79585667724731 11.439698141780697
124.41138371621714 55.603525338692656
94.11105994843533 15.874260956950968
105.2086428165118 60.93187111781071
121.07300086045234 17.803318105829227
108.22274292766338 -21.554975230982212
111.68085995344357 155.75479450542448
65.29330634740492 14.43958262308161
108.9184882019058 56.74659084429066
105.98626352065897 67.63468274357037
92.67342562319222 90.34631261156746
93.68707413959923 144.78407365910812
68.87088836806201 102.523339268344
119.91246174901575 21.75820288366647
110.55662783232921 1.0563862938619144
102.11743561798141 24.38980952662707
109.41733722509096 17.30191233419934
111.57709338639606 -12.750610916833761
115.12569147647943 22.59368850835964
88.59245421140663 42.41427051982221
72.88612292311686 62.84875803508597
114.95976785217076 7.146818349873444
130.5326865928298 6.890847492304469
107.32805307185177 9.838308650922492
106.2782566122033 2.5837421142716
90.73283837972201 15.406581714536241
154.8497884472092 9.896816264489003
65.05203193183364 88.33844151083116
94.22282852848959 93.26299173387173
120.054390213409 28.468685922229817
113.25091839831234 31.506840755578413
98.26247930973612 18.437010470303427
123.07317736218447 19.702693209051464
118.59026665215475 68.2067912207765
52.94937772732904 19.50114640997619
147.74464982190096 16.76398937680563
128.44160228784784 17.399320631192644
104.20470719126052 102.07869226497074
103.73336780012971 18.00064881121231
62.324950377930605 15.706095247671767
109.84570789115017 32.9894807085154
115.53670252309051 23.51212175270515
85.05226730520084 38.14628708772836
93.9506523176802 -11.620475193243257
94.72677561485818 154.59777231306978
112.42419623925521 18.650364529807124
90.1500253336921 26.350198150289394
105.18714081232315 50.367587394953674
125.17101429061638 64.0955866514492
130.55968437060596 -0.05739796388828866
63.07127950955581 7.80797783485364
91.63904823564634 13.624220271598691
118.14850554837066 -0.7704482911012662
109.88847726965643 9.861958699847653
109.85873011297058 18.548961137478557
123.0769578099753 11.026070569639495
113.3648476753414 -15.155322610364788
109.91556365045857 51.53729277669244
115.21202715340259 54.34067285972138
73.80188441961005 131.14253959838587
137.5821268164471 19.42794546713431
110.193131047071 25.533041727855867
137.024381589497 24.136833951360945
117.99415996272995 16.777447133143347
82.31714988538154 70.1464092919774
