114.15561222679992 -25.410102368360953
133.39293706189417 69.60784483108695
107.86208721379619 150.4276401449317
27.311768990282594 44.42238831155497
85.98644658470309 -73.76581904016749
96.50670065271359 127.36108260636465
113.63993213134893 -6.985212949277315
117.19461895622014 22.187209716761153
120.7346769244068 23.372211894614182
103.12437221221569 68.18285270492163
108.11125083024476 12.84898383121673
102.43284817210991 21.040679283742605
110.06166045021396 20.21092229208587
99.23622011701056 119.96965690357247
87.24959420029602 30.870808642070852
86.05963984302417 31.709332414608724
98.10268509353907 -15.11171011917671
103.77550316749338 11.411130865250936
104.55129096447915 65.98715846826939
116.4398925822094 51.97047371897936
95.25770966681877 75.55809253098413
91.3448229566381 -14.229452735673656
86.18144462505788 -20.20185846754741
115.59910175829077 89.71053000148468
118.62644145579381 51.72711807816811
107.50840591156182 59.21901873023864
107.68148900532195 14.440302855888259
109.49103834066361 38.49126564590888
70.14682930619679 123.94779855612697
108.14945501463042 4.061682622495002
100.10290423451099 66.2093806433135
109.3064558359533 18.587118208343337
127.73433085091945 31.99796297514041
120.60610125832662 0.17952802063474205
87.79548908737345 149.5276389402127
104.43383334012461 84.70039667560084
90.26131535175354 75.38769157974984
128.61114564152996 21.69440007680045
128.9010834559674 50.88341145476201
124.18084044218185 17.068088937521672
110.4789493733477 12.11480893725414
131.41429509573888 136.86547080866467
74.22761879372487 19.556368301643168
85.04810668676491 19.829101328344386
71.77681122864676 1.3363553315244605
101.28727296396299 60.908305271378104
119.87827752146333 1.91297539400185
117.33228627489969 34.50950544607753
115.55056770026586 16.371178676498825
111.260186089918 23.61754338647051
76.67925192978883 12.661766488566442
50.262508728876355 76.4792190405891
85.8528008396395 42.828504043574505
90.94959342402397 93.92526823747637
118.29207875483858 16.713501199344144
106.91554921935543 3.7035244233899736
108.8588787514017 77.87488272427773
120.38361402960706 6.7525094318636665
110.07302649872385 9.536849747311397
109.48520196301412 92.0740509863932
93.40831425003286 46.106875841871386
141.05365794164837 89.1609680609904
113.09588666441601 -1.1723815838309735
128.9571919074174 56.76260653421206
121.48380590843844 12.804769306538274
91.47295113822608 -11.430591434961684
155.9811069731638 -15.778981172106842
104.72576691288025 17.264398776456304
107.63086070988422 7.998189330796457
92.61761738616963 43.868154976313015
104.57682094478317 56.43666129839663
124.19353193407213 13.581183032035447
93.01400315295342 10.16273657553086
102.42006801381635 82.76255964687128
109.80613381798479 6.23448302461658
87.95136525854745 58.42285746791763
128.44866584040048 126.83215587682564
123.75878100150291 155.1840220837132
157.27146318735245 59.27950551316944
121.04005353156678 42.15572074375464
107.84436026512215 69.83625640134535
115.32664806382991 107.3237217117154
113.39100150173527 62.78400887017793
87.831912967889 82.70444740756884
86.78812844414738 -0.9329757608946108
99.79639907081297 -5.985879692571041
131.93378457419792 46.731839415353306
106.08355946934766 7.693731801818637
122.10929226075378 19.46496604510813
113.33845635485189 -1.9384805387460846
87.07577175133117 13.001454443845628
98.64230349891054 132.98749156292982
43.77204898324549 16.667030291807418
104.4148043849566 77.09570377951795
110.24990260042875 55.80418274916171
132.40072011998006 36.238167486877636
102.9595608511528 154.53308210079288
122.22319485670735 76.5358777436687
108.9407359764403 14.364899808037935
106.10802434340614 53.36316425793877
122.08003666476644 8.496128772096746
73.6077193644431 -26.370734474829433
151.42515421616667 18.20827561074413
94.52232815773924 11.068643597590912
104.46300673716138 141.22914728403111
106.41351533456786 20.0220163848605
95.4015324794924 15.798113433733985
125.77174252449086 149.90306966381928
84.93355851850782 3.0439548715468216
109.89921741782939 19.787665966576842
108.88041450688984 2.4946842351938203
108.4512615176646 19.03998380324203
127.40398819944485 0.8362599655454275
88.45042374690829 23.710573243624058
130.57561396371506 77.16715589859037
96.8344388132444 93.47966977775344
113.6656028101758 17.793059684853258
97.51085356409601 68.13375749164672
104.62364672971485 10.085068529898187
76.074029539725 -4.963014810099694
122.3862427483574 16.30531099011774
112.06039882786065 -16.497607243769906
128.11675583624995 67.35065861482823
113.55764120465629 45.464360526077456
103.66159965234877 29.85455701447956
103.18728701847618 55.40277530156179
109.98806284216053 20.4675547803344
153.94385668331267 65.99854650114109
78.8070331918884 10.188415930617266
98.99516278311444 16.78433002048819
124.97155192955817 53.219860283071654
106.6000992427467 17.327641142701356
99.70320866369129 13.393189905786313
105.50065692818359 14.933529155381285
152.65612055951215 104.55809769443312
127.8862929367673 15.287037474818026
108.36040411486309 107.36180695666897
105.65218480304299 33.64385075347625
121.60127043458814 15.488820670984225
104.25488519863063 88.17880035079308
118.04519944747868 133.24551668826535
97.81614993364744 46.91604594279457
121.1334001942382 17.1122934909916
109.16963131538037 -4.445810276885401
100.21777040526278 -19.65387205232156
44.61879383365437 22.046749357407556
93.26625708275319 138.6227711301927
107.29465369922642 18.262789807222575
104.36646433501426 108.74896402813052
106.2832090941803 140.37259596856055
91.81655176342979 167.4924290612375
131.63074579121786 58.72507418294813
150.9699569665463 26.316603495593398
124.67896609668068 45.32612212322843
124.80252033854843 15.625541379844613
105.39190415542848 -8.921730110614224
116.56465904984083 113.5263538363757
100.05113534730953 12.847296068608145
74.80392090658657 9.365522459888616
123.47524423754172 15.870515872163049
74.78095970932057 106.63048158162447
151.84364113969207 121.49440166456917
117.4577350797619 8.417151652864593
74.9945274704512 20.82635777064924
97.6284549707724 35.525931244511376
105.38696548077483 72.84863780774096
118.04029465037075 4.6175754651778815
113.33897387602507 12.3997729137121
65.6998862331465 -18.279897973112384
126.06032575873066 85.30783407496745
72.25205517726056 102.54255271968609
126.68287781240916 71.14808908835752
107.00115678170621 95.53513271959773
110.19847928629513 75.08358023643015
110.12892304352533 -1.563700264115708
107.45293763979198 39.97044921694076
100.515820802439 16.659926244589762
102.23984398431422 7.172851197012379
86.35829108181616 171.54994628481867
120.27759966222202 20.024632964989337
109.57518391592436 8.974223643745152
102.83530203614166 12.764666452192673
101.26508092622691 14.191469665092116
109.78899723891391 154.6069660133455
96.37624379488747 3.2880439745435224
105.08919909951214 7.765496991327997
108.0995094209775 26.442499706896204
151.2881057692491 137.5021481581246
100.82658439446897 59.17063358027452
130.0705008720469 44.77293633347344
130.36397318489892 38.3200020009418
132.1546712671514 10.775161409916873
107.902855407038 5.8052518387955105
109.8585636251884 23.93414405002764
82.57782923858406 23.24921167111636
87.87961892826372 105.08640282610307
116.43708186716603 -6.30454819256892
91.1416217227463 154.67812377271494
98.52574695918118 6.659188663497452
111.41834032529448 155.8345911730852
124.3185998043308 8.338287417880567
90.83585363485683 -4.089435800762705
116.06943309065447 5.548670405935137
105.72302236227392 19.00751029686258
83.94243670797376 86.29960284560265
107.56281199663266 12.641984677872856
91.91075619301373 71.76783359284832
114.30322364128206 -12.31883080533684
129.0979162374126 150.48007185651977
113.31136934227032 1.1256811288199717
104.87475307328747 13.106421125227637
100.7074018088882 58.2795795553818
135.24973033623525 108.62135448727034
96.53547043759211 4.289002943373222
83.21192401501527 41.54184136556482
95.6940676204206 100.46134600218417
113.11130263301457 16.073093071051442
76.83583021956846 81.95622062630031
109.92710121234745 22.578084251169674
107.06246472835484 -2.7296414004193084
81.66103460325091 59.09957689465538
100.87521987458528 57.03555849597686
110.46009873853168 1.2437337688427161
116.43053282337836 29.983548141552703
99.43927927939372 -12.992511416119315
113.02599175925955 146.08232738020982
108.93059959532215 12.199793957732593
102.65225872341168 20.35693898933783
46.18348181591851 108.64319476719922
127.7361606123722 57.04215848241397
97.77954599921848 2.6216969425776484
142.45489116058525 -5.044807898621176
108.74170127185509 39.34775422475137
103.51359774227257 75.95474073448179
135.54662916532527 79.41492743842858
99.27903742226347 5.408632196173712
96.7360528496015 19.715086749052933
87.31115873086536 13.532194218011874
138.02673305485357 132.2885752795783
105.3679206962556 -7.555439101448918
109.09135787288297 -10.584084966906797
110.44983674050391 15.979479798887303
83.79188236338105 84.26807502020161
125.31818491787803 2.5439740656283356
144.30879964762093 26.349181235203194
104.93392862285985 1.7419135038706548
110.89659725498147 85.83163815732854
106.59493109711 16.95846156557012
119.75415889179558 1.9841810260874433
100.54205001594337 11.739125821778268
122.30009476995907 125.65537955488412
107.81002938016682 -52.140106871341985
105.6519977784398 127.26670253744514
74.23574742119494 40.56217279930381
93.58878743027647 17.523856655283236
106.9237801019212 10.30721913669442
120.14136817082976 54.55095422861893
86.9372675657466 15.665431000932186
105.15456519552536 54.191332975449725
118.30696107148742 16.85156799279041
108.01275830964092 -27.64104918595159
107.25560087383727 144.38467050339952
74.02736237261132 11.879507034472299
110.47194149593247 59.85735489205348
108.46115115185741 79.87522296532072
93.03870883823669 82.1490700119895
95.62611707636479 144.6531297020351
69.8358880615151 104.26327133871857
117.82269507839179 20.926599981817958
110.59266783164698 1.9394766417275586
106.13774698297414 22.654422203256868
105.46435976188594 16.278629749334705
110.52296373042529 -9.275181846819478
107.07664616266898 18.156241208205348
87.64186375647971 38.226394546119494
75.46869238677593 67.01607898985903
115.58481182820557 8.94321964409171
130.6171394078246 8.4023484516639
107.16256562349108 8.965778692626373
107.98443595050699 5.58986532383388
88.8881109872823 12.888548793986418
149.08623905380654 8.817713479688896
64.02053790204982 96.05664272659878
96.70179032373596 90.79244156912775
118.68194024379278 24.125769790293177
109.78305009256935 29.562385941210195
99.1987158701732 18.59737853863604
125.58956909930876 19.720636101172314
120.34659120911164 73.07386894102282
55.79782615521764 19.355864267856116
144.15905628828904 17.88352168262104
124.22951340230513 18.32490726549209
102.44248688875423 107.474807783735
105.65041760579871 25.42340426327687
64.76175966109825 19.66498632187156
109.81526478264882 30.443770873996364
111.83336491311593 20.735076994377597
85.0378989881851 41.28891041482582
93.25149538899579 -10.420157446478056
91.83389831903466 153.71392935326693
113.81520682273657 18.29198674638733
90.6158672074116 26.292526838524594
105.4018741144979 48.786728401374226
124.43775829547059 53.80252831861913
124.79819979327787 7.610732862213968
63.66260306973977 7.354971796200093
91.96101939071058 13.552187858204041
115.60159006132818 2.4922730747207553
115.17243429708519 9.28967272318112
117.89682938679042 18.203335828795385
122.95523526475878 10.353060266886004
112.40795402255517 -7.913715179007928
109.84144772948322 56.21404991757652
114.86002014690276 44.759612465085894
81.06285782773386 126.13951436472534
137.58141867225996 23.028313250761933
110.37894627826041 29.512369512962366
130.6439964277821 22.253197272420987
120.74596294945896 14.529267693439458
82.87594505091973 69.23466361926302
