111.69030195574176 -25.591497812177295
132.78065732136244 77.89575585349347
105.84186726721923 149.13333351335223
27.886714989912484 52.79467460910616
85.47919638869298 -77.72747569255067
100.00437605126525 124.38282473937726
112.67687807799513 -4.722605310412655
116.35561299332038 10.207352442581438
114.28846672389314 20.29853434210031
105.56288656083447 63.982746802714956
107.00699051585877 11.13103148913066
98.63840827912678 19.734749627491876
110.55127962829287 14.860687028172363
105.04174443047377 113.3401985097717
93.01978470671344 19.514776411654633
87.53154675410461 30.921184604189225
99.43432779742216 -14.675576628845258
103.13149512143586 0.7155739824059291
104.56790001175852 56.71361144484186
114.79280329556482 45.741486245094485
95.85555132049264 67.39532649799642
92.58088831873607 -9.479021048909335
89.34845516353495 -14.049265169094632
115.10532236835432 74.73105364240901
118.36195216507957 60.28443059448084
108.03994887386717 49.67549137575174
108.38392095982744 15.760582187740791
109.47201288272689 30.99959151161498
70.86814410995848 125.48937117298325
108.27284107978502 8.401922609606357
102.0410815393552 61.329436927650995
108.87713089881187 16.809594829373435
129.20240644964466 22.796006331993077
122.95792634318134 -2.6837954938496438
82.62550955297033 143.74008885866388
104.60525195753989 73.99667902730553
97.01780817332396 66.8911399998723
128.66696052531984 19.379710405199937
125.74701056289857 52.08342597864641
118.87047914503442 15.61526915326
115.94660562082521 7.1109090913437285
126.91455710384449 142.74958424933095
80.86604494053896 19.917707263890616
89.69877359557391 19.748944014116304
71.31748786975238 0.981089397598208
104.55694762167006 54.78424285810414
120.03705923234688 -0.46184480117193694
117.66780286637437 36.809114861959415
114.12271991424377 11.391898901952096
116.54982930571512 22.93485931034089
71.65676011926372 10.991824920152414
41.89462093564465 71.44465139917742
88.96742377033924 48.14593903383122
90.86796295286987 96.54099262476551
114.37483261137703 8.744078152857611
106.97434501974153 1.5896469777849198
105.54366013247532 82.52355940059738
119.79803282418155 9.617590708146752
106.3836467634138 10.885734768293252
111.13963077587613 105.00932720483162
96.68956127321908 53.96328983050824
139.3544435360084 86.34947549779204
110.7903636724979 1.8224808818355511
123.87820705176 56.59965927428883
119.96245906512799 12.408879668375036
93.32779674409257 -7.3533366030048875
154.14103925643317 -16.701444124988722
103.82145432122749 16.232389871574682
109.32833375848124 9.313421970860237
92.35418096253606 47.1729136347852
102.98827328442236 66.3659651015175
122.67030329495621 14.323372911510093
93.88002898959017 9.5086340360121
106.10117900750227 74.7581576044264
110.0809516214272 -0.679753419069625
88.61537945783739 50.55532822849184
124.12580020051922 128.19115896243466
123.64530214972655 152.96374382398108
153.32839614567996 55.79954406146073
116.9173409266121 33.86312631050004
107.21418321200372 65.10388673411705
114.81656280638146 111.42815825195932
111.43759555141797 54.42898564273681
85.62747259216901 72.34730551717408
89.49877205834626 -2.144388946385521
100.08596324693322 -5.37187324764087
126.0417834386515 45.66080954210654
106.74226918082437 11.346118048950675
120.34190779944996 19.492574344012638
113.48850981941051 -0.053163647492103894
86.46410333447047 11.087887805663927
99.19137743303872 131.3602634254734
45.94722790511606 17.613198881677683
106.07174889005309 70.25622374135159
114.44447913780363 61.7694187434143
133.59869270438807 40.24834914654869
103.74820595846292 151.84543715622746
117.62342028740908 69.71824654438201
106.2088759373049 16.4389443913531
108.19845435575995 44.79452104629311
120.49708816066051 12.804575128287471
66.34929333749864 -38.45872232886031
155.31028195831541 18.149711929845335
96.52297690181008 15.648733891215432
105.46874182111911 136.91447552747988
102.73556119503368 18.224311893535347
86.00218652368517 15.002355299410345
113.47574502973833 141.7594907823049
90.70593620754396 -1.0236254866002457
107.63802187302943 19.85456245864744
108.88818831331508 2.6714190545456553
104.49463406155603 17.607348707553555
126.05932754588642 2.498535828336029
90.82382618062417 23.33013355232957
129.63456347530425 78.2885040053643
87.86164082001902 79.71076445056251
112.5480114659836 17.941569456528793
100.31666395087395 66.9262097849935
105.2181254495239 7.41300644533977
74.00430351468951 -4.161755744253997
121.03284839092495 13.54192660559582
112.66587390458527 -23.628892511692534
126.6039390137888 53.47863369937599
104.92660843583513 41.71920645260519
100.42379079394682 27.604137209527956
99.40835975189219 47.436679844221985
105.62784675853055 20.338503232048474
153.3334718160106 61.84064129713441
76.96087967917295 9.222636237144538
99.19693705460372 17.4106005795258
121.87609431447358 60.961545837914535
104.66748898083691 16.245741280339438
99.42858504372349 13.69419857487641
103.1652196881782 7.6434671084457895
147.52010324019727 115.09312555759905
122.29773193845233 16.08926657267363
104.81569459923728 99.98107269815166
107.90036528366738 22.343358661578407
120.23353145872389 15.453228792545989
105.30165498557687 92.15073198878738
115.85309327313922 133.41848123397736
97.6455426871394 56.34259843379921
121.47254958037698 17.27096009185615
109.2989472626021 -2.4730395538608505
101.3015264672361 -11.623402732146847
46.60349609230106 14.952966829969606
100.45814420985884 140.84767369960946
104.76765583732725 17.206529073219293
107.51541657627523 113.40057909412705
105.98153065816204 132.20238588865897
93.83345946820815 166.61748675614788
131.64706716693976 49.42980819542502
145.52172974203106 22.175026891946917
121.0545537587668 47.355454257946256
126.18146395418113 15.44260226842455
107.03072377691826 0.09745710077508107
112.29670217882368 106.50695204748529
102.52813401101784 13.927383917700933
74.79319668868598 10.22225105375746
120.46260751768499 17.665683212001756
83.19484022841344 105.87947756372893
149.29416738609402 124.23710297686728
113.01216924362681 18.71055054174617
78.58059118326362 21.47879420392904
93.67585018765081 42.5209424853139
103.69635186944159 80.14548360585586
115.28940416544395 7.851691138574815
112.00331893504315 15.943802808762015
70.74880852680836 -17.758079025197876
122.63113289822924 85.31288814668888
71.9690694332077 113.289412953245
124.39091004946694 64.71544858658574
107.8989236172619 98.61034197814155
108.3697816780366 81.56275404934881
110.1395480134342 -1.9580712779628753
111.37395033078799 35.549278751731634
100.13510494365192 15.85148242142849
101.64944048946874 7.929373362681419
87.19413601593206 161.67227050540632
115.08288270030314 19.982524451172726
111.86147953650111 14.389684348452283
102.41146205289887 13.502819652928443
103.70624944826008 16.70642635949157
108.81761077647 146.01909746222213
96.77122699645119 5.183338181191371
106.07173133054226 5.4265324773904275
103.80020849269586 24.113827659913557
148.06975132737438 136.3107204720142
101.667932029213 58.675707027780994
127.79808659288257 45.06413600282406
125.41353755273407 31.481154695118118
128.0609905262319 7.011134386098012
108.10304136321339 8.139860005129005
109.63929709448648 21.08273549473528
89.12344502743936 17.6716053038304
90.48434962815972 98.97721717596419
111.60464593320609 -2.441686917016723
93.79702447290009 150.8222999589742
100.62696600374792 8.68273065708527
105.45158955397358 154.79950178966934
121.7128194295566 11.51083376309291
92.56854841890846 -2.061902310181095
118.95997367683313 6.273848586096787
103.88486891214404 16.879780842003182
90.73116500298318 80.04442184063807
107.70816521922185 11.172463829881105
88.3778239106887 64.21759230516581
112.26962780975997 -9.59878637388737
118.15690271130785 153.62617626743435
113.66145096918625 -2.144530466575425
104.79295783960569 11.536346666025581
103.18730790141343 52.877076262760596
134.55067975675752 105.87772028478571
96.05851572321127 5.254279100025249
85.65527747891817 38.71916526318149
97.31109980066826 111.22988614383264
107.44315660305682 14.420568652152955
79.41837029127821 71.73138684511682
110.10103487497688 19.59541817244453
107.34891801401567 0.37078778063933826
82.93192477728877 63.987042789567134
102.85656998518827 59.880569749608966
110.4943274993495 1.6275871523159704
123.73483084401033 26.664576620662555
101.16945060649269 -9.69289078080604
111.997811394613 136.9786721269644
109.36163103240384 10.08969203185739
105.30861413767236 20.647358629105103
47.85226900830194 108.88388878804578
126.35340208925912 48.870941301589816
96.59887716937455 3.5161338254646277
144.96724573972733 -11.502164359153577
111.00602347579083 44.409137776737616
106.29889719513234 69.19968409947269
137.84257156812066 73.65921905728038
100.85420584040745 9.076431161576838
94.25936874305035 19.507159389228928
90.36344081048858 14.04464393559475
140.54045457818614 130.7087366433066
106.18417280927495 -1.686379690604051
109.81977623917554 -4.449982545625396
108.15947910427458 18.49409056950511
84.61280054136209 75.01719411492269
125.53040675372478 2.7731007085841117
142.7331470199111 26.81902838182421
108.89959220321388 -6.9015600397744405
109.77890524793433 92.29538813660409
100.03696045511913 14.639149317448132
118.10423141101016 4.841772054917451
95.16344743356248 10.821191136576907
113.73973451219501 118.23254375616821
107.92672933365898 -49.964529794269026
101.13882474105469 127.10564743932908
75.95921862796745 49.960128702866484
91.61494361941142 17.733481083867265
107.1370156775941 9.603863479693844
115.46421632196743 54.10162554956122
80.79444132508597 15.613438875787926
105.2765010748768 48.906794045072644
115.29157236445953 16.02878502629425
107.89148964454058 -32.336002153103514
103.01128915414478 131.8453956635047
82.73379231513324 9.614687127589766
111.99609654322947 62.76857110445587
111.0226770675129 90.90821273868231
93.79707004112194 73.61136382551466
98.33877687771373 143.57475956510658
71.18428282306749 106.80507708272282
115.43593967122996 20.02518125245866
110.5984609933605 3.348233116735895
110.3364337401287 20.77615785884006
101.67289133438658 15.366603042968709
109.43705089865077 -4.4850405526267405
99.08408666737081 16.80980510302313
87.55921838377641 36.119407220684636
79.53698303096589 71.13908369063653
116.00104411658323 11.173534257617476
129.8957943563654 10.32658830401695
107.07609026283664 8.539872967557491
109.80207124710853 9.421198629095507
87.87014458273345 10.5801470572571
141.25066186266434 8.050490214246416
63.975641950674735 103.87484432143047
99.96114439430102 87.81625813877737
116.95953548849381 22.75043322132423
106.30251210624117 27.25539863516927
100.35802485371269 18.781606562454108
127.68176827500778 19.719182411743446
121.73835763838872 77.96242613440823
59.55733261283836 20.80019276533743
139.66914257532085 19.04112750122903
119.38927646173278 19.275819695035658
100.89232298423417 111.07258215420066
107.73397068498352 34.11650644649165
66.95631773247099 23.567548477854423
109.77660561988846 27.580882299299027
107.9934096613149 17.885582099915894
86.00206991079521 44.30314184107325
93.23916673661564 -8.11946354198265
89.94749002303719 151.8263121505477
115.04380101711196 17.97536478601082
92.0057242635433 25.98021895259215
105.8301040449436 47.3928389338365
122.9021942556409 43.93349134553651
118.5208083895468 15.70465845663605
63.8891116873099 7.24578095533225
92.94988279578142 13.665964195727156
112.85190743907289 6.508126680510775
120.2331379926607 9.070216408452026
125.51482243850799 17.88931330747124
122.35975395765395 9.993706431020382
111.36016811875172 0.4257102277903977
109.76138750719431 62.33246833981105
114.22878491294873 34.97138969181087
88.29114858266422 120.9700594866185
136.5789795113326 28.3615079808199
110.54627147011745 33.194951620622085
123.57954731378967 20.27429051481708
123.05019276614732 12.494594713389734
82.72065026787865 67.63271239511917
