110.4070338196535 -23.091185728390915
132.17085143302367 82.22243497157243
104.86379018080933 147.9461710912461
29.041310317257533 58.024140350306894
85.6175431482491 -78.74376054231631
101.81730410922033 122.8071089448156
112.1471800404013 -3.388764352406307
115.81702228313023 4.98194426490503
110.98996763045318 18.740782716342057
106.84249542576318 61.82363678503184
106.50411177199804 10.395097757312158
96.8671299934686 19.074859341428414
110.78114887885009 12.255863271667197
108.03728103663849 110.10230295108765
96.02214049233744 14.311369428527222
88.80500191748523 30.40197659060434
100.2608774121096 -13.944519954564955
102.92920169937776 -3.481576083020018
104.62214340833282 52.30759602565119
113.83917421775084 42.9798694996087
96.43074126017189 63.4188426136546
93.3197690803403 -6.655407105536337
91.28418752165871 -10.738487426775116
114.74707375912368 67.15750025044316
118.0713396607712 64.58947012203619
108.33366637206528 44.35367674215214
108.76462155528537 16.452069769914374
109.46462076332344 27.081045053435016
71.08775709278744 126.19320698944779
108.35862565812889 10.779669695344857
103.118701064244 59.15044851996977
108.67434267525616 15.953197028935005
129.76108624060592 18.86587106851512
123.96726252735091 -3.9233588962600416
80.36777125307174 140.51719124700534
104.77083270822418 68.79789098290578
100.56648461006762 62.37806270179462
128.45206092616445 18.212967768122834
123.81582145200086 53.34348987801058
116.08851148533279 14.942253113797435
118.54494358161917 4.811288874877993
124.39553546007605 145.35320274281244
83.7812998894631 20.085118183965264
92.44362568614734 19.698387876026402
71.13884425357303 1.1268963684933333
106.28131283442995 51.97468266112062
120.02673911992564 -1.1782920983497491
117.69792282751122 37.57411759687191
113.35467116418336 9.029709555131333
119.11424989188085 23.551062489764266
69.73826164650306 10.259588043263197
38.29724640976962 69.66905671248206
90.84803691911766 51.216558753053015
91.15483701861262 97.47564254617295
112.3458235866252 5.100456090700068
107.05230109483487 0.9706530157160792
103.9634785621225 84.40932329876458
119.40797504780511 11.209343017675
104.58929335565745 11.7262222424541
111.93968934030863 110.8582283557639
98.53973334215445 57.76347998068756
138.01910671252514 84.61592138841613
109.61563247528305 3.434640657875519
121.04494324259046 56.61836772178383
119.03638030375934 12.325897882580357
94.37793137474607 -4.741553817871429
152.5916352677076 -16.61892302174266
103.45960901872876 15.747091479540753
110.19024181918331 10.130341375876288
92.5091916303106 48.92003352279657
102.31572203732209 71.28570456409402
121.75423039175007 14.764914879439415
94.6025635702634 9.431275253332332
108.01482424159707 70.53100116159965
110.21171710714701 -3.86117253775218
89.43007820563798 47.20883478159047
121.73079986031264 128.7562350770094
123.4495369009864 151.4504646797384
150.90748739751612 54.41086505772902
114.75528786679605 30.36144125756003
106.9486965423265 63.19636392945298
114.50199456679866 113.53731937612542
110.41389146225289 50.5326653903825
84.90970146103516 67.28898387520873
91.2258122071482 -2.4128111965542303
100.43121442738172 -4.702842947237552
122.96265812394695 45.401248677371846
107.13619466433686 13.229081038472964
119.32460933052262 19.504657867198993
113.50612712073087 1.1384236692292546
86.42149289278156 10.268514435886395
99.63948422743802 130.3931198015065
47.217364129108596 18.109731784654095
106.94747794716812 66.90459362684098
116.480046219102 64.59526914774823
133.74324149916205 42.66878741178442
104.22397477040124 149.94808998546816
115.1455310818829 66.48264364926274
104.8902814337947 17.531078155688284
109.25477251374504 40.75313790530406
119.54031911125085 15.065189706460238
62.7822053842509 -43.813306238329474
156.45393905005687 18.133699975762713
96.81499203223666 17.973667814023823
106.01980161366929 134.59907001519846
100.97907305129137 17.348299306304565
81.55555582985504 14.649579223059666
107.06533181773256 137.41134527375422
93.90756414991138 -1.2680010641874184
106.52927266043861 19.88534316612044
108.90589945818662 2.913234476931349
102.59841119781035 16.918759355114766
125.07314228431173 3.6642764319602628
92.36698345012158 23.08814957656912
128.90079485813183 79.09221527689388
83.57148352955726 72.5507687993278
111.93532531235701 18.03187948893454
101.82996480723193 66.63161228175254
105.59370392014938 6.266039463767195
72.53408316258374 -3.12239704887633
120.08642601554308 13.511604464420449
112.92618345583959 -26.48148947972726
125.52236758865912 46.355208374815824
100.65296161503818 40.230542941338946
98.89558313434065 26.278027429453847
97.75784313527237 43.95371107213251
103.47095452531113 20.25327761503939
152.1457742098927 59.87802085808403
76.78200076916262 8.86331219961424
99.3915642006553 17.74220925144172
120.1595660327661 64.46260868464138
103.7597928940454 15.730077823559688
99.4423667218973 14.731038304902375
102.04790568920228 4.88425950001043
144.63517891519368 120.4416800547912
119.24844942874132 16.537140231567598
103.0972373093059 95.91443208076889
109.05404042443718 16.611124415483395
119.34220269588728 15.481909227278052
105.87357380660654 94.2089251272615
114.65606923209758 133.38059167603978
97.72442639640472 61.304963521990985
121.42529133056652 17.386571990333707
109.36623854269301 -1.0552403361027782
101.98698581807811 -7.141610798578574
47.96104397463788 11.892852112238652
104.19700815125769 141.5768550621441
103.54961540941831 16.694251834673103
109.14136891273495 115.66897832890794
105.90370495959021 127.8594602810249
94.62603567890011 165.74326341090418
131.18995662312486 44.971514351045975
142.04481415877714 20.160346849581522
118.99664076461963 48.840566020457935
126.58324527213477 15.410628848694428
107.89909658242786 4.923450932313743
110.08698671511242 103.14072191775065
103.88559947835337 14.580410088416166
75.35557515461142 10.842541828695692
118.82669338956512 18.598733739250452
87.70832965034083 105.66292610521691
147.30831212222017 125.52756328751778
110.71493618124451 24.368342825725254
80.75966709922244 22.32116961494696
91.93223053698651 46.64111973377069
102.96366604458983 83.72075878534267
113.85664441103876 9.588681942169275
111.29707215231146 17.778742262367924
73.67800632905107 -16.872361869849843
120.58788860143295 85.10844418964167
72.35250567108993 118.7282331987268
122.9913645041209 61.85845694744528
108.37165179335567 99.45225144781307
107.47556867291556 84.16572784677626
110.14132699707208 -1.9572075329050833
113.297649328368 33.96766847968728
100.19832760457201 15.522229840339755
101.414212965969 8.486577083290538
87.27347455980777 155.9845766545902
112.38413877828485 19.94774454910861
112.98141644531619 17.15435075375839
102.28497223975064 13.955203576469884
104.99228876122676 18.000199395732345
108.33685860130805 141.34213391862664
97.18920151100939 6.224569632860112
106.62744416032079 4.491658737205468
101.68575944670785 23.38882537248162
145.82937721236968 135.5682560980577
102.18354042414447 58.88394782403786
126.29407010402366 45.23999216452751
122.6643190738005 28.640323259934934
125.6199493444896 5.253849821576136
108.2316504336482 9.373404508702261
109.5315998278899 19.63300375146238
92.7763905356919 15.613392817818772
91.35256406907442 96.1826947675559
109.16010182545234 -0.30363513879685744
95.39852677239988 148.56445237526592
101.80502456057205 9.808019104065394
102.51870267021326 154.06604905228303
120.28412854846273 13.259598790941537
93.73569377530397 -0.5840331532295857
120.2155773577513 7.01226067605619
103.02751335953764 15.84169798517572
94.44440715401325 76.6664904107459
107.79554619424695 10.590762334752945
86.99508279345848 60.3376032770438
111.20598012837279 -7.593015522688422
112.52735561361668 154.5242668878382
113.75234149730088 -3.497172581467142
104.80403537497327 10.775542376964669
104.45226388362501 50.12901497007289
133.6455830225009 104.71108252401275
95.99576514723886 5.905575892096366
86.507019349393 36.956132460871565
98.32047002278924 116.75016265122703
104.61093634930668 13.6498163016132
80.94309114364603 66.83476809235033
110.1838635580928 18.097372395018294
107.52556541994676 2.2323374023872438
84.04840175023028 66.48228028924942
103.87701758634326 61.64563284409731
110.49842614450762 1.9554819632416278
127.23862060912735 26.19477879926917
102.19971469414749 -7.591927898198511
111.43731709342035 132.1615529968542
109.58482279320918 9.182352438001319
106.69260424150683 20.774209902396088
48.85046669100896 109.21269083920689
125.47101643281046 45.22811213483854
96.1997844469628 4.229013018892319
145.92148050974524 -14.133943805606462
112.13210691818712 47.21766418844454
107.72554428739396 65.26839541997572
138.48219768142312 70.52346046953984
101.69664537378219 11.087893029598394
93.18633335617332 19.405556792200088
92.26906558184483 14.328645007951406
141.4432146658364 129.64923436876484
106.64797848194316 1.6781284796734135
110.18269821832567 -1.014392669336448
107.04449193854931 19.77338137743216
85.43849603009662 70.10377033408501
125.4258601492281 3.1176756077335446
141.17321466664444 28.00388588294941
110.91635575889276 -10.546961105850485
109.21584955940251 95.26290011746055
96.94811915672909 13.595706678968947
117.11846438048065 6.595935934492184
92.59523495246995 10.446466008745128
109.36466051589102 114.50938822479095
108.01001224830787 -47.97343511307232
99.06408807276122 126.88493768756433
77.49600872770256 54.61556492124087
90.17164005386847 17.854867507719007
107.26649597505534 9.40685269625921
113.06209657535287 53.90748659637145
78.17478664619725 15.631999634780056
105.41535186052114 46.77378992704413
113.72833945530208 15.657962782358286
107.8541320765072 -33.499315051932335
100.95570539172225 125.28908539067812
86.82703733240837 8.640404023140352
112.72825703381125 64.41080330237841
112.2962123888056 95.8411722811893
94.41107672871922 69.53048078489984
99.89169458218196 142.7383108055155
71.76241413035325 108.2143861828004
114.1425783612308 19.558359059923117
110.5877644836405 4.1484443132869515
112.44731130170666 19.81778293985923
99.8967340447904 14.959847296821422
108.89320551422121 -1.7801310713046612
95.23374690466665 17.261292290670443
88.07863142535355 35.31096594502396
81.79912090197034 73.20274034339587
116.08718476107997 12.426886038752002
129.14208999542578 11.40405176487845
107.07824822248213 8.516414157933431
110.72776688788704 11.566456263959054
87.59195421893187 9.498402603372787
136.92624023688902 7.766477003033367
64.74840623410036 107.96302377827062
101.79113061500941 86.11228350371717
116.00597251882881 23.304043891313466
104.5893581315539 25.951951536404284
101.09364075443125 18.882785914541408
128.49678728683597 19.715013793185328
122.27587817982504 80.71471096700105
61.570334445842086 22.093999762366327
137.14612528548446 19.623694153338402
116.80451152420301 19.751738888937986
100.22741408931725 112.74868520792126
108.79361935677287 39.10092800661003
68.10577673178159 25.455416519236977
109.75481382343736 26.048139774605186
106.08454454443329 16.471678225573914
86.87428371387585 46.20141154925138
93.6059863056138 -6.315154158645164
89.34903873202327 150.50994927966
115.63375124330965 17.83607201795308
92.86496019413883 25.68002594775871
106.11369754896143 46.74979889918551
121.87315405390923 39.217162894844805
115.23017967865229 19.852946034385464
63.93267887239235 7.329241661994253
93.70938319643133 13.805081840218728
111.45326133969681 8.811200247088275
122.60449997903949 9.052571025734553
128.92064350857424 17.738553058805266
121.97335396515014 9.899692193590075
110.81044875976255 5.056374991908059
109.71881514586116 65.63079745424932
113.8133085853574 30.385822020041815
91.48478088700085 118.36526785806439
135.55646408558437 31.7868156624834
110.62180731210309 34.868199087659534
119.8881563994709 19.27806168077893
123.95091052691903 11.630738494871611
82.32066466075395 66.97744567759645
