118.43555193500097 123.16573960364306
12.413913079288411 139.8757559787747
118.41487410054114 125.10806494563828
64.07478636101752 133.54621591003837
18.596312381848684 -2.237780594683021
92.38994146821659 109.57390496721139
118.90907964006234 -9.685635351907226
118.10952331668759 149.83194564041546
121.25391114184299 19.041732054981804
88.4257519003517 126.18304199788369
13.116159446634828 17.239878568116925
120.71224254567751 23.347017548476018
107.8699590004709 128.35332558966272
75.81153871853681 122.31087609726502
86.44131704993661 148.94500911554502
93.45264682567253 32.58027363688633
22.789811012220078 -13.823576211022582
111.87177768776456 121.93027625029245
79.11836242191472 139.32810643187716
24.763832609308327 108.4208151798446
96.50205537153684 119.02730526883416
90.27151905913814 -8.943296353856375
91.55103793425997 -14.76096519868068
119.61573251331639 146.7042928625025
120.04476401334288 137.74934883399195
18.826995582357156 146.4422626106578
74.01862765295147 131.8922620485652
109.89882926929756 125.25545325373703
65.89316549735666 116.41438466369925
107.78401311177454 0.07424621283321009
98.39597307594106 142.83875662059774
105.45353235801848 17.76075107649265
129.08302361881007 108.61214253947404
25.857862703217073 -11.942164621890392
23.011611859287363 116.21953340451839
8.518579042466907 107.23719254154013
85.35462308345161 141.13874496236454
123.74265650888185 31.085349490910872
137.61010415994934 120.65732817974826
117.57445532091748 21.680045906731735
62.05922425456333 134.1679965491537
143.91287036051466 138.0622585113424
20.752594432453574 19.055918465932677
81.40287667611965 23.690101145340932
7.712472940668721 7.001690784385749
95.57404141288436 105.42503836160516
6.06730864860002 -0.17418130204612892
94.47956336135442 142.762566196789
117.92619042107843 143.72724927490157
114.35959686917307 119.44181373565553
18.89916732629836 13.078361793523252
70.14141167709663 142.95192185481173
79.85448035599609 115.94455895306005
7.250629281088465 95.78631311089448
122.5760275064092 121.48919436163615
23.38802263713435 97.19437953481925
124.07096772786066 140.4133080838853
3.3570105767184835 -10.217946769282074
119.07804957242563 11.133579931569306
97.94962300892784 129.00189758771532
90.36612900529227 134.75606696670144
136.35415707481732 149.01924908256848
120.25605847305901 -2.2519305457461742
120.85082348539102 141.4691920853641
128.0527152198724 3.3024031801789198
94.21711907946379 -13.754081706451979
20.535784540090695 -8.022205205984227
113.84345216755455 17.965591731825338
106.49639529937515 6.905063746073063
57.403340245549046 123.98905582321922
114.51368299971824 132.02620857328662
5.048812585940292 12.495109342962312
99.79857818173244 4.448636721991222
71.90923062561136 107.99925518675192
133.3108277538925 153.7920603065691
17.6506639192188 104.76935087562931
25.399589536710568 132.722569872724
124.54350549113747 140.36021574347598
134.80879212866745 138.6109895570261
122.4256161451229 141.3241614329966
112.72588269944053 133.87828719010054
55.33960165580497 131.70163381215352
118.40538350598132 137.54446489128617
88.81269418130177 109.75599682305763
66.3046212062379 129.68273291293457
95.57646875988408 -0.877404311334933
131.83842879544721 132.21267469539603
105.828699794888 130.88160527408309
12.16309030480956 19.216543330944017
115.82514501006806 -7.061451707750363
20.749885548658998 4.697175187349604
28.727628522775586 110.7891137513083
0.6568099813965486 14.469063880475476
100.59754462681919 107.59117009253261
95.46183330379351 140.27555171164573
125.93465123856338 134.47467124388072
106.75250922642797 112.69996885600764
134.6378183903535 141.50259096562252
122.97660471215666 12.908619985964824
99.11385317755015 135.09354181508465
126.65538050770654 -3.0924361013804096
9.941470458876182 -4.3585481426340245
128.1513257749068 16.115748992789808
3.41532879110316 1.4743259722428819
101.14023625739195 146.64517646196168
114.63693310407076 23.24299038181073
25.314894357842736 10.896751786803431
11.313838403174064 147.67996124769917
89.30768289601887 135.05865765573955
118.97406563577275 19.05068685129876
3.9592401980087812 6.455656395816656
109.38604383148162 19.50033177757131
9.985178162209307 1.6434319057722147
87.41314126882243 24.43379591388611
131.7344094541551 143.94231599842726
122.75639506489101 128.24858803451124
114.85644167582376 8.831781980021026
53.09550977200382 105.65355308193011
109.45728979071164 5.033898135965244
11.754104041627508 6.353068277068466
112.05400736803533 130.7763294689552
107.0901310052798 134.93938139855968
19.216935668116157 120.46389020091462
139.62263850806454 121.32613097638053
129.25756024811028 26.026774067788484
117.9274409563476 117.44192984045138
125.96504807632486 19.271130308820698
30.459474313917767 101.49599211827045
86.10539781216971 114.60597976044895
99.67525536412302 18.035824190943732
23.568106856377096 144.88259731818198
110.44421685092237 24.511019159305267
101.08918948468336 114.56370591977503
116.48478653023204 123.7868170939778
130.58015091141493 131.28662993666538
131.73621542451465 12.224692528648097
121.05979226881897 120.70458365151399
101.08187753534148 134.3258784333183
128.90886651572583 16.16897811086787
81.13318073256757 124.92367273333048
30.132775683545127 107.69626819701197
109.10119081989708 116.47477198000112
13.550868779005185 14.568397274035341
30.471935905279892 -9.39247216786362
102.12727882545761 -13.14680638451324
65.1564619780872 123.68809369487717
71.09790181487206 108.01792700627061
112.6980831460198 21.273716457075317
98.84986581996237 129.10198123891402
19.588045213103975 118.12621211018592
69.54114837007019 134.13846142387382
127.83888531572171 140.87830114992832
143.89972516801026 120.19420361982502
140.15390888048833 132.7169502456969
10.043188984660462 14.92478387521027
100.72835426509043 -15.504332959320045
129.6939841060268 115.81325094346415
27.467614287430678 10.2835999429798
84.02151723029044 9.735150675646812
129.83100806406512 9.430638551353042
82.01681203201244 117.42800692264505
143.37653516980808 131.17450561025547
17.999230755949903 128.947048270932
67.71750371981382 119.65663558671973
22.33155963566534 152.5464280920204
111.85892959165088 122.8058681000314
124.20789683003704 -0.16819232894231467
114.91049974329752 3.6841263363886814
10.0020824566814 -10.393508903335087
139.25190609461558 136.67826211822657
59.17115925187641 132.24568350003446
126.12468690317361 102.63309498605757
18.32577340439337 95.93737871600513
124.9084420892364 110.45141263588343
10.93897753640321 9.648932049045277
92.92298066950636 141.30023789182007
106.36712832876351 16.032238477335863
99.85469943684352 5.929730891875231
20.11387093813762 147.38511104483638
128.95358931706835 10.744792330274768
94.70905636382287 -7.834501523102596
102.965205280609 9.456567703714281
92.60852871085203 143.47823922366126
110.02405742159226 121.26515480771107
96.90415647664246 1.0334415693800165
101.90859007067552 11.178330613469006
118.96752932512018 128.124179230059
144.11089434544965 106.10666302448323
99.97821342993018 143.43366319187845
139.3736723762451 122.64129185892077
135.84802143712662 129.9180822077619
110.40809934009346 20.83901931115811
6.364511130369318 0.6106538666106195
108.85830436835418 29.695769738815077
78.9383122916192 150.55185188830598
75.70175762536368 126.62293791720153
8.060556421511727 -12.80044372563517
89.52808142901738 110.01649264781751
94.31546372385088 -6.1002260077365165
125.53107417703828 122.66479765921946
8.770596643942634 -6.384273160366151
67.74778300063733 134.3339782586647
-0.08991078907718975 2.383331250621438
109.46631881794913 21.65705395124286
82.86120426028543 128.19406127218582
106.94393719542533 11.06229799273716
138.62905807100637 125.50160657744227
69.49106817647937 133.097340372581
144.0762215576508 137.8687760253733
22.89215681380722 6.356111092113633
23.58594114783295 6.071040495252679
69.38563793867479 133.52679789759623
52.34463795302823 153.72646581739954
16.559206948372736 5.2594331463852315
14.35841563676481 23.108333644462686
98.56677216084935 98.79101064551097
123.88253511872699 27.6002603178804
95.22470433960041 103.45492079311293
103.13450333999376 26.473984746747103
109.40595909053093 -12.533787425546562
75.92703040680011 121.99017549812578
98.39117002639024 147.01910588219022
115.66558971163 1.6650021692889767
91.17739102859085 142.81002509310812
91.26133282943131 1.513513597320015
113.79698561949573 141.92239499573165
103.48190836250195 31.526709886635878
-6.184441112176811 18.337034813623635
15.935715804123843 109.57240798562289
124.65399602496889 145.00604200715114
97.69023855478207 10.13003299063486
12.787125836486817 -5.310503499473901
101.77452283199743 152.50704444432188
90.8647832438841 108.32535273700145
136.42598417389806 107.58925930497351
29.385919763154508 -1.325933247280039
93.88906925239593 22.97858940815562
88.01759659895733 135.283207780567
119.68381779945967 111.44884885704462
105.73521357276256 -7.647760526634204
13.935613526523802 -13.13647285217559
123.23593820512507 1.0801343932791871
91.96721520640178 114.96662145260046
9.972802044946114 9.757263140769025
135.1220091167282 139.16776755735708
84.76380174533904 142.81187693163142
75.65618944806418 127.71191960206801
128.31815362077361 26.492617992345185
121.76217017908988 -2.1432891642013083
19.73100261275476 13.41353729527733
16.279220212439025 120.51543713413172
113.2487333632088 -9.536208762321035
129.6963000539369 121.92095767971111
70.90323781108762 121.49499445878993
11.32970280379445 16.01980610806874
109.71049237900793 3.3477942144360306
18.121176452290797 127.8241382618187
23.576014061478105 115.70236236335305
106.34084307675735 110.17256772216804
118.49051793298824 21.7216302918414
109.6162410240062 117.83453567422171
25.086075971716618 113.85896984112688
18.356133732806097 17.999265451387473
108.48234537272963 123.03945159440008
103.67804589191527 138.83728613267928
23.624098349245337 111.18015973195631
96.54961378996887 103.9186599356235
25.155622888459295 145.1637935551665
118.28922713346554 20.526833822721713
111.4457350294393 8.20698045906971
88.72842679479803 25.135787793348626
108.27917051420415 23.506359375768408
116.74788726671139 1.126852968156288
29.378411342689606 137.35882583508842
64.07319588952164 162.7932364172611
92.22644197433219 97.38875357055848
116.76212190715472 6.813227782928442
7.861941063641635 7.287229704122686
8.96403855958813 8.40832544070756
14.730739602395861 133.15743820330857
107.71407153705461 19.309890377088017
7.447957330101003 10.70943268338342
62.157044082883694 110.58608140792813
92.39339249102422 148.04293336701633
117.72884045169357 139.29054690921654
127.11585418947391 29.91400447983629
91.82742510067472 19.294819344800096
8.535099549223425 18.87092333435856
127.03116080593158 135.75628458894118
36.59913356254085 102.44220665406273
1.3776239433649744 12.404339359163428
139.38800737080896 15.976516210816156
114.49780995772072 122.06698690339086
99.06214157414601 126.83602062802865
24.460554567026612 -10.701853051229335
104.41145886509707 135.57806319068436
116.7895534158862 21.292062270007644
95.31953020539703 136.15736764314974
85.38324458299314 131.71877050721918
98.07239789221589 117.09808735478066
8.204832146757147 16.96269949859953
87.82445835159353 29.147644872912803
12.37419384224851 94.32754895267584
27.294831454712437 119.16310829452152
27.280033671827102 -9.347559925213625
7.84954235361594 5.5005774397171034
94.09838775725814 14.338723693080043
129.4240648512182 123.58717215542791
5.129208794761495 8.034522369456546
17.5136854369218 17.589051007565626
12.195483561740673 5.190712101461218
119.37098185903207 -8.12431686306657
107.35769955741385 133.9549884749264
19.876849888369044 111.1273932396735
56.84860484334099 128.589657394022
31.197328519604582 126.14272302190703
23.641207501786614 6.03421065209061
123.3482301068752 26.146077484749487
102.4299594814394 29.038772007140498
68.99199330873212 111.0258373553512
