107.8229773514303 -16.550901787851924
130.47798305417874 90.96485747343587
102.96286232890434 144.8285468349221
32.74999162982438 70.58664867052467
86.70225977540765 -76.59368532437698
105.65859359609982 119.53030958611268
111.02525387497705 0.1743591218577738
114.54331946102602 -2.4981927059026954
104.38932775128738 15.660459968173665
109.50991341656652 57.258810925513295
105.67893624099517 9.18229020508451
93.59246250709333 17.762787107703236
111.2010133615581 7.305909889009245
114.02354835823972 104.02017396196166
102.19446570226448 6.54494542724524
91.98785137475994 28.94713707396741
102.06833942533213 -11.90767273398425
102.68384149230951 -9.572271813125598
104.9620375632275 44.16032582382798
111.8340384276229 37.619823259249
97.94306960330246 55.659417748771176
95.27377057318768 -0.019193597276332852
95.79711043838603 -3.1728767717567092
113.87097651960859 52.04845361680759
117.28146615362492 73.0921172651796
108.95774549542682 33.071577791162035
109.54440098987894 17.92023104733565
109.44734081261677 19.029867024254134
71.49466928795512 127.49923310180385
108.57804209767033 15.656348560617687
105.56881214265243 54.35860496517688
108.29067712166096 14.356278981628979
130.08546179367448 11.06974083853187
125.38444672772599 -5.823299008330006
76.2362618872196 133.791836950015
105.3000513053892 58.74474874013515
107.74908470804337 54.30178535134944
127.60536073537793 15.917290180634746
119.59701566522011 56.54294226137822
110.33580339308266 13.716516868044087
123.56525999157684 2.2448757927270546
119.04994232251546 150.27356679851192
88.94548364658424 20.370822931103543
98.45973862674757 19.59081537319314
71.03264673714548 1.9689157986848103
109.83353736581645 46.538412508653494
119.8374949756774 -1.7473769637196421
117.47173829850787 38.76519954905475
111.70668398324719 4.558899567287471
123.92143933192258 26.76462388652367
67.19925189999798 9.022208214295699
32.00388043417107 67.61821798645916
95.18423386519545 57.94027963540932
92.19434554488413 99.95744016831253
108.23732047106729 -0.3899809006949182
107.30702784558092 0.2017738617713487
100.90082907231373 87.67693011791448
118.29340603497505 14.655778683028625
101.21972855194144 13.615745981881501
113.51072291011523 122.81110188813011
102.44732362617958 65.83137855339247
134.50340248493816 81.97305844429626
107.29832514285168 7.181606009856485
115.16090928622793 57.35793378186043
116.99269506477305 12.439157626172628
96.92967948555832 1.4047667286882652
147.74908233135244 -15.883588195635818
102.99370674292611 14.863468489020216
111.88977719715677 12.057109327268918
93.26870296603998 52.72163978527664
101.11047622291179 80.1266477418662
119.54528649959978 15.844137184039145
96.60330746782411 9.667521092511084
111.87725669633795 62.30844385733209
110.45714519182643 -9.470838884280084
91.77892162808432 42.02317170575309
116.539233455039 129.68898912360874
122.6203851984484 147.22781935009
144.33689563238485 51.97029357138611
110.31027809584106 23.768631817072585
106.4423017361806 59.264899542177645
113.7264559868372 117.9202034600447
108.34951260454487 43.362850707128786
84.66476725889181 57.3683275384869
95.05949632422924 -2.2236497583769794
101.3082572386192 -2.6383601395791914
116.56844697642372 45.90778884689929
108.01818095449053 17.122019990503635
116.95649591409021 19.524909854678807
113.41361253011581 4.10190274135839
87.0309932356734 8.94434458428863
100.58828030528119 128.21546421117463
49.999380554250216 19.138261700553215
108.78036532080843 60.34219858510587
120.23332065971171 69.73655042532604
133.24898257143604 47.36739907016773
105.35268811100244 145.5593672187271
110.0802030404405 60.15407921824542
102.42743239323653 19.74126414259591
111.34012941749415 33.85087564330808
117.35743728292373 19.664031585300275
55.366402337985065 -53.66508474059336
156.73891652238353 18.143634449267477
95.58955111508905 22.648376117835085
107.20266244613968 129.49487539617456
97.83531938008066 15.686478837041538
73.58792276884516 14.091741507477598
93.53050741753957 128.33483648503523
100.74161711212322 0.3720978150611145
104.41787344302305 19.925660943882562
108.95215841426577 4.021560304696431
99.06773633484953 15.614513828773008
122.81163336550763 6.324865191557253
96.0400742639003 22.52002677619254
126.87784137077132 80.82270840373525
76.16821091423226 58.29374254421296
110.64037908963253 18.23602058571897
105.13280594436708 66.03358324445013
106.48319027909729 4.5058575404206
69.5661025065386 -0.45260955029657834
117.85617869138667 14.50935211805527
113.39163929523232 -30.85831865793108
122.72594813112894 32.251151638804906
92.28978929749206 39.02188904202638
96.18422386386027 23.38887562941658
94.77942242723775 37.05214989922163
99.44812170465258 20.0542032069334
149.3124228236811 56.57424400237976
77.01632155209708 8.399611271553178
100.05462535146074 18.41854116435188
116.46412285133901 70.46782039727947
102.13974600830844 14.809711483438326
99.71483653397078 18.59200548645088
99.92811593559584 0.30370398054344383
137.3084663479633 131.04157544486395
112.81073161508014 17.499342286184365
99.85972746723938 88.49006118044176
111.37487445828658 5.300596907679391
117.31163122382878 15.666714205287603
107.14044920864816 97.51201394970435
112.06835086138628 132.94645922779594
98.37944066763902 71.77630993284237
121.04736448609002 17.70468839483457
109.50145623089935 2.636015335923904
103.59410094916342 2.656201005335185
51.289865343877274 6.94281264946222
111.88505804240133 142.53545368234353
101.30620890334161 15.75228198844104
112.39945460992615 120.27280014875883
105.84139865530815 118.86748905661041
95.58135955991567 162.90415693078103
129.5985576163554 36.087400308717754
134.08823395217635 18.11246934551605
114.55973715237924 51.42370243453492
127.11188928532059 15.486012181991438
109.709189943125 15.083426760503222
105.66946079193214 97.14876464101376
106.81021893928946 16.001757064197605
77.65055161371043 12.35905908095146
115.36666527799844 20.47996504978435
97.42155836924118 105.61193763640728
142.55836342913804 127.86265764004406
106.11663896444087 36.72435668284566
85.97347775223949 25.175992271217844
88.83028089742109 55.408095357521624
101.72352777404998 90.41872695708186
110.88162603404525 13.317272999834307
109.86581566753513 21.46059039189319
80.48139874502286 -14.019946892194941
116.19326606911086 84.65993718418008
74.05701958967411 129.5953276393411
120.05122592946077 57.118835245203734
109.35332596484832 101.1789134479466
105.77718055951826 89.69924487934446
110.13095637369561 -1.5706162395247594
116.98780786667041 31.12501939340408
100.59826452517804 14.967994661622129
101.14251059589436 9.926780510682377
87.21267181012412 143.78217090720673
106.90508888804645 19.865636230692324
115.11906239942235 22.724390952521503
102.26890092352792 14.987625491208439
107.68161886825104 20.665683399871206
107.4111802158053 131.66009778689016
98.4614998169007 8.68289571552551
107.81053846604362 3.0227478655744626
97.84104237410608 23.88295413123719
140.32949510563813 133.66154155803352
103.29625284944588 59.65226335494204
122.79733756617733 45.94973826190528
116.8637389664867 23.41015469941706
120.3766584022766 2.309400635129575
108.5165374806372 12.13917130869665
109.32749719422992 16.73942385622723
100.46535230417253 12.36645951888153
92.27954064602153 91.16982806586583
104.32748801970823 4.212025622076189
99.18109235955333 143.55986648432835
104.41179870923244 12.294147363787078
96.94492119765115 151.47351853416848
117.08521655321027 16.85403719977083
96.76927474642693 3.0936547933208596
122.32164649637048 8.927554262486783
101.58468217411874 13.856545916714389
102.32215432880545 69.2925367164556
107.99094046402737 9.525929598951377
84.89531842319415 52.10992044640217
109.02851664067147 -2.684821376547786
101.23521454793168 155.38307783469838
113.72007875534068 -5.432897478366521
105.02334415762765 9.601787466887588
107.03121427073302 44.67748174454649
131.31200771427123 102.82798155653211
96.3496172494446 7.468702503234736
87.55617420894487 33.17909123298713
100.80537766289922 127.85382766171645
99.13149637998445 12.332459732818403
84.92915616815783 57.158670194283886
110.3267486744257 15.168485533634392
107.94018093034022 6.367900902188398
86.9487191258049 72.04462286260761
106.13508310675488 65.54031648995732
110.48503480342994 3.0196480585803815
133.822955807821 25.641756346353404
104.49490128463643 -2.2792745796537313
110.2668584399692 122.09395142332005
110.03508281895714 7.768033678475378
109.56119006817804 20.985450828782664
51.58803121284512 110.25913990998886
123.01419406481662 38.59772162047678
95.76499273622146 5.922003821394556
147.27004104798095 -18.84392019859345
114.28982729800664 52.88356752362293
110.62713014784109 57.37938875279191
138.46709730802255 64.91487017324897
103.70999510123123 15.479266083111822
91.34985584749286 19.2074575058268
96.73786050348164 15.062763066719187
142.29388822893145 127.25447633750694
107.66128489723451 8.846450171822696
110.89532332073053 6.376902589754733
104.91863125293789 22.311391933598266
88.1403291291985 60.51242488828302
124.64558817973943 4.138055712349416
137.12613521471567 32.3980022916133
114.91446385409621 -16.514340958480872
108.10567019792782 100.42527204882803
91.291335507499 11.656656666551084
114.93199521166625 10.66308229133545
88.24437560626386 9.807979833814835
100.67401598450773 107.20505831434247
108.21175245664807 -42.7021216679171
94.98200272452482 126.21102320865126
81.01412334833189 64.13366238841442
86.38168128737622 18.130480149006786
107.59725147120304 9.224549887445898
108.20032253077301 53.23806539826788
73.20726848285186 15.778810701619955
105.80515605372678 42.95078448807803
110.54277035291257 15.05987054281837
107.84289009425243 -34.34941495100316
97.1340841262858 112.06306736338445
95.27169439348978 7.147888732277766
114.11826284858738 68.15489540339523
114.8002499474075 106.0478504900646
96.09235002965916 61.02804857160606
103.23301929221843 140.25664643758415
72.60110231071984 111.31413501118685
111.45817098431294 18.6222861092521
110.54968466722515 6.316099984251649
116.61627971908412 17.858398370648114
96.69408399117722 14.25970195122635
107.83747543467484 4.530264160587857
88.14559964357683 20.582519719706667
89.90760807072212 34.296611635460444
87.31441388714347 77.40761732048153
116.05694070498592 15.157932111730608
127.17786733650307 13.635355843172183
107.16717426721235 8.762756610118615
112.55948618541231 16.033101681413708
88.13973947216509 7.651052711082977
127.86054932458605 7.492166836636888
68.3887941282095 116.53815062345743
105.76264374820143 82.64347996208865
114.00260994496067 24.906253781870273
101.35139547131986 23.09999365782519
102.73819400928973 19.090395366015823
129.64943111581468 19.68941770123395
123.10511102125305 85.01388224457693
65.7373840846055 24.82905995841586
131.6963052427799 20.77081604540766
111.4488237768889 20.675337253283473
99.28936666081185 116.32814620355833
110.91212370918619 49.96045763053662
69.96633968240043 29.104914878283626
109.70684417725234 22.74113415338226
102.47328096830768 13.713171087792736
89.3081100961383 50.083078931103024
94.92605298013346 -2.0799958490783377
88.85127941090445 146.4660627561756
116.63979824079499 17.592257298468947
95.05029546162686 24.85584165018991
106.79773762755963 45.62790248256065
119.53451046906756 30.009477124504393
108.56028551346992 28.118043158244248
64.13810633970702 7.952021986521657
95.75449634947138 14.25766056800636
108.62288406528805 13.68715860191455
127.02877910894159 9.42108089828124
134.8883182747493 17.487952954847763
120.73185402503772 10.127267797134138
109.68631731236462 14.70164753728217
109.63470381583382 73.05737916627037
112.89739282923904 22.6370693697172
97.12644684104997 113.2365633125596
132.46707915751006 40.16910442977965
110.74762032350766 37.5305032562319
112.25929171536164 17.295519380989475
125.37053223163745 10.10524407315571
81.39936919526062 66.07717897877649
