102.02211075343675 11.539497537753805
123.20539483590393 116.26590550865905
99.44619415368088 131.8257738546015
47.26386910013827 109.7636825789768
92.84961686374616 -52.831974379935176
115.62362944518323 111.53224384679555
108.07521074080428 11.985047252677216
110.73520336855192 -9.117163825684052
89.46926303906083 8.91759267188842
116.14244057432359 44.57761242739835
104.3792560842402 7.832380257167136
88.2334471045398 14.794578886395998
111.93920338732804 -2.3910922893899427
127.84363283851236 92.15494053198631
118.90076197380087 2.789137609822902
103.0420814908003 24.13612836138045
107.39023887374383 -1.579852340356311
103.34070927242853 -14.322630089703216
107.16485800551122 31.166445696551207
106.63728519068282 29.88945537019378
103.64397685505452 39.26097434146477
103.29966721169403 18.972514090378713
109.19427211034119 18.324293331298904
111.14327365495959 19.864844655560873
114.0375348243285 91.67587939864946
110.58661573949023 3.5592816737148567
111.48708598807542 21.559049677867527
109.43159228894801 -0.32460527087144575
71.0894520249024 129.69581715914566
109.28399463551 27.976085830627134
112.3793097327379 43.88188325350492
107.50161257484983 11.444761201404866
127.74512697484427 2.5185295266926766
126.33879352979511 -7.112851161434465
72.30888803539194 115.09910242469152
107.35646474519052 34.378356757865475
125.37777369905709 37.77351923347161
121.65323572971576 10.882243546771653
107.96229854849415 66.24895680225876
96.29205226695201 11.767156840955577
133.99033963949734 9.452577473956072
104.12805555429951 158.75021818204274
97.94136433015726 20.882499097342542
114.43266932954862 19.281272118770545
70.8042685571866 6.162745246109038
118.3726694599119 36.10767134029916
117.70765456829379 0.8938513627402713
115.27998006011714 38.915560570030415
107.34407739922787 -3.4708495557637224
133.45024644871677 39.48162405827507
68.20144425644794 7.64103851557568
20.56212045079434 72.50456543359019
107.78076809696799 78.6537401903552
97.23978829946188 109.48756756333806
98.66144615991405 -0.7970168295345963
108.27069093722467 4.433444613491015
94.94799810364843 97.60102538035287
114.35723935429658 23.80366890764298
95.06231864042144 18.687819806194675
116.64884376249698 151.44256688190674
112.84294357639934 85.60003553160827
122.75338769829054 73.90824577444214
102.03689963047931 18.55047022980321
99.90176419543164 60.702825182279106
110.87608930422151 13.418490078660424
105.29496391321634 18.64447120526249
128.3761408665846 -8.907266411746171
103.18252902161166 13.488182246389737
115.4745879542382 17.85525406999363
97.09879814752568 62.258625705218236
100.15196513478824 104.1961141613055
112.46372402794997 19.150514128788693
103.59313740738868 11.95090134887224
120.70439359709239 43.072369762940035
110.89038892417246 -18.153817495851378
100.55978777496846 32.85533142995625
102.50028148371473 130.62863788576885
117.851851691276 130.5437149777485
122.80528086472493 50.80349649932559
99.38749264532578 9.152154876494631
105.8065922141739 53.72856251100454
111.29486674015241 128.62457029804827
103.60936548147815 29.67835796830738
88.60410116248936 32.85408614739252
106.42401218266686 0.8454952722970757
104.81149238315385 7.268072433624555
99.7968633303271 52.53706038242518
110.44299327627637 26.807276175877302
109.82216031715413 19.555894805404108
112.48974707402638 13.421369022294455
91.50522722886227 7.892438140583518
104.36954038012388 121.38443163604465
58.88785572287508 21.599551963890455
113.35133014847888 46.74812642097363
127.22096567430445 80.99221065815028
128.58062156434198 62.55741534553092
108.80418125904235 130.8199682285341
97.56105010267453 44.91162491940313
97.42845851312566 24.991571804632486
115.9153315876603 21.373457198225797
110.91443678436198 30.91570712768485
41.127674195870966 -65.76062643588801
151.84728319017933 18.32119960034503
87.60267536818756 33.2549461410029
110.31244709466516 115.57823333082906
92.58155091236246 12.275344083434815
60.944541292815295 13.450176920900393
55.40630769264544 105.24055242537177
119.0323146826279 21.258499955034768
100.06404311490263 19.949833939830434
109.19442581642203 9.071786326996367
92.82410232518201 13.241129051418444
115.86170094233279 14.822799762338922
106.78353379046304 20.602247913070833
120.09007590700594 84.41154263247672
64.46947387645697 22.905723774857698
107.35644670449356 18.864089076590492
114.06472833806502 67.82782210359294
109.25688996314837 3.1159977382532587
60.99478860810649 10.10732919708265
111.2904543373016 30.201727169045903
114.15190357677007 -32.05301980839561
113.84851077379095 6.2420016727570005
74.24539518088243 41.01200034281743
92.24633558137599 15.537344918726946
89.93891130598963 28.5990681268651
91.41197096412796 19.460514299284544
136.25548002785908 51.802800530088795
81.86979351214237 9.097685106191665
103.00417035156832 20.13777559039346
106.36474837196263 86.2824218834709
99.0993540621111 13.176070464338173
102.03167688659755 35.722350162401064
95.81363633228639 3.953650126738955
114.87241690231161 154.76881298404186
96.63611068982189 20.18786767745668
94.01940091414139 72.60270220203017
116.63607076839835 -20.82948089722291
111.07227132400358 16.707199309072163
110.53294692357777 107.89988836833142
105.40654108587096 130.2067540668329
101.64809626995286 98.06214988459614
117.92684765807003 18.702929616216736
109.81578191257874 14.079965423084406
108.4402205582414 29.855005482960557
64.07989609240131 7.193932674555185
129.7831628304519 141.19253217813267
97.71036132617411 14.007672490737082
119.75285500438824 131.39437261737106
106.26785005772265 97.19579196847504
94.88912461963722 151.5674701734235
121.93654437824117 20.30201535644017
110.24199785631102 23.38969208349118
103.02242240376208 61.985206149983696
126.32297842034455 16.17615764972007
114.11808330258033 40.12360697728562
95.64820669254374 87.44202672643549
114.4359723669686 19.88222449126016
90.43564651918226 17.34873094630874
106.18062240336285 24.776346502938242
123.07163149114095 108.04809492779083
124.42253987196068 132.4941891053592
95.69317775071737 72.15214743076268
102.79802478878842 38.749832104135216
84.26185294832617 78.32247913115182
100.19304306658745 107.17288083599249
103.66101894177596 22.93174855686671
106.45445702381552 30.10354195761213
102.35576962973263 -0.9823126199388277
104.65542566103728 78.68902754524359
84.01587745446038 154.92130152726148
110.90883353474725 50.377060719250316
111.78380438569367 108.58204550114408
102.34619334854789 104.30153630044737
110.04996776302045 2.6758221981766384
124.41880614038537 28.758564017705442
103.04435640664678 14.418497024900347
102.08975556555991 14.951576000822703
87.99205013182709 110.41938848629262
93.95305732090503 19.64300961164777
119.81394498896438 35.669438276464135
103.62032356062801 18.10331881908876
114.5171966570614 26.85960776740991
105.44819136068269 106.0859385608975
103.71916467872727 16.17428782621682
111.05690167075691 2.6144258840514474
90.39406639128106 35.22847035540046
123.38480281625117 126.51004757343166
107.16814496375576 63.507317249238234
112.28539234803294 48.9069737754697
101.8719223338254 15.426945688266567
106.27650235758347 -1.5830241357471198
109.34521652719542 20.25109444878167
108.92786490914456 10.053301623876186
120.78638600007719 16.750032923106083
87.84763163146316 83.51093658121461
93.92463272959567 17.577292633858324
109.93619541092488 126.98407660808166
111.76528869444674 19.70392251953573
85.45144541033967 140.37931190370657
108.16742895407491 25.88626977671866
106.94002268942383 14.474549793214823
125.12339610514948 15.269525211708087
99.93309203547962 9.691020235195895
122.72896388955486 52.61568484190603
108.69680395007634 8.895858580665616
82.68584753115373 35.07801772862132
103.8982779756695 13.407447045999675
75.01387856459125 151.50925677044614
112.72585436025442 -5.542218045450182
106.45726429521669 8.11250282174808
113.2438910740026 37.80234867329734
121.13389871257345 102.03927131525384
99.85484192511419 13.458243560681934
86.48550030526494 21.132127323468925
108.0706160462144 153.6947815421251
87.5212674966746 10.23704305125688
99.4461073701233 37.007840581093184
110.5418322671441 8.507582482500174
109.24451881277803 18.557983649283948
97.75390169464191 86.35933095378066
112.18321252679269 75.15472938311129
110.34152667235519 7.741113930774855
147.59750267014746 32.42851974488658
110.76504855747952 15.11060639283206
107.32705183792253 97.45650346505288
111.0671090053768 6.158059293114503
116.52884978853989 21.224135518148977
60.31740272598266 114.86246359989575
113.98087254256193 28.307278694808463
97.23832788725986 12.100130440140248
144.85688786112547 -25.577717533182152
118.93134633898875 73.09354912841069
117.56470374208921 42.4961736041505
134.0166048805021 53.290471570215544
109.60540643381135 26.6139766340398
90.28492620399265 18.796099677733366
108.967844934956 17.388680438353855
138.96388104810708 120.21900191201452
110.38700209794702 27.762755520780278
112.43011896120896 27.176595704622503
100.3592448353774 27.832581055958137
98.05624645346191 38.852681640253614
119.73744188345042 8.818230739698214
123.33420123227889 48.61710850247346
123.73974604202827 -23.883675962802876
105.62425479972936 116.58729698546676
81.26661217055516 8.342193348014161
108.79603030313982 21.86540204770665
81.37231828382184 9.493978283368133
81.29623388349562 91.2747705015135
108.82485097254933 -22.329515879231508
88.20604293558284 123.29718860118396
94.77370601933917 88.85828247589058
74.17137463388853 18.924037702482806
108.6976247783815 10.374175440829104
96.76880117366127 54.55129097593331
65.20108487283917 16.68818005350001
107.4863721982265 39.478593751743965
102.68635688726528 14.124439373284677
108.15312996215096 -26.3802265791764
91.29412073517996 81.263042035408
111.23465755546168 5.538657234256235
116.62136683334907 81.16482287877184
120.21623301975404 132.62208673134944
102.82825052340966 42.131510542501815
112.57618972859191 131.39745467620773
72.34839960062241 120.57708230353018
104.57066193280737 16.42379853566472
110.33717925278343 13.503292281556687
125.91501714675867 13.302792386161705
91.31815825918079 13.346686990530783
105.65397610515767 22.45875747463602
74.3423186574105 34.166057117602975
99.15101815937439 37.596256245046376
105.27931836714235 87.46249882581095
115.17733389115338 22.429609424401562
118.81374755967671 20.04828907003148
107.8566944638013 10.902754692084924
116.70930418243825 27.282175217236734
93.22000374248012 4.626197772228988
102.64327339594166 8.841262082186748
84.39581499092444 137.68398209052881
116.24342182357329 72.64695328508091
108.51853264035752 36.05249233581086
94.92005994596147 15.549404294067182
107.8179816718543 19.610705740374378
128.5527041579112 19.55028297776905
122.96820315850024 95.57343260381225
76.5640993788623 37.414222695784616
116.2938867004544 23.219947402077747
98.13822751718438 22.761390267616893
98.79884380148607 125.58288491065784
115.61382225423468 82.86718365203461
73.48616400494097 36.085491374800704
109.58004262827383 14.017038444613892
95.18875589351012 8.344866126053853
97.4225800246224 62.56514601069743
100.3088834274369 11.928011093853096
90.12772052181172 132.62549250182255
117.6565560545257 17.359007977272658
103.49215735478882 21.879742543509845
109.04013440137655 47.493860960610654
112.32410133948258 14.334982604756789
92.47006664530439 46.59903177712216
65.53637245475888 11.217936101830944
103.42914281950613 16.564001421772687
102.16431067657548 26.498837491870724
134.29818501320523 11.59203925555051
144.80511367806577 17.201808944149395
115.85337850588577 12.108279896435487
106.99720069324991 38.591280125140784
109.45629305304868 91.14129046841983
110.17080267550087 10.94787502600117
108.00552243705054 102.05844845319332
120.14814008789864 62.25243476910974
110.9341533768319 40.53832296047757
93.48259248746629 12.866648253879571
125.92996249723946 8.294235372596228
79.33439198611863 67.71476550401577
