98.16405833361902 49.11992322754693
112.37396119442678 142.62021956216253
98.37817158723747 114.9071592729854
67.02051192791149 152.126846937163
102.81627188876095 -11.649924793283306
124.13389188274081 105.01836148497767
105.57201019478241 25.50365537285314
106.69899347933487 6.180146414403001
79.67654582277156 5.208819111213804
121.38446270527804 34.64494701966157
104.4764626147489 9.187148487067429
87.53346022183348 12.937554705959855
112.14707122590895 -5.998589796970458
137.003850305108 83.64414281877167
134.42401262512516 12.114359398815488
115.91857100762442 18.163546074455187
113.09688626543485 13.483746964255078
105.41622532899751 3.205391312277551
110.38933282765987 26.412084139165245
102.33996211619687 33.400449540773295
110.64957495286933 32.04889044831626
113.07294790257149 38.0857234643776
122.71165150396718 39.81600210827337
108.11391212949876 -8.180121888259375
109.74481261428943 111.51150561491434
112.0205700563242 -20.415511910361776
113.09681654106723 24.5688769503825
109.45865418795418 -16.055810879739234
70.09751335029138 130.24025282447982
110.04540777558128 38.048324813144326
118.61094951331307 37.33323567257317
107.15785342568317 10.764224268211196
120.81688152862812 9.719362029332252
122.63412576305254 -2.9668096711018883
77.02399271569614 97.61411759005352
109.96988116646132 18.23497621321463
137.99109852942848 26.799191778999205
112.40179465209005 7.714923301321751
96.85268528699991 76.19194945868901
86.10707948165118 11.662683025254251
137.92070197161817 32.104172097909725
90.49196743126309 155.8808363471306
97.17502261407594 20.991643251822012
128.8830511443929 18.965573351608413
70.49013122860262 12.703072117193653
125.42055976984952 32.11450663513533
113.74740867271186 8.051342853516525
111.66183602628 33.739829313299914
103.43788597451602 -6.439181221169435
137.08564224798496 54.694098376799126
79.69520389236607 9.089237738741891
14.40452747478107 90.48741532503061
120.7259475763113 91.9360879740941
104.71791266782932 121.32683817800796
91.75403953385728 16.20098960319119
109.51096395655593 26.32218266686827
91.7197045212778 112.89333262586592
109.23143979255133 32.148676114474185
92.5038335297077 23.829160743083197
118.16236809854068 172.07849213851878
122.14931688209333 101.02624254033923
108.46316144688349 67.14792979187428
99.13759747203942 30.12279836048761
86.49736125758075 66.6792000260561
104.40740834656424 15.58966892433893
114.75805140531874 35.94521381942293
102.84402826391988 3.7214238272917375
105.3473061843692 13.670314644143879
117.2847305635662 23.90937948069012
103.39517335901246 75.7570844630788
102.02887951196253 131.8311582800078
104.6760429762979 22.53634810462995
111.93616314385207 16.233093356530674
126.74814811691965 27.566950833796888
111.00925467478403 -18.11378958511071
111.25092336060513 35.59002525737717
89.67254329662903 128.8810201975474
111.05782053645787 111.07857835346817
98.61953374046908 54.58211150924647
90.53961451803232 -2.664675081094296
106.00055792786475 51.14421735026089
108.59214242112878 136.51062577423687
100.0604721175119 27.283112790007547
97.52240372898012 14.753881484492236
118.51948484324255 7.35696163620561
109.29946484207356 20.445598122375216
84.78029350738478 61.44797910742237
112.71847211401581 34.93235663544461
102.71675617024277 19.559808404220828
110.91772887859085 24.15791871073535
99.36265525122774 9.45985261070571
109.71258756107525 113.96274980528283
66.52979133080798 23.41856650314099
117.09647081339419 34.53103163826594
129.45627379929823 92.13156025757645
120.36250125339068 79.55765426678951
112.37817049226666 114.18696032918157
87.97480390863166 36.2099787363403
95.30753294032796 29.023001294989406
118.52764911865778 21.266670649736856
104.30343038821904 39.32205523768855
27.505214179667398 -56.23801880048567
134.51110544852352 18.69730736080622
74.30583812428792 40.07052035124411
113.02630036230288 102.79795399907604
93.15977426206958 10.777910907084898
59.975591930319084 13.776292191631075
20.83853554406998 85.46612628980589
134.72997140048247 52.98931651281176
98.46055827202449 19.856093102137837
109.58072427618004 17.424162527549885
90.65354346121939 12.573595047672098
107.86340942687204 24.394217005375182
117.94481366592971 18.357494561103167
110.64696482574395 84.08929208736464
62.44741904884415 -5.874121729065685
104.57162613847065 19.579031950881962
121.49129128590646 71.97525183370631
112.1838684453651 6.277222692715786
56.40158644597549 22.975647042432463
104.30411495228819 55.050040319190686
114.22133942583169 -20.26175536791348
104.29387935491593 -1.8149984237907666
62.97659312048868 49.62434786948264
92.63238928618148 8.56515625172113
90.80072834911496 30.073214517813515
88.23025355014784 18.838371477150258
116.26519838834353 51.12741316005379
93.83231637346566 12.016520018557891
107.54186204141651 21.559877347859516
96.84476969776092 97.31947747182625
97.92697179087271 12.75990176766843
106.34051116610145 62.07134020308948
94.51626815682641 26.009656057923994
90.80783314417491 169.78989627116
83.55374991423196 22.68221360717202
91.80223260233768 55.71682749479134
120.21438398216296 -36.931494453827256
104.52610730371626 18.23061250231358
113.70643744598556 121.0195752095643
99.49303510366089 125.26004755088628
106.67652309492419 124.87212012368863
112.95218377076208 19.839203377703736
110.07281969366583 26.57373686947494
113.69443976064439 54.939866618833065
76.9854692972291 18.449815986249085
142.51951904241 134.87207448010673
97.0631507290087 13.466877592623522
124.57462454251869 139.35845902400717
107.61839069694533 76.40063276660916
87.53005923712448 133.01263957333228
111.4047641309833 15.91250451458839
85.79183893962927 43.91949107637528
93.05977038137576 73.42707061376788
121.64201288742231 17.488495205905977
117.3955057309788 60.44879467801249
89.80040585577291 83.09145356760698
121.06797000335573 23.592905186433217
107.78127524862467 22.929265480803135
97.69077808279377 27.702140183937594
144.96599114171465 113.7741453967941
103.52045667320301 133.37239853768943
89.05666340746792 106.3012851769498
120.88913023442834 61.90441123117822
85.99696264562023 99.65541508627986
101.34160217510802 126.33002993021866
98.07721971992682 31.59007624757787
104.07329199805675 36.142482939810215
126.85020573700308 17.227515319402645
94.0978590626834 70.560911061389
100.7293319808625 173.82200341808576
101.44796214714557 49.11187773610254
113.69472993810378 119.39874393428138
100.9784608223332 122.25782848291027
109.9039062122852 10.55748488820998
128.52988801497952 38.05924601874719
106.82347069235497 15.258641092122597
105.02858398053729 21.029335544420388
83.39182535122845 79.24131016745086
85.44439012104463 19.37866190514725
121.81445151935617 45.216142280014985
106.61324801285323 21.469411272835796
119.94488297694261 31.679535678450147
104.5048309308323 83.56147968082253
110.53731736857507 24.321045390100632
114.0078171742534 7.039528291040864
87.46241715745455 53.50451377639033
102.94068879262268 117.5727348607121
111.5955072933869 68.29742588941421
100.99437195654262 57.347130040397886
89.21995958316835 9.033452933227403
92.69220859287165 -0.29507100056747126
110.21502456761336 28.13329331819731
108.71728351802062 5.261119723032594
138.51946396452567 34.07628881586154
76.99450453922064 76.05711918650378
87.53707261050279 31.487583993703407
120.78921004499226 108.61230720453642
118.58892200688837 27.025329220871633
78.99965110150623 125.04090580799964
99.85471113822213 33.48267829827898
117.86934388473827 26.802405929862264
124.11574844149564 22.608600388727453
100.34654032591826 7.850112327642573
140.21874929343025 39.23023297838738
109.71506575957727 10.704831086011117
86.79821660791798 25.29937705662893
100.48778321243117 31.397196770175764
57.26618355292688 142.20535096119045
110.93987190420408 1.1810001355434898
108.7784480838266 9.550298172873998
118.38744551827757 40.06410894408377
108.00207563502906 105.18709401870325
106.0197604279437 20.923238195481236
77.9048036625351 8.545625136226397
115.55230189974942 171.64621910182896
81.85026997217402 10.199825109837526
116.6994219740988 27.965617961164973
110.54269819931497 4.596341289900292
110.69492134406173 31.026156572064956
111.68051993024912 98.01568906897948
117.56481831703934 83.32192903346251
110.03881710593262 15.466539914695494
153.3738717837066 48.66909591272574
116.7728779734696 33.62627893774253
105.08328934453512 74.05432382181979
111.72308888666292 7.744976915816437
121.75826296133181 20.90567390817293
69.9548196290601 120.56765453456148
103.97138138196583 25.61164240334663
102.00559292682017 20.28134584481687
134.06176224625787 -23.561429125530935
121.53040208811026 96.79083596233205
122.36263626079959 36.75332597527042
122.79347289380075 44.52610939512213
115.4779315947496 36.159393979832615
93.02035735148591 18.552775995685085
121.38115924153163 20.078345115700415
128.67421123758425 113.11224144766888
112.92213405421339 44.224455975283824
113.354688994858 46.62400848993789
97.93043805738269 31.12413395622742
110.93459485189378 24.537930600059553
111.95514890786215 15.745290964158594
105.77459510522942 70.52528412374774
128.91561042329363 -20.228360143772285
104.13194262074447 133.17737998315098
78.62284327397522 8.331158466557183
102.89970150399911 32.41556757627794
81.32364676222642 10.876844938511057
69.40777038254832 80.98021145888026
109.50041979354938 6.597097053251899
87.9578887305838 119.52506947776111
111.56682189763663 110.15319184555506
61.33235338864424 19.709943345811478
110.01392224169858 13.721044386922992
89.00646351013981 61.24696512303538
68.96351817674729 18.066031264365673
109.7282848609922 47.8371494353981
96.5521477063796 14.136157678467312
108.76976841944509 -5.316728030854318
89.5787682647618 52.065373789051826
115.80580656863394 7.084589171395782
117.42902922790489 91.98008774679111
123.0212357697177 155.99886376880335
111.15814892503614 32.35500741752051
121.26017976870523 119.84173032481957
72.75541007777579 129.63514725836646
98.71745518230486 14.95267594766938
109.97508457243669 21.972657670187637
131.9173840764605 10.256810706797353
90.72320877250586 13.760288004970231
104.59908427662724 39.35207935925092
68.42324084761631 54.258949396229674
111.36622083659495 49.352538569148
125.07122185919626 96.14166748030291
113.47627267126622 29.167378233703868
107.58135005978147 26.13648075911029
108.86279749245084 15.165584486603676
119.58987037462845 36.66002247387898
102.5266484911718 5.660963959850035
78.3733315337355 13.073485722740143
108.7148397983851 154.51224992115
125.38119159735115 63.330597529944875
103.14769952627053 55.83237327132815
91.53195580454566 8.578694995335018
113.37545463184563 20.038985574114097
121.67421648561046 19.344369653878953
119.42878272183025 112.32487180519163
85.72290301727024 57.971852277095635
99.77119220185527 24.499556538261373
87.59259172879797 24.164538229222227
101.29313667247825 132.85326751837778
119.04788242638816 110.38124298430587
71.3074829295241 38.59102950363425
109.52023498804613 6.825727697478973
92.47367422079728 6.194616354808851
108.65539944854176 77.25519925394072
108.04155719770871 27.541671111570075
96.13022028313083 115.25511319742826
116.3835577966363 17.635538388144127
113.77792354625748 18.226544814775444
111.49334282579376 55.28943518731446
104.54139633988409 11.965859666443857
80.51429108390883 57.328083963510764
66.57247477088553 15.694851130620151
112.91534846644416 19.61123572911444
97.57672228391846 38.0219389019153
134.3347453753344 15.114798348290318
146.73382489995586 17.389428328059974
109.0832412458659 15.716133515446522
105.01287499812372 57.729052170470105
109.33820672474094 105.39732711000012
107.34797838960336 11.288988980966355
108.71296038934075 95.85220653025162
105.40625486261793 86.49268444884875
110.84864885829067 38.786939126080206
78.93005555833764 10.100720061086685
123.98012177467817 8.885522140384527
75.89305319508898 69.79553613544275
