97.66359006006175 58.24947487696008
109.99722677082627 147.1993381135759
98.43456283918628 111.49346068647554
71.41797276992752 160.00481770609457
105.02663773072021 -1.8274423613716166
125.49546222881474 103.5758070200938
105.20988864541462 28.115432332347613
105.96520376113017 11.686559779909778
78.54811142450157 4.924003123324195
122.17244606414177 33.299507796875176
104.6799148429708 9.778994705165667
87.86699885440741 12.745374178091206
112.10148091465554 -5.952801418170459
138.12016313748993 81.74814857873986
137.03126694054296 15.703394780588614
118.37488594793005 16.9443663102175
114.178821319941 16.824536512526247
105.92277971931453 9.608906964046744
111.07077653922774 27.045728111461525
101.69602570800801 35.26277211616255
112.0865888287024 32.28113858500358
115.00486228353894 41.357517577525044
125.17577149517102 43.69985240011048
107.55683287667051 -13.324611247551516
108.83127464044837 115.88018613703214
112.26432519931546 -23.982884823197683
113.34255454446519 25.019211743866755
109.46259051637506 -18.438101299901085
69.87216027340558 130.14122017846924
110.18371882104292 39.53346222792816
119.62732081611624 37.088870403468356
107.16080910061453 10.870615778525911
119.02146813873843 13.006633791792263
121.61954952286845 -1.3737895759630785
78.98506909162204 94.53770770897137
110.51056787912833 15.600428565277337
139.3549855662817 25.862470660059042
110.39457250009352 7.379475813847721
94.80235115767138 78.35549279993589
84.64607209747359 11.851841751211738
137.66170814466574 37.92959498781441
88.23038220932236 153.85368426228285
96.41989512617717 20.95745525457804
131.32817470566164 18.909202272571694
70.17451790256264 14.201687946053971
126.47341167588515 31.69999162103701
112.81383375811181 9.82428051604538
110.84950382092876 32.09837563508928
102.79650165129878 -6.286029697683675
136.74143961048128 58.320509876089595
82.81471796357216 9.667111725605796
13.709495168461306 95.1017549776158
123.07271138039715 93.70971785492402
106.47504992442065 123.74559341155948
90.80386295740678 20.936518430494257
109.77098664092561 32.25953290296815
91.40223608256557 116.28283574564409
108.17771608421225 33.53003865008286
92.4894365573811 24.78151121445589
118.16385291044008 174.72999330621602
123.73822547057445 102.80818002836973
105.55680296279854 65.938427812585
98.79339367184656 32.19685598181634
84.45712795747721 67.9971652045018
103.18919202840219 16.11769329573874
116.60099103037822 39.051311474802
97.65817094562959 6.759130181357973
105.92681890947745 13.932981973547445
117.48198775104522 25.008013904073316
104.90301477611652 78.69414858563597
102.69409369256051 137.24313151819496
103.19717342972686 23.139755584482838
113.59998640510186 17.25150736006703
127.33405400801911 25.50049946351894
110.97117678536806 -17.052174893206058
113.42768417778547 37.614473926093716
87.49049970770837 128.2010068375154
109.61520828582942 107.35014099939706
93.90528157007502 55.615329523619685
89.39130185312847 -4.379471728437937
106.08419401773808 50.94471921393641
108.07702524881915 137.40659500723896
99.47661218815897 28.72114148584498
99.61955372413301 12.216444079982445
120.75183173871152 9.155489002339316
110.23031116129549 23.173101779463618
82.24897418989406 63.039631354454855
113.11281731901785 36.23751168874051
101.48488285698718 19.553839483300116
110.55164217250191 26.277973429307963
101.27685016673809 10.206341343134753
110.84040077658155 112.57694069104839
68.01076865227272 23.64707348497272
117.62536678434579 33.1116231811182
128.95768929073418 94.09924370714687
118.36469960739014 82.8472643216549
113.03579479510537 110.92345669154261
86.86456179788468 35.75537888304132
95.27621274003916 29.651506013781532
118.80300073403622 22.849267001005636
103.080383904023 40.37129644128329
24.385985935439734 -51.74825037687062
130.01190876571025 18.788625538114953
71.79793071801457 40.63470486137496
113.47418146387395 100.26019656871189
93.85708070324344 10.759494835502023
61.25255025031003 13.98712070262781
14.650541745292966 82.4130391328719
137.19660406164655 59.845878244737925
98.57960993989047 19.815378728947433
109.6611737441476 19.242103119540488
90.77532590644945 12.715421031227889
106.28973986221148 26.235782025885307
119.96681059007902 17.92067438039858
108.68634242849946 83.8539213298133
63.3498001606332 -9.090879342737392
104.1040931969815 19.719292487655476
122.64654791263068 73.57345758966164
112.73467622754913 7.42307397573929
55.68455765590124 25.519026126706812
102.97914006130512 61.053219640748445
114.16660218810749 -16.478535385687042
102.48691169622437 -2.077748484149537
62.12782300297116 52.04483674143826
93.28808055365477 7.398881525670327
91.77242401240575 31.08850745703315
88.32855042614034 18.72796501463792
111.90175086922378 51.04453720003538
96.89576819553966 12.802382578996456
108.56487622024598 21.77668113061964
95.2122537233871 99.22542032489855
98.04653503862066 12.883810366380933
107.37601877028203 67.83210957733036
94.69811265773956 31.999977960222058
86.35011207310211 171.3112021965264
81.33268078140571 23.09375048450717
91.91819366558988 52.30332680429289
120.56647664662245 -38.74337429262698
103.31907559948968 18.56657226608054
114.23461895350299 123.6980663622243
98.57467199669496 124.10849636054266
107.80552579934321 130.2603662625857
111.84269685857367 20.061354095541624
110.12116068093461 28.962494974131843
114.68242041394856 59.5404286177542
79.49287578855453 21.915645245878935
144.3230702366787 133.22141191671705
97.35638040230565 13.461761366953182
125.11433095646426 140.55112670565876
107.99485831820236 71.22005347137078
85.32730147414254 128.9709557743637
109.18857252621957 16.787450026174124
81.45260910966856 48.91941929898486
91.30807138883846 75.71595805944717
120.3014397915037 17.79060510173694
117.8199527094451 63.4322526111927
89.21920281081219 82.31945214021161
122.13335549229546 24.248005665841387
111.42632975515156 24.011986580323164
96.31548669254498 28.002686771666305
148.36355460132873 115.11246008062842
99.37242076140967 133.09450286682062
88.20766960218293 112.30325391047256
124.35340827567263 67.00608987118625
87.49681952595755 103.55882219939595
101.9931590892494 130.0802475044527
97.40402049805037 33.02451459115352
103.79066355432792 36.763200037977164
131.33662720779077 21.060784078850013
92.2475702731432 69.41282801357588
104.50213833761573 176.5985285519402
99.79484300845796 49.95581315293155
113.97685468442533 121.65741100961145
100.8573636774695 125.91927467556101
109.86761491703429 12.3872834620206
128.78305236964889 41.37137353707171
107.65970878813282 15.562242291338718
105.79054233151308 22.233152328059482
81.57020240412402 73.3737627694853
84.38594331744308 19.322834180777324
121.887844449107 46.21749708034607
107.3512388044201 22.083010220068036
120.67125870804082 32.49428865673736
104.47848220399862 79.31186346368756
111.94162737578654 25.876544043809183
114.50690484640506 8.430466026558845
87.68499982065707 57.422159781966826
98.89320861142457 115.74127129489618
112.43749819931914 69.40794847604117
98.93543015856861 59.81738857398026
87.29022287500882 8.119102086163299
90.17247797338469 0.7398520935624902
110.38137245238579 29.488494544723512
108.7044545383807 4.620847761737523
141.26049242212443 38.283524688547246
75.23569856665472 73.81445134657108
86.66873342127145 34.01120769812716
122.73105984922147 105.06946126081023
119.74078533796548 28.311609222581254
78.85156711087431 121.58277707378492
98.4987890954339 34.65198462986215
119.9088638244636 29.155050145466262
123.54339476172022 24.028083260984555
100.73924313730384 7.848693047316469
143.0602190335978 37.027723755386475
109.93313361476606 11.302767862303043
88.2509348994014 24.112342827748982
100.14825132137923 34.778809337735765
54.93870376526347 139.79700540329947
110.5285765400423 3.2389024271535605
109.2973350646958 10.098841036048647
119.12458512189703 41.81709189612663
105.22499342653119 105.85602312754767
107.42890097772545 22.444373409068017
76.1453614464604 6.309805661832192
116.89696333614818 173.49339746918292
81.718059836929 10.401116871613457
120.03881546329157 27.399615330482725
110.52131276066933 4.242244152545891
110.97239123854095 33.182869876474946
114.55262385587848 99.5439438401834
118.43952077313836 84.77039269545529
109.9660337380453 17.20682073545645
153.6723761095013 52.688910114661375
117.80524025708431 37.021660671737045
104.77667565508422 68.97689256747374
111.79313594595483 8.407700318270544
122.53347113403098 20.790405673442326
72.13108922664371 121.71314878280249
102.0915811724519 26.247785594283627
103.26294226840086 21.95159754191039
131.0999929921007 -22.060073622515507
121.6879121997038 100.43934607692027
123.04351029745469 36.46068436634781
120.01254370257564 42.87002083041264
116.53586875352234 37.730281943779666
94.02887327652176 18.522048874820587
123.6064425164199 20.605331704646982
125.86569126434449 111.81361228537742
113.38063695979443 46.988610297284076
113.40644335968575 49.60916668029481
97.75162561792023 31.3614468666102
113.54127205885001 23.451480645392955
110.29859256655101 17.28723020198676
102.2438950229745 75.48505764315092
129.53892164213164 -18.3823847714679
103.96883158593931 136.18842862455907
78.98456589823681 8.749547388941615
101.86304771287298 34.22376499546007
82.13157367669783 11.280618836864074
68.08049813544626 79.1492615788301
109.63506323712751 12.906351278632783
88.5845347200107 118.73433664140043
114.9847364309627 114.14125749472804
58.5539338898581 19.85054818589644
110.2763607119214 14.583114739786204
88.08041406933421 62.722125356728036
71.54682700844948 18.37151022937511
110.1905158748729 50.86137726871091
95.81483202412936 14.305736815780953
108.91569810617766 0.015695686824803268
89.80857086758239 46.19559749517772
115.17000408154944 7.769243238120138
117.39375650037648 93.64630986065234
123.19292388444438 159.72091876755368
112.83475900621569 32.10466170314824
122.74455251429924 117.38944132303882
72.36471108150155 131.2839623193776
97.87547368168264 14.794093522452247
109.89573772549385 23.650029000041307
132.73040039412916 9.856858272883446
91.15902402594821 13.996994739274808
104.50487556455772 42.208341154202515
68.49922001932707 59.00541223705123
113.93068836923096 52.19762924908786
128.74043167909673 97.70553526770837
113.03184966208154 30.32816551589922
105.31918878355049 27.215697476353604
109.08086771935467 16.150236079197292
119.95412797890948 38.046341773909155
104.77021276151429 6.267087152125909
74.16336089883319 14.10033175461729
113.83766681181862 157.13938736041152
126.9068411175264 62.2349679968681
102.19535378188763 60.40274879117045
91.25515935138552 7.507925522510096
114.41498928829277 20.102869539039844
119.76176058684887 19.301266952812053
118.38231408291719 116.2372073726096
86.8299003402369 61.737487410097266
96.67409212934241 24.626306706876807
85.90799361893117 24.32636451570164
102.1506808913347 133.91277077712348
119.46613392954114 114.42221845722614
70.93677040949522 38.60240986531455
109.51896001056727 5.703412025553918
92.49475046263059 6.178727683088767
110.96147912110699 80.0451515958061
109.74610869722599 30.615847050091947
97.93206193831664 111.75132980599093
115.89284804194025 17.73842322872707
115.82271826815604 17.495508847394525
111.9677163872077 57.62078062642627
103.07420347154935 12.66699258742741
78.81594655882279 58.63029729315565
66.64202535281049 16.669175175444774
114.8136777738921 20.23874793662325
96.92773576768532 39.96791120886273
133.28755858175793 15.950765182101314
145.93983881314784 17.46850752698218
107.68861465923823 16.568916172506647
104.76016034089834 60.83501437747045
109.31571380919291 107.460079789474
106.82760200375994 13.4842187503786
107.3165843582364 94.46224223919795
102.43916659367471 90.85052677540023
110.81190645878154 37.70738363875653
76.97683889791506 9.840781177833675
123.21062378168 9.238738118867603
74.66837139009554 70.85241804651244
