97.3856752113582 93.96968983641975
100.72171579266829 162.0264113494076
99.35106568245921 97.3029873942914
87.65598426163551 187.0421137066283
113.92390137775001 39.06697681169564
128.8945974715815 95.67024311920798
104.45483915619846 36.95766288662552
103.36501310456735 38.73963720818783
77.29547373112315 5.812214966695207
123.85978039703194 30.076730999576647
105.98211555658655 13.322006049808271
91.48820479875656 12.834848511196538
111.73178001243251 -2.605690795322558
140.09111147580134 72.85114754488583
144.17171904551347 35.09622682173134
126.72419757526853 12.354332917957818
117.85748072615002 30.054318370679766
108.24124456431977 38.72200194320174
113.71814364294642 34.6972947141903
100.405058702281 44.97777342247152
117.42216265601034 36.66995185273984
121.83894698041145 52.35755666237366
132.90103089197083 57.124397024423175
105.5801696108506 -28.948294344270465
105.30339332451373 133.36515090205663
112.96125502297804 -34.87437562457632
113.80819882701427 26.3922118649814
109.4617167640092 -23.165027249193855
67.52075860791932 128.96574503492027
110.68395224336042 44.253491058433205
123.054585226534 39.56582841802249
107.47198756344844 12.171411482862304
111.20600271972025 29.48692027227196
116.19400247850004 6.842411161186306
90.29615119853509 80.60235940320928
112.53441752951154 5.6226275765730644
141.8233306267434 26.550981536188754
102.57244233624307 6.994259824003031
88.72390425580966 86.33000280873752
81.04748296480277 13.293485901561398
133.79366294872113 62.42028107642146
81.25952973289971 142.26899541557043
89.27646141266803 20.634917659965648
138.5359406406104 18.729138419606254
67.90764182993533 20.506111441906345
128.7808279034476 32.41998078589878
108.89845460474234 17.713563562673347
107.59081170267636 24.19204155153262
100.79219643502971 -3.3758455044609743
132.43748056682497 72.52066047687963
97.28466032008134 12.720591779672366
12.640112307883614 116.33926825283609
130.6674055267107 99.6805242965945
113.6690592396622 132.46855307183517
88.86128389300028 44.365095798763456
110.76829223084111 59.39366675213271
91.75448800481772 129.91569666908964
104.16566942332929 37.14595882431132
94.08110117033506 27.72374517152383
117.00606656178554 179.52827740397612
128.4959071452455 106.770357414703
94.72306820023844 62.57672501637388
98.32224500608424 39.06346202526674
78.33313831181036 72.34272092199483
99.13166093090373 18.506679868944563
123.09491535135173 50.25456156750222
78.75414704309665 19.76642408078728
108.72472470023247 15.558481916424311
117.62847670942196 28.639930385189622
111.3812211155687 88.80352003756764
105.93392916634733 157.43686547182958
97.94486618699537 25.048441750803388
119.85305097946578 21.43538820086984
127.96013408759717 23.015350325309303
110.68412264258454 -8.652821725083946
121.58243879409034 50.116427070905914
80.38386213394752 124.96042818988354
104.02486611054424 91.21734553453042
76.7802517074977 60.82436550288869
86.74441781274662 -8.92819364661933
106.7754589342792 51.96525838110999
106.25631904413993 139.24619842413142
98.0583720559567 39.90953242334254
108.98769725548367 6.483409972232648
128.60342431966905 17.268284166953077
113.83313602792953 33.45986557880851
75.06287292819799 70.8340865308944
114.360204463095 39.83764186183172
98.0382160116876 19.50134027297874
109.0693518374043 33.7300203045263
109.49902685030763 13.773893716979876
115.07199360260996 104.8521348835324
74.53754457254877 23.990385514128498
118.97829201449552 31.531381972784082
125.32363932519829 99.15770604210428
109.73253015589398 93.11878749385268
115.1357573461141 95.84901408141855
84.84073194312971 36.49306444386519
97.10154696459779 31.070063590475378
118.53557571309983 32.790297055161595
99.34803860411573 42.32168534212047
11.783806744582037 -28.809674738422125
110.54114969888936 19.173530318897413
59.967722667015906 40.35111993360393
114.47271549959265 86.06398751401898
98.13946860559341 12.043055086640233
71.11984616588687 15.182659230623505
-6.202113347022645 75.38033864504227
144.47719814515938 88.0459110553429
100.40532530104913 19.620469078122813
109.98569196369812 26.309097925093926
92.42690918397625 13.642637343532956
100.72382175421018 33.05341435485499
126.59901046918851 16.321553352623262
101.18045281773732 80.68017494607554
71.06856135505464 -13.037534147009026
102.81520336818097 20.217068439020043
126.06466465453323 77.95974410237726
114.56181266205367 13.047097565039628
53.193491440148726 35.04188014382264
98.24181376749674 84.78409140084639
113.52208368713224 2.1142007665320017
96.57451335605644 1.993532167799398
63.260260739189555 61.4716015232595
97.80009996249062 3.573505871448874
97.30868336955446 39.30536166399143
91.42582688414565 18.317145887049943
94.5778590963213 52.11895379106162
110.52102848067119 16.42856115013691
112.66624297802623 22.325768663110477
90.58708353100133 103.72092890609781
99.90777549626488 14.19273537953931
111.63325319127463 89.62798558757305
96.70413991129293 59.282950867419885
72.04305966386295 171.56789584493086
75.02398303670434 24.382253631300546
94.24860436233155 40.83069085583496
121.03161459421787 -40.79961515708221
99.3019436810693 19.914875158317955
115.88678630087956 133.68241479087385
96.10776661476135 119.2442993111769
112.37540528014813 149.53487919265743
107.29598473703862 20.86054752878349
110.28756842306395 37.34737183071096
118.08810844990956 74.12985240871544
89.97974594909878 37.50678928831221
149.06659444366034 125.48081308094014
99.83078584733278 14.02092467202445
125.64686460273099 142.35708842741812
109.6198962698903 51.00452075231061
74.99461862129002 112.38394199634172
100.54353422615982 24.184013899358657
66.54655860589239 69.79205958172768
86.62519530141152 86.22262505959733
114.21954590720641 19.070667401363213
118.70198629694015 71.59281432736371
88.75776521550297 79.24426932091208
125.12713313571392 26.239787551071622
125.43106771403419 27.801218894043
92.71930693788372 28.31611472829782
158.8934651358756 120.81188450465581
84.5244500405908 130.92391605193913
87.32757165277235 136.487069888746
136.28994166580136 87.7664882445594
94.59455493405756 117.16491033481756
105.13998586814954 143.91205683034528
95.99663275073347 37.2982106773069
103.38209885829424 37.971825193990206
147.02520580341988 35.82026384906483
87.14115867894267 64.78074731513631
119.82695157641244 181.8622496071543
94.70698575045469 55.71679422302121
114.72261052785102 130.12633471002079
101.0673875486488 139.5367672081485
109.71656197184572 20.3975125485604
127.75955372436103 57.96508278230815
111.08437695243683 17.060064815365912
109.17483005238002 26.567021554044484
72.78351794360893 49.84174640717636
83.33251039450481 19.116361554641156
121.03948096259674 47.00453692051715
110.44309310599651 24.265864491094675
121.83779399794767 35.043215293844725
104.953308869037 60.34330809881577
117.30988327848948 31.620910918660286
116.09898074864934 14.717203157262091
91.32399581215996 74.19197221371297
83.95921140415028 108.04990422911777
115.49194995392325 73.5833382380725
91.86240803553247 70.07484533759114
82.09557375065661 5.384217741153674
81.88889968000899 5.977557339829128
110.95490499817956 33.900510005141435
108.75853275696777 2.951319609682896
149.33484907605137 58.38834513176539
71.21860963667352 62.008517446242244
85.57035218306058 42.14913707862547
128.8766948300366 87.28334705247691
123.34535646171717 32.50392291406113
81.58691849761246 107.8705433050408
94.50704470943755 37.61626667215736
127.35002239848897 37.50470450870418
120.68299965304868 29.27684277253454
103.03776645013957 8.7257397202391
150.17561007186526 30.166372978862025
110.77390976593276 14.622829589611408
95.59712424811698 25.263598461297356
99.88422253011603 45.86618845815153
53.225580531962144 127.90688990969372
108.84554782919815 12.980636312337515
111.37244162953851 13.289520351086
121.05245776786963 51.23702442846463
94.58848617825818 103.54107918896314
113.06667133317528 28.041933603566942
67.81523485550318 -1.1356476887859828
121.46858345056143 174.01381458070907
83.59482690310288 12.218282788845249
132.07901724376157 28.761739839245134
110.34786379443726 4.526553247464541
111.86186483474287 40.01583813129196
125.14853318001629 103.42018550761749
121.13753624149054 87.93088927171641
109.66804707060224 24.266178274565267
150.257825479138 72.04660120753161
120.82013123092716 47.75157242108462
104.05231019210436 48.54529212669978
111.87203545592584 12.254508916487083
124.68643218367014 20.131833913451242
80.68968049308079 125.93584355808461
95.7201662466785 35.95537197854281
108.71308778495444 28.237574408608683
117.3717142954162 -10.226277476304976
121.31843567124285 110.4242352072214
124.63828665223406 38.12571695784676
108.06993496353891 38.63203862467262
119.86870789827688 42.385100616350236
98.93818876081285 18.47460593133783
130.7184061905038 22.50346739400827
112.97409341511562 104.31050089380341
114.75613231691143 56.02083043835044
113.13585148344062 57.80881341048347
97.89850915082458 31.18833739554212
123.48147840577741 22.034257115997775
103.74749706322538 23.44575569965573
89.51650990884592 95.09031343714564
130.07118388002098 -7.166878236284058
103.97632493849679 146.6058096616451
83.63754252962678 11.605732115872046
98.50754199157244 39.61133610520091
88.73662434922625 13.224092702802295
66.03115546871484 70.04020936054613
110.16988319129115 38.34859614949693
92.57956881877107 115.73320939629028
127.5745148243595 130.42268298502555
47.45365205952598 20.318071798077852
111.25051040607318 18.50490495904229
86.71531728196616 68.57925809738433
85.35136098352763 19.556673434102553
111.97062631820255 64.09989552101707
94.05628187005318 15.473529527641508
109.58906622710587 23.18710099317314
93.13732575866368 25.126529619281346
107.21051109416328 11.154579844837858
116.18704770312878 96.07590437250249
122.32498973417829 170.2653561475339
118.98845898480822 34.73967309473661
127.45349020770269 106.226536897238
70.16737273112527 136.16067483586153
95.77438806710634 14.538730939849358
109.56834417980274 29.90106661923494
134.11487434608128 9.11500513129659
94.60875870387069 15.609102046703274
104.56765306524305 51.58250095654923
71.46893284529654 78.03856295528308
123.85528073672398 64.516626888754
141.44293122532002 100.74063084560383
110.94004890728193 33.563387355059675
96.9345634805479 30.52960414583023
110.0061134619262 20.329953189886734
120.97562806164524 41.514175956481104
114.02835764592042 9.697731917169213
61.99246472824987 18.508442095742485
133.1911405276006 162.4170668366007
131.1243755323169 59.0522260146048
99.1675561938106 80.38753298533024
92.12398751920183 4.022791292691155
117.93838549473476 20.281014425056835
111.43812382846973 19.137365408503747
113.6790891388068 131.8016414899439
88.98316279305206 78.12978828339105
85.38791148714643 24.445057705752685
80.87146919995628 24.3619467475262
105.93538022123802 136.0968098668309
119.86945204179152 127.32537705738139
69.18209725345523 36.76170216774161
109.54969773650879 2.401426706378981
94.93111765920868 7.343374658835535
119.36034395860872 88.22828577255461
116.45900295740624 41.877447186190174
106.27865625075971 97.89132588901877
113.51050157099345 18.26454096847025
122.83918403722781 14.766255250076723
113.6309356261972 69.31905840378612
98.02240150834974 22.31926203450094
75.9528884775124 59.682281037379916
67.69399270473954 20.630186753791055
121.70597237935615 22.597266994771125
95.68149501486832 45.17176973773953
127.56844968739803 19.527008410421484
140.8034630558153 17.954211103120482
102.37591735984545 20.18997487812216
104.2544197898839 68.55649449695709
109.2218156710079 111.20927377384241
105.04672089639186 24.548936204871588
98.35436203322679 86.35342508726657
91.53803734911311 104.8928509681094
110.5923927336179 31.858375366345967
72.38168388131868 9.906834041587436
118.7720653238033 11.451079251242279
69.95625069382587 75.43790734885978
