97.59852231302597 102.57711442152217
98.52249158222227 164.74014299323514
99.74136434499175 93.32234692469582
91.49068935635576 192.72662634878162
116.11375892375246 49.04564750563554
129.3392755001783 93.15310719275354
104.3811545135063 38.70040419112149
102.86500160636946 46.76458858482813
77.93684595646276 6.357552917935951
123.83881598749213 29.45171401223653
106.38503084674201 14.41605405577415
92.78868307766211 13.028212215444126
111.57700601970768 -1.249574479934441
139.70479981201797 70.11933812697092
145.17333223694905 40.527948746292374
128.4013608664855 11.321872472661953
118.54524443074729 33.21817998728792
108.8777554110438 46.52086525229863
114.31904294817451 37.393244430615816
100.41262029051411 47.92028614857992
118.55722807988982 38.62464571046441
123.25214967869306 54.558238938334284
134.18476229866053 59.79269517723521
105.17768934783496 -31.7813261184695
104.49829881552544 137.54930587920543
113.07769382586433 -36.517669460672785
113.83261356982051 26.60033542273466
109.45670840862277 -23.170509626589034
66.88272453008453 128.43400390173034
110.78617007624193 44.81438804019702
123.68560276744894 41.29798463019125
107.60204592036226 12.694964147810538
109.18844183805969 34.53595825487952
114.59262126841914 9.185956236812945
93.63656592959957 76.47996239393726
112.9947011888973 3.355470991242365
141.6149959298839 27.92465277846763
100.79191421642597 7.258105318558304
87.68832995593343 88.64179774086261
80.86433369040743 13.806178367835352
131.9219573873441 68.68367547592352
80.22381744112263 138.7276080649495
87.01936348352429 20.508046818394725
139.62906386355007 18.700171950382487
67.02681260789646 22.075421893921813
128.66639994357934 33.372343929735386
107.93104334270812 19.789208201773363
106.81944368608151 21.984618202672294
100.48449759925356 -2.098450280979695
130.47943100987038 75.83579664492298
101.32112929412912 13.678091300541613
13.225070787190004 121.8699598531018
131.96384753278736 100.1527569898917
115.42360074210899 134.33031530925055
89.01210494450541 50.60452857732686
110.99663565824987 66.27827828431474
92.38948291012076 133.2441564983815
103.21400385033314 37.723173980538725
94.77001312205482 28.24888277967635
116.53049152697115 179.43480990689483
129.3253677492503 106.85692853314188
92.33571079100057 62.072885890401494
98.47316768379429 40.247767387659664
77.32114758962362 73.09316614245364
98.35595618307319 19.140213694716962
124.34833746951696 52.33270166239812
74.60374705773138 23.085172290051432
109.47909583422008 16.091707353636167
117.46336629082913 29.328532227626816
112.97803734737488 90.696722130546
106.83917133361798 161.88001955385684
96.95874632693102 25.41701406646889
121.25650579640376 22.447697613493634
127.56765674747597 23.82696334346939
110.58955733666576 -5.729186769851493
123.38302074429419 53.91642562570675
79.2129059825039 124.0160212014938
102.74757096887078 86.99223277487226
73.41842078539423 62.05828338383432
86.73164156983663 -9.295392237478113
107.05232287875893 52.812680268749894
105.85730674518778 139.39902823340816
97.79093394138525 43.64585343424574
111.40430136117813 6.693906088993724
130.0974395896698 19.370422156413838
114.68761796502183 35.68789216763206
74.37641785841645 72.6308008364462
114.57104382291972 40.36422013008179
97.46616781641855 19.48054374381809
108.70204967202703 35.31148929507053
111.59568521129118 14.796716214863133
116.00570275991777 102.06182224417411
75.9813741910446 23.962284956289242
119.1679845399516 32.29723531089325
124.11251328151698 99.86851588210021
107.54926817160198 95.14031059584673
115.55947284778317 91.01821511544121
84.80737499409929 37.68967102845468
97.9281806682024 31.10877439416525
118.20092406777118 35.79146413686681
98.61942426460382 42.17640141481281
8.818904289126698 -21.831027795969277
105.54790781283215 19.26828805380272
56.55721426234152 39.70349483329815
114.52197334842847 82.20357359495195
99.51100537593142 12.672105363828708
74.88925944362042 15.542098590729973
-10.44931077280161 74.58788621390057
145.9030717305558 94.66707116797285
101.112564779478 19.565787121633388
110.06414565093343 27.961027646600787
93.23724076270211 13.994689986271075
99.53334569558817 34.43898984818812
127.9732338027763 15.979121663382331
99.46469968679475 79.53965965172323
73.68481790640362 -12.28864531887341
102.66723511745114 20.327178900796774
126.72850826523366 79.02963715490704
114.89129438173882 14.650420846808023
52.94039707710188 37.08256642735768
97.21505489314143 89.91714405222503
113.28150959805706 7.161220291352271
95.33741097462556 4.898581715524143
64.51312177473125 64.0216464838385
99.3780272103724 3.054216303606603
99.19261002936739 42.0115470233105
92.82954990114524 18.23303506152132
90.48724508256684 52.65316780667169
114.03256130100098 17.42063085631395
113.62773568436972 22.387192545101406
89.88245911788152 104.38349111737942
100.68769567873645 14.70548125467823
112.66006845338192 94.85844444880152
97.45951251235137 66.91675985072116
69.53396074054235 170.51158367840097
74.21358817707385 24.61658765084241
95.15466556713938 38.39313795201418
120.91250538039617 -39.9612397321665
98.64041355846273 20.232030485019727
116.16147863056017 135.9519408838004
95.85953348071293 118.02524161869276
113.47780567084179 153.53238985781437
106.185530676312 21.041761771489817
110.3187506960958 39.04313205632759
118.74930885410004 76.60432341792334
92.50454052250267 41.51027213778523
149.5325212707948 123.33466191180193
100.64208749541199 14.31371324224839
125.45635853361642 142.11661687392484
110.03965831622271 46.34333651697231
71.89799728894575 108.34943535864068
98.58154668350322 26.85514153442497
63.875460519540084 74.75805761792284
86.01462836616716 88.89700359754518
112.55784532296451 19.3921973103813
118.73640398427092 72.61165516036104
89.10896546791498 78.28923802830963
125.41281951253171 26.569942630140318
128.56917994879493 28.51507593700849
92.33509360970837 28.247222522750565
160.07381954426936 122.22918895701164
81.51189627889762 130.01130529739467
87.67349494565578 142.18900636950792
138.62779225432098 92.99864427374965
96.69475311417774 119.53650158268051
106.03763646926858 146.87705201548926
95.94322404132537 37.8860422938381
103.44516093900306 37.70996076520998
150.46077025410577 39.31064162217049
86.37970983189237 63.561004084940635
123.48051918870833 181.42879660197764
93.82593771750118 57.80924885480548
114.84187205013244 132.0185226572128
101.30424748233986 142.61461636285608
109.67851719081176 22.430869344545673
127.05959797552423 62.15484711852582
111.92084107753385 17.503749889183315
110.05412365961256 27.46227460451597
70.55769304051968 44.49170354317704
83.86169230713332 19.069788338343404
120.60848316819924 46.45398535269098
111.21384908580346 24.7071407326975
121.84286894084026 35.35739259321505
105.22876582487241 55.62493452699327
118.48026299709956 32.82532667760385
116.33689879303418 16.383689209253667
92.79412945239646 78.32105231457685
80.90510943003548 105.11382224745772
116.12940470327396 74.20382022410978
90.47091121922465 72.86958754207983
81.77286136167135 5.024122957938892
80.39833426423581 7.520255307631248
111.06764117865993 34.64709914994105
108.8020248880849 2.8720786587025717
150.30372663962095 64.140004672001
71.06884734647443 58.546711108264944
86.23244856002725 43.63331005618696
129.8757859184525 82.1189291386744
123.96946074540192 33.2890510525753
82.68213888503446 103.77941642806258
94.0391159432856 37.908188871804334
128.92445065742825 39.12467951002936
119.77399692873064 30.39548244582261
103.81320673926747 9.132126872823575
150.4912984751282 29.510521002528808
110.9733657058777 15.593884883836296
97.81825176184496 26.815294112834767
100.09231159353445 48.07130142219652
54.22719382357077 124.54618568482407
108.43901421839901 15.669184577178836
111.86346216385036 14.293892290295663
121.19180664734581 54.067348214846
92.14012481541634 102.01638375363727
114.41193188799592 29.272553065556846
65.68209553790487 -2.46372729859242
122.26115865903111 172.0891629747525
84.82986431243864 12.823758592204253
134.37564356019058 30.8631407470354
110.29166498373694 4.861361060869564
112.00723564481667 41.04393957564419
127.42588533312859 104.00503193558556
121.56326256433131 88.126526762941
109.59307297426946 25.965354692675888
148.5179829414943 77.01391931750177
121.2703057504875 49.70032044641627
104.00140267186606 43.83834015480004
111.83399134714632 13.393730574435253
125.05271310379864 19.93822742970583
82.80384059663034 126.85125053792414
94.53814419005364 39.98974867851847
110.10150308959832 29.61494276153476
113.65445351179206 -6.243029023648588
120.85604648808913 111.31937189569284
124.75909108584102 39.82280083855752
105.05442488254099 38.286035417848176
120.48754542274094 43.21193659971692
100.44229505071493 18.483149271319547
131.78961821250294 22.890609795647375
109.5172413654576 101.55385680115648
115.01122285463688 57.75972464228019
112.98177058738223 58.76268570695472
98.2728157227367 30.80500084608631
125.6879820539646 22.888132976032026
102.19967407073538 24.917464608310194
86.7992754046464 99.37511060005119
129.7552615157596 -3.5797188458333764
104.05918122209496 148.716345896389
85.57206691949636 12.495129096207688
97.98666154537491 40.35406277257922
91.29579999188788 13.788966447670779
66.10068013819308 67.43911216454804
110.30054925615654 44.47840581840378
94.16960381502996 115.10105488499653
130.2089593905161 134.31165903978555
44.931734488547036 20.4112917490454
111.45678941031622 19.53423145920995
86.95861864785172 70.11444362859001
89.46259460721824 19.83364016412671
112.38660350790009 67.23024648584882
94.04374788348015 15.891237541335986
109.7652229153724 29.000815414375545
94.27663475674969 20.602028689567778
104.22327645103967 12.150358691797814
115.74474695630433 96.23007195219188
121.84891664987684 171.5812361715475
120.2870186219116 36.07907834850267
127.97047010958633 102.22387336936619
69.42286719807977 136.97609314526775
95.50567464317444 14.585401007276184
109.48856597992895 31.2556308164664
134.10169857433348 9.212383394947505
95.75810325883458 16.112419675532166
104.69144508404578 53.12125601106727
73.22216881166815 82.82574870277674
126.14898075960258 67.79406363558142
143.95056917380128 100.70449188531306
110.38106354058912 34.00404833670215
95.12014231946486 30.921842762983495
110.23867416454411 21.3751855655258
120.93177740501363 41.77426810437819
116.31548064220777 10.778974781580349
59.896696082966265 19.627101838986505
137.30812529164714 162.73552331116989
131.52468739826486 58.61009509634944
98.67258620107599 85.36257706220933
92.68817018357109 3.3920313624708993
118.66237610053909 20.301850068966367
109.21866990529065 19.0974825327592
112.38263780141543 135.52353916868339
89.10392892900101 82.15229100263156
83.02010448316128 24.253028824741296
80.11893053488771 24.201037714628704
106.98942489545233 136.13856297073366
119.68581858721605 130.44183593439467
68.18677281799943 35.917533772466314
109.56620773586785 1.9231628959902483
95.8795541719644 8.076496622334329
121.14947013163028 90.3036611956265
118.01122653912385 44.34271554636869
108.4710890604986 93.62303775522872
112.83912766937434 18.41989034417971
124.20608357091425 14.212082709912142
113.99369391603368 72.30451288227133
96.97859863765083 25.8007346263753
76.0863718421261 58.95984266790844
67.98679890571144 21.5794592362095
123.20016737104542 23.11682503754712
95.73782410442348 45.90586011139837
125.56883900267641 20.426992725249253
138.86503828674626 18.090754951235073
101.11480328003309 21.099305532650277
104.22195613974539 69.01444841175311
109.20212926555268 111.52830171465861
104.64477065987191 28.191078292658208
95.52837323361491 83.48596939801195
89.16751052354749 107.86131572026395
110.51975582491674 30.157522793983986
72.2199261146749 10.276022400430778
117.37885376187296 12.202164698444157
69.11828632477277 76.46428962564012
