101.92623465692846 147.96259960136288
87.16075505771819 171.70199229685502
105.84372197656401 59.58887154035976
108.93836711009932 208.65149311215717
128.42238079265007 108.22239027552158
127.63348819319376 70.9479477093279
105.07972155185195 47.25223789061636
101.1437529801091 106.67071553213522
92.45730373086225 13.938128889161076
119.8798730009825 33.07086275391057
109.89109224080435 22.458338283242135
105.5158051912815 15.992173765501446
110.16041445977507 13.083896800570262
129.09275526802296 51.52554510710893
145.5535495012325 84.31223664082991
134.4087749688135 6.639892395879688
120.99746589447066 49.855923094497285
113.22243512032956 104.42775098264624
117.35884362422897 66.44363240505804
102.90610151546271 69.94014520397887
123.42202845997865 56.93603204768916
128.8647839670924 58.86932832104956
136.23079478653273 63.58169371316027
103.90445891304849 -38.53704799695185
100.35432757880113 160.06891689942285
112.8663841302545 -31.424656972526314
112.84258722374697 25.740003098002504
109.44497154496557 -11.256667332065032
63.105075070084915 123.1782673413878
111.11345902824101 40.176997809127734
124.10211590549531 58.096478944188334
109.07032943031336 18.101302781427858
96.37689033401759 79.87013151495935
102.9877595531696 26.733281537811273
118.68623357088366 47.90608732281024
115.0326022803597 -8.193696687943554
131.9142960960286 50.47568836243675
91.72187325025114 13.336494075411046
87.1111406123255 94.99311784987745
87.45868271186227 18.507803066342632
115.64569140364148 107.6619062519266
81.48478503309721 110.04682447073851
71.78618726749032 19.26911160769894
141.68368177471388 18.61965480926203
64.46503191364792 30.98150853515157
123.4219318188325 42.29596047798291
102.19483847079516 33.22409723611231
102.62018840651017 6.777223708019625
101.25237473899391 10.315359111596187
112.44408779234227 96.93246583089213
129.77847727072466 21.320224636440383
33.02313182132197 158.0397733950061
136.88314641806684 94.26439310512909
125.76908124996262 141.4330700395994
93.99813251957498 96.9713126441962
112.00416755313005 110.4105829301068
100.8531670879224 150.92405227717362
98.57123733399926 35.9822097168707
103.56816641068183 29.438490039142277
111.10320169751554 157.65156237541814
130.4841799358349 98.17594641243288
80.39945300255985 64.19195655422483
102.35362846300941 41.83313788457329
77.73438998090951 75.84829750747485
96.90021044908778 23.19386164451965
128.47188546850214 56.827311053118606
59.52728012588842 43.786316701936684
114.40635807208675 20.27439921624643
114.19249394356387 31.786317233755433
122.21636646890579 95.84359838303936
113.39285046219861 182.64179099413076
93.11898103351525 25.659560084691186
126.676728588813 28.21739782749459
120.7020949204187 46.162628609280866
109.72819981661284 20.67716576958438
129.6116394445619 86.3484517696577
77.2511436090771 116.81156757080609
96.61897150622043 49.67307989620021
63.15927531245409 70.84853427480016
94.32777114338496 -3.61765147985441
109.73078090270778 61.87422194772329
104.2904401199555 134.32118144859072
98.47591400706575 72.2114983797626
127.23395364276308 20.02548206844659
134.5331186491019 32.89472625722306
119.0432377158258 45.31246818383666
79.15232977325265 80.47927436349167
114.82229295488713 37.48166161255681
96.13678034155268 19.30708693600303
106.4921720824412 41.07636657613914
124.42153912543542 22.578672831297723
120.06494006141281 78.16251038068394
79.66686131769342 22.37626697289393
117.83925773946385 47.1821339380261
112.3806502810041 100.89299277767809
94.21574456104956 103.50009319684914
116.33803412823087 54.46806192560064
91.91838497199666 57.61776314657526
106.59923990107524 27.73781041198454
113.11936963092167 63.432466126912615
97.56370499744114 35.335484579288284
-6.312655001499369 34.65748037139852
74.81831005597354 19.85189480059556
33.25850171492541 30.70726689691366
113.30825075706973 52.63065202945988
110.19386425348188 18.946604841061035
109.91261199952191 18.5388991264534
-29.66361229408492 84.1873938490493
145.06390177000753 133.14829204307216
108.04539922372591 19.165810307398473
110.50221350692753 36.29805511506968
103.97922479459358 17.807626686359164
95.49254206423173 39.378554764675286
130.55543572454738 14.787173992018477
91.06634732783256 69.19913048622603
98.42176108197049 9.614975633104818
103.87964392354739 20.8557090338511
125.53979663867821 86.23547451424318
115.74268320638397 26.165193584856468
55.52823089540881 46.799431545708266
93.84150144596258 123.22152850707924
110.82585619220028 42.68525028423352
92.47227207814021 40.60205989060878
83.38144741053581 82.62439137399065
111.95712790102358 3.297767582548355
114.08743839035787 66.26644333110931
105.85435059849141 18.059232952457855
69.69313479261004 62.86167321284334
135.25668723521733 24.061546925907365
118.53997094911473 21.94681246143756
91.22970794506116 100.4744941815731
107.98422976541657 19.21776549577815
118.66937563299412 121.7964738826203
104.96324247781627 109.85120099715557
63.3703488140999 155.13677420060668
81.7370804332663 24.393241733006498
105.7904843022355 30.143871434154985
118.20022894450801 -18.197087674183706
97.52917243093322 21.92589260940719
115.709682861807 146.28648042766625
97.6270533103755 99.28547036193123
119.69564191447172 172.08350023964582
99.85483126155292 21.815707401201884
110.42291159409449 44.827602776988016
120.43490349281271 81.12350399152162
100.8217952208048 72.94786766428501
143.7339656778489 104.31515290599472
108.84327179124544 17.216032038317785
120.17176870764686 134.97860820084193
112.70297052411956 23.926761726872275
53.752659732561455 87.01491963790373
88.76386217384994 59.32490349045588
62.00963385554376 109.61043582533915
88.5789635259475 100.76306765608989
101.15504333757639 21.489618018710413
116.87395728626969 64.57938897308686
95.71495373009012 70.56105051418102
122.98510672521627 26.285313249608787
144.69304840071283 30.499995113225015
94.70063255428687 26.40092726613714
155.44171241622092 129.74994724996168
69.10121717096206 121.29696623565154
95.96957414247218 172.44069944266167
145.87306437157122 121.11845325790014
113.54402344714678 126.5566239457513
112.73747602353585 158.2506446598039
99.5517164576743 37.23169128335549
105.73442009244351 31.418226376610384
158.85524750546935 57.20420556309617
86.8405706693454 61.03326772057959
142.72153371317734 161.1671914621898
92.3887041893795 77.96889086424318
114.5404600117458 141.9502341015955
104.8945995532689 158.92553555671927
109.4688873557831 34.98405895768838
117.97924894142305 91.67518452315502
116.52443810085738 20.75721640822846
115.41250760510376 31.063891094414736
54.20403045887639 13.002678622574056
94.52714338488684 18.862768372740746
115.31486787483101 33.43398079748501
115.9035590700259 26.03963609518182
118.13432291615815 33.61565695257858
108.10127429354353 25.630670798259562
123.92081704868669 36.40319222058885
116.10444904051131 27.71452487381074
107.25064168940278 100.3503302690943
68.21995130011547 73.10074307326767
118.83837215984414 75.2506368715384
86.53006626479944 86.20809770553092
87.23228087165019 6.456305267746997
79.47219162682947 20.671351029632802
111.29197961077722 36.11234151836756
109.29452239923752 7.059625520663467
147.41074871038873 100.15865745931896
73.87337835213735 30.769560049789302
98.33348139203498 46.5736530487234
128.94236547745345 44.468276359640235
125.00370089333681 34.98242704304064
96.43971501175015 65.0634218354683
95.8744286745691 34.221848317570796
133.55693235451133 44.03206847940073
111.36431853455831 34.93085086039279
110.34777805821292 14.276757690587702
140.92588282019673 34.858575216132685
111.85898003878395 22.87659955902427
115.41335662801134 44.02810536300393
104.01935349130807 54.22878796119359
76.96193395996501 101.22506169540932
106.2582925595957 33.95222539871283
114.38036379273957 22.064765509100194
117.71304110194046 78.06847267580719
79.62196746121911 81.60582099236974
121.77602801716972 33.959813576762485
51.883227719956885 -4.98249630247141
124.14890130138117 149.95362694229058
98.17984767116522 18.359878845721497
142.73179019912223 59.114457255044755
109.70023843270349 11.35519873789701
112.39687668540986 42.19776547899617
136.94763334540133 97.0520485358494
121.80138516001162 81.47291954275053
109.15808101057256 34.96881222451887
129.5470674463501 108.65972527618806
121.0740018739476 55.12426075418348
105.37429709777975 15.943922865071341
110.93949439401791 22.39460667170587
124.34622407930252 18.510610122256413
93.88470567124561 130.35710294542957
92.37805474642755 68.57939026689623
118.87907196690516 35.51356722142099
88.4309387911803 24.9017163668466
114.56128462446594 103.03799115288798
121.33990381032093 58.222984485393155
86.29978611758918 44.30376879064211
120.26651957772494 41.51163868215616
112.60369640124877 18.895098231739937
132.14928487732854 24.79125583979132
86.49441790457341 73.15169682731951
114.6278750859344 59.30260596362519
111.14435377298528 57.484218256432484
103.66126108794364 24.04309086127626
136.01835106533335 35.205978698615255
93.43536964588246 32.981276060710265
74.04225556942524 119.43690035742449
121.70433540412364 25.65513037959058
105.94044374695747 154.98354008009977
104.35346384666278 20.347232562147923
97.69348428348412 41.50183787027666
112.34553865465588 17.936798115394527
76.35463873544077 53.453773959361854
110.99302331425953 76.90099989853326
107.3172592980291 101.80365244392763
141.7708253216587 154.66660007226153
29.34317114925541 20.653384925606378
112.20972021581818 26.127694715105132
95.48626767314474 75.346808713448
121.4650139652382 21.234650491891884
114.25296427407899 85.82611599358323
97.73662310029684 19.54925842347348
110.93340309223329 62.57946855447266
106.01766275438361 3.35680954333604
75.80521241113976 20.59897814936335
110.85484121535559 89.93684433235029
115.33273331634564 163.34510309911298
125.72728545148296 57.18733789821694
124.98682437495204 66.40419689708261
64.58496327870627 139.13722394073685
97.4629081502898 16.01563908351011
109.0363200664458 37.510393199926284
127.26279537232644 12.108023799338834
106.88114509520095 20.32674268712739
106.9177155546915 53.52760195613498
93.83546109509709 108.68885088455946
137.40515812574077 88.87303932649863
151.89927719705085 93.37005166005541
106.5254677319937 32.11787371202044
85.49937353933814 30.06008002346175
111.66840588180835 27.28974002766352
118.62067379363987 38.38283198403345
129.18166431154944 19.739815304849404
64.20712565680635 26.45486319765097
155.7510473391123 155.92716947156705
126.91557295874117 57.47542170892029
98.23196436074963 118.57512581896407
100.92315282265106 4.2427185125523525
120.90357935335227 20.17280049736807
95.22064169658339 18.834335160556368
103.16177397668747 155.49396599586746
83.91837490842117 103.39338603354878
76.28130102917883 21.50727121225708
82.95298426055393 21.603691598397372
114.54576672243455 129.32752365542046
114.42294622654767 147.06903774283884
62.62244787550712 26.827580852749378
109.71779779339798 1.7188848876855496
106.16592188737219 16.623050475296246
128.24451160666604 98.07597832518591
125.89521742559407 53.83388508421421
122.85675415678045 59.12216494784478
107.81769030243255 19.65292640739309
128.93400286805834 12.419765666326777
114.92744924534786 89.59573750814623
93.10460049233147 55.427187193841185
88.99679367949321 44.2663811228215
68.15004877959885 26.692393826775554
128.24990666941926 25.52175570364035
100.88330145802033 40.66645755753791
108.89192590174903 25.502468942999535
118.67688383912875 19.24013435937879
96.0930028458276 26.51204714883988
105.29082235293413 54.59988589372981
109.10579980887927 106.25522212702913
103.26631646438592 62.83180155549984
70.14534187614427 61.82944618226447
78.7498667865407 115.79113225642978
109.85347413978722 16.14265918745272
80.89728638209213 15.590958450036252
106.69298850498265 18.993938596016925
63.53031335866736 83.64052926010024
