105.11476770460617 159.66199745197397
85.24273482759403 166.05011551442354
109.53031741437225 44.71306416967741
111.91729453590712 201.70233467820813
130.9335398609831 121.82624888235192
123.87160481387463 59.02088622677218
105.82216322321385 48.638301949772746
101.20990560874021 131.20957976902304
102.17720811960882 18.54555872604686
116.45924473814163 42.07919775900432
111.54694486043911 25.769618796158845
112.14733006066332 17.847827788378556
109.43236794072047 20.8155729272803
121.59908222453117 45.610023043098025
140.94969263154456 100.80511654767665
133.336477751507 6.199716874676953
120.14917993655044 52.5780878715724
114.76337058191824 126.1310475292071
117.72903536724411 78.48778674976116
105.02706919714237 79.14794016602437
123.2831951333993 66.99744830692146
128.44802265816548 54.94947432661037
133.33002949380167 59.27562622125148
104.34443946052647 -33.19905889161323
99.87462716607301 163.69446429172086
112.28752853617753 -21.60053272664459
111.86524587168584 24.199803324065794
109.46759426546822 -0.38527678651474906
62.08628164037213 120.56708322087931
111.06140720480668 35.48954272535072
121.97685491225201 67.8142916990587
109.84311805385212 20.824105594063287
92.56454363934522 97.14276746942484
98.798466417168 33.33688835078594
128.7048255848609 37.724258752004786
115.15078370577588 -9.513305537584548
124.56630704968507 62.75290189577646
90.22038354801016 17.161289157330472
89.70300419142198 91.56835155816172
93.77220592234761 20.726089267343774
107.15974762225605 119.64204121644752
85.76769350284148 96.26772569652799
65.67934597963317 18.63090831685151
139.53734780065133 18.65652932676603
64.98502574765918 33.021076923120795
119.47496927299457 50.02368306531395
100.79862846329398 37.53867569182722
101.83356536014787 1.589653106295128
103.17288899111726 17.230530856335932
103.90237843177566 104.11841762821739
139.01469818849523 24.544041927391792
48.54781955990099 169.57342533909218
135.90788205389902 88.88066324822479
128.08762806487755 135.504722354316
98.55301852683883 115.58380553263946
111.96305656838206 124.82208060641595
105.5067983989227 153.42054558345077
98.10419856335237 32.35726191597669
108.63482157495392 28.539442122785974
108.28918734013365 140.02769263335892
127.42141276850074 88.94709702898871
79.27761235043246 67.51458051354933
105.3283185966315 39.21129563407879
83.91582961673281 75.04555665105568
97.95158812025063 24.408752823455544
127.28569631804876 53.87804887820145
60.90448025467048 48.884790642053204
115.86013677336301 22.03764690077184
112.04988912338364 31.174271178123007
124.63907442289077 94.41769096003203
115.76227946852231 184.21304493954943
93.53202427440033 24.761604946609758
126.04340942291928 29.689155350267978
116.20759123804999 60.07847794627154
109.3352030186551 32.89601901777339
128.85295686208812 98.66629358102617
81.60557200132942 113.90260283023527
95.5107485321389 35.16634156502519
67.52410629027982 74.96881597050782
100.72001006434704 2.352182384680921
111.00761860993771 65.68549653507472
104.51234536140194 125.83535268156591
100.74444407347926 83.64096783347163
132.18471133546893 33.97707364567445
132.1736273968257 36.9946616960775
119.54883888092833 46.50091332441878
85.50700519034366 80.99119789091539
114.30119711351331 33.36071335194541
97.42691022125385 19.22672312146671
105.96917105829422 40.81850193069381
127.88152324009496 25.566684122377517
120.25740035381422 65.32221273453047
79.1403558471156 21.120478576387697
115.97974568599284 60.17968477378739
106.7912143482836 98.28918383495457
91.12364106514173 103.35082195045302
115.5831484175404 39.264798020510895
98.12123524969545 69.66454880301553
110.95422033047596 24.83428178761839
109.97633944260697 78.15488763158817
98.97396935168226 29.72594126475525
-8.798447929527487 58.16973804826734
66.72582497248953 20.00336676421969
26.31913748960963 25.262445933445203
112.12950252424592 41.35829433352926
114.89611191426951 21.90967704201256
126.30780511347658 19.923950227077828
-31.74767417586275 94.3273658576279
137.34649487445537 138.98275075318872
111.58263970896293 19.019605280009753
110.60028561420297 37.35842900811315
110.23680271598707 19.758144008339105
95.96176455723631 38.824503267681415
128.03579845816213 15.002146972732536
89.55199613018928 64.90362610698948
111.04999665204092 25.188947026189354
105.56205253455158 20.85175113824828
122.55152532975035 88.48500308905457
115.26584462586857 30.35721917433095
59.14751107068401 46.74932853989539
94.6421273707998 130.84945070389352
109.6122015756045 55.23896720630034
94.44940750603843 61.55535979476011
94.78804600092154 87.91896602008404
117.56808875321389 5.717038189067203
120.24228306349667 77.31562033273251
112.32486089436392 18.166193731889482
66.96803075565866 69.54954233606794
140.99171429528405 26.350374861385557
119.28180968335884 21.236102434409883
94.71905666430973 94.83770634325192
111.676755991533 21.25866475298038
120.26199728778525 127.51188470568763
109.04545971273133 121.13914934537603
66.96214699327417 142.4318143322524
88.56869881271254 23.38562923738304
111.43543653070026 31.344856878502647
115.79356997272293 -2.4724805989035845
99.14514381672778 22.32342717582896
114.0856282636802 141.132808377205
99.99766888221595 86.4350945628456
121.11386570488325 173.52696997276053
98.57184611361234 21.906783192057343
110.37477902474986 43.979339862185796
119.30640766698532 77.0351225400987
98.14396285371295 87.90434180808641
135.49141119636562 91.38658648512558
112.73623127996353 18.764522494769576
116.3135406399179 126.04694856696463
113.43030958352479 18.3260854219356
48.21970998170849 82.55737910080951
86.66859932085012 75.26091524546507
69.50415315610168 126.05651337074086
92.51421467791663 100.69031761573214
97.26922293082318 22.157439140221868
114.95864315094327 54.29746797911692
100.85025296361889 68.18523601492933
119.72310459313506 25.08397394026463
146.62122544833625 29.61496676545283
98.16742007622528 24.63970522151737
146.6974667907183 124.80893615789124
68.53481699468918 116.87184631693276
102.08086915602921 177.18069587700342
144.51726310582012 128.70139959651362
120.68676802242675 123.7814376088972
115.26638610033622 157.18465932979296
103.11164200677129 34.43546706969186
107.36398468856189 26.385389187879213
154.29180066580145 58.89038565049073
90.26724303293852 63.01151539720528
146.48274817190986 144.04467053647727
93.98293940547522 88.42613741552873
113.66693292125295 138.542043100736
107.27141039110164 160.96989682199222
109.42078218437946 38.31177750876589
112.08243591113795 102.32709942981536
117.66012881088342 22.036179680644572
116.98144567006945 30.589377212623855
48.082512866419556 5.10112953924194
101.37941542141928 18.854047310763
112.02200149721192 24.776751186154602
117.09404450115794 25.51368653645968
115.17188995032559 30.85443750747726
109.63697260718206 17.86646346194243
124.18879188599797 35.298908651977584
115.10141426363384 31.609802738558805
114.35243681480527 105.6951246051974
68.87804894809719 58.65952489725621
118.6864918505686 73.88892669641308
88.44827688199058 89.30652665343644
93.69693114421918 9.323240544792021
83.61410718847638 26.552056844186925
111.0849397726992 34.529010655848595
109.57512180042548 11.013886539479282
140.6926167556578 108.56012756465225
77.47395195153027 18.233389641019265
105.8516039774618 42.98829874839482
125.34677359118409 28.772897886260385
123.54697081132952 33.44207328998315
105.0301313335889 45.457820225387806
99.29753108283346 30.634312971974598
132.0607494512581 43.02913532507713
107.34365344344403 35.37257049058551
113.29529928079465 17.374364808089037
132.576166396375 41.58845563206172
111.89571671839592 25.63961649592036
122.66403659133883 57.26180023420586
106.55991588469111 52.18571269970595
91.90552932391623 91.99796975819501
105.79483430528721 39.8679302443103
114.84150970195297 25.20561506884022
114.80043655586552 87.63865885020105
78.24665363988031 70.98093347741778
122.80426050647837 33.791730643390075
46.34865499320659 -2.5668997439903016
122.22995305242051 135.15937823756565
105.4828792582551 21.113318914802058
140.3067426382338 72.82760925906014
109.40357099023207 15.60407608296199
112.12417719169265 38.96832871250588
137.97876895160655 88.61623638816647
120.0639408910679 76.23158265690098
109.05200926321342 36.8048767341102
117.69860849453869 119.79040401259235
119.11089482058281 52.08848153106267
106.70799220067575 11.122843165265682
110.30404064833073 25.9986250058774
122.09723464756652 18.001051913766318
95.41595206487676 127.34410762219312
94.31810095216126 81.0229711563112
121.42864037001931 35.95458221779323
80.13839902114414 37.91702237263485
110.7745848443181 95.76394286567256
118.14316652339407 68.10809509508792
81.28568236200506 51.10087963507585
118.25094915132313 37.167065923345184
117.80385322845906 19.201638571546354
129.85673665681367 24.966969311978605
79.22609281398078 60.00489009214668
113.34686403251966 54.18701405015207
110.06340829603171 52.18365499364842
107.12522939153166 20.03810129488661
136.045812777525 45.826798605989055
91.87402166134014 34.291486564807855
71.56321515313667 126.59492185005828
116.75809039637105 37.98953588606116
107.33923971984602 150.76914949980448
114.06562474739415 23.84869911048989
99.17485751530413 39.27876975506401
121.68372534940366 19.751456610605302
85.30824084694592 51.56184160564379
111.08348713217192 83.33276507691698
113.59347977488301 91.48781790564009
143.26914847604777 157.3455854796474
26.527056970664688 20.49720674149886
112.1020055569598 27.958654536091327
101.93086243819918 78.59392986248145
134.4164072785801 21.430329829541144
114.4638895241262 93.19112598742194
101.61027455422793 21.200850410140305
111.30540001901885 71.7306339957921
112.1415477844156 4.429763268089314
60.039199162386 24.29168066884706
108.35859811414036 83.36015465547409
111.57492921660227 152.9559993926164
125.59589115902459 70.5066300240826
120.33542099997884 49.88531047233011
62.94575943949867 136.82328542027997
100.32824673086421 17.07517191409458
108.9126898698103 37.36450015319947
120.88949759447786 14.506874049727507
112.59891121500712 22.101212910048567
108.48048190474674 48.778321139856374
106.26538173556953 114.47283628110236
138.83800867826582 95.89272558304836
149.54533054766193 87.24834267370731
105.24715886710398 28.99659635096676
84.13941921179403 28.01804538891566
112.02859828555343 28.63913828721934
116.63559154256274 33.72772066583712
131.8148270729406 23.742298551142845
73.78564573543109 28.21209866931218
156.62503840420956 146.572079144806
121.58303671329104 58.9182474761594
99.54243994228376 129.58732527688653
106.0029498613464 7.6103053913694065
119.90560568846401 19.9588613626223
91.34529925414876 18.74746245339501
99.84282360573218 159.64436513405613
80.32457544160121 106.46534667696054
78.87955498596519 19.813897755845684
88.1030827611266 20.045325796027655
117.32403817872257 119.66756210153366
111.19461649051809 148.65607467004182
60.72369321810063 21.547442313890087
109.7897714488824 3.2293926328543763
111.58726114733483 20.97142318338772
127.91187821126628 98.1646764225952
127.5040351457723 54.10113714534636
127.78863936782953 46.892117293016
105.75828124722207 20.161661069475503
128.16847680245507 12.580395714885883
114.56162807348409 95.28014460258557
93.80107597012658 70.1609185179429
98.49789862650985 33.02997526633186
67.26729936139176 27.855746255398355
126.5979160117567 25.578511972397916
104.83257190172978 34.97594433350127
101.33352342070827 26.62796782661354
107.84090921809317 19.76374016293676
95.97976216885088 27.938019673148197
106.40690370829346 42.11070480514361
109.1116436796317 99.13539501326952
103.5759117874627 79.62148703977059
59.58374260320828 51.7990590253728
77.87095369136777 113.36673025384287
109.55681748894975 10.088601528294697
88.3294447590735 18.520347357163466
102.24837970610547 22.11360766547894
62.50730275532981 86.53554968259287
