106.26708622055145 161.42702413666257
85.02280921567123 163.47511404469134
110.79160414215539 40.042170696841964
112.11506668769499 197.96760694110677
131.08926646368914 124.35579391319527
122.26708581723503 54.74412341096982
106.10159018271426 48.524123736894964
101.35878330634173 139.09419034860727
105.66058590844244 20.11642101081183
115.16159904388817 45.74636984250646
112.08431824484208 26.743942321875714
114.3480759307511 18.489511080121822
109.19092192439238 23.398357363293407
118.71996288724473 43.65397812925114
138.912846756646 105.98782103525977
132.48439784483307 6.363910242159957
119.5841355406359 52.819582609173835
115.22009872248624 132.28789204303953
117.67879081414587 82.52395429476466
105.85316857057595 81.90711431496358
122.90114897742248 70.56131188947795
127.9547003088871 52.75748604044077
131.73277042180658 57.33283908045648
104.61726018818831 -30.08373303377501
99.89179912724335 164.2305697758753
112.03901562513929 -17.593260959824203
111.49806338525867 23.60726808122875
109.48000676382334 3.555593934531164
61.85046306218019 119.70709473921245
111.02004985384 33.766975491062844
121.01770037268273 70.91394012123031
110.10126538564401 21.711967853059683
91.56817273611058 102.09645314090987
97.67255071924025 35.373277674174666
131.63734123138514 34.29434246828242
115.11809652077022 -9.358304043189275
121.7556813058211 67.13016668992462
89.96792745759934 18.49572354708225
90.96488881591277 89.87358605984824
96.34804249504215 21.445192990713
104.32577231000279 122.68154165300318
87.5300300369005 91.38086573219394
63.873083395190015 18.42286613754408
138.5357530994482 18.679466940845643
65.29850389519203 33.481233739762494
117.95353161706103 53.17734621013167
100.5022896539474 38.68098156759446
101.74677588291641 0.26430318105590933
103.95180894326283 19.62741848913511
101.15088205982873 105.73494709329076
141.61253549386745 25.481174764152133
54.34017345600145 172.6095737276508
134.87281661656925 86.27409317610682
128.57148636094712 132.63781466132406
100.2669164025295 121.47515283343041
111.8653406162917 128.18731969122433
107.15485346699411 153.1066278460506
98.12742271502273 30.87106974750191
110.35820143209101 28.028586517326037
107.35804756371307 132.6183669532779
125.9481454978238 85.5249559087395
79.44962662334885 69.04653126540266
106.42697611854253 38.01546702778971
86.50769518017344 74.99051105876958
98.5484115492641 24.68605137698482
126.54216139662257 52.389628593850205
62.44696191245104 49.81286965767008
116.24254198864385 22.58496928854075
111.28001641010121 30.773495781680836
125.29471616353027 94.08066567290541
116.46149285573846 183.60617280626417
93.8532032547263 24.361921464351166
125.4477595324537 30.071225371956
114.5225871426365 64.83575365074722
109.20674224168188 36.822405666039806
128.08820223934922 102.04237090582508
83.50811240523862 112.83248107680922
95.39704404027881 30.497099964894772
69.62036036488539 76.75961699687409
103.14800867486552 4.747759087517888
111.41971266797255 66.92404586246238
104.70098269399763 122.0576363631825
101.66632700075778 87.38255789177657
133.25467565655845 39.69235993648113
131.0278111156319 38.18974291219256
119.50441930073471 46.3519094307383
88.17484881510451 80.56369542600588
114.03658728630384 31.680959460423246
98.07589207073278 19.203756191125912
105.88056901260258 40.44689502765362
128.67995737737624 26.454688149649357
120.03170421531802 60.71040570921054
78.53319805561654 20.647456967557325
115.23670541376003 65.01808586673467
104.94570662265163 96.73079493189167
90.62292122925169 102.55234223920816
115.22735625932111 34.482562161000494
100.53902382829062 73.49088664523052
112.39558329910312 23.762984691348397
108.88696002703874 82.80245444620718
99.74777234952317 27.558329399030917
-9.184692071773359 64.88580487140796
64.73980051469144 20.036619447145366
24.987608282947186 23.32878223118296
111.66291771279268 38.44453926269161
116.38232011777725 22.840402613118275
131.49649018869067 20.366630808600764
-31.167875796733085 97.96303134259188
133.95366128227283 139.10464788513374
112.73865685237911 18.972373716459177
110.61410309979823 37.372865036019235
112.33464759233492 20.41094050853936
96.39385110535761 38.26481964577207
126.72146751840289 15.166966448507138
89.39040146550514 63.37991992000192
115.27894065233784 31.740446160627183
106.22194008247874 20.830311154475353
121.204816450173 89.2502399346317
115.02450669029578 31.452476434710697
60.04257587333698 46.07147039204265
95.15905402454999 131.6274613849503
109.21042890605305 58.65996907058945
95.39450469336178 69.03062151822012
98.92834387460256 89.53749288739496
119.32326126299576 6.7315804181787
122.11611791966297 80.59459905205715
114.43207411478356 18.22209285786395
67.19506530322485 71.49579973551839
142.08145614406956 26.998915546835377
119.33847767970745 20.947205317631255
96.24736616406834 92.32708559552898
112.88069898363642 21.90622226472366
120.52759683695713 128.0880842863596
110.4341267811515 123.56020637901013
69.06850422740627 137.41630603886577
91.40556300927034 22.977037179143167
113.29970594174783 32.70342606173658
114.84208730089185 3.030508375901112
99.92966987907451 22.37772339162274
113.43208330073216 137.8313495560565
101.03945982860195 81.46811501374502
121.36877454416994 172.94900493775256
98.38850730904542 21.898475768282353
110.34729906989574 43.21072361511514
118.63407621857381 74.2407684668757
96.32681799622033 92.38096144452823
132.34412205188056 86.59777084290458
113.99616644943784 19.293573131498732
114.86492463705179 121.80938487239374
113.6001950431136 17.16862045474762
46.6926343119332 81.67923823759672
86.46124759713915 80.39800965040527
72.87284751522377 131.4940329353966
94.1701998432895 100.50080511420089
96.24288349133312 22.304029219108713
114.18449965724587 50.47381250301411
102.8023150132203 67.2813039207397
118.41752750484638 24.495040135482352
146.38621293186156 29.117695322550173
99.62574127698052 23.8892005955684
143.2221694452804 122.31007833157962
69.03692548811064 115.40258460756243
104.335963648945 177.73068382136373
143.1383067136924 130.4477126243743
122.92388820582758 121.4726851731119
116.03667935785059 154.97477971323073
104.42765073664673 33.27984924603672
107.95650164796645 24.481428366748833
151.843123678136 58.38726515646313
91.88157936073674 64.08716914197294
146.97958990302251 135.84524794543938
94.75411968656968 91.43660782410903
113.26694291107563 135.98099322747387
108.12150697968043 160.73242341536871
109.40897641511113 38.937005277763774
110.02693654568635 105.3034256857992
117.88842694009502 22.436286040259212
117.3059869627159 30.203830945460865
46.55019165066258 3.765628087197041
103.77553919490633 18.86001569309028
110.87407108602021 21.65917409532534
117.34894591452613 25.183325983827366
114.09156506356268 29.63205514291664
110.15732130128683 15.944186904579992
123.9704137170183 34.56320360951976
114.5876458949251 32.60555508998173
116.66554095469222 107.1100994017169
69.97908238457883 54.47656520500269
118.3646454021855 73.77622271150824
89.67358895063214 90.39183130103348
96.25591980067351 10.571717023136934
85.65303974510685 28.433386452594036
110.9787080393454 33.70495830792218
109.67235129119403 12.509964540295718
137.63621630964133 110.38563965977782
78.86174205072747 14.357612247992872
108.46879671085797 41.206051976424156
123.89099323200877 24.281113017247588
122.78394396990154 32.67502876927376
108.01829082969749 39.224886394085175
100.66705743080247 29.221816987004033
131.12621275976687 42.2091167135317
106.04049530910866 35.23020628767973
114.21176294441285 18.44592177498399
129.2708288192729 44.405426429126535
111.85297673139965 26.446089479828814
124.95362076447141 62.158662293385966
107.4666027893891 50.835771814435056
97.06137640736776 88.44676184213048
105.74080343991609 41.484806081478304
114.92501750238152 26.112858765404958
113.58467718415082 90.50678822577107
78.52250198815392 67.71189850482504
122.86940349261782 33.518778754002966
44.528732090267724 -1.3986393783515911
121.32255408333197 128.41704054793803
108.0040090827114 22.00243243410754
138.990255287902 77.3428298240019
109.30846861301852 17.169124786202026
111.97335195105146 37.36301404220663
137.95484597606463 85.51967794631773
119.32467915401331 74.40917361094971
109.03070160911203 37.029964654626575
113.53657620514234 123.08303968824985
118.21787071657947 50.62646829928626
107.21583512881429 11.050063415243498
110.07401756349148 27.022693774792067
121.09348212213428 17.858924178946022
95.74065948855296 125.23552615596799
95.14017086475972 85.2478897396238
121.9234246097879 35.94201822470797
78.24240652828567 41.85530171739398
109.47993948565201 92.83751014069699
116.90605700015885 71.06332436155225
80.24242373401641 53.567836418298185
117.39923595110805 35.27222615814069
119.3979613257366 19.31433318736405
128.78957487833947 24.954319987088336
77.35333481370768 55.67884076647921
112.79414550440032 51.73765959921948
109.68683770366876 50.01784854819271
108.35605846580215 18.661695020761808
135.64679958290913 49.70764412976989
91.72434915096456 34.45302843842133
71.54347082016781 128.84448505171227
114.94664920676752 41.76988569369693
107.86730613815791 147.01103577778193
117.25172803382482 24.94496125475934
99.80060859347398 38.141758365337324
124.61982194376459 20.320782108305302
88.78039097226123 50.97291245209836
111.080469204761 84.00712559027836
115.63637518357184 87.0721358789197
143.3955441891402 156.9461337668762
26.216102859622733 20.40186065611053
111.98140511516343 28.38575741708161
104.30456424379736 79.4187776943407
138.29540550294297 21.450893659419975
114.48495715458512 95.24477307406231
103.18013461288201 21.715971855958472
111.41178709842323 73.77002568888297
114.19233210135361 6.698430111884434
54.991206224469835 25.436622224209454
107.548856219379 81.16818447035696
110.26023849446139 147.28594126623307
125.14364440121035 74.98884578566405
118.49910133539721 44.46527882434546
62.5942668962637 135.6759445439107
101.54779590012721 17.450518798293437
108.89465632228138 37.05541560179979
118.53291947467459 15.396104706195315
114.48157940935074 22.656118462290408
109.02567229643309 46.49503513949348
110.53277337813876 115.67427187445988
138.8039128821319 97.7018314338426
148.15100735550666 84.64699912113556
104.8986995547448 27.812218220636833
84.38864934841345 27.122869513443085
112.10179414111813 28.88064532843931
115.8297709103296 31.68566897825137
132.34092861997308 25.022184572123557
77.46968515501426 28.693489487285785
155.93229324824418 141.61420743456875
119.6536871389802 60.051972569285596
100.15465503655523 132.18914936562945
107.76629191546218 9.05735049689243
119.31084640110859 19.869482769041877
90.35891087878002 18.72369406991514
98.95703871276166 160.0977878249116
78.95068884813995 106.40084701030196
80.65062607032161 19.229262909779354
90.156226091522 19.50881537482453
118.1755536937041 115.34603771675906
110.08678468240215 147.1571477630884
59.89927340417479 19.686028173761866
109.81369325411914 4.031350618527961
113.38949691967902 22.398949554536784
127.18833517764378 97.23438827112159
127.70323558208212 53.80360414698251
129.07480202459502 43.31176272079786
105.15371265818574 20.310907412437228
127.59063854634121 12.78212623584006
114.3395195651982 96.97080604363443
94.4427015485571 75.51521738361086
101.89939150852565 28.910012965539973
66.78895173074967 28.052290003170086
125.50692228169926 25.49211225146675
106.27121868416856 32.66186440512794
98.94952751342007 26.805165943989596
104.21303764580254 19.932048632824525
96.21974588702984 28.307603849417582
106.83919308228386 37.45858792315987
109.12355101262479 96.25769009611194
103.77045789597595 84.75901204851891
56.3311592541145 48.492462511729
78.20012087930408 112.25733243800967
109.463902599237 8.20362152452103
91.35800586839768 19.527970670779393
100.89223900324517 23.121281373835316
62.53933833954303 87.21794027110525
