108.64540694067395 160.7590496965805
85.14421144073316 156.30369972975924
113.27463551076119 32.04750335710635
111.45339881718014 187.16813012396227
131.0534420867614 125.23172048047796
118.56232290460181 46.8305675530614
106.79530837743442 47.26004709026701
101.87924210809092 153.14038900070318
112.68525951152499 23.235503079720413
112.41143280884398 54.128810697325434
113.10427938148759 28.477985973377006
118.6243596573935 19.78880233641251
108.72862280891346 28.46121995068219
112.66454618225536 40.02263530517791
134.12581549885428 115.21114424796728
129.9491785876296 6.980849110374527
118.05717647950073 52.83020150473064
116.06499499962004 143.0181583116246
117.40623279588101 90.5950618147578
107.64193273260625 86.58480721678305
121.77117951211704 77.06236605468071
126.26557957494204 47.45776837002206
127.86538584307297 52.27363014998076
105.31330928614861 -22.210887705893814
100.12602389734758 164.80806233092412
111.45913132038044 -8.873302754545033
110.68962207964316 22.36122147480336
109.50756697774536 11.82548182734221
61.31419231605617 118.0674662564592
110.8938866432501 29.98367682329619
118.89331654249155 77.5066346020828
110.60681959148482 23.456451395540824
90.18330956204667 112.04143522870987
95.86048306454411 38.66114010839147
136.80304306834773 27.32566455503582
114.87282857637221 -7.922922722110189
115.6709831029034 75.87205261761773
90.32895731937964 21.163775960309856
93.80391960023552 85.97599807348033
101.77999019212034 22.775803039021277
98.76328907301831 127.85739467355407
91.97607917617978 80.92095131215659
60.444957580617434 18.034771502861688
135.65922065121188 18.74838029139239
66.74814403232365 34.07082365412143
114.63412355499726 59.48169695911372
100.14205876910499 40.21166911391878
101.90386814469159 -1.8457786869448896
105.71411007041783 24.37753891380259
96.05277995610469 107.14446116689571
145.98061987484564 27.131446077553832
66.11078907001415 176.28340645065424
132.09135682297864 80.5261188981845
128.9219817747609 125.41074138124037
103.94581089608123 131.19655594452712
111.598932928473 133.5366807182061
110.5035060426464 150.30308915002692
98.55187302480367 27.59150200193249
113.77954651388285 26.629665290931182
105.54023873791861 116.4265318689682
122.48094695536376 78.55168485189196
80.93021529365612 72.13302593558197
108.67409266018232 35.23935504868479
92.21730920916384 75.3522067616095
100.0696731161424 25.101458960699233
124.57024771675053 47.99549221422372
66.67154065215642 50.91704162596262
116.8313454068635 23.60163181075551
109.68773448596619 29.734682839176028
126.12029712892316 91.95693565941795
117.5688594475168 179.91613824732156
95.2030532853669 23.35903729204937
123.9552703678394 30.433551404983604
111.01285090691962 74.6071697998174
108.96148198857617 43.9140180143083
126.14741088451308 107.33227892551774
88.48697977248524 109.27010059744987
95.35286636719938 22.84236879347966
75.28497490186753 79.90350170197195
108.14309954784369 9.836146728957816
112.18400196019915 69.39497750009916
105.18801805804732 111.71682590289296
103.8610193855363 94.60663125452903
134.71357490108502 52.728195493910306
127.84354666969578 39.95089334625763
119.04973190590245 44.83818425497345
93.84825542907193 79.88144120653772
113.365703878647 27.85361572748931
99.90655031560065 19.164504516508202
105.78500067478204 39.28671492968148
130.07228956729233 28.05304261278547
119.0967014947657 51.53086134458808
77.51520460842809 19.657723473485834
113.64773170491382 74.62144465267485
101.41520662203435 93.52794761308787
90.42021723141347 100.31535212357652
114.3584494073244 25.601789353156605
105.6038553193646 80.41917015185862
115.22583828620785 21.552421377719494
106.68919894337635 90.90149655719645
101.64682916870144 22.903136472965056
-9.089537976258796 76.70524199092053
62.816235725059535 20.072267615741406
23.515284466733142 19.39526026453978
110.66761538165478 33.414944908975315
119.11874504459519 24.62160721598638
141.37940907745738 21.21919751628724
-27.56298667793073 103.489765290974
126.00640378812514 137.50932021385782
114.92412113866564 18.884367963899926
110.61337150539295 36.83561822913298
116.44216220526016 21.684069260812755
97.73533176023726 36.444053139164595
123.4586262507675 15.642027577453485
89.76193430712108 60.729120512209285
123.51602312539563 46.22939030979794
107.68019202295267 20.7446910208635
118.23586821158717 90.4584351203761
114.34803576508352 33.252861667192526
61.87858425616939 43.69180543412867
96.58711256478476 131.2713532783001
108.43797444424027 65.09365006599612
97.56015728661515 83.94270179798279
107.472350372557 92.43084472934574
122.50891424862256 9.107736465666632
125.6510898980749 86.93172781814263
118.52180765326682 18.359798373655433
68.5976842443582 75.43707065712036
143.65244043779734 27.926351100013935
119.18269326876052 20.32300859414536
99.52022037975271 87.19006083551554
115.17892072315173 23.119688777015508
120.72791057793908 127.04098887113933
113.16395240189821 126.27145957003535
74.65075523712345 126.82323499942068
97.52414698830839 22.116094057111415
116.88694749592744 35.76149596834031
112.8246833104073 14.34636359160697
101.6744573709895 22.330693824697104
112.06455370782994 128.36625941406092
103.3743199258814 71.94591835115237
121.5661534486407 170.08227802275982
98.28453226914027 21.837946655525574
110.27669835316753 41.05283024053179
116.95746210318563 67.37771233503528
91.44057836768414 101.23576931781797
125.62085368063796 76.1905072364025
116.33982539873784 20.34647437922802
111.85890889964844 111.46797094294871
113.81474714165478 16.41518197678296
44.24478269476089 80.61306020054874
86.74981713830458 90.60394968171289
80.65887849171015 142.09677140772277
97.83499070998057 99.06762680832381
94.56179650959385 22.5729177286514
112.54772384680828 41.25061274367579
106.7965143399533 65.39839196939339
115.62155268009559 23.081904888242708
145.32454855857506 27.81688429106177
102.72056349657292 22.252191419819802
136.03915349971567 116.41187438107968
71.17159740162663 112.55753581270676
108.97987125905979 177.00726601646755
139.0466261380753 131.38746249406069
127.07610423571984 114.53495031276401
117.25529745312218 148.10370276587008
107.2274303825931 30.664921083854548
109.1720870121297 20.51454457383103
145.85114039765705 56.49061985841687
95.88492752651172 65.84111763777165
147.76255104917263 116.82778981901527
96.66713038901428 96.82877809707003
112.37355013368352 128.95673665211282
109.84715217799388 156.21303358985242
109.39445364891088 39.553883604534974
105.89756995370739 110.58066935800792
118.24309262155877 23.170424193481196
117.58864773947361 29.102284797732423
44.22778713733728 3.7315148257370527
108.7355646716608 18.8946927395209
108.54082880886963 15.380410393028097
117.62858486108632 24.239227811931343
111.79081430864132 26.89259974158796
111.17213936740555 13.555392606810596
123.14886326338895 32.50646379966449
113.45126721421593 34.14985420228612
120.9148011214389 109.5028018877924
73.72076492542183 46.807391836115265
117.30722067179573 72.9149345326318
92.59718878774835 91.54974450449343
101.7604438503157 13.174417428381968
90.8476479743243 31.83705579054531
110.71162198911912 31.70570685121313
109.86482315696661 15.718239020689888
130.88541770643667 112.49124971975596
82.32746050930604 6.986723895713711
113.74163465752481 36.98591024396665
120.67067066893074 17.661109545405413
120.66768308984253 30.82460448313867
114.01977465576734 28.86389789017037
103.64410724554854 26.17514522527857
128.72582125403312 39.684883465555444
103.51839858493214 34.5779986848363
115.8589192849942 20.594750304179023
121.69509523724138 50.03420338220397
111.70531446646166 27.813860225359967
129.12863485715957 72.45203060255484
109.34003603883451 46.98238278994417
107.73851049474511 80.19883403085254
105.84188614964394 44.245682456536684
114.97113236989203 27.74847760586131
111.01584014919588 95.51931169127582
79.85848221031894 60.80214944030301
122.47692524972389 32.42402883005008
40.720791078096816 1.453224592171705
119.2053300759454 112.76226296580575
113.06851060691221 23.696737576713918
135.83379869857328 86.2304413422075
109.13211634516306 20.37084754394455
111.61902229066497 33.48169607285879
136.74010066375885 79.24465203888509
117.58666745581564 71.81354536930648
109.02021542361273 36.64618421369071
105.18730612271074 127.34165699525933
116.29045110242318 46.525780729218965
108.30322347087817 11.905019354194238
109.60271226728051 28.862838113681104
118.5707703149796 17.626235205896563
95.41201110218826 119.32807529501807
97.27614444438913 93.14454594216001
122.39431672220518 35.68533899354225
75.27745350787637 48.7889053996822
106.91156802144498 85.5495753822293
114.23314223352519 75.95150774204686
78.71104385415887 58.27460628951738
115.53633850284636 31.078554728666912
122.21932971397658 19.542362229937225
126.02098933301566 24.688170672707162
74.35761968930339 47.598161461508845
111.572221729046 45.72753340830627
108.92616711453097 44.608438693343984
110.87577282143025 15.938594864763502
133.92492029115652 58.35579343244994
91.65421106478385 34.53828028824438
73.05417258758031 133.1225693189244
111.12777149261292 48.35455491392755
108.9833515588115 135.57992746483936
123.2496584166605 26.933699301332137
101.52938211882456 35.31249769946253
130.27201770101863 21.38286272350847
96.41434598224723 50.15193601595479
111.03424272421991 83.6359699637202
119.51818807707642 77.3248813138268
142.5478845512812 154.77438679473224
27.244631647945653 20.182726647239605
111.67731830709401 28.97273637856808
109.24245122692474 80.1654502985968
144.95192137390288 21.4023705497091
114.43739540132421 97.69547019713427
106.4853028582823 22.67533602815008
111.59027183605852 75.50544568563069
118.12622674966244 12.078686963744389
44.99538909307405 27.58266307866615
105.94517604845184 75.66541854341908
107.64395685292968 133.13816009982088
123.88472754726999 83.28156491913761
114.51216768635697 34.95468776273422
61.786043404486016 133.03951621458825
104.10215541824614 18.243350294015023
108.88103746057055 36.04210016362029
113.5979730593345 17.290320754860417
118.13693463556156 23.656535119589606
110.12831888580905 41.33551581618382
119.01219982091577 117.40222944185034
138.36378377590853 101.16860599380556
144.31875171358263 79.09853435810801
104.2572795906789 25.164929522803334
85.43296721083901 25.114650034676522
112.19939071600201 28.958501393206596
114.07124436646637 27.138692553865646
132.85642003143593 27.41876141645814
85.6668881767292 29.366976558123902
153.781346986176 128.6751247531851
115.45017637386509 63.18887949610599
101.47522507978982 135.2064362713245
111.33721651258814 12.132007185825314
117.94556380572054 19.667249943174816
88.75383153981235 18.684506883015437
97.3981319978621 159.11835067786203
76.32587946689273 105.56743134248809
85.05229248410744 18.068085580834914
95.12377133208533 18.42979762628591
119.57291741413562 104.90554399584659
107.86192546818562 140.45872018754588
58.16422158151986 15.947173533636505
109.85956044833753 6.1401768691262015
116.85163355490276 25.180527896065716
124.96226765623689 93.98553870097753
127.57916176247929 52.08856745700119
130.90470158710065 36.971848133380064
104.02789830696501 20.5822966399784
125.86289566536551 13.337974330682842
113.69720519633367 99.58793747962197
96.04673088087559 85.87555219601576
108.82171008019499 20.40987758075996
66.32280919603298 28.058196692912183
122.82054170615537 25.046788718913415
109.20513746683145 27.75017774099551
94.45855891682288 26.96143044454445
97.22142033100305 20.230542680241363
97.20973991786104 28.892054330593275
107.75090012350256 27.56110784901628
109.16520885979116 89.72465053413612
104.36465422205025 94.3947342243425
50.51990146621768 42.38921803893521
79.99772132190665 107.89762711599818
109.29406045200929 4.80505837611557
98.28479083062739 21.540844782168183
98.51103894676842 25.038784983178704
62.87024349235185 87.75600904589062
