113.42293500828805 146.22111969033725
87.54837883469985 135.90414664078475
117.76422807083877 23.073426190447606
105.2067125721856 158.9680607374488
129.1214988434519 111.72191267649667
110.20608118359141 34.38370003974493
108.49478836021913 41.35481798277497
103.79142477049992 167.05153330491356
126.23618080947759 29.004109907976822
106.71192906728011 73.9782748571483
114.72136461616556 30.892245183327088
125.98845468336276 22.274930500083517
107.9203741568844 37.23802177247519
100.39825462676143 36.01939111497352
121.244648385608 130.75424162940976
122.67036321987487 10.168088436039916
113.90565434091297 48.78334893188661
117.04990699338971 157.7720546770688
116.13364646021996 105.73801580602289
111.35996667221312 93.7413556445518
118.13796662062101 89.91795612063467
120.59209451788321 34.649852167872
118.16357848582822 37.84162112421634
107.15292720296303 -1.2942301964645369
101.68042943603584 160.46950337001098
110.13173326474707 11.746250662006407
108.99434541050503 19.595427923332053
109.58865861716083 28.888652613889416
62.158617118446074 115.34646984449289
110.49114071617612 21.478431837699535
113.79971008807804 89.48304511309523
111.52150188720287 26.37516688320472
89.62553969852833 125.38562266724776
93.44575463600763 42.62297967998404
144.12865754255316 17.086552488095545
113.71031779384204 -2.5754750996222455
102.6327991153445 91.41131355622629
94.22445509154488 26.29024777572706
101.21821074986546 75.39475916358845
113.16220911200573 24.936535964465527
89.36960586439672 130.3783993750639
102.45575255509743 59.88356452076
54.57011358600456 17.428849920403774
128.00859289127712 18.946051123433023
69.15153778917704 33.80320292173977
107.54899483435055 74.17604930805672
100.96498560868558 41.066216473555016
103.2924561461965 -4.107449664864284
109.53448305908948 33.01405530049221
88.1253484884507 102.86855138242814
150.77443585073834 29.637850504722742
89.87968970753444 177.95889739504233
124.43083600046921 64.88817345375125
127.11742235002994 105.53674980845034
111.66008208791573 141.2759373363982
110.75778111139648 135.92214849094398
116.9578492524791 130.06591000409477
100.97491348346483 20.197461528110033
119.94296084958317 23.003422204914397
102.35249543242371 80.30810680921329
114.28353258473939 64.34807228543465
86.86500288884584 78.31264069050633
113.21359371269217 27.90227463435741
105.60097038870813 74.24230886991175
104.42499476990419 25.322216724786422
118.68010995238386 35.904417541480505
80.00552277522456 48.87442826998601
117.22320525872735 24.954943245177883
106.61122825545927 26.66227280399932
126.05619037888788 82.85949634668356
118.76443416769327 164.74674337786982
99.98391551749779 20.854291321068683
119.02508851775507 30.26189718902956
103.99741665017083 94.48570759992977
108.59928503145287 54.52369049932281
120.53550103779492 113.51912817176276
100.86365425823017 96.3720258265499
96.53511100250601 14.922047296248778
90.40890249398278 84.95965378096919
118.0266552085766 20.966331466388684
113.41770144577798 72.8116850988057
106.83548516819366 86.60545407404368
108.92297654638601 108.1820498096363
134.5874519129458 81.45007090549822
119.47360040019177 40.87870845629652
116.86616784900903 38.922749235894464
106.40329541495528 77.31567349664164
111.73715425862066 19.3679239870322
104.65215756948344 19.108696603659176
106.07814470613933 35.01255406803451
131.31792570658396 29.976746000154357
115.57420657831993 32.51567053881995
72.12088234341886 17.627036543921637
109.98230130647066 94.12620193774514
95.68595297538465 85.36515959302976
92.96474240093396 94.39665221097734
111.93923530792577 12.855225437421536
115.75714225797967 90.36181212178502
120.03779114886459 17.01481397703309
102.55147146285087 105.0604546472116
106.46258935401187 13.347950647655109
-6.330617227980689 92.59995112354066
65.94179806462759 20.064458946035398
27.851129940433086 11.807183101981737
108.45708566033106 28.008416825398527
123.71841604586356 27.5278068018551
158.26999450591043 22.661557018734594
-15.413147950585325 111.91964169690945
108.22064071697218 126.01601431881899
118.62339231060147 18.740711350057612
110.53775173354786 33.890380378037115
123.54004977587945 23.873840549018215
101.97143640665148 31.130122955477553
115.28758811390857 17.087480059345207
92.29740718351205 59.21503565970103
138.11838520437848 77.34164410420385
110.78597720699483 20.39230908545367
111.52637206484879 90.36375326225469
112.40985174968365 35.04628235217615
66.01149609250987 36.64206555573147
100.86333085054389 124.55091466933483
107.0910855853197 71.80860680696641
103.34285664127947 112.82470624532053
124.49159444936451 94.43871014076828
127.19456134632235 14.831047966637342
130.68450622335058 97.09569119264239
125.36175703757958 18.713193907479024
75.44011968696593 80.47375292099397
142.23041075507896 28.774782937237116
117.60184799044703 18.970483357353594
106.90081643861393 78.48929674069018
118.96045107307441 25.183507254840695
119.76601276026516 117.82457549311306
118.08194449783154 125.30970397781654
90.82154036430524 104.5302416280684
110.86786301371274 20.121843751798476
122.9576295829436 44.98743991806038
108.52654231825584 36.79241135682551
105.55641691697882 21.890763499637256
109.07246275556498 105.11812934428117
108.8711924063194 52.98562209363463
120.05753069158291 154.33882309935956
99.71722092000317 21.426707584030158
110.10105262992907 33.580973265349044
112.7687045299871 49.56000053021088
78.8605428302525 116.64009316020653
110.55554233385826 57.412638734065155
120.05417383369623 22.285991579125582
105.77334879675597 85.50805793922633
113.76740419799029 22.673099615668743
43.0555289521605 84.82073093709924
89.92895379195225 108.14791057914434
98.51272391902299 160.38301379591428
106.47805678768705 91.2525128139552
93.53257001051321 22.816103500848943
108.96696859464019 19.859601429644954
114.97543445307421 63.750154743344844
109.44935833751144 19.797445331905685
140.86551448815905 24.48871027107614
109.5619224980249 18.727040609476333
118.02902490959116 100.5517967111256
79.23720110056006 104.55184650454513
118.13728403204365 166.41210704754698
128.10190456160143 125.43722073657445
133.5125250252388 93.8659805020128
118.74011755738344 126.22324033201653
113.08342516924674 24.3573930707833
111.61939948665402 12.510130733504782
129.7281902969624 48.06510787463981
105.5666805157058 71.4290314339826
145.9228402625818 76.65332508777121
101.97793660571035 102.22262939025947
110.3536702805015 111.22760627973726
113.2203889180865 140.2365200148759
109.415442679766 38.15616425173021
98.03536527353452 116.85870599884214
117.74689056794524 24.35340097952198
117.22736526547924 25.920986507873838
41.234354077364436 11.312138392779094
118.72013448587963 19.030190707769776
104.12574469842085 3.6122032093079066
117.42740567885821 21.878265329356818
106.99664771392699 20.821325563440492
112.97223445773886 16.44868465343303
120.50454140514864 26.849580819598145
110.88455485837835 35.76594762858371
127.92507059717647 108.26332524195088
86.06384774522466 33.621526064283266
114.0703286538193 70.46462886806546
100.15479166999148 90.44468587006277
113.69169944907921 18.817322474844037
103.47015839891955 37.08439269417076
110.06907972317586 26.53357358741189
110.22679434466903 22.502915302301272
114.90755921069287 109.6939678303609
90.18010321450059 -3.743163162461739
123.65102909962113 26.353791945804996
113.43527474436979 10.277709353253625
115.00841443635099 25.868813855087303
125.10731352664202 12.321945719518482
110.21847994072941 19.57295802094023
122.11619743866947 32.27412638022517
99.18102904358345 32.203231857983724
118.4291425932519 24.54248946196654
104.85773320358096 64.37039302079027
111.2040140519699 29.295509435291187
134.92703781358173 94.56483450579428
113.00402648427175 36.040993476486804
129.07641415149587 63.24009418263884
106.63395693816945 46.017220629741935
114.2628602375661 30.203308444788618
105.47369940599721 101.37875646718932
85.50185187741106 49.371374983206564
120.00029181591024 28.607287664245668
37.455460828519236 9.25875766686137
113.77929420563976 77.0366813847217
122.63505860144238 26.40146952180942
127.3447503502351 99.74042794398393
108.84616098789834 26.447861822279062
110.68625407982216 24.670587270911312
131.0546735224711 64.0472571043307
113.27778093123557 65.84739643738162
109.07520433480968 34.29223880527183
89.53961657555875 128.52294693275024
111.72973698038889 34.970022871835624
110.57438193832321 18.57521983985877
108.68727679708765 31.568198568485943
112.88006905098901 17.3656035262083
90.9993347331767 100.77302674921768
103.24065170994861 107.99515423287076
122.09405298420853 33.75553770961021
73.6291273996737 58.64543332185894
102.19638451576326 68.74237609045527
108.59042600044378 84.36510175866105
78.71572246231217 70.03465164142207
111.21737658954532 21.059638378869767
126.6069987291103 19.98772032301627
118.64265294871082 23.582234178426983
72.32118127286758 35.68030392143703
108.93625951326095 30.569433934175446
107.48334642762448 30.620918924542675
115.78585248377505 10.993311705915795
128.52345208617987 75.95115664284195
93.84458446755467 33.501529588816815
79.56825982442561 140.37000538073153
103.50171468558248 57.156448159163254
111.24813173572159 105.69168116283346
133.07076256804078 30.174137225005826
106.02538473394326 28.267948061462313
139.07058530581205 23.16134546233236
113.04208347297798 48.757359357338665
110.79840564721746 75.80312771722144
126.090361660636 57.13012321622536
137.11713553098338 139.97957391071805
32.350984681905146 19.59635836302882
110.73804507099796 29.180983223414827
119.01325942267941 80.50464902354913
155.26717987207684 20.920624547440102
113.91783690491147 99.25934568112926
113.34004779068906 24.20776679740775
111.71044024236619 69.41318838766685
124.88553711890374 29.168701090489392
25.599207422443648 31.129126125151352
103.23185821956795 63.49596122813501
102.87897707855036 97.73772463599319
119.51963086665546 97.34149231828772
106.09073154849536 20.887003043584542
63.126599533410065 126.3433920662473
109.7679768043354 19.938695564065167
108.95843287893484 31.75887616568902
103.56550748938919 21.157897568613485
124.23316657630801 25.081345089325858
112.22932456323056 28.06192821472012
134.80259562046615 113.70042722459489
134.53589128156784 104.50191900558478
132.74039498845286 65.51100942096144
103.58077966130499 19.427877162983496
91.05025179348256 20.495372598657237
112.14731429594448 27.962884644041367
110.23631691645669 17.02807219913403
130.07681886508846 31.096168763363732
105.0164018427278 29.122172465934035
142.4190901428595 99.23674086401903
106.66942524878624 70.36171395295445
104.89581422168892 132.70549807149408
118.20989327125203 19.3821327232062
114.4095732435644 19.216495127585045
88.0299996187704 18.651647188863706
95.98031677838928 147.08732842937235
69.44775186638309 98.85950839490845
96.75247775612272 15.930909777643466
106.78340400252205 16.37644678652772
121.52593667445896 80.7632948980094
103.59054621419077 118.1627297955505
55.2718795045265 8.798002159991213
109.94226807517337 11.553273903498205
122.82271954560315 29.956178093202308
118.86280844783765 81.63800783587072
125.1728954064989 45.40250047496146
132.7580290194877 29.73546654006077
102.49400286988089 21.05333470427473
120.41649605360395 15.070182150288128
111.97178125671454 99.20605839532169
100.68918374155989 104.37563729863801
122.38363044928442 3.6000350276200797
64.46421311708733 27.19871756928534
116.00058440730979 23.57628712571738
114.98657343245684 17.208115670525043
87.27165073744759 25.899236593373622
85.29853426794804 20.6975627241077
100.79204249100667 28.80089840691529
109.74988843208226 7.076071939081077
109.29671355133766 75.52085674522772
105.98119614542784 109.66941805465214
41.03412750888376 34.69519385935541
86.63337019371569 95.4946962438537
109.02350348231262 -0.5711616153731647
113.12088617188333 25.21717373736843
95.31935338459354 28.20284165830123
64.98814964802166 88.48945360902489
