121.50997312859533 78.93926307260739
103.72893426824925 58.054250716632644
122.85002951773869 34.09359115083083
68.28522689254696 82.93500796491767
115.98284055652665 24.579512356364987
93.43550718241738 35.26645260184563
112.5765909459424 17.369494083254658
110.94573106240479 163.2409971553804
142.2321116013863 35.803820237818655
96.04646541418221 118.40505819703309
115.72215079018746 28.974258962956704
133.39348133533147 25.13617433248629
106.92980168200727 45.112044374876234
80.09020046707657 48.44219728854079
90.16828595282524 132.3265468724503
100.59949372727131 21.72038184888101
102.53024442436804 29.03067697508767
115.2132292898829 161.5294453564559
110.66585352614022 130.99148366705523
117.70391822223384 98.57851938667272
105.582922405852 107.74303643475405
103.2921614183344 0.16195670038403742
93.4652812839366 -1.4807232484211452
112.3725942434597 51.20703080053926
109.0571689329173 128.61426082961967
107.23720440798503 58.45652894207869
106.15397877915638 13.688241326287969
109.78483324943349 56.12331782642823
70.25185395466593 113.4097680439171
109.21465527582558 3.1434437203387215
102.24251509993728 112.7124350748215
112.46700933792654 28.527860741942277
99.17242180815136 127.85943173178121
96.17011141428166 34.66176128834006
139.11035806018342 23.80044896082659
109.63099104594541 21.893878729631794
79.88022700500642 115.16133730637381
110.9102544646559 32.493195415861784
120.57272973299378 41.703496705772686
134.77088395422047 25.80690161369424
82.04355237325927 109.8402858664721
126.7596076656392 27.00403210561254
49.40122441663701 17.301202435452474
103.80546522026542 19.49563377057795
70.06778709928729 25.687244593478013
94.19336106730752 101.40757499776673
106.9235584146554 28.00014686951858
109.87759079848806 7.033044961273467
117.34338531492482 42.09176870083743
83.56991601119458 67.40166412707698
141.40543984851584 29.14479249373479
130.75263500208587 160.11921782482773
98.68599379714564 39.638436332340724
110.77892307228339 40.80536986631718
126.56042843034122 125.01108436592688
108.3197315285186 94.38649696018241
127.18799148789546 59.19346695407652
110.56378918290318 4.756528453803843
127.27906426958441 13.485389077267907
99.68321732168631 6.220064005546268
94.70700167247053 37.860134954103295
113.407712149855 88.15792309314566
120.72099842295032 9.012204228081
134.56633568689975 69.29463770956572
115.74620384435704 22.45445849691455
102.49642073667573 2.725322295415977
120.7973508782811 26.821181548784278
113.92680444917977 24.838493229802882
102.44920106942261 16.85432378305817
116.98570943076345 61.98535243760527
115.97959509418588 111.39995270493078
115.09022662902201 15.18292709777159
104.58256556177395 24.029568254768247
92.00667386777101 122.46691823010669
108.30858421728485 61.72918480330983
102.66324537188542 108.4387932256794
130.62205634454327 52.99716763929253
106.10165509222225 28.50321369945451
130.09407864074714 85.16607750437016
132.51028967426902 43.89748738111399
113.87415501099002 79.42638690817361
111.89782527506722 29.948704113847263
119.4078412289095 114.16986964840872
121.92129847909902 133.33015290951616
98.19302796172667 28.56712375045462
109.07128169657668 15.831890991802789
132.69007516584395 70.15775106391254
107.52546666083711 2.3761655842118605
117.66555837172176 19.08434470505153
108.57891543925443 16.747438944867234
120.3215488131387 27.23520811273736
105.22951787893246 11.56163412319262
51.198220991115825 14.278330709062558
102.51595305015312 118.63056941011206
92.80720648544288 60.87703127033104
105.23694399697669 69.5820663513398
105.76201545596851 10.18199246550995
132.26476180759866 100.92643856427125
123.10399120078392 9.533856522072723
97.90229845696486 114.32913278327007
118.4017889900861 -2.537516466334697
13.93328056517628 88.38484565493886
94.53900811949819 19.39874801877759
58.81962135909575 1.9815693520041382
104.341613290361 44.89186582034769
125.78727377960072 28.548992187326924
164.46636293413127 23.55627772248287
32.014986283279136 105.63641657128431
73.69765292720157 67.51157999487246
121.35153574023583 18.676113274495705
110.07260784261067 20.739968594041642
130.7921123429538 26.204795314709862
115.83521916275745 13.653669305460328
95.83940096807375 21.151324680054707
105.78246690374779 53.236055224946696
153.5131497043609 140.1509742649058
116.42846432011596 18.990403202629043
96.4893415381816 84.70717789854109
107.33049149875524 29.670781233522586
78.18900661444924 13.72139189638001
114.12456456323265 77.88802599515463
106.23116555167577 54.285248762848056
118.5169846628298 156.80566075030376
151.83482133292486 82.91357520096119
126.28274713964487 28.493714395537456
128.85598711727553 101.99288355983643
129.02253857317578 19.71002792870008
109.06615915894312 77.35855804507064
123.26851688414003 25.548830918942336
109.39012672404998 16.294870329193486
122.8815626508583 60.0354876120926
120.51105279149743 26.829738575823576
112.34087741051232 75.11872132981215
123.64500823068084 93.50833367608469
133.98587914388168 46.041419181122876
137.8515799965915 15.857672703161729
127.44963950156195 77.77042308312258
101.06986917656238 73.79368764292639
115.55064093101628 19.525560052496527
103.15480873536809 39.55122075372158
120.29041325403783 18.585152291803333
110.69826494686295 84.82945301593563
106.76182759274784 19.44264261221752
109.652545671375 9.793770468181357
103.16823484378493 -1.822495722812528
53.84884213185482 141.10662194652062
79.09831581312268 28.646549202287922
122.43807335586155 25.001436857746057
95.60003174626071 18.77555103971806
111.65936124320103 54.135094194313
53.91556901026485 114.59044040560636
107.31806401705573 122.33039698670497
139.88465963455627 172.6140683018877
125.80629919360163 72.95800449223351
102.21215219848438 21.510428501512827
101.96963338550401 -23.774054269196508
128.00121711841325 67.90569165044164
97.08682263289421 13.09152291891945
112.13889720149565 14.964060349621068
123.45934158724054 11.73048139367471
78.53506350159252 55.09967508896612
110.0557980130291 66.1592266969641
132.01598593321216 117.93835048969214
95.37606661259059 78.55804800208027
130.91568534205612 44.206302856735
116.41264384151462 49.55260314803033
123.18675425154244 8.888668798975537
115.60133572110395 -0.27113638837126774
86.08571449457764 13.631342199399311
126.51332628536692 87.96171601411841
123.50471946577284 -12.580000508617406
117.4321824808911 93.07534623505715
106.1453709658063 54.527522058987756
117.88738436365888 78.40944243255403
109.67338748412985 24.18112963033071
86.01727755050361 110.91969454682364
113.06483878260455 23.853299392443876
113.47987907814884 15.729590187743065
48.11408328624544 62.26010596537792
134.7733497456432 19.52158559016658
98.32794164396475 -9.6954490176078
112.8564433582168 15.860631280316142
98.93271049225815 7.88109663537467
114.9799637524018 52.539127829039124
110.08507627984604 11.867333027019974
105.38069137196771 32.55937680746987
131.19735222920804 84.73071065401533
122.5177721269803 25.453909406214695
104.8518210069337 62.604369576861195
120.85443626598644 74.68524563199055
137.24328642436495 30.412625002354126
132.01745090176496 37.65659984263426
108.43040568092846 12.579664563423552
110.60148018517562 34.67845168730316
80.03951287715508 88.01819689623495
103.25320551253316 -8.530376172410861
135.3598071170757 2.3786379589563236
97.4548366316135 33.18995771268015
100.4019080450803 12.777413400606989
140.08573252528083 15.773656186970616
123.04938237704171 6.306488020477417
102.75254002468526 10.320683933724775
95.38836444566647 22.02589475223469
119.3234182927604 28.666391416594784
74.31499400315451 96.81763747794365
109.41957647384228 26.311598646712977
130.95117511529057 120.86150323365837
117.69680832824287 5.4415413468597364
164.24421295932746 34.59355476036645
109.64791300360028 32.56645521830811
110.12763929324451 29.423592304277943
95.13058356460122 89.23425317384462
108.67750448423506 37.73805203679356
108.09819029497619 15.881909894395884
56.183639484784536 29.687343474610028
100.13320680844348 2.8130468385985843
134.5477019618447 27.741891375576955
101.09941220729247 107.06829439920595
108.78844803675413 34.852962124257644
108.32843600781825 4.476019604568945
107.91013030904612 34.23152954830751
102.48487287420504 54.2882206195756
109.4954688818068 22.0100967518555
71.86116662298308 109.17575701763957
101.26994530134891 2.909972580576331
114.74709695198882 35.35000191049697
107.46449467266629 30.224525522873414
99.87854882963369 18.199822793261728
67.30262868365514 49.4915907245896
119.46483495503472 123.42955124046924
115.01422495974246 22.721932766254678
86.94233333568488 54.60591190409599
96.35361141616526 25.5481574124952
97.3756277628753 94.3208288341503
94.77913953519574 91.78427098146373
101.6808380144444 0.04354771820859926
127.79370132583523 20.564720719786852
98.98890837520257 19.28416367337781
82.52300961422051 32.033608081685934
103.960432814811 -6.10987921669655
105.51074799478974 -4.309828525588275
122.9726825560458 5.946096042272201
106.92916627865208 106.80577721156298
106.30897038486769 25.494660526747733
107.50931885116543 145.36423755480612
91.6325590422693 58.8424055843786
114.8210815789537 21.88462152373482
136.9460457931319 30.569425864805446
116.80346312333288 8.591593151767215
143.94431276531873 24.738967968006914
142.84732581973006 55.347924160388835
109.6166504333295 29.622824333050087
129.753682126302 32.72292270030575
110.57942400449093 89.11032936225938
54.541207967748036 17.984503960421563
108.16201882133255 24.709116042292944
134.25324984723176 78.95134156443027
154.84801741725994 18.58685979597349
111.21508037610695 91.86450721204993
124.83711741166981 24.55193923614734
110.67496943447512 28.177109587451707
130.1920853433282 92.18087461691987
-1.9759158020456766 31.18847020675724
101.94263381504953 41.94809894118811
96.66528391945903 15.883667031763974
105.09418313611042 102.5613097619396
90.84284869302613 12.241300619808046
67.83631022872216 109.33029515498541
121.30278563822776 22.93335478390557
109.49553255589136 16.312040530460276
87.58329542990913 27.603909826410177
129.47990431935472 24.803442311536433
114.85778724763169 -4.877662556851707
150.2897191058712 90.7380993920309
113.98508092862455 92.51025998825921
94.70967425936871 33.854072197056595
105.83783834809788 7.932552457776893
111.14591611737865 10.428834184239129
110.76249182673767 21.055357370754955
102.37138824752778 -3.0496562425342915
113.5456834779031 31.423179313667134
145.91148661915278 23.665207245843614
100.33894037937587 24.853583150331552
91.31929558601406 82.31576802106778
114.15516151332021 92.36126789149142
128.23111927536942 34.03115488976478
104.957048037258 18.34164719046635
96.63213497839001 18.840063041044246
101.21977349807379 78.3104246666175
54.31498086535948 69.69873999820425
126.63622097202096 13.632047607340889
131.5926296388074 13.814134338611511
120.41621309417229 26.547002977902387
97.87423425432685 41.415300634516555
56.07419192852797 -1.2302273819114433
110.0541773768058 25.817147375411434
127.24008642317588 34.62118438136175
99.71926718654564 56.008758740856706
110.66775461702201 16.590729854270037
124.71549174899118 37.020402091220426
102.76708526971278 21.09252023273612
103.25557611453664 20.423272190083694
107.67213431172613 83.97470337519565
115.67366728962371 130.84654886545283
143.10777131753582 -19.923317699039057
59.66290736034796 20.148303044568458
98.68533093265344 18.693327543715295
123.88223171662406 -2.555012086961453
84.47515107903192 19.82158111707719
73.87255153347787 20.760692818984662
113.4202493947774 23.065414152070872
113.3666720300276 -26.61792102630939
109.62659468525094 43.11693222759188
111.65153689002854 120.48979812494596
36.35667860370536 37.30783049358143
112.00792844608094 56.14671963935856
108.95634952568398 -1.5775216227381077
141.00205060640945 29.25993900841061
97.38062259199009 30.724276260091187
74.98057606339313 87.6925979794673
