120.61188038095086 0.6191469460321537
124.2054316950223 -15.300725104436172
117.71678233517872 70.27082791451329
29.534460058333217 11.640944849605473
97.85875506766651 -69.76683263240078
90.08800988355306 76.23493987120666
114.60193394409264 -5.274293941101749
117.28536791212981 123.73973915685171
133.5090308264508 29.216147621063676
95.00253893569356 141.38797754957824
112.56527207920607 18.950559379927938
125.00328776790059 23.42080573778615
107.6376912588646 34.76628361761312
80.15937270539962 78.4526601904895
73.75061608283067 117.04031101351842
85.78822075264652 31.401856286715677
95.98899349481948 4.866716664672435
109.14163020508157 132.15072935739033
104.94643363186282 144.62829638230545
116.45293854993717 84.37617031964089
96.58766699913834 95.13443470105871
90.89184024209375 -18.24626520923746
82.23647457154533 -24.644757737909014
116.06508813775508 79.2680111009698
116.67932236693632 73.58093273257472
106.1703419811399 69.69311063967531
105.88870350871453 11.767643258468722
109.6576901226646 51.09274298822833
84.21411778625784 102.47308456878542
108.2172291886805 -3.4866096151393147
97.55434538903651 111.66183333819352
111.42581596905525 23.53343252262247
116.9233518899717 107.1999779482602
108.97768859952978 12.419008106831733
111.12061886733163 70.65402614287413
105.85987809965148 44.54449692771956
72.46345936343705 101.09719152040589
127.13462287772869 28.758632051081293
131.74332588120674 26.928716280919332
137.5469951895023 20.956340978581473
97.8321597060415 74.5863667287569
138.88187500887017 26.496774202675585
55.099785992419285 18.365861267463362
83.18458385368736 19.835438464990183
68.57547692729855 12.715140577072335
94.02872867995885 103.92641917595243
115.35286118847536 7.701473070706657
116.60796584463228 26.189704399424684
119.42004376587971 32.65535220400029
99.34332732266041 27.768520424215765
109.28848599824387 21.13465839949958
124.18916755696826 110.81940988421701
79.93549841692237 29.764312148701343
93.52657844087268 -3.509382271152501
128.56567451807962 89.46516035677564
106.69064120878295 33.55098692407138
126.25587711927803 -6.757239198196653
119.60165510762229 -0.9249283370478565
123.47608103389578 8.218401574991226
105.08088614667669 -26.3098127790374
87.6167669008715 41.70153478102124
140.56251794990968 87.1590142679092
119.29414072203892 -1.1444562636172195
143.82122691315283 64.04133791438466
122.67636171535376 16.989311438745
92.824399342838 -16.614522427566442
153.04738493733828 -2.371397168448475
108.06924150848695 20.964635925733564
103.68730408848184 8.95370316442529
101.97155918118843 45.07179186301455
108.31276229212422 44.120671909881295
125.97088404220557 12.320285553651752
94.01057750135739 13.810175189426783
93.2658395613924 123.0577051183672
108.64896433961431 32.86807525874959
89.87008265951621 76.23180611271142
142.59545664814442 13.739674228968408
118.27182293510917 73.28511452303066
148.56948388676116 67.77674605866035
131.86997692996573 50.37292535834756
110.75933887646886 75.63699172194198
115.80125271956211 4.15554995447217
121.90533625005153 91.39212725282418
100.91603308296983 165.94626897136138
82.75899845225928 7.9299606387376045
101.87639240140486 -5.358076728576729
140.4275287168635 56.8383857154027
104.95948232479901 -1.8866550132694289
124.79977143542018 19.077182731729174
112.04825585175074 -0.34164650929016593
99.96435290941213 19.19820361627181
97.49896978374277 35.77915883198188
36.8660251407947 14.191172955170904
101.11603929095858 109.72546653114692
103.7948664778794 49.24794685763764
120.70671696338154 41.55695492697379
102.94151282911263 53.03678581252031
131.06745500106985 94.28747881582635
116.13571423218036 9.618230714138184
100.89456226976347 89.65194055187541
124.54901842495913 0.41315371307353765
45.1917390141578 37.75902932916986
134.7282180434354 18.458107179091364
93.87347063415717 4.030862826719967
103.22796623675467 82.02060186627854
116.04580327334575 22.232247721629708
134.75938933685936 21.210029224094054
95.627516242314 83.44286337032834
70.08233389163611 5.399178402603214
114.35809629791649 18.973736571740044
109.41144985453057 6.415270794780657
123.41501159427547 23.67950991280368
125.50503126168742 1.243260088410536
86.50473974229907 23.92370592780877
122.49188398811224 50.27193427654479
138.41386325534503 182.43292044625326
116.67958637447259 17.709463263202537
91.0222010402798 76.8061793658547
104.01716559845406 15.496554730973536
84.4989174681443 -5.208548533807175
122.96969484812892 23.24545161535112
108.65928825668833 10.770692197758919
127.60432113627965 169.52919795627253
146.74682310391353 59.11895961040683
111.34898676137465 34.77645534499856
113.05770911682073 79.41705904041198
114.6938677252034 20.366533966570067
145.11583745105446 70.94831298188764
92.98579564413517 17.700850281192885
100.7400467660687 15.41914033763546
128.41929609702106 49.33702286555451
115.13219533870665 23.91739367162273
103.24503826707392 30.64768574604789
121.02303613946083 38.696148142042134
164.02545946776542 2.1861826225026038
142.71329414582095 14.786514255430328
116.63143395027626 108.0312265119978
100.81794890317998 77.21996680945496
121.8078596463852 16.693917753863406
102.37281958759019 -8.619053151305582
121.50845095998442 30.99172806833087
100.10722383781483 5.8560195921746505
115.86030373132489 17.439446860381622
109.42596425216782 -6.834015770371693
98.29253276531082 -39.5988253009276
46.12349530433034 149.306076893416
71.44459800690265 30.577938729691958
115.24153512146678 23.260816814705638
95.53366168790971 -10.935150022862459
108.29734281990056 94.9144826093248
77.72299729599912 149.80839167595778
127.12545578731091 107.20854511153874
157.89723672843826 141.52718110018458
133.3293419576112 51.745517167525755
118.8946928667663 18.488764504830446
100.62316998764699 -34.62502829751209
126.33931550173492 67.35852201348497
95.07350044517979 11.536652135464848
79.91240921654169 8.330775239624188
126.9580553598735 10.405276601156984
63.78082485622753 21.871068573156634
141.11776588483778 29.18709671986577
127.86050906422078 60.06711823505963
71.71552698323974 23.015766916281535
110.42907847818304 26.100896948606373
109.11580996063402 -14.472607401343488
123.61612516308267 0.8184159978653733
115.03083938204519 1.521742969810393
62.8918042257977 -16.058992405565068
136.65581839045674 93.29536042265114
91.67318662362055 -31.53241647029424
128.72420719957387 64.76210821160815
104.34048417302776 15.130724854642192
115.46964890556727 14.3108623416672
110.02019346154663 7.126293023888433
87.93667775724703 88.25605319868248
105.72097391044134 19.57105504474156
106.93808907232305 7.663900856699675
73.1153319474798 122.04455144730198
131.4497204347548 19.912436277517866
101.95990939228324 -2.5741486832776657
105.5900327456108 12.135351487724167
99.11188278549912 3.306841905203273
113.36148446890569 102.52108430102317
99.42962290911738 3.658832125818223
103.48358650964894 21.981964348347027
117.92221902353882 51.71840692297682
148.13483603228872 57.42533799928849
98.18438766156734 59.97714033032304
132.17300349557155 54.3681370773503
141.7005954905712 33.877396105002084
145.93377496728317 23.77101373354413
107.68830529983047 3.825030371878236
110.21576257010773 35.86099719753643
74.79401453082025 55.510802553774575
102.34167425473375 17.91312283343554
128.89465315855443 -8.563606777265123
88.52486909172255 94.51510160625065
92.27091866233076 4.121263857533542
131.79532286693066 60.34507019018678
125.27342559130912 3.337530047078829
88.72012248047255 -4.60373057241535
99.94674640169666 10.09168194079679
113.8061438691226 25.57689551753029
73.18862263749439 101.81629296885745
107.94505532719513 17.9406658797775
107.54440985025326 135.07604126792606
115.59494635929946 -16.47596862366502
166.9390889191153 30.208042142451628
112.5972808381211 9.887418105181283
105.58180640532105 22.21698139574834
92.75659658695206 61.39550007046636
132.63458664066982 50.63141842105519
97.34417510622963 4.364188543607672
78.77591292767723 42.108632245639974
92.28910721257542 -33.25255698377177
126.57120440088799 21.75517108125242
80.29375517129634 84.45788386758464
109.39303077026128 31.48392799851471
106.75526334625546 -5.539651285050668
85.78147537825801 30.24599211870746
97.46887112335432 56.403594020197524
110.08190786954154 8.682637610260704
90.17300184969405 76.48834269581077
95.35744011698195 -14.774162476675752
115.21502157185473 40.49912192952436
107.8931091160815 21.499839974231975
92.0580529145506 20.048423961771743
42.64850634807595 11.353606140218055
129.3888786683009 128.4551746381278
103.96049838812998 8.466974980798808
116.10770813162564 26.921240957546487
100.51849942678272 20.624974455325887
93.44249142547513 85.49170591916257
121.13697214878232 98.52837675513636
98.63949321680315 -6.3360721515682314
115.59499179244305 20.373130956512853
86.59548117644509 15.042547806491772
110.60661078152975 58.822667182386745
103.5978472223614 -25.19726186268765
105.96810027115825 -20.914715906692432
122.36903885802356 10.526993587686839
87.42189723272136 106.44010189544771
120.65660962393615 13.303186356631116
137.19138616623505 129.9211739666686
92.00078749379112 34.13909603565464
114.04813061129227 -19.784659588778343
117.44842772052256 22.609076257542362
123.08791232746368 -2.8076263477891503
121.43479479793234 20.689773267106453
141.60969444377403 71.13760988794415
108.47262925830371 -22.993477477578228
117.53165209054397 34.84278423437044
83.14908184219298 28.408310088731696
81.97467239872594 17.10729544961425
106.75945916557365 15.703538032238866
131.9061218645478 63.0005658526877
123.93144890595154 16.357708479615923
107.40171714735892 63.76214612416657
122.39979107826969 21.232740707975587
108.79791842094718 -21.43804837185599
120.5628140864449 149.41201785775277
-12.777533118575965 22.456157856104262
107.35145035692526 36.57149580658652
101.06273079033461 -14.31645553629464
94.97480903183911 82.16897528886551
88.51409262474562 51.2757685670864
71.74723564121933 82.63891319705778
122.74645399583343 22.60592600724867
110.09687813763071 3.7364627376656094
89.94783164108694 27.67400501471622
121.739805918178 20.631326964492732
113.37818169998003 -18.044378655383873
135.50854355049412 64.91355192645321
90.42611678848564 55.762576970741584
65.22098563588878 20.992458245247676
111.17930763198778 5.253703565265073
129.34293240480355 5.8802084963487715
108.81909286974656 12.661358589921859
101.05075961609055 -6.4128100313320315
94.77737595329553 23.03117597240505
158.01852109233826 14.25420366254653
64.19433383101516 -21.548451413957906
92.2335114154563 88.35016217448006
119.54409925650282 40.56370244652924
122.87970944266893 37.613108926566994
99.93189168957534 18.085267912699234
114.6756305505176 19.247311324485388
112.52951444766799 -5.21500358132147
55.72293681030424 44.88766882625243
146.87141293794846 15.72210726117997
138.61975933398412 15.795677253787286
111.9570875543281 2.669135506163976
100.80245508309508 -17.2645847591561
61.02907299207045 4.150845980963977
109.98335138703061 35.03668453313923
118.24300352047659 27.30340669141989
86.3712543162527 38.8638444404876
95.95682533064037 -9.6045737487743
104.07591150502422 75.30096944131586
107.94717297649633 19.700191493681416
91.63850661632861 24.75874190029845
105.33185422565774 63.91206440410195
126.38404618785525 143.99704153371272
135.3917372669636 -15.762667264587924
60.63352381272146 11.276621671387517
90.5332962875205 14.086525643381044
120.99779718405884 -4.796040943804318
100.91107114588706 12.711996453733951
85.20965128057351 19.50530163539172
122.09810733684671 14.40781494122876
113.57337904854155 -23.946395189111286
109.8972127240462 30.807815685899744
115.9383802779269 107.28294877143651
61.68418713654387 73.76227546747974
136.143748057117 24.00686577875915
109.56487929358929 11.13843692759626
144.73148148578568 25.29896580046185
110.51547934423225 24.277977402178905
80.64583556706614 71.54155521837096
