119.82467608636405 -6.330387648366101
126.01703551841501 -20.497088421374727
116.67826311535084 74.79454097361192
27.148010302186275 6.417918833414552
96.14513668268363 -77.74253635189149
90.81362464883615 81.17890667235423
114.60527488968664 -7.126790518947781
117.74192623871315 118.40103539704252
131.3538773968287 27.860152580658685
95.57478655216481 142.90444874608704
112.07937979592062 17.681941115570204
123.19053744143577 22.92212385127922
107.8302462680616 32.55263857149721
81.50173946982298 81.71020409474669
73.58730120732542 113.58412252705867
85.04603018264862 32.12238657648211
95.90399188552233 2.657285697574324
108.40643766117545 127.5248361332574
104.50550747837663 145.31662869320766
115.89227988530759 81.99547141007058
96.25251982054047 92.11610737873725
90.46251811453882 -18.373364075977797
82.75205091334239 -25.26800513010626
116.25394109804368 78.8213473710268
117.2505771699317 65.88326353584374
106.22848349211627 67.84390905135758
106.009532591036 11.88490389159611
109.6314617889696 48.78066729971119
85.50853722186277 99.97796206549175
108.15984936950785 -3.1294237477528606
97.49201071894866 109.0509368743227
111.21692525704674 22.70555032574211
118.74168236652716 102.53424966452422
110.65486045981628 9.886389646668952
107.49262906046954 76.70769516035094
105.58556335500833 46.28150498151334
72.82243292761495 97.31181973776103
128.21731544729818 27.854188362203345
132.07593429349865 27.50000552782207
136.99357829327693 20.23193235544798
100.48105765742537 70.0672547813833
139.1793197999133 28.396200281532366
56.382788030362725 18.53704082818508
81.94039544077113 19.840925243742046
68.1173133816186 11.383144988626764
94.8047175292199 101.95490169754962
116.19371880975974 5.789827505174403
117.0884658011206 28.210232544660272
119.09151867866927 30.467960793365137
101.90235826145697 24.760391078911155
105.25508897650133 20.01663018760866
120.6853550931525 103.89368547100312
78.97791300260059 30.363589963760734
92.29838109621748 -3.939591586273724
127.83452729773396 83.9265871276101
106.61454062760293 27.565585342188484
125.50356968990455 -10.636480174771062
120.23395123768591 -0.7028730326119725
122.28830573788719 8.095416866598907
106.07162562422947 -26.09653514814234
87.78595641859192 44.106274043724255
142.7982064428702 85.87174712247375
118.68535697046732 -1.425407207169404
143.00076697013216 63.73044587689168
122.95579054761973 16.406888246377513
92.52093355026803 -17.22546731485529
154.95380467712303 -4.968253103430214
107.42817729712404 20.41163253638407
104.15933706280346 8.489363139613877
100.41433223577113 44.1012214379037
107.40525705506877 36.80657109034608
126.49898233311005 12.299540518689799
93.66845213266153 12.848756499928351
94.3891382193673 120.44465121427581
108.7388320450175 28.382649258753073
89.23032047308567 71.13902932932115
141.98672003726443 11.06975792011432
119.36008417376844 77.8729279164384
148.2473672881586 65.12667410598456
130.81278299711158 49.20129207200084
110.31620835402767 74.76970337048
116.02824154289567 3.983105235989993
121.3999863862635 87.48728887960756
98.7056277543234 167.4599170473621
82.01263739776014 5.866745378592167
101.39345246064256 -6.769580248089617
139.8515587840299 55.546522466091574
104.88793808065209 -1.4069876979260794
124.73990397279829 19.07746432491964
112.36852929188008 -1.6056910704759593
97.83645145438027 18.211174572337594
97.0827349581856 40.57125225224529
36.36735102441608 14.42349684925132
101.49854507543536 106.14174893950504
105.55501533056777 49.27345064243734
122.04730035974416 39.083734397842306
102.93974476654448 59.024206217025586
129.76256849476218 92.6710142143773
114.97760473915591 10.130530552486753
101.57993652594232 85.88569096646273
124.64561757575358 1.7914496570214884
49.614007288153545 31.507658207381006
138.6924258858329 18.374281736294744
97.05925641256013 5.247852331803978
103.39152687250555 86.43240761094704
114.46097633434407 21.279649306108425
130.01267094416295 20.753359602361446
102.52388659171484 80.45525695303174
72.05759271541801 0.40867884401991894
113.14935701243296 19.019578800072207
109.34607319968943 5.301750534990473
121.66656390036536 23.129795688430537
125.80529352925656 0.6510850974830675
86.49772314593123 24.00044945983978
123.99435383298623 50.57697253350533
135.59865986116137 184.86044676267102
116.36468252754447 17.62384020394804
91.51340052643576 75.81052764317553
103.91617901502727 13.919360736172338
84.03623852564567 -6.198613026247761
123.38762878833275 18.557148373350874
109.07829876434111 5.818239554025738
128.11468686539683 168.03141380190155
143.7833932186375 56.40231771388524
109.3955952311511 34.671666110512106
110.89548771524072 76.58571605899473
112.511093650831 20.388650531293944
147.68788453878867 69.97413978589304
90.07705258439486 16.74699794444308
100.01522996080135 15.501090288837032
128.21703890426045 49.183929081146594
114.23986955254672 23.269058516877195
102.4454988190007 26.812836101979638
120.28177289214794 33.12789193124918
164.90445711769132 -0.9551066594060029
141.20273336292442 14.987367892968061
114.92715278037475 110.21361245695745
101.27302930463655 74.96796808703463
122.17257654058253 16.43753406330731
102.70616075983774 -9.634961839100649
120.90303486414074 35.57894726305034
99.24636410778217 -1.4033638324314506
116.6187169281386 17.311073234893108
109.42353764130984 -7.421485174172128
98.2281446475728 -41.582407958228494
46.49798375845232 148.78305101019632
72.63306854746247 32.99810732065919
113.97459976923336 22.827211499508593
96.26038119848506 -10.153191425103117
107.92839714032206 98.56438439807883
80.25992718027132 152.53068599774375
128.81731414134862 102.27645912221278
157.5777878301028 136.3918342594194
133.0327909185617 49.97041317785065
120.53716683674055 18.145837728185676
100.9071068765755 -32.119938391394065
125.09892067233694 66.67455454603966
95.6379642037379 11.74828080687271
77.39232467282217 8.051468405123117
126.32989160512948 10.659798318231466
63.622124610907235 20.02232384900844
143.49857448894662 26.24062600375475
126.14213063375846 53.54354468298067
70.57586306243698 17.63971872225268
107.6446294954279 27.10361664478672
108.22812071782168 -18.290259549617446
122.87874448673757 0.9077640187970923
114.72311183339052 2.610970820641503
62.593763102636764 -17.97399540374036
136.3386321944956 92.72791783718327
88.63103799837123 -29.09597603882503
129.2276739402152 61.2649879473745
104.4109019489084 14.221850339621739
114.76932622730214 9.46962033020816
110.05306423739908 5.7124851466950375
89.15870327543823 84.56253355057123
104.97221572458042 19.0058578235498
106.23898799171714 7.151799657414091
76.09647900566183 127.48667189654098
129.90473677886223 19.939524571571106
102.85194997241585 -0.3744281951064856
104.92218489920587 12.076445477068223
99.65662294753452 3.4612702522442804
113.02370667308396 107.329171546049
98.62609538188592 3.6869765635814082
103.61450284419635 20.506605721238326
115.78921734680347 48.296544819620124
149.73114213850417 62.39151468201931
97.84686478923501 60.44176385131897
132.25386097455137 52.85401546249702
141.05922719522567 33.50072336602526
145.64363102614186 21.678248543560667
107.6931021469161 3.5326648307665156
110.13270974125095 35.137636520405124
76.58673557716395 52.017846938464885
101.72794968237187 21.968609055435003
127.17980191178002 -8.428661848604474
88.41059661223562 101.52704658028617
92.18273892531708 3.7464232689217747
129.6078516840825 66.22557547659319
124.86087106333284 3.7732494381263946
88.18479412169992 -4.87488587909571
100.83238687372888 9.125924768630965
112.91984136453391 24.92802535547183
74.99777556067752 100.79693829705806
107.86680151918814 16.941975251492014
104.69567521758044 135.97501379099035
114.98305914413683 -17.428953708444503
164.7552114522686 31.49659973526654
112.83347585669192 7.568301919418839
105.19353443375822 21.2210392907671
93.25959468076336 57.68234321321996
134.61761138648632 53.32617163378207
96.79248326501195 3.5489307939964094
80.21424051888866 42.386973059489996
92.16880909253177 -33.6460651179601
124.74838409093309 20.866221694806548
79.14668610111735 80.31162170275142
109.47877565038753 30.4887383585332
106.70242906099566 -5.500244364924856
84.02034860260638 30.61718021312103
97.68786501379881 57.66568042553383
110.13513170579141 7.657621436641572
94.13906760748687 72.25757562345461
95.24749560407487 -15.075165209845887
115.00990646068833 40.005777064878814
108.03799902830457 20.298505056368132
91.88029551014992 20.248300646141917
40.85531921295835 9.494875047611123
129.60317616700985 128.57670629074357
102.85749752166315 7.024230927828182
119.40560025674627 23.16331277679975
101.56322361149546 22.182232695190354
93.77896501541247 83.47378023902348
123.91329883796745 97.59771320031626
98.90838894159143 -5.698393653579959
113.5676567019291 20.307835113565375
86.19017221722385 14.73219277713454
113.9965500438431 63.020809903466905
103.96216914228864 -25.46904865284313
106.18203381525241 -20.57547666929699
121.56814424971472 11.63064406284776
86.08156264705143 104.8500457960795
121.93062451827785 12.042035310899632
139.639003298458 127.36647487661531
92.91332282195707 29.9796138813189
113.67816680625067 -20.25074068027582
114.7259301903617 21.47197169796398
123.36786424919028 -3.121788502414981
117.60538804520348 19.988003978295332
139.29037301995254 73.27797722891127
108.38164410885273 -27.40801428129285
115.56409960628399 37.63640954147127
81.33056684632913 23.125769400074226
83.81956264282401 17.09579729792563
106.7185040402152 14.731692008721389
130.28896873273374 60.87211552507217
119.67572090607754 16.177101956172287
107.04206597321144 60.371116748129545
121.36350554780651 20.69161344728658
108.62880745547915 -25.72154863831274
118.761718057927 154.1798823337949
-12.754251504212286 21.24014563425462
108.19612781743758 37.56063543774775
102.04011587572006 -13.429846114805999
94.75899841787714 79.47709666388648
89.13793509221001 57.446142761034146
71.87775688389664 78.4771863823143
122.18477605025923 22.335283310354978
110.14834284554142 3.1268520039266474
91.65945987849967 27.268375556180843
120.03742480193768 20.046007935932096
113.02418482023529 -18.055450705251037
132.08915247698698 61.44579147908854
88.80942068065058 51.61147064782259
63.691411354890235 22.40112065457608
111.79204525706596 5.736270270103145
130.52787457669166 6.052025872612212
108.62015233210427 11.913065123030314
101.42376103553588 -5.550271973087352
93.10925392905274 21.75421681343282
156.56656926474366 13.257042815422993
62.39967445190813 -23.30944068786327
93.50085181496581 88.82199733512577
119.76397581948031 36.30699187773024
121.33782054652421 37.07329530079546
99.92411493011191 18.11104208457203
116.71463895970773 19.292017356507724
113.83729561868485 -12.469602121491622
57.13443715938413 43.4388264971551
147.86150213255817 16.096473891085594
137.78693032542694 16.274264309581934
110.84165489177705 3.736290146136543
101.60010182132952 -19.3568878697195
61.59851830112884 5.813654726563833
109.96241507029721 35.30604475164748
116.57104785173591 25.830064203745213
85.66117705430477 38.13885399432783
94.9385819104385 -11.416893906720285
101.71580017387494 80.09288748179804
108.68268781018536 19.48220007185906
91.32418585778682 25.0033841425725
105.28902549232433 61.561251101267594
126.92215008231528 144.2000010816124
133.26363509480365 -13.446783753794698
61.46265047440402 10.467336458427727
90.82903378864216 13.725977038811678
119.85740336803023 -3.7765732717711167
103.65393638544965 12.116483357467141
87.74408859531212 19.333855222982688
122.34081426531131 13.542450680273436
113.32111057167484 -21.598604651462395
109.92451421725873 31.392667152590445
116.15564386704892 104.54607417718742
65.73372617387783 78.80410722533433
137.94708805364093 22.534137933332687
109.66556947347979 13.1193790747427
142.96987128384728 24.51412714941305
112.12304250216529 23.14781561753019
81.95425704943962 68.59406541847939
