106.19657831624916 -24.495683369649257
132.5812254354456 -21.5149883338263
103.62041387228018 115.54585536747385
26.041456553721325 35.68750664103117
87.53384081485618 -79.91801277464025
106.25250361097484 118.78317848898988
110.99978344131239 -10.403620045349314
116.87800506790275 37.4015317175521
98.80867975695575 9.88730721634882
108.9234618122379 144.73148109482096
106.73100403788013 7.521719481957057
99.28085777962332 16.44464923219908
110.62319323689563 5.647422676516414
109.37034071547185 103.22293692538669
95.83313783605195 47.263846343432235
95.17662300516366 32.218344205655235
103.17693399220764 -8.023958331541387
102.62358862957024 62.07783879704058
103.54452359683043 134.39986444489048
107.24685812276866 51.14990643060043
101.99959086092369 41.52071570781216
96.18152648911176 4.756524237079278
99.32341072819536 -5.7257201927938794
114.05959227854171 36.74078523891845
117.652472453351 3.9114030508937114
108.4611197223261 25.273152967653512
109.72867199747867 15.914057804679466
109.438401553989 13.638887591168922
85.07689812046021 64.99390370670899
108.59314578333804 13.636242127120758
106.63690435511684 65.52811224446322
108.49188747779081 13.621213887221872
131.01062309984775 38.48939278955493
125.51711911154263 -8.633189109698087
76.71048467325897 134.6827147345934
106.60612490163237 46.79080446222219
96.84048786067083 54.30206319410914
128.68635493730162 14.022118688598638
120.69344993809827 55.56009107723093
115.12144176570095 13.116231439117865
128.9617963337181 29.174475996247086
127.04162142716437 72.37716238640128
68.39057464773732 20.391541944948013
87.14075368931348 19.56833436221219
61.33386641887785 3.6338478250251716
111.20400182445144 59.50642880103728
119.63572617857682 -3.738482099088454
116.43965796755096 41.48226970577577
111.29290962810254 3.7747227354070088
129.26597312770292 25.432014569226663
71.56574783969126 9.52982500712081
68.6313282143335 26.506397933479725
85.97119451340131 65.15478529652431
92.82448285762538 52.611419808481784
111.3255863958601 34.877259851361764
107.74714219395038 1.4897788027607102
108.94643535603208 16.04801171910577
120.09720786499618 12.102421829067389
105.04479094821767 13.72516899533037
116.89235426929886 33.067184087554104
101.02558966735134 82.54556262616958
146.02889780364023 67.23503660314816
108.13365697648429 7.863424096406809
114.245797586408 64.64760027350196
116.39338678104306 12.784005376712576
101.08299537025034 4.209836790656707
151.50527251543184 -13.564081822271925
102.92994932053502 14.907896637663978
111.67238177662855 9.985169679388395
92.8701819773986 55.81188935493512
100.99439509826998 -19.329862601100835
121.82028441310717 15.78777848426128
99.57925692671661 7.487611248713907
113.81437754081112 57.987721654225425
109.9945530779418 -17.964172352743223
96.05427457289977 27.236612259817935
117.9148200612255 19.486404213837954
124.36226934193317 120.73041840871088
124.4691374189152 52.01905433235382
107.56075203474599 24.487223021501116
106.16554363336918 59.045322564078965
115.35923007472937 37.91197997039828
109.86533832645699 42.71310259082535
84.81707087682261 145.20984115990655
88.87226892145212 -3.645933256707566
101.97509338515225 -3.9207539512774865
118.63350980231856 48.85999510381806
106.91094994187434 14.007786517981621
115.33266109761854 19.106323979069597
113.50851896165604 -1.1351187334771131
87.72386843319067 9.781862934163325
101.93201935725145 96.45653657527119
45.35993103572475 19.227720420315837
109.8269301727786 44.495063457853746
123.79614589143506 66.52422609063179
129.25312348668547 44.1552928591867
106.94912698320715 119.47339978643225
104.71955864974777 62.80934861781653
101.97822433458876 20.50528975913184
111.94662765655892 37.48812265273081
116.11017705226266 24.05079010285665
95.59649387886492 -30.0011924662275
149.09304432667673 18.08701880924274
121.06674117285581 23.745969341211804
108.20441954311728 118.60007966369173
97.92501503249936 11.124751998324403
76.13526282278765 15.65654284964498
139.07249053199115 47.968117255174576
107.55766011294064 5.862737171867105
100.29765121063916 19.497521173372082
108.96418412653925 3.054433436417571
99.0102339124101 15.963953302069026
120.68302287215357 3.165229728848156
100.15908265323624 21.643215395882446
128.90838578423637 65.49227908545504
96.2034652249126 161.96921139087738
110.03498219144082 17.809750301971075
106.72520604633846 60.54005330615268
106.73445320575391 2.7770873193945143
68.40575691773627 -1.2006326092784074
119.7429087848422 14.402393252610775
113.60427245152725 -30.027540546489085
121.85054467711883 119.73665496064477
98.14860121499686 35.34400812425774
91.45481352634265 24.843493697098562
90.7801273368464 47.61081197051017
91.55113382942477 19.923003802803034
145.5837062547439 63.3833071801345
77.06944328275473 9.453408531272563
98.78398814117146 18.357764565552944
116.53061578076358 58.5144543272023
103.63204885732857 15.227004001448401
98.55218153424656 10.842422434676513
108.12221696170091 4.261023743311094
136.27377232425425 13.211783695158774
109.89518511216292 19.906611941872512
96.10798851254884 122.27809591380505
110.38253576477213 22.53355261206387
118.14712676521151 15.651102225582267
110.4936590808574 22.836866034817117
109.01526438859266 96.62925304159651
96.54992117332648 -13.476903146394196
119.05031702348744 17.614747808996423
109.65723460713492 3.5634150016245645
104.48068394159944 -26.64171860351651
62.28315535054745 131.0455581920462
103.12938605609331 71.9435646460307
100.62537677087697 16.651680820245325
110.61453024798735 34.728009622064306
105.29052432025988 126.55200372075814
102.213295006111 158.40042954792932
133.2011855648068 40.56927125123344
131.79564582736973 80.31770002462024
115.8462405039699 41.01158167572005
128.40934344636418 15.72573969026015
108.67765205871211 22.736999436618213
104.83790658054659 68.13785205865663
106.30652143852838 18.22263862680085
75.38087219766686 12.693481870759312
109.63773756507369 18.287143472352934
94.60067579867429 41.66133047161171
144.11336685093423 35.62838293817304
100.85315639748742 1.258054741937404
86.2966059485529 -4.953927470496825
84.23956219869866 69.12550730931417
101.18672612596858 2.5010414577305786
109.19262621469052 11.150775155427779
108.83638604265286 20.705853183550325
89.16279492956048 -14.909183936511717
119.7782117625828 70.75653082595419
75.94071671487173 62.10371171567418
122.03801411499627 38.72197998968267
108.86444907036079 39.32440697776229
105.72835685680879 7.485954219215603
110.20861961327574 3.0386318297322847
112.73176608533446 45.043449488887106
99.93061719569943 14.776318946917831
101.76997186372303 8.29454982822628
99.11627977035985 172.93375885860476
103.84563397232711 20.001320933505284
115.3735835237653 31.258305881802343
101.6765575097697 14.725979522357651
111.02562586876364 15.531295529547686
107.60006181734185 138.49488573133965
98.00253692886939 15.053944984721046
109.53656411266115 7.008294347961881
94.01618402681919 35.23122456171911
139.64293642329244 125.18234032908909
101.5779170367451 68.25468665818128
120.25728634825099 49.221299893590185
114.56678717384817 20.554138830156894
118.16147646669316 2.380624370346534
109.03252094596854 10.57543414361164
109.12141284926145 17.828692503206707
111.41148334658759 27.04821774455792
98.57231706838738 56.682902420461104
101.84722306075403 12.428408057404305
101.20226899284432 156.0236487532619
102.3779195134485 11.129211053354553
99.71666135288429 128.63407893519008
112.5237630822232 18.489898215937103
94.34980679781302 6.526872328051006
113.79847214461928 6.659855093595812
103.16954661231233 15.531433612479534
114.46950723459047 74.77098779474103
108.24597014595543 9.29421424050271
85.21610853936399 136.60546501439256
106.21959110855347 -7.353374062900578
109.04758024469766 59.057932284934715
112.80033832381788 -4.878814163516833
104.12996244525156 11.061842343512883
105.19192001803299 27.409861647619056
135.57693275724233 95.3450048168302
101.24593912398471 4.603103832422834
78.54019259721161 28.62018429504102
101.10012044477163 27.056946165085556
99.68234845716596 12.080821175495322
82.12497218065737 32.53379764731424
110.30831991412543 15.667174029868352
108.10623437712772 11.3731165818619
84.84475623819547 55.612445661995146
105.96911952176613 70.87650465522103
110.4047014347068 3.878642069611138
139.92489099776364 33.481947993055776
102.60324786542867 0.6146476732856834
109.84944860201512 22.177453275794687
110.40139040535172 8.550530348595103
100.34897595810915 21.48127200125531
34.76323254320842 35.03992758393791
117.98841452476434 123.42919466489703
96.68837012661578 1.8476935485946033
142.67575036200964 -14.402318350525727
115.6081050879386 68.05458367639997
105.72807085914708 65.72574804377261
139.6685943799272 84.99131808906196
107.4489373002767 15.203454516465962
92.85403701718133 19.316815003980253
99.24210348278443 14.003385290150383
142.31981922330087 110.14601097500764
111.11619708959137 -0.7540499418170361
109.95372730286363 11.036034751042582
107.6170500460429 25.845146857642085
89.355140473371 64.84103954289093
125.19732932503084 6.525275319356793
146.42829277882717 98.43642603161587
112.34028762810969 -13.32240372216707
107.91223745898732 42.03567368910609
87.82466258136972 10.21295775927197
117.4835415066589 8.182102286501314
79.09926757443361 13.16336243959605
100.71385501298481 87.40625537764491
108.15255341224055 -35.37714399331809
94.57482844310734 75.22853764659075
83.95933983333529 6.993210397624519
87.24250685721451 18.015206042163264
108.07824331936824 8.928248626110745
102.56165605473625 50.1045248252654
75.98966879780122 15.695301628803076
105.38119063108428 35.58871187568362
105.7729411055573 14.937686313679519
107.63198081460159 -42.25643904550764
98.16083422403327 175.66100913465084
6.007438426253678 8.593232072771743
116.67744280256738 60.70953372388164
115.62597668937721 43.48681593879199
101.98556078496402 43.41684074895683
107.8407876960653 129.39267523982804
68.49008397685307 31.70718204312018
110.65491098952833 18.32646340291858
110.27908738632394 6.994196999618696
115.95421816383877 19.008706690697473
99.18615503070716 14.53564778927206
107.91568817076018 4.686168828702919
88.63547400034253 37.73423196751551
93.81646366572615 25.45570423866291
76.40647819611011 64.93411325842061
116.69750858446056 16.20483877658554
128.43028085572269 14.795015995732182
107.51111667129439 10.590720194330663
110.75849207080859 18.31183853418687
88.38426343217945 9.053095215199685
112.18756340508418 6.041041758552922
73.66281773114329 -1.6258841652758305
113.96761406413478 80.48307047367055
113.85414610558506 21.29441172786872
101.21977871633504 22.148596171130322
105.9932445607037 18.99244315589871
131.43352028040422 19.633288004387488
122.94572519714801 -36.16965720901455
82.30386727507705 48.711068496168814
128.73620590488562 21.24789059005748
113.31421833493685 22.132882628524808
100.25164877862065 56.74144382245149
113.44123744767326 12.309422592842767
66.87049404514148 27.948559750634875
109.67293783049773 27.289535993754697
97.49092364805657 9.006374899008
94.53757468055706 44.281315744946816
95.27133265635052 -6.8565469038143885
84.26027515061459 123.4009517333767
115.8469713425836 17.37381321298452
99.3756551804393 23.148780497633993
106.94072546074331 44.77453611350787
119.69666434058938 128.51053976566058
98.77719574301925 27.841621579690475
72.5077551869407 7.464286838138586
105.4979659798522 13.73038343166151
104.3617314128499 21.144836138651183
132.27708736493278 10.064262185256819
124.57088388236544 17.721498818044065
117.74198890150379 9.733248079166302
108.80189436539985 20.725441463634183
110.0407321738663 62.4308934805744
114.99606168016858 64.12686382461793
105.00866733255769 133.60996494327082
132.02979516646994 37.20296587746443
110.70520524185223 34.01414215438679
107.70346973424859 14.526621643314057
124.79495411661341 10.707267954563404
100.38565603049501 28.92745204863981
