102.48048382775079 -6.36891219292334
128.48394411144557 -4.029557779561737
100.78408224916306 125.65880342944773
29.75807276034746 50.21099620201729
89.4483731053443 -55.593599559690226
111.78743077789703 127.31121658729197
109.4680888643084 -5.340675259367199
115.04485533534114 16.46420139362266
90.44107190069225 5.832837808257322
113.48938761526043 139.99788368381667
105.79060070573956 7.028366501290548
93.57480960276075 14.921903880614469
111.3244504990409 -0.37449709024368216
117.95536929190574 107.6954836115683
106.84583097444386 30.573307823661864
102.23259590089901 29.87547240994371
107.22657630112462 -5.951064671001645
102.4059898989828 40.38322106126244
104.38656035281888 127.68795763804762
104.91442775119157 44.811703502285035
105.81729862520275 28.212526237239082
100.88987037299557 15.540624275397434
106.46260041405773 6.993624813484556
112.48472250068123 17.887410304526565
116.07546670991584 -1.1676955925576584
109.3832304607917 9.905235075156103
111.06854469321617 17.954447024272365
109.4352950658202 3.5341818276940637
82.3956182329338 56.26661246513726
109.00209175869037 20.405147848614728
110.99901016627904 54.94286832085761
107.93494561457086 11.698752949006515
130.54412120620637 22.95129131594917
127.2585039904808 -8.799327011670623
73.96684009137071 149.0548840925698
107.70031113945852 42.0454678553366
106.5793456144057 45.70488671825176
125.11286394324375 10.636613389188412
114.15217213824033 67.55945307573886
106.56263998331112 12.21484257581297
134.00791393312147 22.26781601378948
119.27077906565086 86.51916913092339
70.57973131628056 20.725419422273145
94.80258784890819 19.41015403774676
59.36909590830884 5.291995527172832
116.40818980829964 45.906610310012894
118.35692802064118 -1.1325507148971496
114.69170799457069 40.92110744342268
108.21699048123659 -0.8388422249411638
134.10953656890172 35.7796844223447
69.75767633999217 8.379139779341859
51.880456358636884 13.239171961136169
93.15563251289127 80.13075726045977
96.41649178609605 79.25842030579669
105.69376591722776 27.21140003376245
108.5279052678278 9.36632263012951
103.58580366196064 39.77508054469084
117.63400219525002 17.868570953659486
100.50779871003927 16.654348126943884
118.76511464066745 59.61560398111066
107.74703960994553 91.64450011992375
140.5004236807097 62.30218300741274
105.03886062840121 13.817464983605102
104.1192907516847 67.47910373942572
112.20702446135657 13.049644084080866
105.85915967192106 14.620410370280219
141.74097374920655 -9.311763454478339
102.80035712605711 14.191685500045327
113.72646721510456 12.421137478526674
93.80924695445245 64.44866613935599
101.07636852310466 -24.531683816280903
117.31913358160418 17.603896134592063
104.20774117136568 8.303506660867042
119.34026666478175 39.06358368947761
110.31995447427244 -25.231327164090093
102.25580568167116 25.8376028300737
108.06908204500118 30.16458917373779
123.51463453315189 131.2315919435237
113.61290086175524 52.91101019673778
100.12338570302954 15.675843913799115
105.60475877291934 56.16376665676796
114.14432478129814 58.47290994599203
106.07284764111353 33.93449850482651
86.00450645343214 131.50298487367485
95.81309067773368 -1.464634854357384
103.72584851930962 1.760763696131587
109.8285337666109 49.48012812676476
108.17394199222679 20.30634897882657
110.79689373660449 19.124192603341445
113.05788588729101 3.2596459829834226
89.97278772803084 9.10524027289756
105.49105915192605 109.73766367594969
51.31086588465747 20.812554545995408
112.59342582533611 26.793290291527498
126.74894606907212 74.24010986498175
128.13259477316478 54.28226358491212
108.91322949788763 134.3517562103159
96.86318598507921 54.961070815687826
99.64095677857337 23.71351288605733
114.67962269240206 29.120723089946388
111.76770349429185 30.385272133948558
102.22087085049762 -37.549082915060275
142.1534594719511 18.203018300697707
125.9153491392209 28.465463825255938
109.87062055245599 125.89441837070181
95.22576192173999 9.755957038273369
66.69974383528569 14.734832815294125
133.4158213034098 40.7790677874044
119.57786243415217 24.28380651278317
98.07966235660194 19.590256746965
109.02279528371582 6.0634900312884605
94.09419368163414 14.310056744116407
116.49070351827467 6.4110366191701775
106.82948173561023 20.34022496919953
125.67865754700578 70.43047955436187
86.19995376837538 142.40782110178966
107.91540979540692 18.211130750465156
112.42714682426531 57.546381242769456
108.4515803659341 2.089842263482997
61.54619263429273 4.748073898887112
116.10334219095266 26.13146084987772
114.30556274030992 -29.552947824304677
117.02747576930244 103.2627830876201
86.08251030985444 38.070577228650684
89.0617013479353 20.128323115212595
88.9322893991101 40.99074304905655
88.51379587561802 19.607473622547904
135.80026712161595 62.23499411049519
81.14233885799987 9.205555553407285
101.04875261087463 19.499339143454712
111.18378345794878 62.79967629284616
101.43538138818712 13.473044768517518
99.49823934525894 13.675379136628523
104.35267858089365 12.393560594921654
120.0323570644708 28.557948068007953
99.57167229120306 21.50067790987724
92.45177143547313 124.81225116515112
113.30294336518507 4.361231646256571
115.13597549538943 16.107700456345032
112.93174421989876 39.35241636121668
105.17978372805574 109.95781892263626
98.77674424338879 4.412456649459281
117.6192387236235 18.23488967365016
109.79513719267648 10.812685294309597
107.81466937310499 -12.05590305983608
67.31901906013242 123.3509652254489
114.10469130393072 83.02428162759223
98.43673448595452 15.265851835137603
115.2450568301412 56.25171680339193
105.31665556600514 132.56383984717937
101.41092670575382 154.16715833431243
129.6343117499814 25.64307536415926
118.17582269539145 68.56638882179067
109.07670969993197 44.10990067874083
127.269580069192 15.85354830896512
111.41577681611912 40.61485686454272
99.23041942800424 66.77298720151533
110.41619028784297 20.680373391053852
83.43611640844681 15.937897961583296
103.93687748114814 20.860523599570275
109.7666157787127 57.13218011743971
135.71819530008932 47.21540772052546
94.59390622658377 -1.7767589892127336
96.51491037636438 4.885540764225249
82.58430235357854 83.95403244902579
100.78341756884959 26.241605275568883
105.03078065837056 16.323532001942624
107.04484488574211 26.20477786580433
101.86201876721745 -8.010511667337095
112.50072804052697 62.3503889804309
81.27951007739355 95.19946886263394
116.75141646252501 38.5774719181221
110.66026647402695 53.79744684840043
103.76399973517803 20.75903729133403
110.17856291246474 5.718151042144234
119.60465021469163 35.121485963426736
100.29607532332993 14.740513888609339
102.06890458500577 10.792647268776722
100.07969623609738 175.3738349075058
96.74150079351799 19.957543108664918
118.46055300587112 39.11597980892224
102.72375665923988 16.513302726270805
114.38095758199398 20.73396208970737
106.21852117413964 143.8192734578572
100.3062963024248 20.27901739313917
111.67701115100601 5.5059201120036185
90.78711695276813 41.511008115343515
128.6880734494423 143.6355350574513
104.70235003577444 68.92423365782717
114.50533433651997 51.46890855965554
104.64658871342472 15.909953651501246
106.44933478753471 0.26248403497903783
109.58782748055259 14.36254187822439
108.87564858444715 12.239095280236386
122.89876538484658 26.15580157086672
99.17079752274145 59.74043889699081
95.55553678642215 21.34610490594234
107.69416647985204 164.6031982445656
107.56111708086715 15.567391125422592
92.11191678011413 144.681438219232
107.75277722205604 23.714447344544926
98.57839581612704 13.345971091041983
117.3689924961138 8.92119663615487
101.34745710021033 13.293366389076247
126.33763533344754 66.27087225729332
108.70682528814628 8.90985782138582
84.96290008554851 133.46158922240045
104.0601029043472 0.36437172658183625
91.08267345754868 68.85314833620339
112.0947695639327 -3.1361098550697997
104.90479274456595 9.744781225005669
109.21205727815618 24.89274420022228
129.5340105177977 109.4504840881883
104.89388317553254 8.557630783951826
73.96118813545951 21.49914761602036
105.99292988278573 57.228354547054266
93.65724707063755 10.5523068710051
89.0108966439937 23.502114348350098
110.42491769991176 11.554471608017648
108.99556583351588 18.738232540448024
91.87912690660663 65.58793368872179
109.37300180392029 74.95008131462546
110.38268106092211 6.097024719686588
148.82034704646668 31.37409756463788
106.41775647974286 9.729827873759678
108.13109090995586 15.42702431792025
111.05292106216784 6.863955374610854
105.1985814473645 21.398926918060784
40.048455160012495 52.41070977737257
111.97326619909853 120.64449376987852
97.45933403092107 4.436465545973908
143.19104442461412 -18.680002947851246
119.00075513502482 83.63653481606954
110.5702654167319 63.186768010074
137.79860009738132 82.96911200110293
110.69720988874916 23.412484429745206
89.8731078931047 19.032274105091673
106.32241972948408 14.826987037671115
144.98629231062674 123.96676280042585
113.19903351873631 12.163873748285063
111.02597155049723 24.21592565989014
103.68629974422288 29.130385765848196
94.99536063754555 50.95483123842446
122.59109322350776 7.824441674573679
139.8189948577255 92.88254638818643
118.32732042525086 -20.99745085531129
106.33353306267365 69.84330786177279
83.548378160489 8.441593276955592
113.63882079795482 14.436036287054334
73.59140426987567 12.207886677136583
90.10246828072583 86.07569190985791
108.31573116367994 -24.125970766454667
90.71084321341343 85.01324839137955
90.73400749149681 14.513647974510047
83.36688547633742 18.488730838822192
108.87101647962199 9.251538185473713
95.01387966176632 52.53370213855536
68.90299671479389 16.13039599012916
105.75368576955606 33.9907647042803
101.55970700113326 13.884944170725374
107.78854383642415 -35.72548976200635
93.99352634272971 168.68972007397684
14.926016899062915 6.713539585761047
117.84864168714951 70.85603366643588
119.08883307664486 68.39744655124375
106.28206719976255 37.004767747185454
114.67723575555408 147.82210654635858
65.5830093182496 27.38330983508358
106.85744252379997 17.232754931292323
110.17953831508949 11.224038774471335
122.58910770569396 16.20319836721249
94.57829580677242 13.816582324325413
106.611788180477 15.188655585047716
79.96117677707473 39.05994924101291
101.30980910025025 27.234527878573477
89.44309970015176 81.86907200022421
116.84267116378396 20.097641034839288
123.46542034760486 18.612390302455818
107.73483875239027 12.110729522262448
113.78170426392393 26.360608039614583
91.86819419199742 6.956028292385597
96.56216737061114 5.821352031048118
84.70255001099957 14.51523054265849
119.84351946328594 75.94602420093928
110.73016433966534 28.129316215568718
96.38257484451083 16.43114888990251
108.7249659060092 19.33387899019049
132.0001706852796 19.625584526730485
123.05917964312522 -25.96710501170067
92.74381958736753 49.15699150775074
116.50209096966715 22.434093294766544
104.61194428209268 23.40590166714183
99.02346645373876 77.24089090729048
116.24256342061193 34.195674015870715
68.77415698138368 33.22117360283372
109.60906872673704 22.34775591869781
93.91394111072451 5.4975947974169515
100.09654197621508 49.350738326866306
99.69811285996663 0.19890877631213222
84.16268659952868 133.3280435775493
116.73219349131004 17.14987950868116
104.47635700509952 21.90731687948495
108.04022697737987 43.48944801530974
114.5558059584723 120.39539512449467
89.73906689592569 39.82230007946438
75.36309567490461 8.457582761761671
111.28150405415933 14.969650611586454
100.62705299685551 29.516538686014904
136.8560927036365 11.164662188889576
133.54822352013474 17.565011586270362
114.965457015248 10.7927130062583
107.48276433202952 34.60115520661473
110.0152470269185 73.68108772688001
113.46526148800258 50.88814133177423
109.32415460323166 147.02201326055933
124.36970011393932 49.25041712828444
110.87031292954937 37.39579007716278
96.70194893332167 12.145513606372742
125.79122300336705 8.59130224078867
104.76575101919296 20.957777346543722
