101.35557723773542 1.8836537939297378
126.78183212176889 3.364131321421209
99.9870033053372 128.93765132305865
30.830034990428974 54.653699191967775
90.63252293436652 -45.83112076799688
113.62951412571132 130.00632283937654
108.95519408042487 -3.0134050112948163
114.30648914254701 10.501566157012926
87.9482393826539 4.819350417131392
114.97952456526627 137.88826400863726
105.54554482003473 7.08526869278632
92.069797495059 14.494848653008589
111.51616143096072 -2.1502241896929823
120.7254325582695 109.3937553283656
110.62450788684382 25.508365670234248
104.74450154091777 28.960310384497294
108.64124474248099 -4.7639855852126205
102.44535076814249 33.84328745802672
104.73172371367573 125.2178004881135
104.2382908863333 42.92641631563316
107.18176272925263 24.357626071990605
102.65121354294115 19.233336226800795
108.95281242875731 11.48047791194034
111.91081883566747 11.541709013249147
115.46077248275658 -1.7445313317758675
109.69755021361415 4.815807877361996
111.50434645914017 18.65557378530008
109.43930069948699 0.3760665488827293
81.14164948429293 53.38825052116299
109.15123238503095 22.665089243794412
112.48392539897934 51.20737655228983
107.77740392527726 11.175076873086535
129.75862688103464 18.45248606410675
127.40440491631203 -8.244162611163995
73.87481598186645 153.43936098647026
108.1224689777523 40.09714352980788
109.86700381609172 43.3166072628725
123.6683772277128 9.670337620185869
111.85800692888618 71.53920697203594
103.72695827739989 12.074936046705382
135.23896699240586 20.83068712708546
116.34120172181146 91.35150472497271
71.24367741108352 20.811696853889714
97.62798372389142 19.354519233564925
58.601913352610914 6.198673624855655
118.01593257514331 41.618121390074094
117.7954370571157 0.17089787142931767
113.96454274342993 40.34774503325629
107.20498169056921 -1.9495718207998103
135.1152785863908 39.94251445288927
70.03166258249848 8.17149290933579
46.54853647731248 9.691363878506893
95.98995957899636 85.06609111706948
97.98604882974863 88.21395961965042
103.88380025327723 25.79813884336809
108.81058995982535 13.144353675332743
101.90631275973607 48.190290266573925
116.64498442995836 19.85206246053614
99.1011934644844 17.71897769430298
119.20970375178011 68.7563947498897
110.07145744022806 94.0266851331141
138.17047478268486 60.74587672638547
104.08779098860168 15.943225045106587
100.7663669640122 68.46657086879597
110.71625854308009 13.242020706216527
107.53931620958421 18.26502878442719
137.616973635389 -7.2440719399835345
102.87584699056464 14.08683847539376
114.31429497610497 13.397039441602747
94.31320362410324 67.76285055291899
101.27594856282637 -23.953899111367093
115.58907780575016 18.278305021002158
105.90914118379521 8.858947326449645
121.0326402750001 32.9184089733753
110.40660884041911 -26.730799325816022
104.48398755548277 25.710462675353728
104.77888734357828 34.60137088849857
122.96985003634217 134.5344736609983
109.88537192996523 53.45794705700785
97.77877910828204 12.782284583229968
105.51539201903599 55.77465262400841
113.67783937502858 65.69641671122285
104.86009290180088 32.26377789090687
87.22452520491615 126.54507298583388
98.47780975459321 -0.24719044525943978
104.3904852951395 3.863994046704222
106.87527818221318 49.95129613483878
108.62637387502595 22.416041753936973
109.24348166453305 19.13062906400039
112.82392270807752 5.0442397688859355
90.9831945038047 9.017176549916217
106.78503013039969 114.35494823233276
53.799356561574676 21.305891633691168
113.48039490207573 21.97238378549511
127.39772763529359 76.96904372508715
127.29011347906633 58.19969076777016
109.58983128404145 139.16041651474015
94.37692792568635 52.859952876214685
98.9951512875239 24.69952131429322
115.44104238445011 27.273001255982823
110.27845757001816 32.349772669174136
103.13758748370265 -39.33382549814613
139.25284495780986 18.256586586096446
127.10404385521517 29.830279855875858
110.41513385925262 128.2224469260716
94.54624518197856 9.536313888256032
64.45830112894976 14.493097795636325
129.96220123938937 38.485239184325444
123.40568267699153 31.531205513744432
97.54753450860662 19.61481704600952
109.06128058222781 7.422862543985307
92.6480971997751 13.855350736104969
114.96778630348271 7.783374091542293
109.09796663539683 19.873292178220122
124.33355819790918 71.73191845889477
83.21114195656213 135.59470399867513
107.2317306547497 18.367065845279104
114.28698835108432 56.98529189618961
109.06410426082547 2.237734081731839
59.36228405771203 7.020142015049828
114.70644294586158 30.610741612133044
114.46022800750575 -28.31985228091196
115.23392493998665 98.04460209790858
82.4849181754618 39.89631712024522
88.66916740470364 18.505494041656604
88.59199850729408 39.1906936662113
88.04183480788025 19.4955694322223
131.85822316239913 61.9335677899276
83.23802819883034 9.321309885769747
101.99802183718583 19.87659213076217
109.35827308985336 64.28666721362782
100.9022002733274 13.02971935889781
100.09952846306831 16.267074985198136
103.22203602238152 16.62144771319735
114.2653926178806 34.795316941865806
96.27727942237236 21.99796754443059
91.68608547436416 125.52600200159131
114.20990329592297 -1.4020894968437583
113.99365949492181 16.31612905232581
113.66683511255238 44.40734003871595
103.93485616569045 114.414037549919
99.62076314350638 11.911608893800434
117.05785238664063 18.469441102300006
109.84523945045505 13.41414656219483
108.97622102498696 -6.351860424965218
69.34630802644733 120.74659722777388
117.71417178973928 86.71910750211256
97.92349588202572 14.90527571979912
116.70546517861003 63.56401667563176
105.37849086317908 134.35301684068088
100.53722058158867 152.23514719150947
128.13674107697216 20.980331982768448
113.53701308122729 64.8446464947135
106.80720815318539 45.420941392251464
126.38711261672012 15.96038289460646
112.29996379016586 46.089729161113254
97.57688714213334 66.69649339454003
111.79626646797573 21.491417808822746
86.98014333666761 17.1431006890247
102.09330850711198 21.70108637174304
114.89008580886866 62.72450952949686
132.3467322749559 51.54939432166108
92.85348036387636 -2.1878429302421116
100.05592490318656 9.103505682108679
82.74551166082044 88.22502039864492
100.79014716679747 35.604281868783815
103.7236005662749 18.112349006081185
106.47992908723306 27.88496263674553
106.30112696031415 -5.01641102732713
109.89397976068113 59.73058967783018
83.73594729931737 106.11307878404043
114.83174548457389 39.10531388692991
111.25356154456024 59.44241600804766
103.2957706740284 25.677176661212645
110.16394983465263 6.842536887560845
121.71738267982965 32.532777988554976
100.6196653244597 14.846766637946443
102.3086102545499 11.820240659948063
99.59441472069665 174.7952594674096
94.61880462088733 19.9365159033473
119.34759055309733 41.38054511885492
103.21328370244713 17.147201269544112
115.36740595957032 22.478280644415424
105.8084368589279 145.12019425993628
101.25537144641221 22.030854891281596
112.364080783087 5.2005396756498
89.9605008971476 44.530532784766905
124.66401473518205 149.45769168323338
105.80615797900165 69.00508098881056
112.4673697696269 52.462033192227366
101.40480061055099 14.4169612899687
102.56415934247417 -0.09404966375194829
109.7744052107886 15.752343650796638
108.80051972211284 10.53815135464462
126.47242868987587 26.16983713119044
99.50557275094694 60.0572783065569
93.68436559164594 24.321903205008663
109.92882337124375 166.4280359905099
109.33367841159762 17.113563817417244
89.83120117375756 149.6381994479411
106.19495117914758 25.422327561040596
100.29776179215436 15.701681246713425
118.43296731359388 9.863334176311888
100.86042031658359 12.68025485945884
130.00033938740233 63.38692381055336
108.88015552358577 9.010131603114813
85.36700882660041 132.08557926450027
103.46809488733176 3.3606758726539696
85.46101458976902 72.40545458374199
111.79917413913688 -2.345457304059692
105.28787729345582 9.497906964999641
110.56698039738492 24.001528029990045
126.97198868715293 114.43927939782454
106.24591824828326 10.23802744342446
71.96691087316127 19.02879337972518
107.72855022091646 67.73597690371521
91.84158546849848 10.27717614693503
91.64185467597692 21.202764535115065
110.44012077579805 10.290598289578824
109.31214530558769 21.23384820901957
94.61237460248101 68.82397711536115
110.53198516800492 76.09775030903825
110.36907240432011 7.178810272956429
151.19765122613393 31.615759259725365
107.76791416844212 13.085525055259717
107.5727763061655 13.24524613577843
111.24819178671832 6.539389103508226
106.92221894186788 21.325179880498894
42.57834468461883 58.67713584287283
109.90669073462944 119.67670743220287
97.85877998326193 5.799270375629618
142.7362451169731 -19.566611251056507
119.97669836034024 88.52811338915987
112.20095303373832 62.638817558204714
136.6756691512925 81.99967311074919
111.77502151731707 26.113634232391934
89.12604843118757 18.94176061210188
108.82646404261101 15.140007292300657
145.41405209715046 128.57388893995164
113.83406950717817 16.624333835990722
111.3484924977389 28.556224472283365
102.5444757101986 30.059210804319765
97.17730861765241 46.79533691681684
121.39552954697864 8.611615787075413
137.07161882029297 91.50830855199304
120.22406872058966 -22.809727533270483
105.8832500001155 79.22277738089102
82.53163565477332 8.065067082322987
112.26025088492504 16.661551435307814
72.44235019479775 12.040559959247746
86.81768334252624 85.13955430949133
108.38537184382518 -19.468426229116005
89.91071432813955 88.04401560164945
93.26302402775711 18.043431767369945
81.58278972528139 18.653551036809723
109.14452014855597 9.484423544496588
92.83870127587494 53.67231692617925
67.47715234938093 16.31763497009239
105.97295393318699 34.01466984769208
100.21973933587451 13.660886324473221
107.88557268744198 -32.540003585778166
92.86044440575783 165.07040434238215
17.96317730611909 6.229592889615236
118.08774033247651 74.69671585686227
120.07892363619123 76.98863731300469
107.79284025916716 35.28195962811259
116.87997734026514 153.467060991511
64.68373824001625 26.694658994371736
105.62777862144469 16.90548633764596
110.13482158544053 12.749048924883796
124.66338510146691 15.297946837712448
93.209472863008 13.637183508567766
106.26437466842826 18.838088596689357
77.85210661609105 40.23222776576896
104.10040587705038 28.219699135718923
94.23806578828433 87.65077603579583
116.73840650623522 21.394854033008436
121.45817641806865 19.91146709811018
107.87303143539158 12.83972962315659
114.73132218411553 28.883091839986594
93.36012054607095 6.493150589610879
91.5540494726897 5.971736445669338
88.9617715187217 20.99303116677979
121.72939961233537 73.9848369249617
109.6549564164607 31.753573005465626
95.07350423522144 14.549771020255447
109.67021899114224 19.448435042344826
131.61964661310648 19.616393554785926
122.86584605180174 -20.86541859796103
96.20718799135328 48.928837587663054
112.14347325992672 22.782720621333816
101.77412971150177 23.77220325642589
98.76928030052963 83.84640412667284
117.01019269060934 42.02158199729979
69.32635566398552 34.666259602354764
109.59249886651436 20.61937068909475
93.00655430474542 4.5445056989647625
102.16188375210444 51.11966839374899
101.44898227402139 3.002592007546946
84.56141690479262 136.5582261447902
116.86429334863048 17.129282162137383
106.36527489391555 21.446325091896718
108.473830676843 43.75275698046841
112.71648278326788 117.62631603196942
86.94147556495638 43.43283712624728
76.34017725571006 8.92183839817311
113.21860297619004 15.469194621443805
99.5776711270523 32.16521700165843
137.92215811802816 11.692702896055454
136.02278425172798 17.56063555956433
113.90891009995308 11.321497694213615
107.09224130720891 38.98613568560967
110.00319360260808 77.00143618533554
112.85489886554959 46.64616307609157
109.45194427235559 150.9674076932752
121.57270974385972 53.85076235884893
110.90951052934886 38.0922423879794
93.27619971518605 11.502394701128358
125.88700213276321 8.077417974934859
106.2518077665539 18.380417952962713
