102.7524893605909 111.49683588345073
26.522352382295445 123.46459160142368
109.22005073168711 115.9547677440028
72.13324359858927 121.6407422591133
17.76635939936329 -5.4270491646462915
92.90003296821129 109.1532952112299
115.27504289806811 -5.773336263759014
115.59710015281388 142.58923103225086
104.057707697492 13.675746966709731
98.02567137881672 118.65706724213943
4.560689498664074 9.519984304114574
100.7507002473516 16.792118975729913
108.8189929222397 118.16536908511523
98.71699550223103 121.81077637242751
92.78859628604322 140.89014265253257
99.90179113101951 25.653409002946887
19.616773809537946 -9.421375555847899
105.79648643372585 113.25987344527186
94.65072276781848 114.86514937281504
24.276999958731302 109.00997148908314
94.11110233599223 115.48406409862072
91.1445088171014 -9.38010071192362
99.47640987104526 2.1715596546225533
115.19422971559807 135.35271591440338
111.91932487981182 124.24462182356318
24.805670466211225 124.45088560421047
87.87551524992571 106.83165409342003
109.61365539588219 116.21061050859217
81.5933576189127 122.53612624351936
107.87625486781783 -1.2768867478873136
110.30076630116308 125.96146110375447
104.85348950650626 8.782300657991557
138.32981967913526 103.84414612561477
22.986650595098794 -9.148903706654057
16.01835734824125 107.16298599656935
15.950079885957159 109.71690123908556
101.40684952549587 124.54300136576393
120.69379486665093 25.647139062694066
120.78515640795493 119.95540440660459
102.74105803406371 17.20727649118647
87.99800275994289 121.81669080287634
131.77213556169497 129.5766832441472
15.05611082208935 19.945644576117864
85.53145862779687 21.297006264876597
6.278720510981631 8.035316995952046
98.11567292345326 108.26866690226869
0.7181108472710578 -3.030995541820919
100.95790115946885 114.9416644093721
110.45445233525206 127.99556195535148
129.47418927602212 121.3686595249361
13.372668746426388 6.876488177448024
90.07561857330032 112.3027479934213
95.22917019651179 119.90682589407147
10.988972660915627 100.97297980941642
107.0886237852933 117.46587355762352
23.526821725901158 99.03008228468464
113.96047810736079 128.28815916269124
2.3826248447503167 -6.681700964378822
109.79223555782221 16.39527766394888
102.1981553179387 121.45310592614118
97.35567800713241 124.84369410174504
139.13569453521544 141.39411781358535
115.85403356019721 9.720413417657571
112.7276652869486 131.60717317130351
119.29394833467897 4.594699861692188
101.62772020795205 -5.479231336393704
18.443597833846194 -0.5573480006386538
107.69727127853152 14.032145519818572
106.40795222506159 10.016243948126952
75.50999176508691 121.14806565893578
107.60974045485688 115.04949675410887
-1.5499753354934303 10.846475397303156
97.9540836837623 3.581824329132029
90.81606322376894 109.15023685547656
139.78703142704302 146.99322309523012
15.304463918385748 102.43171138510408
28.374242175349337 122.43478519546858
114.2106390284343 129.44537411405707
127.93022821098725 133.01189468908018
116.86549364728218 132.42630931325647
108.99363078529127 114.05459600235538
75.29906800950926 121.29248333944527
110.31419604364432 123.34433654056238
83.5981778632633 106.12347734310303
88.35219710569069 113.83912974645905
96.58127838048712 2.4669191665790926
110.34344045364534 120.12304254288382
109.28465281625341 122.6000998423398
9.599283625965613 19.084348242893693
112.20248531280427 -2.2004868373591804
18.199688828142175 4.865423521450711
28.45378882045546 109.29957293057026
9.296136735154597 16.161395137518014
102.53038619669897 110.05609090597062
104.97156176935778 127.46664101625115
129.31475540006912 140.17824976354567
102.75435084165782 110.20619732113268
123.44391989951558 133.5626646044331
114.04709919506362 17.13927498555795
109.0808180763776 115.64756710837231
121.42944055007135 2.3250820683158473
13.029561293357014 4.41517372416263
140.25515944593235 15.687116893828074
6.238753312113109 5.349939143639327
104.95370959689761 123.66192232218383
104.76050868181547 16.626149260169846
24.43319711840539 9.601876122815526
19.25443885666496 134.09978284423553
99.85097192311345 124.72602591704666
108.39475728626415 19.220340206371112
-0.3772855059368318 4.153529453276132
94.47189914952929 13.681679401261768
7.205592387005949 -1.5224462147663402
93.7144673074 21.20145620987216
130.4097794276164 141.44575695779687
100.95390729490153 119.89911989661327
109.46745527361257 10.108814126004118
70.71292737307327 116.13132562044643
107.00010047810328 3.036687294928791
9.960628477919915 3.05314332085438
104.7659222880413 115.85043616719801
108.58664749741455 118.12548707882995
11.927587190662987 119.4309290521132
122.22565255432296 120.1511311833672
118.4754974479215 17.71854523425033
100.85103965593879 119.01869193283099
106.97132859549845 18.23545246094742
29.69577847395124 100.03418536732653
84.75272749639875 114.58288362479625
99.89881488047786 17.12322303022432
25.128946390549174 133.14492120145073
105.05058506614519 19.839776234306054
100.93058300959903 113.6566277715333
109.74422008547903 115.25584737975612
115.07753351462327 122.58132592352938
115.78756089770772 16.910908920476498
111.16476486196156 114.64506048739104
108.68395646237704 113.42844138336994
123.26783103407843 16.238125892517186
89.30240839323918 114.75171123327384
29.177865010836765 108.37211267184401
102.75460156277143 112.24395648581468
14.480172140425147 13.875720870393879
24.715832012249017 3.979663766834514
102.9420705584338 -8.056203622572681
83.12120151601056 121.81508665367858
94.46880633991793 110.8881228056605
104.94731298857151 17.40606386864476
107.51879177489107 118.52424259126056
15.478628546069732 112.41361302472116
90.99622331056239 117.82462136752099
130.38107233477845 144.1487430754752
134.15888923657369 118.81266498866376
130.74700007686116 126.4856270452399
9.797976816788887 13.542997652248419
103.23089572785632 -2.835010653303772
116.77201187657234 115.19061638879228
25.157123332531967 12.363941322958725
88.62667836570837 10.522909756847179
122.5533190638719 12.54541603336734
85.89188446898429 115.1672742194298
120.7908820602581 124.90884726875838
24.826318255863605 123.96555183493166
89.68248757516287 117.13017116188426
22.74589268111106 137.60822171366894
105.01870677659234 113.61166393569042
115.79896840024966 6.671455579156599
111.89530898192051 11.685184382982401
9.461459854558314 -12.450164361830259
127.66780805691299 132.8627944979225
80.23642963525474 125.79784852865025
117.93170006597828 104.08972126739461
19.060550147708163 100.61118430702683
117.13707048925073 109.3324247348313
10.071206512839964 2.9095576524903612
99.48149062714509 128.7604188359146
103.2874048086946 13.26970625778078
99.8118933287701 8.758644356521266
22.9694522837283 133.6664146314144
118.7220187188286 8.120546561653985
94.49022941633241 -0.9747276508091716
102.27393432883572 6.981416937118589
106.77907981593607 127.02653930397368
107.2476733138154 116.89030279881679
97.45809805738348 0.33180822688161493
99.92718319745855 7.232543206733335
104.73666809290168 119.94894181972498
131.7423204357533 109.95476056696045
101.03018369949781 136.58548204395805
130.54637090235795 121.21425648872322
116.68799394118756 121.96516943111499
98.93407585838149 6.453184249392825
5.448509509805412 0.05905597888684383
107.22215146277718 21.203426323815844
100.99226908351395 131.33563079522807
79.71402258421939 112.97699267704908
7.047374036337051 -5.872401514863757
91.6273143168527 109.06531501039971
96.13691572620031 0.5154737922522954
109.50148073502287 119.32223462591901
6.25226300201197 -4.330369621814874
89.30868085363502 123.02079194146974
0.2705615135391813 2.502718193054968
102.43874062457267 13.301182211243269
93.70963832671846 123.89731316015813
106.26007048487264 10.813374628441684
122.68596145506076 120.1959329804762
90.1390039704527 113.65901009651232
128.28190679730415 128.73634225909086
22.589979470719513 2.7776774551517147
21.877628801661658 5.90601794632383
86.49006536192532 118.23167985874097
81.64729042683719 135.5368661912341
16.107820830755813 2.3377307827577334
12.440147867784182 14.811144912970203
102.80494279098342 103.02058595290158
103.36015696052269 20.102546910075876
94.07839431628675 102.64277524384094
104.57930735055146 14.87300082761432
108.72008666673369 0.7288371448594089
97.62379516049252 119.36324522227434
107.00924896046206 127.6558143511469
112.96699113189086 -4.612341188453491
109.49193398507283 127.11471419720439
93.30995701431324 1.2193268743477257
110.0914652564361 121.72721353525124
105.22300456479574 20.481734669807064
3.3914170867032856 17.74112414106555
13.925642914287314 107.19127057440274
120.60846474759346 138.62711198405304
99.28852674077224 9.324040113443862
8.250859595895832 -9.315830568434917
104.27476112521508 140.42406039875794
95.01480637149749 109.94821301812561
140.78120321895625 105.79492219451978
22.70866250997007 10.53424744421577
93.17534600462577 19.529091480000094
91.33799469658176 126.43287936128104
132.83239719350664 106.31871356992778
104.43663192085333 3.1676696122381176
16.04288801498715 6.506689087741824
115.90270605048134 9.449242492013173
93.85412046308957 114.52257722359731
9.128226068721666 6.8505783086890055
135.03711223776006 133.18711263476098
102.52973717205718 126.69503623772957
82.28956086313691 115.24178495869316
107.13469081767718 18.49742839795856
120.8357337097392 -2.594945195228151
12.131502306870924 4.903041637273644
20.473066234910746 120.12184780428538
109.97788269957886 -10.790420650613592
114.97933901378478 120.25751087320994
94.39898148899853 121.61725685119127
10.216123189142296 15.68309997536244
108.14876605871478 3.510338634775737
15.340716866322284 124.23427663058719
18.040898847371135 113.72868024651649
105.76203815130457 106.21650170613951
102.73726477995781 17.410013214787504
108.58771957848913 101.11850798117982
22.86582291854124 109.72707587209038
10.296860717062025 11.006887135315868
110.93099001197447 105.11886211743258
110.60558440214442 120.45396194418164
22.982298511279147 107.80860997327895
96.63361057192007 104.27152277480496
29.38656290457243 115.61772948547163
109.67155498699884 16.049147854754803
111.26982885246137 4.816889218913555
102.1217844692372 19.149701414343053
99.12385693496903 17.691835227604905
114.44530495567797 1.2964567910110865
29.85253698901582 123.95344293313327
83.90849845327554 156.66754755746834
94.41511169861359 99.98960670011893
114.67448139808587 6.134771966247049
9.498972041433401 8.52648627514288
3.726099699730076 3.469054730818391
23.882855898379034 112.92077130109614
93.61838486674378 9.811384060522668
7.545145468287691 9.363319247111416
86.11560232085377 116.67716419628769
99.71946312558678 140.4919278259016
110.1846187480932 122.97173920128202
115.54572340432166 23.832974557631903
97.7793436281941 18.987954670570314
7.979564188409179 17.97450335879122
126.18631080883807 141.63658971904437
34.95186792735326 107.03415055631612
2.338156438741042 10.955620555258498
118.92043131201063 17.86229183608684
106.70981222677204 117.18158330558832
107.65613215040612 118.03897080468302
20.760389283819354 1.1898751337041888
104.69786944367712 128.0211936351403
103.02435007409889 13.71500928850557
94.82098082440399 129.82454697995234
86.52715181574592 128.12932982731192
96.13769374225623 116.2320206123237
4.987096360181495 16.492439685534816
91.15838145498537 23.47094661544481
18.40697590173011 103.44522801391287
20.8629703908527 115.09901264099928
22.706951421968455 -0.08744170639065318
7.365484498781617 5.7483829305889715
92.3361598974692 13.188497674804054
124.58464966280376 121.61720893338409
1.5996464152425733 4.441879217033834
4.640594349156195 15.803497791074525
9.533598332120818 6.24209271482494
114.05288840681521 -3.442854134878677
106.49670858319702 125.46790642010608
18.256536496254917 110.74839718980127
78.07763983459601 112.60104568564631
27.99948356884002 120.99979337963417
21.082939180408722 13.938685191449798
105.61531211001895 20.915667509993078
113.20156803481719 17.968395357105887
81.88427004633981 117.89046730548719
