97.85162796878753 42.51243507176065
118.56853510715425 37.64490569722031
98.16422593596883 140.72718249478447
37.19654546474828 71.74504057773646
97.2649135642407 -1.687853890835747
120.4504292900376 139.38320382463556
107.02055582388977 8.458039504843974
110.96698726821931 -6.318846312820572
80.94290057226534 2.502133356952965
120.30292167476674 127.95169408589655
105.07120072752039 8.979986366573089
88.1782548748673 13.300349830535172
112.04556280085235 -7.245288067174546
130.337332427861 116.80711024426343
125.43317507988394 6.7541312563612435
114.92960447162613 24.238815664126687
114.21969780700556 3.034588925858952
103.27136514498235 12.862653871001598
106.73944505270647 115.05450622208569
101.93081046305431 38.73216114326903
112.73172594544404 12.95748562817662
110.28961833672291 33.51047629380162
118.69200111712404 29.703424738057333
109.53138277958269 -11.922161138081808
112.4989087432882 -1.4208806269193992
110.92838792807107 -12.56725233422948
113.10973951260554 21.42669255213459
109.47299302498494 -10.070334095365956
75.71106504087271 45.11899655590765
109.79638634200165 31.159533544545624
118.1466302141643 40.76614263734741
107.41676419143283 10.242648742750365
124.18641432575443 4.300345797845076
126.21307767770661 -3.3010763018992972
76.2416534493006 166.4565963933486
110.00508258938822 30.418535062434753
122.5719182719136 36.58465217175861
116.60737986935052 7.212587138533877
102.73521822527545 88.02917166029188
93.32532694041757 12.1592081767137
137.83799700335243 17.535043601536525
104.14446715207056 108.01257157655824
75.05489875056713 21.006644749707057
109.72400206665868 19.126792239097377
56.86715694435076 11.20190141928467
123.36869657056224 26.612139215878543
114.92790752456575 7.500691197454384
110.68672220347241 36.558951927967364
103.44481996202319 -4.539559551246218
136.57919653893904 57.782336186556094
75.11002445085325 8.700774615151584
28.288760684092175 3.7010160760230897
108.38138780585308 103.978548305824
105.41036596040522 121.6401043830549
97.21382987583995 23.19421562379843
109.9710864015382 33.55358131605227
96.36653148970723 83.4447951840377
111.95772715423368 27.607492743029724
94.66319615467977 22.003782500139614
119.50530896280706 105.27797008449807
119.1568273065399 101.71298174889618
126.07933217168134 54.71991459098569
101.11960887374008 24.653673954828164
88.60507384235353 73.8762829198281
104.82364125439999 14.639797709231333
114.2931255379131 32.64847852628518
118.3640459754971 3.4293756569880074
103.9326231746526 14.136881415494143
116.28847331143035 17.658281135652576
97.87993988624811 81.46465454884097
102.54612357609844 -7.87736740264672
108.16441646448017 21.004025905729772
112.92250511306166 12.067488751260832
126.49067016466365 13.35220065584032
110.65859642727816 -27.29141954126134
113.52841993280722 30.387679861117185
92.6796292850321 54.848394929001074
119.25024451793043 145.69375568710612
95.43007574472023 56.96046681666101
89.43593902814897 2.146251096201047
105.47909564259606 55.092306793758134
111.54867410222134 93.8535328914873
100.48720690224722 30.078912696492694
94.50208309667649 106.53582757950528
109.92510541066424 6.340779614079908
107.40057368414541 13.514380155933221
95.54951947425636 55.475069293881496
110.52600033325132 30.345767334922385
103.23500215487591 19.15806196586817
111.65898877945872 13.78663955231473
96.8561952275392 9.738685264880763
112.07006614697198 132.7877754794319
63.825404912726064 23.077055363421525
116.71511252676314 6.571268135042203
127.51322052026808 88.20277064531376
122.54965721392324 73.08194279334117
112.20313709801962 155.23102839577516
86.01453189431251 46.32583279134665
97.57584633388606 28.084890476693374
117.79872849814808 25.027161463802248
104.4889066079679 39.46312938868244
103.62538502583902 -38.35301674661065
123.83699763113083 18.547516642898664
129.98718828099388 33.78267524908169
112.40286700313268 136.29954723451814
93.1258726322282 9.652401004105604
60.130247188762915 13.876753755822813
113.72143224693446 34.13406855503117
136.17579934592132 62.36773466457908
96.79397434617414 19.677048291331275
109.30450148834754 13.789203487014095
88.4840426232849 12.486734341290196
108.57501607923076 14.465446009212226
117.97398764354968 18.02503688253697
118.07834513142099 75.39324443504744
74.25205229759753 107.88890043280055
104.78639816947842 19.05108114768549
121.03575047629128 55.20333900040966
111.53210507940541 3.895391646557788
50.699901401393724 17.03666011163527
108.9179906435558 50.025312522259306
114.5953306568836 -19.18032057890326
107.73681296162265 79.74470049660223
70.76098619022268 50.23855967874472
89.85200078937359 12.17660221539693
90.0997684626793 36.37562999526694
88.45000131789045 19.042558433707274
114.53580157522329 60.874997224821044
94.27667551003849 10.770669227832759
106.45211349737453 21.254730580596398
102.31452180128265 70.80057891207392
99.82546889557109 11.857550479316627
103.41793089718703 31.850326021869087
99.50641470405196 38.3929447989036
91.4687647491841 64.380537330852
84.28111454451293 23.70090178422698
90.98494974149968 128.01559397070326
117.03664000255112 -22.160444613321495
109.18087493750195 17.2509173984047
116.11548937882874 61.373555015416315
99.43895243946139 132.24404530487857
103.55235578422891 46.71984650583976
114.14180244849356 19.434111119339537
110.05189624913183 24.07245724286289
113.64512002725282 18.647393507012264
76.55246059606057 110.71949200996059
131.38812889553876 100.10599496203837
97.08700117778729 13.998697724067494
121.8152360692555 91.69559979821474
106.07835992570965 140.1278155265769
93.72440097017652 141.63391889450878
120.25574513749592 6.792321266599648
95.10476805066224 50.67890564278538
98.25371534738275 51.00240933828806
121.46138546286856 16.619256097626288
115.4519258683896 65.55784315403768
92.33053116109845 66.65600953301116
116.96555704256367 24.386153101518246
102.68507813078439 22.12664120641898
95.78772820186505 24.777579083582797
134.2430774509007 84.05801124749674
117.26219405920915 72.48705896750289
87.9155591519649 2.5353444171734028
114.98904013151774 29.80580978049485
85.92078521264708 106.38326386360745
101.85388223731735 76.60151172649476
99.30221534218467 25.179050413022615
104.44871127457614 33.45576099396458
123.8695517091488 8.864510824704388
99.69758511506294 50.3655477560679
95.01824904189507 149.91818160383443
106.84750051931415 44.292328399438155
113.43928712049309 83.07983417665808
102.25596678466323 51.37676359421502
110.07487460668668 12.310031324350351
128.91999291460905 24.891710028857243
102.5272903895442 15.797286031170335
104.14942448888468 16.65139269737068
94.65523418427529 167.1316970176422
87.68871511427471 19.820727967512628
121.98080424153729 47.45813404936528
105.65639741480337 19.754236607397033
118.66062662752809 28.97934372290454
104.64036397895919 147.7198221990484
105.95289146821568 28.704019954478422
114.82059059766439 5.812031954501933
89.6378796808132 59.29003861618746
107.46182283951632 168.38468368109798
110.4201298162881 70.9214008575372
104.20787473970508 56.95232816006529
89.66847592501946 9.144587562466679
87.96789808060251 0.4811370935889145
110.48414066409978 21.603962708589265
108.57993370067557 4.940722044278596
139.1214557836706 30.15193810722704
101.52342091282009 58.600190329384944
87.8531282734597 35.70364221392826
118.69041942847421 170.39856427265357
116.26852502556117 23.429288092250673
82.7119560679963 165.40615082084025
100.3353769653519 31.437215629684037
107.99068679481852 25.3719397050056
121.63635528815291 14.74242474319429
99.50155513691048 10.957556397285389
142.42867761570702 51.71015502259901
109.67686579402265 10.193851302595682
89.75475050408693 125.55220824514123
101.84755574270635 16.480923249213156
64.899304781802 87.61453700550194
110.42659230509771 3.3632218787967005
107.32176390969428 9.664402606636171
115.75636513214745 20.18192249755304
114.93185952287946 134.39930728685323
111.90050655275044 17.143283749359306
65.1009955831263 9.321730245073915
114.7013567304495 110.32039208314643
86.70484876370952 9.826492933451787
103.63130856491037 15.14160381114171
110.43680930529656 6.339256597581651
110.59831494899223 30.955669757606714
107.27377728497467 82.02582526908908
114.94319461992964 79.4609117467484
110.25971367013763 12.200284296937435
157.46940050972876 35.9981578096344
113.20485207376375 26.79081609239503
105.59154750946662 4.940570411376656
111.8762304376304 6.697474501710974
113.95113153307669 20.838101543839347
55.923014223156514 86.04005427314985
101.8682671459266 115.86514754501859
100.40222393890262 12.585277205906769
137.50338623428667 -19.714386706416438
122.82277725311509 105.2586945446086
118.26627118585905 60.93320660541697
128.9874148341111 77.90290639293889
115.72519010958456 36.194141214798314
87.69724025523772 18.642753684072613
118.6924219093995 16.867720130737073
142.8821853911342 145.70494661302592
115.84746809504159 34.20391700678675
112.41667062437895 44.18947401418921
98.78840046408396 32.42006925772367
107.16373104086256 33.01766148305885
115.81885556988789 12.697267292042923
123.67979026714103 87.62883934218092
126.78761532264978 -26.032196359346457
104.3259807926669 115.51783239774835
81.8843253824021 7.572754997305366
106.72203224076588 25.643408570532653
71.45370340548429 12.079124650195183
76.30403589469479 78.74032804082516
108.76552974828745 3.3468273729056666
88.87881183787454 98.45181129398904
104.73609207786382 39.22241319505479
72.62141687101499 19.325863614353594
110.23778843780478 11.454625470493207
85.55285216396412 60.311465103825036
66.20260279424612 17.27450755690139
107.23860658804314 36.93399808739887
95.99997915551548 13.256939576859182
108.39325242027091 -16.172043420357483
90.80710382115673 145.97129128366328
32.458295638950396 5.289710980543819
118.08225758198822 88.92444454856299
122.62121913995318 111.21149764270727
113.8357400158154 31.66113697622871
124.70548245613438 171.2941213371937
60.73927046749717 28.205073272432056
101.08125047525891 15.845348515468434
109.90483497775588 19.207496820451297
130.7978858536496 11.953690914219939
89.34224248854514 13.292608933866006
105.27646487890631 33.11551904869762
72.66471712764485 47.68699616348921
115.53506709520651 34.95986064377767
114.69771988127901 106.7637421826404
115.70493402487601 26.269383322444874
112.4311932682218 24.933446761556787
108.62570094386227 16.5154551810434
118.17034440761277 38.40367876204856
100.83899666963826 6.014557321975051
73.70781845740682 7.975181689770011
107.28859036175089 52.470409957155745
128.1060182231651 65.59787831195698
105.43974099402658 50.327660926267185
91.50485066500255 7.770787632530556
113.37901077898898 19.8841641693941
128.68081302843066 19.53488289045526
120.60386554657968 5.649266784470557
108.99014712234174 45.94911598432965
94.91644528630395 23.6987791994788
91.53294237624915 24.851543127918053
98.9335031963412 107.76574913541742
119.32708232192158 76.72565689919831
71.46949023949107 38.11372911483245
109.55562657638214 13.714562917078945
90.90643521621541 2.1011923552340597
110.76443475160555 59.54469856345239
109.01484547574482 16.01850978550184
89.13617377881036 148.18427260908265
116.82656511967433 17.275545252301242
114.09207460485375 19.553211295802267
110.33536692795745 44.79649672090452
105.27305164644369 107.02688978050817
78.0357392152249 54.686819756148196
79.46526476502098 11.638628865374391
120.29227889295339 17.86626869776098
96.5244280091838 41.59824433642538
139.52237227318525 14.417252419402093
143.06435822454114 17.66806669763673
109.52411917319766 13.867370917310863
105.88119620773656 54.42989424459136
109.93145390913584 91.52226888850994
110.20795390760495 34.10738420013736
105.91491519845162 162.59854080954509
109.1389764382468 75.16934914556319
110.97030350930031 38.92070229795314
81.5717740546874 9.659823866546827
124.02772008832633 6.797777554326731
112.13291171405027 8.542033008975631
