96.79751820240239 76.82013010498224
111.48022114067624 66.26888978250649
98.40775170408902 147.94249304006516
43.815591577576384 84.71874434345584
103.14834390329777 33.99022533880209
124.5094560666361 144.4273318205906
105.7270466996187 18.93833789136456
108.31169308075854 -11.900343539748214
79.16549827888083 2.8789961229866954
123.15515175806405 119.68863930440672
105.11082290600564 11.511196708502862
87.75236361501398 12.894816220222104
112.1725466247559 -8.521719813912807
136.19838096388042 122.66185812994335
135.682087174481 -6.26852073292057
121.90915011485237 19.99403992386214
117.84381020440021 10.388294071445168
104.55467770600607 4.463654941337637
108.53925929616453 107.29437175605595
100.75363729381947 38.280093420677005
116.58156326206192 5.214888213303572
116.05387430513943 42.87225921674528
124.97990178188638 42.29360021480026
107.81870807338365 -26.04470774152661
109.85746096002401 7.916279594916134
111.74350552147052 -22.624632341968567
114.01822497828434 23.323374001470963
109.5132660285044 -14.290926264439019
71.68103061234602 42.73121189366766
110.27411981949123 36.44291317349146
121.8394872365843 36.55900665707704
107.38509684579071 10.6645916108861
118.29995908546516 0.9717995058579673
123.64785095405131 2.8477079870012068
82.06768085842043 168.89659230252434
111.44312953704906 21.97898086919888
130.79561482320534 34.82972656002809
110.52787959063909 6.946131426322771
96.40670203317336 99.17384691881641
86.97940813946242 13.151057985418646
137.8480256813325 20.444982616810876
95.39819902199207 115.42333270389662
77.28988450132239 20.932285225757052
118.90523501948509 18.960761868256114
55.73785819792723 15.602685854029883
125.78875421838055 19.04932035034549
112.31881458216893 13.992278877375432
108.11459902255895 31.45378108435943
101.37017011886643 -4.30354518765135
134.2956901180981 70.79204557355551
83.51086630231855 10.20123052020299
17.948362719830865 5.649137163407484
117.8912475535299 112.80274726311535
111.43651065674347 145.5491307094025
93.317966309379 24.506934237198493
110.80009683799452 51.53456879588948
93.639922692145 109.35869616753689
108.14165117502323 32.911034618030065
93.23108993771585 24.877485140869418
118.4258053884152 128.13526301687162
125.18739255076981 105.60054551108072
115.41637576358391 52.012824601816384
100.08878335350501 30.61599049443903
82.15310526206964 77.90782434886923
101.00084696359019 16.145546956692097
118.92732927276325 42.13203028848224
102.73306786207677 12.974788676308576
105.58880001113744 14.80247245268816
116.97950025966713 21.06307536357371
101.9026583328757 92.06781999089279
104.35211986358901 13.833608305707171
102.655135277491 22.87761067116948
117.96693501730091 15.23495954851881
128.61994848720846 4.907749610417614
110.7476538339247 -22.322485706623628
119.953039783142 36.945254568726675
84.90336055886091 72.18639859087328
115.45521327230482 150.63571067989528
86.38428357263713 60.371549880517996
84.94083523713117 -4.252399543442112
105.88256845098158 56.23243089656992
109.79064272482088 111.49353437438923
98.05834910770076 32.04583431921965
101.56201722222221 90.86313695578579
118.61455206651827 12.741280734034365
110.03675408174165 21.50970755118331
88.11557927171411 62.19274402703438
111.89940277700956 35.37620140329265
99.48017785862076 19.179068962922067
110.5222589166989 20.97001147682867
102.94729234624556 11.08652697134053
115.77202103212088 145.33199313901096
70.46736779811393 24.018114677674937
118.56309682650546 0.10120370448959459
125.40469288947449 95.2313811700983
118.36562635605328 84.01097491686353
113.79969417639884 162.7601459243609
81.33224542575387 44.64135495602719
97.83545076785728 29.8830985549411
118.56379289784027 27.56329843821148
100.75060298433633 42.725051623165946
101.43776290233875 -31.29611266568827
110.6330183056769 18.815834796778066
129.930983491839 34.70491739650449
113.52072631715981 140.47591676355344
93.36612085500421 10.59289674848015
61.69859429048975 13.935951291782091
96.3210991256298 36.38134803077936
142.26323797273633 86.10989889208413
97.390750698028 19.67023844602934
109.56369189095744 19.335784376227604
87.74186347391674 11.967429261532153
103.9453574931471 19.983009296760383
124.10544636090549 16.753203187578816
112.58246596970302 76.4483061969512
71.34473816489646 88.23890501810669
103.60975610730932 19.594081500908725
125.03068413761062 56.968364220142455
113.29388398544025 6.4439164051859645
46.73342973424071 24.82247830972668
104.62784348925624 64.70060900631269
114.21536209116833 -6.546102532034365
102.2409789038605 66.54969748051727
65.29624858238641 58.13378998223569
92.85766205274706 8.066448624683888
93.22962363686104 35.95233786604791
91.04485377042629 18.724246569027823
101.1139549393598 59.869248461619755
104.47397216768803 12.745137354988609
110.19775176511324 22.06150686114056
98.07983989810447 76.31182021191782
100.23673783625478 11.812062761064368
106.74556500875237 48.340517933098255
97.85937796110964 58.81144367367927
76.69484217261397 87.55174359588447
77.97460390952365 24.44492511556307
92.09584887202435 129.1503310896925
118.42271298545654 -34.043661578447036
105.5985679120083 18.14529217247249
117.29077956334399 70.12696081354085
97.06974717996579 144.00603377255226
107.28475655740849 74.58192631191923
111.67885652475553 20.158468548232268
110.19968167073102 31.493039991852363
116.85381796783035 37.64216181110227
81.03819933819392 104.195546100617
139.52478074511512 108.38625355898843
97.54099059699276 13.949619586731174
124.56181822329387 110.2358450400567
106.98595079663953 142.4693776971251
85.49310027807842 130.83133421057116
113.05115493256432 4.137121164717077
82.22319935935538 42.92431027103332
92.88960561923957 57.919652646431004
116.68352782939229 17.366830427775106
117.14150615214403 74.52862279954549
90.18439460300102 65.57768256708682
120.15817956345765 26.027840932448534
115.2584079310361 25.613743824351346
92.3213557604413 26.50887988002971
146.10373999812683 98.65346718230357
105.19185849852569 87.75859081646058
86.11001414952422 11.696137576801094
125.89051250209894 48.84545992147036
89.80767948858663 121.69398698123284
103.5343072711062 107.16641264455518
97.14183453215618 29.89791900514585
103.39721631691032 36.18159531249219
135.55757822588615 20.082651491012736
92.963421703186 44.82837722500073
104.94058992485537 179.44448903374675
100.98661671986551 49.86042866205926
114.61775746673734 98.43432040147239
102.32338989585324 71.68638790837956
109.97481145614077 17.129042082533516
132.107510105054 23.04952815090091
104.75686232328417 16.92782533878158
106.16144329454016 20.56641760669448
88.17029329551437 156.6122314361353
84.56809914270117 19.709571864309282
122.77374378589995 49.40089551558581
107.95600294811847 21.6769687213514
120.26929295159384 32.795193725237326
104.42056182154211 145.59101421014446
110.01698039186472 32.77158766949663
116.16805434148236 8.164749599365853
91.65011177329156 72.92810786101654
94.59351317613951 177.49699893450074
113.79029004094706 71.90423147602664
98.43636680974251 63.049312504146314
82.98796309708978 6.471866103765234
78.65421916907547 2.612735452368223
110.92484186158339 25.785761690773644
108.51383660026625 2.104220545399372
145.38768320295986 36.293963789244124
103.46768744229745 54.17320867120574
85.75230371381876 42.751799103646796
124.13960769499691 167.96409697784136
120.64750667453346 27.709392901189524
80.11419965444605 173.1875236980432
96.65694793471188 34.97540296459289
114.0438429479227 32.21905017060404
122.70414486004692 19.03231461857068
99.90361923027857 10.513967453243813
148.44990349909713 44.9827739195064
110.31444019334359 12.107274742153468
95.111160008688 120.08932530608081
101.56722872709807 26.662736704838615
53.01380672525498 98.40647058693648
109.32681715431397 10.282444580535211
109.08998723229828 10.712596993408669
119.07622367030137 17.392132679384016
104.8388150748148 147.63420206253934
115.93620656640813 22.356490007444926
59.41782755227936 3.1588982197126496
119.54639814793542 139.92439979549897
85.44228232602786 10.588645608458261
113.58783119252465 14.96288883987132
110.35857765707674 4.580511861655394
111.47444776918788 37.138773750437885
117.2623600310121 92.51579129413491
117.79326313101797 81.2276518965663
110.1128288093752 16.624878919964093
159.07317123155303 41.980335323363555
116.99337653844113 36.55906297165896
104.58292384450422 0.09803239647275719
112.15953066873097 7.736004477168498
118.85069723006237 20.318029327239277
67.77747299927029 108.93635749931194
96.56577412733101 112.66571752714064
103.31656955284909 18.467778978486894
130.67234062160287 -16.062265960485245
124.01022019740202 113.41957959261497
121.89633764896752 59.15082030474785
120.94508861970839 75.36409051607953
118.05669605558057 42.21731338883464
88.59674217880722 18.52489156876799
125.1511182221735 18.53063057767829
136.89371981226049 155.9681940354709
116.88879260051398 45.69887533565551
112.98355353433656 52.916969373889984
97.60848514419594 32.69022468814019
115.11481915742216 28.32238745050592
111.01996283523917 16.385370135095027
111.90509619566892 82.02339920187424
130.0640043761079 -24.642120760045344
103.7397167746521 140.6052453460208
85.40294441271769 8.539786208806426
102.82215462004022 31.74379333514446
75.71797229080764 13.026686967544654
72.42896734099507 71.16600974905
109.15849550709325 22.08904036380758
90.59796079049183 103.49094310446065
114.1308227621926 58.217774325212865
65.84789626307428 19.80605433965266
110.98636857122912 13.80456692099223
82.02135497194463 66.34937500178475
69.78716190809746 18.1098802925672
108.44426152867835 41.50460807625109
94.23615393784594 13.557944706751382
108.90155067373877 -0.5999238693263722
91.85614461906378 128.00726002020514
47.657340878713754 5.632983778882889
117.16183355729072 98.8044996265576
122.78612436673947 135.89098508438502
117.95096890966683 30.95065616742261
128.94260793023636 176.59525676790486
59.2573981680296 33.38442853716454
98.44320295600708 15.492652815680412
109.71799107904752 24.149234650551538
132.97967802661685 9.85687888293002
88.54026925247882 13.645058490934163
104.92653368094491 42.90953797498472
73.44387454101218 55.83180305328376
123.7001157767542 43.43842593383436
129.8703655909591 117.04068848195124
114.33924797813133 29.48142193246578
105.30749780114681 28.207925689828702
109.3180521287295 19.652694623475796
120.11788594324257 44.53999636671551
107.21785183388236 6.9247686368724555
63.7903051782691 11.205766554323372
121.72053282919913 79.08684277456126
130.7364221311551 59.508449076295484
102.70066681383177 66.70710865480504
90.471541154554 4.383988713765938
115.83894344384038 20.166481642889227
124.89217092770384 19.427766806780383
117.64516561639077 33.44809454652161
117.59321512681817 42.01867014648639
82.9416184599546 23.86641098576148
85.39245970806675 25.140836829150423
100.33122140469494 120.87557746101865
120.1105231308283 104.20398248629611
73.53160076186813 38.109725605998094
109.55107031068958 9.001438685424803
90.96927974462982 2.3172304991028576
117.01642277562544 65.62055565399532
114.94165398418842 26.33239632592849
94.45467909747467 153.97593466575654
116.36797077590114 17.597416922827342
119.46934380613237 18.097321179794847
111.71678252067925 48.69114365284487
100.22359842518141 97.9447268699823
74.65015355750204 59.03755778954887
79.93055578465886 14.123179785154056
124.68925303769143 19.89391168287925
95.83245611691511 46.559574756180496
137.9140679654415 16.926749279679846
144.9247248180177 17.864786552162983
106.21254277588687 16.24565082664271
105.3788031094364 61.80213344767873
109.85949167914923 101.30356906138717
108.15833607965591 30.620522302935456
99.50005665174872 167.28138846885085
99.73659353998823 91.08824987420537
110.88290737106391 37.05288789261849
76.02905337386413 8.8990481232764
120.90692308380675 6.916249022147931
116.12925911224248 2.623714211198628
