96.59508000194114 87.98329991014381
109.04302812446967 76.27863048883313
98.7429191311098 149.9399794142792
46.63837666144462 88.62909615086896
105.16710466108128 45.72057858793201
125.62415423670319 145.69131368530086
105.35140494095387 22.47625193232852
107.4508021342663 -11.60123935968081
79.31306879003975 3.2931850816084434
123.96565740841366 116.91390793068527
105.25233786398971 12.463359666067696
88.0524004565157 12.840636309019114
112.16715771473997 -8.6481982278221
137.657382599461 124.55877277573754
138.9149441976285 -10.209800205178839
123.9704608087718 18.560960009267383
118.9273599479524 12.993442382990738
105.05726612025747 3.507352344909194
109.1845902299628 104.04234302856031
100.53920069962939 39.00022397353551
117.7350134438867 2.9593162904868024
117.8833958106371 45.53740316532251
126.72700302216842 46.17485649853232
107.28848507041735 -29.597978869887253
108.9656466854098 12.351519154806713
111.95870696716844 -25.279251093907288
114.2163711151378 23.86554358836273
109.52215038286441 -14.676844324327295
70.36618581799064 42.722558496797895
110.4245647617927 37.91485117893989
122.82517151218859 36.16835661383333
107.41681503317993 10.962680208316694
116.15629243412066 1.097802972675146
122.52120501317302 5.339903439253096
84.59601569269734 168.49720620396167
111.90752845871445 19.06513833514736
133.1743468235484 34.51900461795565
108.46761081807227 7.024085191055611
94.52935969772716 102.48190174514238
85.30706980476008 13.618729527296862
137.46862547980527 22.371851180579018
92.60466144783472 116.93365181999202
77.83315408805133 20.861168864116756
121.82841234695505 18.908523917864173
55.25974840893219 17.146340551339918
126.313435003671 17.386094349242857
111.39458816252514 16.219830261856576
107.29057716475796 29.44643325674384
100.86304659453532 -3.8023064049682986
133.06006086856817 75.49533537571422
86.95391261391441 10.941537380663263
15.119562718836393 7.4900589874053525
120.92187077208204 114.84750188338423
113.44261002508135 153.05572068499012
92.26629605048414 25.48833275023477
111.04689623958821 57.995434033281285
92.97140846504482 117.04606881078908
106.88348340617304 34.34952553197781
93.0787742175314 25.722199713852635
117.87235755023441 134.73269862835812
126.89922707179292 106.40593365407919
111.78931102942222 51.857445489202135
99.91143609388901 32.420734161030296
80.43667993591345 78.80248113762975
99.87618799637363 16.737201596327356
120.36041425505691 44.887933116537766
97.60442162444082 16.23998354206904
106.21390708785307 15.17082444732039
117.0016715356714 22.17547625049741
103.48509257340314 94.79718725000174
105.09108624013469 22.809979345176735
100.95010522755223 23.446005725001797
119.53217821025464 16.398160598482995
128.97194393132497 3.610795614166256
110.74955781615611 -19.739400278633248
121.92034001425101 39.73942774752816
82.63070071965691 78.0695539964506
114.04876410179887 151.7598211015371
83.737123438414 61.39143212011227
83.79829024696953 -5.976547788188994
106.11237900123743 56.62305218071761
109.1879444778747 116.2061133176843
97.49830877029439 33.78003207548026
104.02152706554506 85.20374857754452
121.4101901104203 14.989489069411714
110.9180959025088 24.157174737629205
86.17212957922604 64.82858415446518
112.33229920208852 36.660316551523856
98.4232912065258 19.18569401339068
110.1181444365383 23.346693804198214
105.16598908943071 11.748248561731238
116.88612683424985 149.15814536411477
72.53628782659885 24.200227961964725
119.10583523610734 -0.7157088591486659
124.36411850638021 97.4153551592249
116.7740497657583 87.41752432210275
114.21625532834791 164.55448143567006
80.10182443109974 45.42268866035115
98.26026112620299 30.309667690144074
118.59703629227616 28.945816172867914
99.80827545832078 43.50951330008487
99.9694869829468 -27.733431691403027
106.16206294850821 18.911764939636242
129.45664247653232 34.60297672589924
113.83369948588977 141.42047923818097
93.88525722705616 11.079667049941104
62.91892239128297 14.06275432341004
89.66081263584415 37.70248629282423
143.66482122530505 94.13979284079915
97.84501389130841 19.657791187761482
109.65634249660489 21.205564757927363
87.79685059989171 11.891758427251679
102.4773802992011 21.830114157935355
125.8965762250087 16.36483562593581
110.68761980279092 76.79203688072553
71.11869638034142 81.68750574954214
103.31055406091673 19.77207960680807
126.10388706710016 57.90081337557118
113.79594460478918 7.515042447293504
46.10615574347605 27.30027244128674
103.28222441015838 69.34405414993974
113.98523037191778 -1.5868010954616505
100.51578106417831 62.340829736876934
64.29156355496073 61.13278009467962
94.26191322136111 6.849177770945632
94.49026922098845 36.55217696541469
92.33962996181289 18.629700102266703
96.7595911521934 59.92131991079469
108.0406731808252 13.550790602478898
111.45114808343057 22.268268717001835
96.99391579149184 77.94034589644795
100.45821909286448 11.94577839393585
107.97728802781496 54.603861590842676
97.4685459729681 65.90971923039399
72.41259533996406 94.60084677528897
76.60312195408157 24.556165696218507
92.94270815759859 129.27321898655615
118.71434926583774 -36.71849663031413
104.48767809140446 18.4593641411946
117.46337885216096 72.3551159844828
96.4957204072639 147.44958164852923
108.58407243485064 83.62644317538975
110.81373914864704 20.387038353543915
110.24401626592642 33.70905651855563
117.82030874179343 43.706981243644435
82.10686003441789 102.19552332076697
141.64626350913733 110.47365166550527
97.97986535105795 14.04694618903147
125.24449247785402 115.41236998182313
107.35447640273274 142.66729857298455
82.59554386736734 126.83614514158032
110.53117115416835 5.23350771658691
78.33397814660684 41.16386881140061
91.35006576768444 60.93402135242734
114.88634641456431 17.65954699190313
117.57826411064835 76.54590690593636
90.02837610805214 65.57722672140946
121.04997419366376 26.44136339863937
119.39953549824166 26.670727731852878
91.56169053057629 27.022172546652964
149.52325009630238 102.5864957223442
101.1866299033658 92.11374950113611
86.07558041519918 15.567698782674157
129.16617057159252 55.63166936854297
91.28036977019734 126.8462528232909
104.26182509537229 116.57960979668215
96.67236679677316 31.210344587373392
103.15641276503095 36.884058260512155
138.76989523941333 23.82947552373961
91.03983981157563 43.33509379288969
108.38071830825241 188.58611695792285
99.15283574063706 51.889131245703815
114.9082866526993 102.86952090059847
102.51682142789845 78.28764530378623
109.93635586316326 18.794775707188855
132.63847065218246 23.040105582414572
105.60957387755622 17.372200301202295
106.90908208614815 21.858582615241247
85.64378972832846 152.3961867366315
84.10396444811201 19.667205304825277
122.7773630156779 49.57652175983957
108.77653190060936 22.269428611988367
120.63905578514107 33.79056132553996
104.41776921763116 144.2233282213437
111.38054790447045 33.877239104494365
116.49962282961798 9.204519352442436
92.56537228760662 77.64890918053739
90.50170442485985 179.41760694406565
114.86840443882924 72.13116789147284
96.6774364620425 65.43794178404193
81.06909323759417 5.9133270430559755
76.31307897836746 3.5119034389056427
111.05292024879127 27.1042492159604
108.52574476414226 1.436558849760703
146.7894271427345 38.961051491014956
104.14785935276507 51.715661597425154
85.42389522968303 44.81528175244164
125.70279281125705 166.1339370365314
121.78064279149407 28.97593810905917
80.08186480892543 174.76269492460017
95.68600469370735 35.85295253336398
115.98561949326772 34.3119489700845
122.79402202282748 20.4826033447039
100.36496779420591 10.470539272132555
149.7218742344864 43.77778479636751
110.52121861721902 12.864479304354393
97.25048258011786 118.24061695422553
101.56716285329091 29.86612244117707
50.22839076828083 102.39895376412487
108.96240401106311 12.856789246916067
109.70116705785574 11.265149475029627
120.03947169755305 16.512449304646502
101.4635135592712 151.52557574849706
117.17185523340582 24.014834511711545
57.625689654359775 1.347764870236576
120.96210660926664 149.61460204885893
85.49609783159262 11.062149309625934
116.87491723025838 15.87071747040139
110.31420498722544 4.291266768746626
111.73644442508535 38.88920563475134
120.4457797307547 95.6330130564614
118.58297870933512 82.03068252736067
110.05424988311057 18.15766836833886
158.73507868350805 44.36688157882144
118.16094056290382 39.53620523845023
104.34119669084168 -1.070785127038954
112.21613434362938 8.29040873760086
120.30025523082196 20.12645044843592
71.41160020486996 116.82209240639007
95.04615065106516 110.61457665108962
104.44357208606125 20.463452149446077
128.04812725261598 -14.325746690590224
124.1341382746099 114.95155828646455
122.89932445539114 58.80774394541661
118.10703106208173 74.68690442689689
118.71559765605684 43.91370872327249
89.29143384989973 18.492727304151703
126.98259479586392 19.111874042943068
134.33796959264333 158.61118000334824
117.17297337849215 49.07205610202679
113.13527576623571 55.280053365420706
97.51352616499432 32.52823345199023
117.71223774658328 27.597953135767074
109.37032596967254 17.67839773423714
107.89490941217824 80.30233688663162
130.73688540818253 -23.80459653065913
103.69126754444032 148.5810811430036
87.2342634551059 9.103335419281645
101.63525623358515 33.5768586050134
77.61319789433279 13.497133798768372
71.87048434412368 68.39441494226419
109.30326260261118 28.377372766178148
91.62522535637397 104.47785209970611
117.23096562912289 64.79749617746278
63.59620077344815 19.945090671729513
111.2052890252831 14.69204595036897
81.69846846856797 67.95285591191518
71.58261502226503 18.39538651949729
108.8728431362152 43.17204857733054
93.88699272912302 13.769403843691034
109.09813675080078 4.821614818255253
92.59637323961574 121.68243841816086
53.042473614650746 5.998930290143199
116.69685330304503 101.73070178157577
122.6303947338732 143.86999020922772
119.17610838832516 31.281766621328803
129.85573579507687 176.7535296664061
59.01612594267125 35.92120619846503
97.74306305989218 15.450225104871873
109.65814678154287 25.692302482259084
133.16780201886758 9.35805307107224
88.63233691953543 13.885604607573871
104.926722219803 45.77810541386191
74.2335996613571 58.61165331864459
126.15341056113802 47.14974325240419
134.64789125219366 119.80518553699449
113.79690593969023 30.413312792923485
103.00380418116998 29.158426806118918
109.56304628083971 20.70055477773705
120.53735038658012 46.04122608293206
109.41674444753914 7.427642133037218
61.09535278116978 12.506012326736732
126.34378184878832 87.86268598828151
131.10306480059734 57.852468509722044
101.85852002874094 72.23834148275651
90.55913837184609 3.5898645468597548
116.50377126663923 20.249716692537667
123.27542250024408 19.38707312088104
116.44594064190245 43.30397439804208
120.06941923134947 40.61860423069062
79.20846671612097 23.82167076792606
83.71828418537424 25.076972053512495
101.03624436322754 124.40600009451755
120.08171780451835 112.59198466259382
73.71746389144484 37.67746344288196
109.55063856978823 7.650183256819169
91.23445520419527 2.7730260781514495
118.96829123007399 67.0013631960722
116.84326975848626 29.711374401182226
96.61408014272526 155.33819481810966
116.06550685374386 17.73215640223054
121.11183413168987 17.63101269215288
112.14196632309594 50.43017672787423
98.74317047100783 94.35443026927442
74.1954496480752 59.977958777233255
79.9170461689218 15.035513131920121
125.87616581348932 20.57302676734109
95.8950543592271 47.60162572804354
136.92764955388716 17.81076059714099
144.91052624850036 17.95401350441956
105.15618484067305 17.087730637632422
105.27478890908249 63.178523513296845
109.82585036690244 103.89854161057195
107.4899235188451 30.077686954253945
96.72443688459433 168.04911480635263
96.79274227138737 95.98286048571197
110.8379503038808 36.04790326909547
75.04678193318598 8.836664732642621
119.76435662171671 7.30136153688881
117.26308585346311 1.0111264646696287
