96.60155217057452 99.06857348705614
106.61923221814192 86.22195252307503
99.19946563481314 151.4945862600335
49.863015598507275 92.23336702878139
107.24339223829416 57.29054700503737
126.66636232749555 146.5528539515067
105.0285674623116 25.969850430577175
106.62139793311277 -10.031871802790626
79.72214111247199 3.8817502712485967
124.64412876558427 113.38794967777147
105.433633335863 13.49231141984788
88.59349652261137 12.831844108252037
112.12976059176056 -8.701973107830485
138.8813301426752 126.44310610039287
141.77230664888887 -13.911486549021268
125.92604883856643 17.1294764063438
119.90475926926158 15.672291088991116
105.63639869319874 3.6376649526254843
109.83490548705993 100.51265291364207
100.36401056307363 39.7332932845184
118.80057759377604 0.8726623164956906
119.58949121305899 47.94944963156969
128.21246758953046 49.91692396550475
106.79702242562837 -32.54724706318061
108.07593471888985 17.632821134396195
112.1444880019609 -27.540862711427454
114.37413307760283 24.351486565487967
109.53026321705339 -14.581611173233593
69.04181655707512 42.85684756151811
110.56201360400222 39.11607514541373
123.70911828605628 36.07741228707534
107.49158085756044 11.376666687507415
113.97419659869328 1.4425668235734426
121.22809623152692 7.917973393188505
87.42466346332218 167.32716908625983
112.35811979646687 16.14416465790512
135.4192344774943 34.369935517689484
106.42229371885786 7.228461351394749
92.84918032535133 105.62712558525502
83.86450503499056 14.142604920002615
136.6414328707564 24.87425548505176
90.00892002306512 118.14035786084415
78.31789554620363 20.7670337627428
124.62015976048387 18.85865499763314
55.01049366783967 18.705943202979576
126.74374702123511 15.772026261569758
110.46452624079281 18.503603155853057
106.50522429236895 27.42971502771748
100.41211633402818 -3.036740084012103
131.57884448242947 79.8154855773353
90.64781690834175 11.796577480997032
12.476132086701922 9.89183459329635
123.81835936715991 116.64376655758518
115.39863695060411 160.22357237655865
91.40006375418713 26.71567922852492
111.28160784528858 64.45351200274834
92.52066166365992 124.25115700065116
105.67015338664349 35.59663879032099
93.16313903977226 26.50264090895168
117.25816237683485 141.16993617483442
128.57534753931228 107.12187516006986
108.16607234657387 51.680122058429625
99.83213110440131 34.150815227660686
78.99634719493244 79.9294361210888
98.81018057230743 17.343197733894037
121.7163223783728 47.25481774151895
92.53247203480522 19.50834144741995
106.888327720049 15.552369928724772
116.95072629438131 23.28219213106318
105.11297345517985 97.10145115816624
105.87931547393185 32.49329054340883
99.31664320769545 23.998664238276913
120.950471114199 17.58293264856787
129.03245550400106 2.4990152330772437
110.73074334287381 -16.9170167393955
123.75845813748364 42.90412551172118
80.6712726189815 84.00814103875074
112.59958147672572 152.48914934447416
81.48972001274866 62.26668652123068
83.0204141670779 -7.282970284672623
106.39490649752834 57.33877023088871
108.59521932233739 120.43717603030687
97.02382886702087 35.6124475804675
106.50478354963678 79.60469166989266
124.11407828502924 17.275771798597862
111.77897134890812 26.784201103842662
84.44300432127335 67.38380031463147
112.73616429038992 37.83592786903632
97.4765177227943 19.191887081266145
109.71101711093381 25.6808075688003
107.4559273824545 12.501335536562179
117.92425899614375 152.6780152337943
74.34983085575276 24.32701049279889
119.5012780331416 -1.363030805246189
123.05422911399 99.32588205379943
115.11157910521786 90.2656937518714
114.59109383825808 165.59326367017505
79.22270223525068 46.342450350736556
98.78611906258726 30.55973978311173
118.5454494533723 30.59705977817129
98.96335450799214 44.0164135114521
98.23141355605087 -23.518379147285827
101.75907633505845 19.009536742585738
128.80178371137285 34.36363536399079
114.05762609320139 142.09275192066085
94.5644106289233 11.70864281982817
64.4985191384426 14.224645062903653
82.46553140209176 39.48661428523982
144.83210556799258 102.17943886719841
98.4803621092707 19.638678298161786
109.75126116780325 23.051226816368896
88.03327237088536 11.886464253776602
101.06508792534413 23.646865612340036
127.48975946238258 15.994550184228295
108.78519814203808 77.32167986794025
71.15176098688646 75.24974213636025
103.07694690643653 19.94025349962554
127.01088461032376 58.673711167967184
114.25632430297813 8.718712670588916
45.40106855010048 29.712583614619184
102.03594938701399 74.06533315201307
113.72748719089768 3.689713549700837
98.87654377003796 58.09038291576903
63.56761903085125 64.05225395381275
95.83503213533888 5.679234368787958
95.97705885890859 37.09170335767153
93.73525620401497 18.54160822144884
92.5402584369404 59.64886960876056
111.63104764359282 14.384750491764558
112.69076707342256 22.455200301623524
96.12834919616739 79.78726041252659
100.83274881862982 12.206438955784899
109.22514345436487 61.35378955687786
97.2789462477421 73.22585048041583
68.47911268294452 101.68590772655219
75.74434128435121 24.621984975108457
93.92481778120924 129.3475235442074
118.95690454623379 -38.991177208860385
103.38786141023071 18.775972194839827
117.515867731231 74.26888274185855
96.00826882708232 150.54136079396554
109.89202748612898 92.75271642323527
109.92897449870127 20.609018530873037
110.28591817066527 35.81095709630158
118.73126021456102 49.6028629823623
83.20796164554169 99.57954399142946
143.39928422299323 112.44078964663672
98.52090085720343 14.204682838137508
125.78103212187982 120.47385603905872
107.75442103876459 142.6597718970394
79.42045583772531 122.80665206641865
108.00267520858273 6.981393982443638
74.6075758571661 39.94861325093553
90.05477284229526 64.36255349493399
113.0705480629797 17.964118424017315
117.98322542137653 77.59214637388315
90.01276286544275 65.50777120911684
121.832805860954 26.809859384727332
123.41686846606171 27.657141206983145
91.01126248707439 27.41959056278336
152.8506907127195 106.20420043374573
97.18920895312289 96.61396537992873
86.22992440450534 20.25963247149603
132.18505474962828 62.45465590264553
92.99121540298455 131.90894214555254
105.07716122765572 125.98099465293244
96.36423833659705 32.313875787793975
103.00039806870551 37.439298286437754
141.94378364946235 27.535402293943577
89.34564579290799 42.102836810431995
111.82907425883832 197.08026689950066
97.47934690839793 54.27063008610611
115.14312040301395 106.61863101714134
102.78778958774407 84.64016515251267
109.89749912057896 20.46717178334199
132.81065105990902 23.86341816494405
106.50243303318383 17.85116142353509
107.69575666093822 23.111825299284515
82.90879362199071 147.97241766648185
83.7417575235169 19.623814122606074
122.63479489016053 49.37956517137686
109.60993313474458 22.83044904943777
120.93184293706032 34.63978641601197
104.44313457238526 142.63463263123927
112.73979683767676 34.77256205022081
116.71396437629481 10.331366017571977
93.74607084395903 82.35632555009546
86.52954861050542 181.10605094380654
115.85505211357963 72.25431681751854
95.08868670280471 67.86669179954517
79.42867606239246 5.412291576843019
74.3468084983091 4.591590664991859
111.16985822211832 28.3632217913584
108.54830318104634 1.0176945623940563
148.06645136015587 41.851316629332345
104.8494446641713 48.99417805786365
85.55175978143214 46.38657217799011
127.02949106612037 163.8757741087953
122.75940718632054 30.06951252115619
80.27511509178726 175.9110097976624
94.95395173962144 36.49022198431289
117.84639215864281 36.22700071864204
122.81813881788511 21.929994374062026
100.93374423397616 10.506950554721092
150.53929274803303 43.07411508885035
110.7237614930481 13.696314772987039
99.51882226027995 116.40742586329299
101.63777869537519 33.00023911328796
48.00226299872227 106.68454545164957
108.60978818668642 15.498078745437107
110.31221301772558 11.86808179575438
120.90968528337939 15.664232720928226
98.13764510265304 155.09320441610197
118.37614650961574 25.59598738876145
55.592996598138136 -0.39220212089614814
122.28206892347104 159.00892323681586
85.81545328901186 11.561175993091238
120.11769598806609 17.28860402068806
110.26218295389052 4.142386139394453
111.96957639055644 40.593434181019354
123.52334159806102 98.1516831301894
119.29286428412676 82.83489814943323
109.99079411996458 19.704485245778738
157.72746065793973 47.02116503496804
119.30659244933699 42.271344136156394
104.14631819602064 -2.0079147392971444
112.25813112156263 8.955457621608039
121.68325808524216 19.93097713274663
75.11231792430873 124.74228193195736
93.69943651422199 107.90449235784706
105.61520189835335 22.444471100408972
125.35166559083117 -12.219024209010078
124.0937027700618 116.47346959226869
123.81949894575541 58.71749370838141
115.20340855001817 73.99017224913345
119.21285174888543 45.4162189895353
90.06533248632323 18.46873316476818
128.64192360003284 19.696153373694198
131.59076478388795 161.04612527451144
117.40260517599286 52.23235331759245
113.25126644245302 57.562238603528336
97.51339934146895 32.218652814659386
120.21401506534464 27.126671604987116
107.71754147571612 18.995920063269583
103.90574052210559 78.48077551251886
131.1981590598643 -22.576638754242836
103.71195586206753 156.2562310124777
89.26673690383166 9.797730514792441
100.53447294789129 35.287216944772595
80.01567048235464 14.02047245317032
71.86973930702439 65.35754255694435
109.45238818725879 34.50041220520001
92.77178434270324 105.40545244159895
120.25584913836839 71.43410493525433
61.61106282475945 20.08177432547737
111.41778664187898 15.59921650947663
81.52494909154525 69.55765198514885
73.79836808063443 18.68352272376161
109.30552017221328 44.84203270181477
93.75361242320487 14.057590043449492
109.29755372335619 10.428832530732528
93.41512076607182 115.32669064065739
58.68988324388254 6.540568359902239
116.163053663839 104.65921057090003
122.39448227188463 151.46018136196813
120.30902933851755 32.15499850202676
130.60606209982583 176.35865159309338
58.743276459723674 38.848159220378946
97.22067371009558 15.467165943956072
109.60174208026163 27.129262265003568
133.30298050633718 9.003027873134181
89.06103124995887 14.187697544683093
104.97887419337306 48.311762694341255
75.41163307072412 61.44148042993193
128.45866783619297 50.83316613939344
139.2188043371996 122.27028119659629
113.2013345127924 31.152897956195584
100.81246998642834 29.992095037274623
109.80891642181548 21.731170631867684
120.93666253878557 47.48740127847666
111.62262881478394 7.972891703774762
58.56802419414851 13.857637028822467
130.77996413620207 96.53767875993222
131.32067630623933 56.47464467327857
101.10379654525046 77.60404139298393
90.77814525527943 3.0877694314392734
117.07149917880311 20.326449581895943
121.56271374670726 19.344207763672877
115.1517565518995 53.34000093766407
122.4563989794922 39.10080457717637
75.5474483352005 23.743215401722914
82.2822645417571 24.97013520614126
101.82159943219516 127.7405006076577
119.92299386119184 120.59683987336223
74.06824857770397 37.07689180211379
109.55153732644324 6.465774726308453
91.66982403167214 3.3821889989305927
120.7986966033719 68.23972434645228
118.68297586113012 33.061286922273645
98.92188895813213 156.44710033049415
115.6724329808756 17.867558940955924
122.66408615950823 17.17987281714829
112.54893686424343 52.10466881983121
97.43196532066432 90.44950346510544
74.03589119185473 60.4714939770235
79.72258137690213 15.98529434239725
126.87098138607588 21.238601190970442
96.12643290490237 48.22679336112936
135.64943971873674 18.70691379491537
144.29035576127353 18.052084117722824
104.12213769207644 17.943122076846958
105.21931821802515 63.84700114995529
109.7834603070477 105.81223824460471
106.863204473671 30.214783744377552
93.91434689779472 168.56690995825386
94.0158035877716 100.28072940215618
110.78643610391187 34.845978420438676
74.37263626489016 8.877842298859342
118.56650457875448 7.826379107700655
118.27155639251956 -0.4574989977150572
