96.71705702598963 109.43596801994813
104.21216951021263 95.95291814576497
99.77689548831196 152.74674879819864
53.56568685522376 95.89338186515353
109.3502433978378 68.78701853824502
127.52002072266629 147.16735354274613
104.75339711799182 29.36721809725326
105.84255175474897 -7.861034774735302
80.41115575340298 4.5615947212377215
125.20218080806605 109.44310017234855
105.63625985692892 14.549605711906912
89.44161958644557 12.896328486711973
112.06864007693693 -8.660306881320102
139.81171015516134 128.28535108686646
144.37486948333284 -16.96590862103908
127.77308829136521 15.704815462233404
120.81100879004124 18.38417817705156
106.24473055898648 3.9023734252822777
110.49747329746175 96.47694127071541
100.23324603982896 40.700494951235015
119.7592399037554 -1.1688315465134882
121.26716817550364 50.032940261415334
129.3583885279753 53.432506362677
106.32950062959671 -34.76454392974059
107.20425451750438 23.1622156341663
112.31152429628521 -29.365694893193947
114.47310541783136 24.774159432762644
109.53615692875985 -14.112369941345188
67.94121857400123 43.6358652318897
110.6943934361797 40.12243817636627
124.51202874989671 36.533985397360425
107.58923052866002 11.938412624539994
111.75707934160576 2.8053646045894767
119.81016611016 10.681325211098251
90.43024729894854 165.96819314213363
112.77529935668315 13.24661739677913
137.24243666983418 34.778997500993064
104.40903748120147 7.638162036206293
91.35638521201885 108.40331349663829
82.69660507431476 14.734570582480023
135.48814375256777 27.575965405240623
87.54945718152749 119.13792594717303
78.58816049387816 20.65847910613315
127.28237722141236 18.81154128845665
54.843999832837504 20.26971523913542
126.9610789172939 14.769744411855271
109.5336379078174 20.800949983705316
105.75821491140793 25.290744887742527
100.02280798880032 -2.0728487070521213
129.82362603948675 83.85914101216207
94.64158984065811 12.742600941935397
10.223763540662805 12.801940533370196
126.64328951949874 117.56711464947037
117.30383967905095 167.1884362893292
90.75738604006497 28.52122543084544
111.50397270739602 71.18597089413433
92.22094045920002 130.49784073744266
104.51703094256193 36.703517497964086
93.36663584504831 27.184946985589356
116.60397122623128 147.42665880222046
130.07454844808342 107.64745433106081
104.60807578357365 51.65237333875895
99.86650918441283 35.612306305516334
77.88626133834327 81.03830411263829
97.87016107366844 17.968481795917757
123.0354010869703 49.28540501363573
87.64402293964638 22.75438098815212
107.59093895131628 15.96902991772461
116.88118719420277 24.353303967295076
106.78591971078156 98.82493941565448
106.7099937060769 42.10393503048586
97.82395381250201 24.496273629422106
122.22788506266427 18.781871741696868
128.88244623054814 2.358207813617766
110.69963613514098 -13.730377288526686
125.55508170685506 46.08964789569954
78.90036981986952 89.44886897428228
111.13239334216294 152.66531399525607
79.64706906411807 62.97836367805781
82.4805777568043 -8.18676441488702
106.69884250753151 57.95074820124406
108.01053935605958 124.24538632713603
96.67981337041005 38.07115468184283
109.03323525766966 73.85803738325825
126.76562895561213 19.58514547691622
112.6259279789246 29.367153747967922
82.90462581095143 70.06987036152151
113.12533367455016 38.8383000163713
96.72186252594082 19.197659429079156
109.3024746105727 27.97343080161601
109.7653342516082 13.313883433015087
118.83967833128033 155.8919880411398
76.24008100067473 24.37767700799657
119.79269105484977 -1.6572019500516468
121.5708412420303 100.74071178165394
113.42101390330332 93.08389310666433
114.93257114162154 166.42587517908876
78.84339310350688 47.56776563805254
99.4056082967599 30.663282454785467
118.42646399726134 32.289500588114386
98.21158070527709 44.24775442884884
95.91702663471075 -19.154589538120646
97.44962909001742 19.107675883245037
128.0452979847825 33.93018398872089
114.21550765089286 142.57854515389624
95.42871340346446 12.403714344006499
66.77242777557555 14.410621183902444
75.13224289654778 41.80328019113689
145.8151961264263 110.03183991697581
99.18614254720491 19.61755597089657
109.84675943740389 24.850553220089562
88.52728076893969 11.962096430069472
99.71698841260927 25.43027030820318
128.8927525453907 15.66274903699058
106.89595932694677 78.12576906898533
71.62711413002134 68.71829247868841
102.92486670660742 20.098334826436993
127.90008360416854 59.80511503433379
114.68848408239138 10.017546412858033
44.74732793865031 32.00088559493607
100.84120080767593 78.84385753410129
113.44972244925565 9.048240400626995
97.37767133488144 54.02432541393904
63.15274624420545 66.98066067093563
97.58903198827372 4.699985166577388
97.57592869955275 38.120614979581305
95.1668640050937 18.46147423160396
88.43639572289605 59.65245311694086
115.20890850007733 15.2986897404365
113.90691949503312 22.622568765359095
95.45471841674558 81.76331311200138
101.24562316117681 12.537810566466952
110.47922724917197 68.1233867976062
97.28065007174597 80.4552151661981
64.95135893918903 108.46282529378824
75.26688024234241 24.66727150761716
95.08195875879595 129.35637731340483
119.15241941869552 -40.29393470158721
102.39833172574842 19.09336445257864
117.54281415466386 75.75008441671226
95.61323230879869 153.31482422014182
111.20023433827562 101.76708226093244
109.03761279178796 20.82266550110631
110.32533327338616 37.77059669289323
119.56112399189183 55.25983120299428
84.32350209067205 96.51215210043752
144.8192138672838 113.95371850360307
99.10046492118656 14.392545059362066
126.13155578443218 124.6660713366993
108.17832138287169 142.24794327186655
76.12531158039901 118.75282660732894
105.49157506238211 9.69461179087874
71.3735725196413 39.121092869535744
88.92461488320181 67.96482315899111
111.24498129477465 18.280674309344782
118.28880320026579 78.30603197662712
90.29349749329998 65.68359244280298
122.51735327932634 27.08308849130691
127.28612658167731 28.579509839603755
90.5175267142133 27.734521078512717
155.78980203796002 109.2981604256686
93.3071005362956 101.131650348916
86.63502065597038 25.51339245570703
134.89375170659733 69.17345178387801
94.81100929782178 136.7667831751686
105.94521824208532 135.0391874310689
96.24519616663771 33.289354801770216
102.88747695155416 37.776985792315934
144.76640953607304 31.153766157774555
87.8672699206977 40.86640126151672
115.27230068934824 205.29029171398452
96.0065609417597 56.61797607207153
115.28078799878622 110.23019025073731
103.10705735322499 90.96027380506351
109.85861963658382 22.128484268990825
132.8507208605375 25.387916694719348
107.44313064469331 18.350835533483835
108.50137911283178 24.330639595839113
80.09610948472924 143.38416956295382
83.60234147925388 19.581527358756
122.3878456567877 48.68746714113501
110.44505431587869 23.33997326618534
121.1651966839021 35.23727372474855
104.5047447911031 140.80649328847127
114.06841296040342 35.63525998692546
116.85503483253672 11.531498383076206
95.07802367805385 86.9740679378719
82.74309571160413 182.2801396206339
116.76330302276392 72.11741551462957
93.70774182832805 70.34821477347205
77.96487423397481 4.993401631298936
72.67011120809954 5.779846153466725
111.27007975815155 29.472718759638123
108.58321942879009 0.694586775617323
148.9832670373948 45.14009366482177
105.54059606620353 45.99893721737996
86.03450285281426 47.524963955471286
128.29502213675062 161.11562246079956
123.59041915111942 31.052047418005742
80.71370538080724 176.5544789025896
94.2820131673899 36.981318806298965
119.60947034993451 38.08801661013571
122.65860819771036 23.351355665793758
101.60328932623162 10.65913949751671
150.98960459711242 42.958559547880164
110.92110421864875 14.5522655511024
101.90880019932395 113.62675429134148
101.77589640447246 35.92654257033841
46.60130754771786 111.07107456107016
108.2687640249982 18.167546316933006
110.91902119276966 12.579217934636153
121.66556063107674 14.861084018985238
94.93009968679476 158.24213849817053
119.4195436197111 27.05475413695161
53.718631276387995 -1.9889958346818815
123.4517885079929 168.09119304392084
86.46537299967159 12.141902431506
123.22630847501135 18.841880789343936
110.20797180647982 4.207904878569943
112.17089614701817 42.14069947846202
126.39037435230088 100.03692400278565
119.94412795577485 83.62167245969992
109.92722732047928 21.2488339470352
156.62554500962227 49.70690469199099
120.32328080316425 44.854231582035915
103.99994176974347 -2.680211120699475
112.28633708813985 9.743655480599653
122.98435205022079 19.730454190003808
78.72504086439835 132.65520639348404
92.63054742773383 105.15060936626793
106.83945338400245 24.39547869893299
122.55725691323661 -9.79387486566861
124.01657895725234 117.09771127832683
124.50769220616668 58.58803277793235
112.26237558740338 72.90587560196505
119.58847244393705 46.74260048425977
91.04640793114496 18.450516789961394
130.20301943332635 20.27540352412393
128.6544622425089 162.98988892246794
117.4831734317033 55.11061027712949
113.32548828643648 59.57478828165093
97.63023301703612 31.768390991430998
122.5776347024098 27.46898431346227
106.07147304706949 20.314250261322364
99.95917015109931 76.79829571542544
131.53903775015178 -20.8791972143636
103.76830847003957 163.38927444342886
91.46180778559469 10.628546953915874
99.53734102776276 36.85550552530862
82.76156373177174 14.594798767496156
72.13385816495672 62.82689559926084
109.60719167590536 40.52787672067596
94.11017970259748 105.98878037507501
123.12809162405605 77.98470241279365
59.788136440410526 20.212485308926063
111.61999494841419 16.53030369553356
81.48739693005906 71.18818642644031
76.65549943733332 18.969329505685867
109.74211990604552 46.656005206570185
93.85135834609414 14.396952278511442
109.49971297879001 16.084104575179907
94.4275840772495 108.99341284819596
64.57188745393435 7.218172416072336
115.52210755931283 107.6162617057234
122.06923906577212 158.6521445633709
121.31545623655877 33.47229452542745
131.2054507128225 175.31919521744078
58.85893243493954 42.26668225601889
96.89774776343225 15.513796686514326
109.5473678461409 28.511099279074234
133.15738825706975 8.73134730190526
89.7839096569572 14.540293821321656
105.05895879093421 50.37731912064883
76.70152718446764 64.37005003380925
130.72535802557775 54.37534182192953
143.5604049661105 124.09743278995103
112.57677474839214 31.82262314409761
98.6559105685852 30.67054526541831
110.05054919127414 22.726094335281797
121.21854214451726 48.567970589286546
113.82274232793874 8.58339204231952
56.31155305755737 15.258564142851743
134.9935920818072 105.30453437477257
131.42651358613602 55.02360887376516
100.46498720565789 82.78438874531942
91.08018930196943 2.7863451269094526
117.53412150066514 20.386819254219777
119.75177872645801 19.298598806714075
113.81600344552002 63.2804084184649
124.3364662623862 37.40467100448508
72.46140886202876 23.61901224821276
81.09028282628805 24.812493830666195
102.66479684903175 130.98593539741074
119.69314891839824 127.78882642995438
74.29086323074779 36.39083839149898
109.55698186752774 5.39540422612273
92.25769150815897 4.122161661635012
122.53702216921926 69.68618685258329
120.48324582423663 36.28363897069394
101.28184149888709 157.18744968843154
115.18360566196992 18.015402437685143
123.98597585457976 16.748065870091953
112.94146195501958 53.97759683381713
96.21080184346972 86.31139989267533
74.22451167914538 60.686129403872314
79.26708561689308 16.96614802171026
127.7782315628865 21.87177229212693
96.44532207120923 48.340930274090454
133.9553922817672 19.603971971839684
143.27043307700117 18.153345378985065
103.14687936134531 18.808289543566005
105.2048463990598 63.880439299046394
109.73714662683855 107.47295344640098
106.26444971448835 30.449837948096857
90.56051996647801 168.94039692930352
91.33418278330744 104.14603884148883
110.72822940960684 33.49602951666961
74.07762887846508 9.0506223487427
117.28701780096804 8.500335881500117
119.12588375280896 -1.7030579192895008
