100.0614058905457 159.09517009512902
91.61832255631049 146.2504258632897
104.77564053252702 153.14377894231203
73.23700832036559 112.07614308088375
121.20975755277763 124.50162677231847
128.03401320020626 144.39358580106204
103.94837484170716 46.79962546402816
102.28935537680026 16.97179601527071
91.51497629909322 11.53782997170891
125.49755112195315 77.51398097219212
107.60617282770218 21.376202986943895
97.93009771946402 14.913027015516247
111.27098616405019 -2.893189357882765
141.1447199155343 133.27041015427432
153.79338453594633 -28.475075513996607
133.71723585121723 8.189269854225193
123.40821728341808 33.75709214962499
110.50103796711682 13.948155499397016
114.25654695128202 66.9868864376604
101.21970771700114 51.405022648814985
123.94833667263646 -7.749663794133738
129.2554321344009 57.0918446911762
131.39146257537632 67.22180189511317
104.78107237064297 -40.12811199102028
102.76202759393675 67.85170211053078
112.69847491272704 -28.459251806234512
113.91685428883929 25.707332698646727
109.6220211864541 -4.892506644031282
61.93466355847201 53.00593794912972
111.21127540347192 40.409902769951486
126.69036970430479 44.11521840465044
108.50859045061088 16.610152500279064
98.83332667699649 28.125412076596582
109.74639749086896 28.078703699244947
110.98073647867963 148.3837915139124
114.59112612968372 -1.7688096592561022
141.60138302660093 45.99866777464593
94.39765282404964 11.923095882451989
87.01290266420665 116.64889366868047
84.38465100466836 19.007743247151993
123.71905620997818 57.08003324700023
77.29138045164801 119.52609194631226
74.06256476784425 19.598347753833927
137.97130013509818 18.618584723762396
56.54980454827261 28.81992508180492
125.78501496059634 20.146459212664293
104.51605597858688 33.409795544394505
102.58900179200813 12.250475359056697
99.16584943072841 7.88390389244104
116.4040362503995 104.51359533155893
119.914802282426 19.13875698784048
3.8539531947977292 41.5748743158135
138.93968212559787 113.67139134818053
126.70393869375849 196.28452648609385
90.79795492355879 45.35943233763158
112.23010695712298 109.01057715199322
92.89407934967308 163.43427383896687
98.63175842530376 38.593528351803776
97.14823228388978 29.553983816564518
111.21816144386686 176.1657460343076
135.03345535690465 103.46440668644847
86.62574184294462 53.49623453131915
102.32201375084618 39.94315818156619
76.95891158268475 84.70583474871275
95.30262671506954 21.7738840212074
128.2014480636845 54.95186870343422
64.18707082739837 39.48006333552012
112.00826382026548 18.990605259112066
114.92045162242015 29.31344935801507
116.8019804971475 107.23157099535689
111.90776846425841 101.00171302040638
92.2382197046817 26.118875172102598
126.63814658819565 25.709264834233153
124.3766085376764 22.514700178746946
110.2903114632857 11.672250753554497
134.19309551274708 65.99959105297613
74.68240394006742 117.39740780365474
102.56518265312351 146.6256064183885
74.73129248163806 66.7155335121967
85.24331246181191 -6.093238854758878
109.13560025045834 61.83996261731733
104.88018289153621 130.40294634106962
98.01703973647707 59.00535840170618
123.3107094656425 41.116766362638906
138.34006278046996 32.41638456720103
116.8119251445532 41.598584175247375
79.25367595122817 84.24319540543941
114.78180001583492 41.52410046411666
94.89890441607663 19.22428868568223
107.09446439836132 38.893247539035855
122.8057936568931 19.16407726887694
121.43067195204564 166.46671705970238
85.10800250833962 23.45124346493789
119.2207318288235 7.2788642552394345
110.86593513125896 100.8632377922946
103.33623823533415 102.95409317492792
115.54830088675686 163.87632620594323
83.2077516594295 60.9863706541619
105.01682358091226 29.295437605131635
115.61151268529385 48.896632253107185
95.88985510613973 38.61522590853803
75.88895218287799 14.739397118063199
75.51062753120274 19.665038356932385
119.71342358375468 28.244409042577747
114.01912132586575 139.35967141663602
103.19883930148184 17.925237829323066
89.91432011874734 16.452285582048326
33.26598926579348 56.33612949002749
142.45741586957848 145.4695565394109
105.49545059099393 19.37666347328663
110.37321892924649 33.70212990911012
94.6639256324533 13.790923751249164
93.90226665731623 34.36771173232388
132.2944565928536 14.755491416432207
96.86803658581559 80.28566554761636
84.28492947275322 29.486740212967657
103.7402542705188 20.88570654766873
128.66708943542048 64.41199007374874
116.35528318690677 19.151827491799978
46.780632300139196 42.814504373660455
96.34722194301095 103.64222699625702
111.21805468793124 41.71159247188187
91.70671224456692 36.39996180843315
66.93145135632764 81.83046880974943
109.78958247593964 2.0246560695863907
109.4038468203253 53.049155531309395
105.95866591446244 18.17099315850853
69.6390357578752 60.9421162094885
134.14213416449377 21.04709574329142
119.88796180981721 23.01528114605008
94.24764796976825 91.9758597838785
104.70683644128303 15.59845972392692
117.44990093648859 105.74946188789502
100.60510700860662 114.18317813584605
51.92781221344748 149.841636812387
80.4762431994284 23.721314719392
104.04683240792028 121.90156656627488
118.71130594855241 -36.68228673740483
98.38178293444946 20.892914117291905
116.19897358552227 69.45810576876659
96.82760339811664 164.8063426902062
118.24648261111143 145.63813428566021
104.1708954237242 21.657330391262267
110.48508511622555 44.82220756309593
122.08157822403705 81.41617001375904
89.30692059050133 73.24493301179645
146.02377626710148 112.94811781837605
104.18819474648838 16.398037707887628
125.22538183500721 142.03236683863
110.9246088963687 133.40835112623853
58.76400082223091 92.60368277119355
92.3298580806454 33.08700534886029
62.63628497498882 40.07717287598776
86.16537204179491 87.91635073970177
100.64545225950917 20.25400534783797
118.22470444636055 71.8552901865472
96.00189422401478 65.591805833928
124.30066726402895 27.60967895818938
145.8415623611893 32.56674097258631
91.21396819753568 27.933818423179506
162.24284945665136 122.20218053658913
73.56844009738987 117.71290733196443
92.58370926651776 66.47296551925037
145.53727595962954 107.22439390185177
107.8191484276921 159.282473951088
111.41603202912326 184.02835165086145
98.5345196308518 36.29686693206662
104.03158402130211 34.34885598642813
153.27559961189934 49.47259028795583
82.76731952143543 41.207675889055096
133.5269570886227 235.5269650809996
89.20665249612944 74.00606603558667
115.08468801493039 121.70275015679064
105.90865937946161 124.9988454893669
109.63999819558397 30.998993980211146
129.34495597641398 41.154152091327326
113.26290134603487 21.33065073386782
113.32110587382248 30.100816524846152
62.01048307790334 112.33732077655814
88.07012013103277 19.340417637676737
118.81081497801719 38.98877301614582
114.92589895346958 25.442468128325668
119.44826992568662 35.6599799713138
105.90528694088998 122.04889723679605
121.19546204772234 37.167862846272435
116.58999871661904 19.983907699315324
104.88423797879133 106.63424402697737
67.85662362019477 174.0479127886674
120.05194619434585 69.77778627368633
89.30360920112487 86.42949142989836
72.8784889208812 5.527365827055413
72.99546365425763 14.823054149820496
111.41839470717979 32.78913654026646
108.95370092225367 2.3350433814884073
148.08573078958162 70.90739315275083
109.5081540288399 23.154603606017275
95.39727562949642 48.88412878309881
131.15153953449993 136.65643743946822
125.31446308959973 33.92221879258434
90.83918188358426 168.70870770065807
93.70370193635708 35.74640678701735
127.59337236955238 45.11545173433533
119.22878057023836 30.21337989537796
107.07568427504513 13.390818963299738
145.7538853977122 43.65070382326613
111.92595058195738 20.275492816581885
116.87633831180031 86.33338245008144
104.70707959384399 47.93312411954809
53.666799141136956 137.409189321293
106.56120216228744 33.592516873223154
114.05681122647489 17.709853017931312
123.06143864996214 11.670309601742147
78.7822804937764 166.3108177936918
124.3432266923932 33.62693965988811
45.52770978856941 -6.931718507954507
127.4401231854736 211.25593428234623
94.39904848988589 16.897792374179726
137.55043131541902 34.064407974294646
109.76063668931421 7.672004323980598
112.85005158547587 46.40231127561133
139.6662681299714 108.98831558409626
121.6554563646649 85.69119760457623
109.5758520412889 29.504695964809443
141.93562189828737 71.11227813754581
123.66739494750976 52.93340012501194
104.20669192865321 -2.9678126046980333
111.88191891581764 16.03060134822614
127.21646283407972 18.54595473666729
96.81664578238016 174.56265455589778
89.90001371130683 82.05759578926421
114.47515385663493 34.347401247160434
103.45986399344129 9.314163317966074
120.40195906120498 113.29599426618293
125.60903538715355 61.20526728217006
95.15559189393429 67.47853543136522
119.79798813613066 50.04729284695254
99.98068722362319 18.554920549437526
134.99989005994385 23.475813704097394
108.26478092943071 166.6788455988747
115.98248790969548 67.30675153310906
112.71531453484621 63.50525791152474
100.87171389486085 26.773835039664267
133.78097955863402 36.01140207901931
97.80771805204971 27.476695579715738
79.57032888226237 68.19899682245436
128.55206945169564 -2.795534750210047
105.23421569851152 193.45414982945
107.23229578095433 17.42019245365112
95.8097752341391 42.16924827142087
104.00358579925677 18.54650890804936
79.13299013868496 50.475332133993696
110.54609995096318 71.8516003622766
104.86463967557754 104.65971925467804
136.46529668485022 111.89228552524051
49.4371743972315 20.721672272486646
112.34414637912718 22.543597624965763
87.25925237788161 79.53721909499018
98.23680329340272 20.53829736517565
112.19014720657051 61.95843047735072
97.6279172839864 17.272635428109524
110.71181808345226 49.25871850538633
103.23968122497006 62.89269907034095
97.56893256334362 13.752010372263712
110.92701804531544 113.046960132836
118.73420019344633 191.28497356786588
124.16596906847013 50.05617284742645
129.84483956397295 160.15692688649565
60.018160500346845 67.93807688313215
96.6361411827715 16.50966820871493
109.3191206830389 34.093561299243554
128.56882177777527 8.777899093069745
97.86056897649323 17.564801038135244
106.37536611487492 58.166644212023165
91.55241021684212 82.82275065002824
141.08200148880977 75.76355123231808
160.8999047256561 127.09057962961798
108.40032869379804 33.61443048511436
88.28063446805868 32.07224502684177
111.36020872391147 27.84437788530844
120.62933396591441 49.03820311239105
125.09998335307071 14.202411198809873
56.63154745860599 23.820806403593444
153.92808356098763 145.074915874613
127.438045230977 53.630055298927815
98.23181133694492 107.83704851719392
95.64104333794018 4.252617127256284
118.49757742119353 20.54161232764738
107.01897171105286 19.007950388063197
105.53384809548469 121.24140120874402
126.49352136194821 26.747469140547302
62.31921968285336 22.03384248986329
79.74997663115687 22.717883901870334
108.97621942959013 144.27332788280182
116.13358009167983 158.36840715182512
71.57588349244745 30.20568513960637
109.64697167518715 2.687696416991959
100.6711644550109 11.99404038706736
129.81896619156478 77.11057364760268
129.4811273893536 53.24341356332045
115.93631535433204 153.62714345182658
111.17007286043014 19.092863411691475
127.94697193988524 14.877344072080863
114.64140210311594 66.93792851388844
90.94470197492723 60.06789165028114
82.67215572698574 52.10115056296736
73.77173518681832 22.63298385750213
129.79212051973056 24.85804134929871
100.69075589499266 42.908682608911214
118.78498493830007 24.522355889263185
132.23915415012638 18.96243615442436
99.4533160015924 23.81291192096054
105.93014538242514 55.987074171588425
109.41098120334031 111.6555777816202
103.49056166662659 42.75507625820919
67.65543044476468 159.47937337863047
79.11654416300476 119.02081098594546
110.25857023898232 21.9610316562431
77.30724325610639 12.509319028368866
108.30112107674815 14.806469163712666
121.07394533003396 -3.90041335207194
