101.63873561307781 169.25560306039623
89.22186511237084 157.09512459461786
106.99300672768256 148.29358430739418
79.50663082191593 111.79005274778709
124.39844097773096 133.44994283512548
127.12558209020408 138.01939051592646
103.98488674996517 50.64505459300514
101.552884029918 27.25978149545037
97.19039970763241 14.499294045253254
124.40062463299921 66.54235586225168
108.48803977475797 23.585453888053237
102.04358898965785 16.008250710924745
110.83576583928549 1.1172750880577669
139.3688085441121 130.0803213554553
154.38967299031273 -29.103819466396732
134.26880095796395 6.3183863450663935
123.1814255155888 37.90964494704591
111.95485156911397 20.91628978266445
115.27634602177459 56.25409332047093
102.49473939795381 57.85281243414759
124.76217615365496 -7.694721566332479
130.87718059577037 57.37381427369245
130.2359288997108 68.72352352822868
104.7649694277277 -38.28915159935595
101.75581850839906 85.50472951181514
112.60635429698041 -24.329099531842076
113.38500505822205 25.462708742706187
109.66279369385886 0.32972395824674106
60.9430259144902 57.05586958189832
111.2895363787604 38.34436268607258
126.11008974460492 48.83837774002397
108.88183531235535 18.38346739359237
95.00656754558531 40.92149821096132
106.26181363905329 33.45823063318799
118.12325212458128 138.59536077932387
114.75133771896628 -4.9605951427850155
140.04411728881138 52.47941687298807
92.07439970374249 14.028866329119474
87.09601174051136 116.63542832589485
87.31065323755703 20.52579142234805
118.33721615778978 68.80374068809297
76.06995839720481 116.56327007133645
71.1353104956958 19.160862692485484
139.52176786729197 18.599752190326747
58.53177662403267 30.963451746690964
124.36429701988871 25.253160220878087
103.22285626686444 36.587340739286795
102.0913394084609 8.190954834024371
99.66023645090134 12.167135907843118
111.47885855837708 109.48161674367039
128.1014827663771 21.336556676229954
4.495250218936076 53.32655037436544
140.9397663604424 109.42768682294968
128.50817334185746 200.72820820187658
92.29667355618369 54.44838369438095
112.15752336138105 119.78724247258586
94.30520910735625 169.42510823787572
97.12201600439948 37.62432649084894
99.47863893525573 29.400868258087176
109.1069069063342 181.83720531722653
134.82884877652748 100.21090591771511
82.33228028895203 55.648632991555
103.85900311463286 39.641498452297725
78.74982713698854 83.62068742512605
95.40739832750873 22.941194201090607
128.68314525998125 54.10109257191729
60.1236529721463 43.40820191700035
113.40993654959914 20.07893607394098
113.76244020701984 30.187376469741626
119.81915979444452 107.44043419216929
113.56678457143137 118.53281232658547
91.40729302123972 26.060708498789886
126.38603913564285 27.647321359159935
121.62393634725957 34.90128581330325
110.0889509961519 21.293390681562506
136.00928679135657 72.29118839277474
75.85602989641696 123.43834614371076
100.14778175217958 141.7982937609845
76.03168650116743 68.77881635035762
88.83165637900966 -3.227181155056571
110.08908115595163 64.28371773000282
104.06501041839233 127.61489973138998
99.52659308070417 67.84675252066219
126.88454783049562 31.613061333194793
139.60101342369285 35.5939712163702
117.71195335403313 44.24472632618066
80.50809196778249 87.45048018721813
114.91885040936849 40.7625378014142
95.37788377395789 19.226985316775554
106.5508758588545 40.8933646403478
126.45176891820338 21.262405314778032
121.10891802954791 164.43147385827882
85.52765400564623 22.741919319906792
118.38694202974764 16.520468031974538
106.9151701141221 98.7443564167786
100.34160437791701 103.60707124187863
115.23560481445115 156.6098076172167
87.27182324260846 66.68243408794513
107.37740129354225 27.85527313896736
114.0155874174248 55.41265201213906
96.40707370642829 34.57232502970487
68.74153580474703 27.38143929235578
70.38916657698609 19.814624830213226
115.84566447010458 25.30192125727742
113.62083060298478 132.7739942790701
106.49827794016704 20.06856563541008
100.34170063448671 17.38907599332466
21.539544138528036 61.17394042842723
138.36196380346388 151.8137201808922
108.02071469897632 19.272688864068698
110.52240534766783 35.69216017004963
97.88124909586028 14.843893776793125
93.20681104939614 36.25047580640634
131.26084089841697 14.900516010675682
94.23860723344917 82.01712929934176
90.7895269393971 18.610847361488208
104.49598028627874 21.034827311972244
126.93054635898245 65.76253978449002
116.48673408468568 22.382232230660602
48.566594093118894 45.06936187184975
95.86347142015964 108.21892343732813
110.36296219012826 51.13376397401759
91.51924099978149 33.22216122203256
72.44759753245592 85.23869512597642
113.99729512094477 2.384140930437134
113.59054475571156 58.67240041362464
109.92984792760657 18.147828149922635
65.9143780997362 61.460749559450505
138.63477608285748 22.898074865437927
121.22456452399554 22.844383309658507
95.24796066042175 93.25508782693673
106.24212925465248 16.946692202896006
119.32983358144126 114.67553441470065
102.72782654486568 121.54054917838718
52.46935312473408 162.53559425505406
84.64646365459303 22.992853607132062
107.65326864603321 113.72791545346394
117.79228727718694 -30.799356015752945
97.95849147576446 21.373409787641474
115.13972327190439 62.45239880083159
98.32437170643477 165.21284364182978
120.03306316532948 155.01372403651973
102.92858594325965 21.74358908712294
110.48490509208482 45.05747065104016
121.8345637667566 86.47781179741702
89.61147251510175 64.11987290299622
144.41373825936302 109.89618014557306
106.43683130544781 17.283957482638403
123.41018316022583 142.5347673207453
111.76441944532534 126.28468065069482
54.07053233501555 84.29649799924918
89.27528872791277 42.60140394486487
63.62341241304754 42.02352750379485
86.85837748617391 92.72952852952182
97.56477159837858 20.866773524869508
117.53019199460509 64.68825038356712
99.02850969348017 66.2417147171925
123.68342373251906 27.149842982980818
150.02472048331515 33.27017632648779
92.95215625637185 27.478025027326613
160.48841415349906 123.15966659528111
69.69287470120334 119.4042861317761
96.17916391555319 80.65878198087384
146.7604419755109 117.29138134680663
112.55762132608753 160.71066113580073
113.15342583500492 196.6942203839058
100.25566168603123 35.78593559100477
105.03494994698994 32.01882560589267
152.1400051477223 53.332922056605994
83.21348798251779 45.36063788201532
137.98666732307075 235.98552560691135
88.1644167375403 79.48017650735362
114.70956060819064 122.1939423108436
107.1728736373394 132.7519289822088
109.58236165527344 33.07705580800462
126.9533928738787 47.92116173307002
115.03000615794788 22.21595844195594
114.74356570783632 31.049892566769543
55.5928069981396 102.00931593458613
91.17428955114455 19.274872558376998
116.89837202853109 33.55531366841825
115.97718560801552 25.778974915194244
117.7373608840222 34.45070383998509
106.6083456659018 110.33604783496027
123.00434246308829 36.544521687758845
115.9953920922498 22.91660186670306
108.71767265819355 110.95421176962962
66.54217769599246 166.53077988025768
120.35812770754617 68.74185982403657
89.27391204361794 89.91136888673468
73.8593129227604 6.958599679832432
76.2761150571065 18.439857662540337
111.30949234269949 32.42082829322317
109.1445142751135 4.177377287126598
144.61127659133376 79.92347131665947
110.74183300741615 14.714071702397753
99.93059058528057 47.089953198968615
130.52219640026573 124.39426894536446
124.41294494627208 33.90331922771579
96.1823980108938 162.61478024279552
95.2650839116765 33.96155458341831
128.8092703514612 45.82078559924793
117.349987773621 31.801179388676378
109.33521238217098 14.97913823834155
140.7193067954562 45.480651074216595
112.13441426251035 22.21982181916184
121.62962148115056 73.476427958834
106.21339468770005 50.262876667203436
61.274011733153074 145.07701371194875
106.24311767954288 38.175721702527326
114.74292125405748 19.57232076291837
122.38547021265832 11.3905873310924
75.11924833348034 164.79300481738676
125.17747396363187 34.971283168586645
43.371176436210135 -6.854908200096462
127.12287134869234 219.97497555541446
98.4282256016722 18.794142179413225
140.36934665337503 42.44332016468635
109.60011806605429 9.95528938765386
112.89719176877256 46.28567503795944
141.6542981559588 110.27942403357564
121.432708226154 85.66096644228641
109.4834981310677 31.61931757043899
134.03456695749128 79.17297922305103
123.83637379805441 52.871635962492924
104.54319129348266 -1.7102490058192625
111.57915277963079 18.55070181068403
127.00762682556042 18.211656621351704
101.4298226569092 185.28486921762226
90.04069563582195 73.59503774310934
116.77542883821134 36.74929365247577
97.22122925289577 16.58454230508896
118.2191686507488 108.69304037738748
124.72682084258338 62.19107174133045
90.28345741417607 66.09036223876289
119.19687752822361 48.85326860197109
104.21242185901018 18.66646490899443
134.2054888650012 24.33690005390234
101.18007442890374 162.01480165569154
114.86203548269684 67.75878798503082
112.12449489028373 61.65304936300032
102.9441592104336 24.479670521106936
135.63694967332117 42.11417572556435
95.95063516199241 29.35402743277629
74.94267694320638 66.36615206760618
125.84388516125138 6.148271592713541
106.1167863119431 198.78927166323123
112.8867893711904 19.98816446040086
95.73714362409461 42.04071464332449
111.84802749068028 19.934781591385622
83.74479966747472 47.515586074153596
110.82047873717869 79.30531871037809
108.98040663322121 102.07909640709016
139.04283093431948 120.16360906798603
46.656851845811104 20.755562449448764
112.3579867408799 24.42135894082708
90.9324279140232 81.07967251109913
106.39973095043098 20.900622834650992
112.86201572890273 68.52774912013082
99.6731371936662 18.463955817970124
111.05443412364635 58.966931408602626
106.92698548313479 47.56092374954993
106.65679106424325 16.529504657241024
109.22320866224712 109.96486946056307
117.0411116224295 196.394912795583
123.98992840519104 56.71349869377933
128.24873597033852 151.51745234478932
61.26014928933675 77.62515649722229
97.43969045580276 17.035898878138166
109.29025188714078 34.8262350666377
125.80953635323128 9.464031500475464
101.6425106597151 18.810744600213823
107.11408254321941 58.135128297954154
98.037381671192 88.03784863890249
142.75753193117765 82.250881955365
163.60718615960056 124.24749217932263
107.0266061382755 33.12000661969406
86.06581079346614 31.560268088096215
111.67211033706343 28.865690462719282
119.63956233302532 45.979386054234745
127.64277280122042 16.565292468087222
61.343355500475994 26.535814013386577
156.14383117737236 152.5986676021157
124.5237262012474 55.37146795302425
98.23294768499888 113.63030019908979
98.35292489150592 6.027914891757853
118.09507020257993 20.51543265248428
102.75774833987543 18.913041645080185
102.92586256077038 136.99527290790775
123.62579621517649 23.794084943280765
62.820246769887504 21.240110092107678
81.44023124622943 21.61745044198493
111.23645932459165 143.0663590936318
114.1550094562726 162.94400496623302
69.33403126719251 27.638737932340508
109.69057892802948 3.0808289779517417
104.65531742920771 15.576538584571502
131.13300700706324 78.99911810932353
130.93608129523506 57.022989909455184
120.59016492445315 148.94544294964714
109.66736268012289 19.481270283081674
128.06095384190456 14.68464209555875
114.78601803780907 71.82509495490933
90.37201086706385 52.87784647859006
88.0122300224668 46.153465733383634
71.33242812666477 24.210970683772132
128.6800382208322 25.48184187558935
103.00604468015267 39.046716645573454
112.48023726414222 25.704371909805957
126.80666875071122 19.272374888455413
99.01712349942014 25.228522823590396
106.50767770406496 50.65105202371069
109.30627601985256 109.25297152744875
103.03475009869167 49.56603702517787
59.616406043033855 153.8719846653109
77.05240695713766 120.34354338369417
110.07100311896275 17.484334431716945
81.21387999579517 14.237446250035594
105.224976520381 17.428108753218133
120.77179933257949 -2.690008995720028
