103.44244443553798 173.58675853300258
87.69747687228111 164.15851732495966
109.34822996204184 140.45250604562625
86.19526555878541 106.71508623469542
126.89574289562783 136.71554436430745
125.33113665450902 128.84456155083993
104.19055862472294 52.489427923960655
101.07964265553731 38.35229418151462
103.43628851866266 17.670554080433018
122.90138409650316 55.699165681900816
109.4404724130918 25.57976469817461
106.36422767690183 17.221634228009126
110.33535688162729 5.795455035530971
136.38739717083104 123.79542748348214
153.03341087594188 -27.727900396027785
133.45957488569502 5.192118681610192
122.48823140138836 41.36663103657471
113.34421062457204 29.651299170289874
116.11984230113626 45.71696562746374
104.11582714878543 64.50976386684768
125.07309758753989 -6.8079240894071384
131.64540883334266 56.40224783265308
128.60774246200148 68.7432695687549
104.99656212090264 -33.243208191730794
101.06456524664176 102.74190912111035
112.42451008163172 -18.64632967032427
112.71028235104212 24.910414085897866
109.71066472044055 6.43175590363437
60.7933278163454 61.903858217005435
111.28706196122522 35.68848462284186
124.8657983590482 54.000972499090096
109.30711866238532 20.203042872504273
91.45200876725963 56.3357490298868
102.95647022918894 38.20158127588148
124.98390794027715 125.3432133172682
114.63429825272856 -7.315056651698581
137.46553894415618 59.625453755091804
90.69020224611991 16.358264049902154
87.429794956012 115.3148677132076
91.29857353539346 21.96862457185957
112.63117551768596 81.52312876293483
76.63149616284852 112.29449354393508
67.94243917439067 18.714559062148194
139.93761710864868 18.60471910291564
60.95918694244136 32.45760125895328
122.24772951737005 32.46712435252632
102.22562710405103 39.36659504540079
101.96661360307375 4.565306396525443
100.46622763890771 16.837623847845208
106.50516247112496 113.08349685057533
135.52051289138188 23.483504531275628
6.318648276567357 65.38960084354459
141.79021458600127 103.25086794194719
129.35214022595437 202.2189856887136
94.73496762540076 64.36635018240786
111.95055533938921 128.11209810976166
96.2298366281416 172.7910586532193
95.98799528675156 35.823700009745444
102.24362732420174 28.833531257915624
107.01480203293062 184.8312132698215
133.60430511357706 95.21883505462728
78.92996620383539 58.46209932315594
105.59738703858415 38.76020841729644
81.48340761052113 82.46835441160017
96.02805237619302 23.942016925537544
128.21764241347088 52.06130454586483
57.71526358146414 46.14475311657046
114.63084188669048 21.13976908910582
112.47320529887456 30.473004748732222
122.56931724376479 105.91900561747401
115.12153702860097 133.86009988819967
91.223658904378 25.781807912306967
125.46372234745066 29.281380732203644
118.35134453462182 49.41346347124136
109.87147718458752 30.849644781857236
136.73117173749105 77.72716688716046
77.66199872982561 126.39287453017153
97.87730831446987 134.73190030007382
79.1727804619067 70.99683783594264
93.03715185961714 0.7548516027343937
111.04039348908259 67.03855902447452
103.4722480379321 121.62628923623863
101.32014404774027 76.17588699559761
129.83883589619208 22.873554348011922
139.0548448982154 38.10017542227589
118.20273197465859 46.061517372096326
82.56962227498957 89.11770307778839
114.83143194943679 38.80575777424271
96.43821993628035 19.226282685594416
106.08661918655511 42.14148850202401
129.67322108396993 23.249054352301965
120.13201832411987 156.27377614048416
85.45785277674692 21.83539302854153
117.14740825353644 27.841105272627665
103.10185132068003 96.47465707204805
97.87284555705497 103.39559623561018
114.70874176076866 145.7954954799025
92.36741771234674 72.40755224017101
109.81219732247412 25.948250334063875
112.25640411947208 61.80888825367116
97.58849659217512 30.020676021998078
61.07675370588875 39.699143186208325
66.73502955213917 19.937357494035826
111.81914989188367 21.9984672545079
113.03218105220176 124.3600548623773
109.95688325450288 22.194725489391793
111.36475423932448 18.37769879386341
12.712418492100575 67.99274839413177
133.28104347605432 155.1880569439106
110.60288225530539 19.16588278119494
110.63108154351926 36.861732772959144
101.44755774104914 16.106488057245016
93.15171567824042 37.34730708023622
129.29809180266096 15.229614021316587
92.02733872475896 84.1592961722646
98.03763830715204 8.871760478372703
105.52790739816068 21.12226024794572
124.33894458599181 66.36035497191965
116.52742525526902 25.475122013825217
51.14413784980736 46.269334110800614
95.6729904659311 110.63472888103311
109.5107271950182 59.03799670529242
91.98413842676001 31.68192571750547
79.01764474010815 87.69343677182869
118.10817328746306 3.3871446721702454
117.62970150789674 65.19606612328872
113.88336592522232 18.16111657070546
64.43264605415818 62.09075899855658
141.8295601156403 24.67561519716342
122.35722767155379 22.450665360012625
96.6415510253191 94.16451968620869
107.8899419581078 18.423057269596605
120.82148357944278 122.45868247487074
105.07162927461928 125.89374527235007
55.18123333403332 173.93907046658333
89.82264102951953 22.102410419418415
111.31972681398459 104.23569486620853
116.57217710667068 -24.185982301313754
98.21134081119179 21.77687257979042
113.81494325276152 53.659509504982914
100.20002710376454 161.65445387849076
121.30084775165518 161.62551778130094
101.99544240144914 21.719039154133224
110.4612855263428 43.673786860597694
121.01040445286569 88.5834970342957
89.28046788896275 55.35011311562426
141.4120110099311 105.42650910605867
108.82675650538309 18.26065572206466
121.0220335921164 140.9880190193886
112.54571929925744 116.414410201048
50.469126379343685 77.5760411567623
86.96520669738582 53.281888814593344
66.33919448479804 44.5069684534772
87.85815849393113 97.28849285174933
94.80623165300797 21.386854862379877
116.52942324077729 55.46672319607529
102.46171403040096 66.93988946570794
122.43798241954701 26.393485243542113
152.65307366964566 33.29254363973907
95.51613158523044 26.703664299760202
157.29204987719595 122.84509084925689
68.02579048782637 120.98057889068308
100.26722321820375 94.80222408795666
146.7015136801304 125.59010909504025
117.19736693340352 159.35867497817918
114.77011751458878 207.85314404831212
102.45176031610805 34.12709831255923
106.23537447862299 29.110926283126783
149.06244847535277 56.23920581658091
84.25609761745051 50.38055477635974
140.8195132575364 232.30826986227254
88.206380458905 84.65224920978464
114.1342946393612 120.36519383889693
108.55498034634417 138.48571627739352
109.53255206945668 34.49358552720852
123.77922791930416 55.89897267035288
116.61518876624085 22.99768934710594
115.97654576670806 31.389691082352662
49.27830208051781 92.12159401298759
94.65067056374545 19.218454348675426
114.7181859646728 27.449280428216046
116.84009616038169 25.980519762403343
115.75355054102708 32.76834813697313
107.41857330384543 97.28900426432693
124.41841652046135 35.16845703495456
115.12292255988028 25.740170301581173
112.60742931233558 114.0430828968314
66.73393316210067 157.40713950797945
120.2018692873959 67.54756243647095
90.15020317489711 93.458016234283
75.9238646910399 8.808079057849838
81.24993030741682 22.061723910530727
111.12512949892418 31.31936723317039
109.3511493880117 6.835919263193029
139.54721770575586 89.09780078271928
111.95109879456784 6.512218692992343
104.81463039402665 44.02971922813079
129.10935822166167 110.9055848780931
122.98931962937034 33.43257583975719
102.12269373245897 153.61906216264484
97.35691431290488 31.727100280792467
129.39917642637099 45.779637297109446
115.1816929857275 32.84152093080812
111.60817276423863 16.78227405915524
134.59809888173686 48.56397712224161
112.24953306243201 24.04086416424417
125.92387993553498 61.26709507612417
107.83820990500654 51.42558319664495
71.5854159756081 151.70076656953324
106.10477647853794 42.003595501948205
115.15268082409698 21.42470392689778
121.36405753320126 11.403362480528571
72.662812062042 160.9899030298005
125.69815591593836 35.527537565990734
41.52546012571576 -5.795868509217871
126.14477359135955 226.14522914856576
103.04691813026716 20.72451780286941
142.69353644996988 52.91403504936525
109.44435164703698 12.704521207574249
112.8223207093307 45.62413018726049
141.62117916282432 110.08053621623222
120.83328965543869 86.1176171097376
109.41336007830802 33.15740698795112
125.0001980468299 86.92868313805184
123.52724677313202 50.92934114063329
105.10122292343962 0.2673217201300947
111.18345912189842 21.092343322126165
125.95898740034337 17.909426822071488
103.92932515176189 192.75781571751378
91.39532005120795 65.47516665981986
118.73830991376867 38.313293961721406
91.51169977819298 23.867760886616036
115.58510422242568 102.26249213828832
123.35284341002598 63.441028858414924
85.64244618347817 64.33114467157354
118.14437224881416 45.70568317715138
108.61829581572347 18.813530606051042
132.33675930865655 24.98981694744419
94.4192995186174 153.74173896919055
113.46739953475071 67.06086120207367
111.40247617273211 58.33012102229932
105.31898640080881 21.99876340529889
136.95753971020306 49.41498535275804
94.76227311464281 30.766411199244516
71.6261381696271 64.3651614153353
122.41777859425609 15.900446994900395
107.17060073736664 200.66087330318848
118.48619140142864 22.52207019754376
96.40337209512246 41.14854734951899
119.60571544943356 21.28167946952032
89.27232328838295 45.03040405781349
111.07154567652671 84.1906536496417
113.13758699260691 98.8183069278142
140.2789001414278 125.44060939982353
43.782870479479634 20.711418620352184
112.29099658332 26.054171932786687
95.60505675246688 81.7174222788806
114.65725986892856 21.15893239393929
113.40886521734419 75.30813132766895
102.12883489417518 19.68053041792388
111.33125441132391 67.54934686105156
110.7504593527542 33.688137183509895
115.38388068853749 19.383855296742652
107.54629521704659 104.94596993928936
115.07920576240262 198.40852026458404
123.2707319246537 63.144089590238224
125.88777200856353 140.97848356550813
62.7841267780874 87.13206321375789
98.57128179839368 17.697064595861423
109.29091714754925 34.74049334763737
122.51672659193068 10.519711480099042
105.95464547549582 20.092755444801877
107.96096505185264 56.67742194401135
105.01877363394489 93.02918669657501
143.7484770862586 87.97844676683007
165.02647489696923 119.59142977089981
105.81964823060315 32.344342016845026
84.94110654594425 30.499302823860234
111.89489160693432 29.53645809075209
118.24843136223892 41.82386909228714
129.72889957097377 19.100613053136286
68.05042397671798 28.887224828700028
156.24253409299394 157.6155687194134
121.0244118166967 59.06167074990908
98.80588817536912 118.96279246071727
101.51003463455218 8.38365711571804
117.35493119866588 20.433131899681072
98.74119491059878 18.82670214379
100.56180066535632 148.41530480339574
118.87462229366841 21.200179883070852
65.4870406816683 20.34918479504754
84.23571210613113 20.400354573954694
113.395054341991 138.08030038376825
112.00082520749166 163.5012176894334
66.12536365539326 24.678112431697357
109.7359485280989 4.1300614448321085
108.8336233495826 19.295370689757995
131.46594961440005 79.7472517558948
131.40627117657007 59.4956704082596
124.9567756451314 141.63888964788632
108.16335886730926 19.857265716403152
127.65279557672606 14.660625293993457
114.79499949935168 76.03551900178539
90.62210782972025 46.189762155021825
94.44880501342858 38.625869890594394
68.93776773406817 25.427848927664577
126.95336773397581 25.921245884798232
105.4690914010503 34.73022083527604
106.10128079151967 26.62208165694952
120.51689935522006 19.582833012059066
98.80181838567466 26.401828746724092
107.16380288182266 43.663820656295464
109.21555853123598 106.09890204663719
102.84004660683367 57.206939874048956
52.137931136553796 147.33956838530287
76.02992393723693 119.91540943128621
109.87866979686484 13.103211744979362
86.07174859281558 16.187232220082876
102.33071142032529 20.13564333584454
120.07326239330601 -0.5263731699575482
