108.61207664138892 168.76034276496765
88.20879078868488 166.7518382023277
115.15533961902192 108.1957753960493
96.48434975202312 79.30613778434365
130.09758150976572 124.75076885189526
118.44445552928309 97.16629062919374
105.65093065895287 50.91353353004907
101.50608351866207 72.07103174776778
119.5034380482774 25.5313744471145
117.64082809024858 31.89403361679878
111.86569810530244 29.00671567554857
117.246898832757 20.479049627779364
109.00668689580878 19.50501934861074
123.65182235119457 100.4774689064699
144.01036960286586 -17.400420891502012
127.85712307994896 4.62251000067208
118.91764449704287 45.647375434916206
116.06315025562213 57.92129460397187
117.07049384711515 23.95234475268669
108.8567699064415 84.4539838524299
122.6710241011967 1.052761978946817
130.53716179026614 47.05506526426414
120.50328985241472 59.195778566776404
106.57733642258829 -11.372145987768015
100.67519619512963 136.40398819183397
111.61064049520301 3.725392850666168
110.6498021951716 22.359567465177115
109.83414359171991 23.15113283184417
61.62469707590808 75.86892552227063
110.95848281128627 25.91981946067465
119.62252814610025 69.57429852392558
110.38624086381273 24.444769359287985
85.29008461099484 95.27685170487264
96.36159240093117 46.38889820733475
139.5362356263869 88.03468548937248
113.4855449195464 -10.355032050672401
125.92141527883756 79.13775008681334
90.05556549234988 22.55034040081382
90.61990800547676 105.56697611871942
105.05428448306539 24.935123972334438
97.95715461640945 110.31573355417211
85.33933753807642 93.48124304678964
60.34172844956496 17.67403366117984
135.29844516358358 18.71476919285808
70.18138160041777 33.79609676389035
115.08852226441017 59.02457894419088
101.22934071460051 43.910684388929106
102.52639584832914 -2.7153817767467565
103.6895448013786 28.56725767735463
95.16439997365967 111.41428655570454
149.51293663224988 28.09864428323384
14.36636026055795 97.99376504342652
138.8865007883431 83.62405692446164
127.8295617804013 190.99152782702126
103.18187315410623 90.09339832420409
111.07390540663324 138.85832643799597
102.99362540710197 163.49291550797344
95.9393222267134 28.958127256563607
109.80965936918898 25.736063355151614
102.36986696364006 179.62053322134258
126.62045494620311 80.10416233410504
77.23074423215053 65.18995302929058
110.57752616529153 33.37845370466909
92.91429614634754 79.52435051032943
100.43117888584005 25.822671235621716
123.23891391629843 41.2595491542261
60.530764000077625 47.482482169159255
116.66645861250085 23.260335650237696
108.86811600288696 29.131244515557093
127.78145940997099 98.06032245307235
118.00501012250197 159.8404841544961
93.03737676695854 23.878759998734942
120.48996226821698 31.623836681255074
108.997322268581 87.73622168429063
109.32738407111347 51.9756792635717
134.07394551057513 89.18443237457765
86.89660514876535 128.68613519311359
94.10894871455471 103.23321947384056
91.86986205129944 76.07391955688145
106.6531209299474 13.649418924998905
113.1628255371242 75.45160503279922
103.11487566570399 95.36441503329128
106.80794081995774 95.7238477839014
133.03940008646217 3.9335474576434106
132.82651730239633 41.41839167569913
117.64099044842169 46.23594039476272
92.6869549390884 92.04697260847988
113.71463459528806 29.193610671483743
100.82458850973093 19.2166971666758
105.55295197989416 40.88797029897241
133.83660010168768 27.58533062889199
115.79921077567901 121.82652513655913
79.7216292838067 19.211845605607284
112.58522582957876 61.60683220261651
95.26981087780936 85.35817245791337
94.35956760963018 97.04433663503424
112.40295727722602 106.50642640002027
107.68737950473272 85.49574352212176
115.67930208780726 20.17121129106009
107.32996680628959 77.92567072805157
102.98587103882949 17.60848082377855
41.72658271068811 67.40335222473988
67.36501909043972 20.10951742610961
101.9043246156065 13.581536702754514
110.92821071850021 93.97747344311502
118.37396238922432 26.952951741689873
137.8272368699538 20.842356106700265
-1.4027767419613868 90.44683445465284
117.63250377944269 147.21918008478693
116.67812878200246 18.91378441764154
110.76434028785809 37.025358022825735
111.67765111736391 19.743205137673474
95.83666225769792 37.24247904908278
120.97748537524042 16.802859384397944
89.7416202980116 88.69941079399486
117.68805602608454 -2.2910979668807947
108.82558288988646 21.01571968494696
115.14632773613582 68.36394353245552
115.26309461203603 31.575459011086114
60.162399404797796 45.123114683388515
97.74054705317083 110.2421810313084
107.65227650365689 70.19194850720628
95.75330283569684 35.55317012302169
100.86174442775733 90.85705922808243
127.35899843769931 7.794353580713979
126.25393358830429 83.68405572071833
122.73434659262672 18.375491069445346
67.97322252020251 65.46086925847062
143.37379097163537 28.37154386283658
122.74523733172138 21.01456400749831
102.8543959819073 93.91296448648751
112.24592001688208 22.15442294195386
122.35171925136918 129.6722935063424
111.41566669256595 126.89786101591142
73.03467284915592 195.6607556360895
105.49543142857146 19.438576524146285
120.02729641688435 74.43644079636668
112.67783278649053 -1.2330257860358174
101.03259132772958 22.106116691552838
109.92784984522211 25.516543884207955
106.3676143002356 133.92004310703882
122.79304920517257 159.45787525165187
101.0746373040538 21.170929509232874
110.31503919754705 36.57247717942923
117.45699829037271 83.21608929741055
85.04844719410943 36.193169539199744
128.072231365535 89.47637727537361
114.82247783600008 20.810900451748317
113.60444621514026 131.6942246735353
113.92080954332704 86.78580175613277
43.040926311958074 68.17043637403215
85.04698521325987 78.89247772433377
79.2513930816724 53.96711593275227
92.11764977111292 103.17716261497453
90.08199163368934 22.216776396013632
112.96013059113466 26.226817815660805
112.05411878784894 68.53751018706105
116.93601586732447 23.45659772614916
150.81967366696318 30.35530813869286
103.47355113766498 23.440855287323206
141.23311063420388 108.4997618233472
66.65074855677112 124.39513721022621
111.75299595468373 123.40943348846673
139.25847609261888 135.85048146689434
127.14952089889766 140.528950005381
117.41075430702735 220.89282517045396
109.3741069396966 26.81873193278441
109.71662159474768 20.407800902953174
134.96119822607622 58.200128422494295
90.74315901832549 60.6285919581077
143.6485116472595 208.96848288745338
92.0307963219153 95.59702634093311
112.06266724757555 109.30700062872296
112.13083981345224 139.401241957123
109.46574562599037 34.681104852856805
113.84958193888754 79.65830880516322
119.04659689525192 24.54364832452783
117.69853876242928 29.622415761067497
36.14145878382539 72.20188269640047
105.39009109012869 19.11398585170814
109.01392992563795 11.559284734373664
117.57720362811862 25.348654368849417
110.0292617777019 26.470361783954154
109.62379719108917 60.66062376768383
125.42685289853809 29.149714115612156
112.04935310844951 31.13336657788294
121.36604049116902 112.52583875916008
73.12556752427048 129.42141979421515
117.707726002205 66.08992655450976
96.70256712885691 96.86273465767383
83.65044166709808 14.838539171312457
96.81365095242889 30.077975166084148
110.3957935910894 26.335325540003947
109.88732918497362 15.575050984178889
124.13328001585126 109.17356276464834
114.46992127680707 -10.857483833555287
117.73736104992659 32.2678350413525
123.76637608693419 70.36552602013231
116.62910230913995 29.640047793376258
117.44200292911678 123.39677602356745
103.95518789457869 24.46471773682924
127.22783110874228 41.093333360341425
109.15380287971013 32.7486952610627
116.78036816285523 21.588216776834397
115.46289042741256 60.11726990776332
112.18621675645866 27.490150639444636
133.68057611745817 34.27509053050427
112.0709132973336 48.90012749917681
102.0864947080015 160.89725596831144
106.45118758591522 48.11778803911801
115.31424044105563 25.424206021092157
116.86039007557706 12.94651463441389
72.21586133630159 145.185640816554
124.26697997041649 32.96008399322087
39.93796025515083 1.4210329499781118
121.29661327305968 224.63289810288867
115.4258857858162 25.183345426937127
142.4319767952593 80.6796499424542
109.12196423689251 20.7975203417661
112.01630508713565 40.746819521742445
133.818735044029 104.61365103607308
117.16602532976162 88.54470618776733
109.34222074146702 34.008164459050555
100.96833189528486 102.07100142285411
120.09367028398509 41.23208925116039
107.05345319744374 9.036371900313007
109.99803105052756 27.178906610455652
120.03381892830127 17.383809845240318
104.44024261001758 198.58258907986993
98.47889448929982 49.46405747103503
122.0611345958798 38.917110299143275
80.76710468246698 40.545966898882874
108.22899422696945 78.33755811878659
117.85630159360028 66.87757226986504
78.01048837976697 61.115693557528125
114.28324668518408 32.248952845369104
119.46071159516829 19.283871840952187
124.10964750677518 25.735294159779084
79.93510780084902 116.80224891485025
109.48245439052691 58.600307509630426
109.36932472300349 45.35825195662634
112.08132782498525 15.50004285203742
136.08027557105882 71.83862138171946
94.46823893479056 32.04263966829415
72.90046943893663 61.78614048107302
112.02689002718242 39.86962036546197
110.20393316714954 193.53115307263138
130.30923634458514 28.028076474034172
100.45414331655202 36.90263709802814
136.08613993702485 24.210476993087813
106.25400383848691 43.15680313003426
111.36383623018082 85.19721045165215
122.79836939682886 85.89584506602175
138.6591974299727 133.0077244222863
41.005332332995856 20.369569582048378
111.55965566529946 28.81809971677976
110.27893728189606 83.74127919596692
133.72430438258476 21.350812681488915
114.01461213389409 89.40570663354187
109.60906469826647 22.538753808277256
111.69005613623041 79.48857430108913
119.92477236873405 6.177786666049192
135.14241139473845 26.106410768845315
103.78096350422157 85.6278032097819
109.26329048160936 189.37685067369554
119.62752724885756 80.92175067559769
117.6514954985381 101.53733157499622
68.83365832826232 107.52523267306923
102.78750497216377 19.63234935782201
109.44003774378072 32.32253402058194
112.80009389170037 14.610634048529034
116.96792181214673 23.050569840148572
110.32112255954036 48.31000448128884
122.55494371138984 99.2495731219756
140.58440172625853 98.697987250367
160.03905504292473 100.16892584984365
103.77747081739957 27.777646452610565
87.53182704936826 25.62445156222554
111.94071479935945 29.514296792415333
113.64945520131704 28.869030762837625
131.72433391766134 25.17131963157551
92.49448177095492 32.39938685059741
147.4611604956882 153.62847231918343
110.57011227533535 72.29831714589244
102.17745968438281 123.0791248951461
110.54371104872182 16.42282917316497
114.12506832799028 20.044597265956632
90.85137998287443 18.6917871119827
95.9140217219947 162.29187833247335
105.55323429000144 14.967194935592499
78.25547314057383 18.029590317136282
95.1840529593682 17.224884305688096
117.78354191568059 111.62854943854691
106.44020357005111 141.08851693282853
54.91656828713312 16.234033739906003
109.85370852461439 9.31123125829952
119.08451863964397 28.325312557149356
127.84684538286321 79.19051395904854
128.8817540888414 58.840583007614875
133.1623019305111 111.49177468419973
104.71770703985187 20.669360403779784
123.37091186079734 15.220648380736778
113.79947367811364 83.64327062664631
94.35474372402832 31.532562081077714
111.86077400703036 16.002028603142914
62.908903631672416 26.944381458600844
120.1564518442987 25.701837932643134
112.05145898734912 21.653515634209597
91.55553352093202 27.540038814812895
103.96301141526106 20.268510225890836
99.51669277601599 27.746855754228545
109.20300454621577 22.92029193098169
109.06930855995316 93.143690657342
103.5380840627764 74.18614931896781
38.60342139967666 127.3640271969632
80.93872729971929 116.2821827885354
109.4293275774125 3.152138135469943
102.21297606219463 21.449962910137586
96.4387301108388 26.371380959138346
116.39216091767442 9.0779202713518
