111.88072844562643 155.34374928619434
91.02886514220717 160.9625992102606
118.00712367236879 82.82748521842481
98.3069853048684 56.04673668027796
129.4837397791438 101.10459901113968
113.09277592470784 74.5314181283382
106.992259116722 46.074707880739545
102.7420938813059 92.28624050633785
128.3725376654739 29.68106058942366
113.55544214784992 23.048683750641857
113.20432066972043 29.873533571037473
123.04093249371392 22.345858340805183
108.25311315066497 27.906796000074856
113.71064186172494 82.83888170598121
134.53132001892214 -7.19882467569207
122.23465837748087 5.796635286398797
115.51026300162714 44.9139738069145
116.89789041074002 75.84909721052658
116.99232171799619 16.611118593431225
111.82498385393156 95.48708786827179
119.44792961782797 8.201650460604759
127.14318698896842 38.126180213960076
113.61460581572568 47.80585801338577
108.04179015385617 6.667164267814954
101.69482372229795 151.12664430074375
110.84856311831534 19.73469279909007
109.32705348320366 20.36497980340519
109.91175394471436 33.098329540398794
62.54186999378498 84.40716527350281
110.58663216121887 18.942922938043672
115.41854970512719 79.3037383714998
110.94186931943489 26.565883382831757
83.51210501672458 116.40013307965818
93.44078405941967 48.42695192983516
144.19281559103192 61.99990740306127
112.33929227417303 -8.897830080162523
116.38205110079409 90.84424375796488
92.30407147018087 25.984572535271514
95.46688174928715 95.25502981519044
114.09505454214815 25.993426568538347
89.80551322607324 121.81850345107037
93.70318643350683 77.15010216733236
56.36782630308043 17.218072727183163
128.57417657559625 18.82995359167125
75.7655114871518 32.715778729182844
109.81875803452564 76.41932772315795
101.56958683523678 44.08834682725306
103.53332620477725 -4.797340856062461
106.6473837234855 34.60239641053647
89.37253251077708 105.12242104975412
154.3142337184601 30.051683859084328
20.991052112732937 117.34974142111224
133.03683730867473 71.65821962329525
124.75478649604345 174.8942723364533
109.08557255342174 103.29334337460757
110.37764237542282 137.3930759589905
107.85886292869131 144.47552411137275
97.24028092477286 23.304945220093707
114.49951535059621 23.017861749577868
100.27896430632237 169.4114111611267
120.30729957283717 69.6534664699221
81.02109164766527 68.84673252046625
113.60291000972272 28.6989571506838
102.10859660096786 76.68307715065423
104.1243259244384 26.359349545063868
118.52819913595022 32.13683447214231
66.23523274901514 44.864624356985885
116.87790486279034 24.040933856740565
106.7980929753067 26.925258756070736
129.96441519800194 91.43632702955432
118.94535216799913 164.4663208979682
95.46334922781507 22.166146370454754
116.26539736789229 31.432511661775052
103.2953061262378 108.44651275775912
109.04020971621382 61.06351702113125
129.21265842225372 93.04578097186078
94.6343170325823 124.36101971972116
94.06668451255227 80.80115378760513
101.68117001992914 78.0180904303163
115.58345699520262 22.145318796180597
114.0903205322551 79.69492859841156
103.69450057684536 77.03042856066429
110.45538782036184 105.3562603292272
131.20765232664064 -2.6433690807184016
126.37891133713549 41.08108385107683
116.43507067977983 43.13406311220747
101.6823096491537 92.9953268257439
112.61183031348257 22.050986633697995
104.51963314393701 19.204858003895474
105.79314606649781 37.48611795318892
133.12846280094806 29.223796326770245
112.42275185163886 92.833905151666
73.49576804069557 17.58606675161174
109.39336729823746 83.4795339647754
92.79889066545539 76.36474060252087
94.62433080319806 90.53864790786652
110.56388802649829 79.56541418322767
117.16264491974451 91.15165316331787
118.60494892732784 16.497245250084116
104.40746803702933 85.81650591448306
107.39308903596205 10.25107181725329
32.79632127251534 80.37202121964924
73.62632411024676 20.114295909554365
96.80835444953019 9.07456918990432
109.31716611560782 72.73013927061581
122.63277055122816 29.25156668483942
150.38528830749996 22.129207781499833
-7.254882969025854 102.83317985881058
107.15754183816937 134.39243616940527
119.46358675653828 18.787187634986292
110.75821927190215 35.338308703968536
117.75155446769871 21.957627785814168
99.33598874383931 35.17038759713549
114.37708255306777 18.04868818226559
90.14882821040905 89.15307029922637
128.56322540160224 -1.9459104356651762
110.9175678074139 20.723124956837047
109.10185779530288 69.09398726667324
113.82341630981665 34.01688935885862
65.77014762379966 41.6693603703358
100.2757785502492 106.42723996357063
106.84872303505256 71.90565296003462
99.9190807929171 42.10322720476953
115.23737513829464 90.0223623442108
131.30350256159898 11.77413035290507
129.6600687324025 95.26398216714166
126.58366482874486 18.627235204547997
74.399654823284 69.27529572171248
140.32333012253648 29.60056844678101
120.90390791780078 19.926981361712084
107.60364920510793 91.84519519878177
114.6066772888541 24.03786586215599
121.73803845059601 129.1159464642772
115.11247371448904 121.24330498572438
88.47093385311271 199.3369987131842
115.81795054554114 17.821951862991963
124.21223007208764 55.50861985676723
110.06416018397144 15.67655182598712
103.8716889030158 21.89637195904415
107.49229800281336 7.178487520859468
110.5858677297607 108.37458131165948
122.87520161932405 150.1078361687445
101.47722731863172 20.644162930732463
110.18005146806819 30.644128638099918
114.37399369073462 71.91940978387407
79.9926396912352 27.59685562153724
117.90511091658574 78.37240658463446
117.94114310903552 22.209272658516365
108.66331162877788 121.79864773019821
114.32942975202197 68.18708946932126
40.358215061454516 70.47218483316286
87.00490595818492 92.83926584554024
90.85423817963417 60.41382854625811
96.81919858691526 103.60626390863119
89.24285028111 22.330136608882864
110.4482235737253 7.266047522383673
117.79560233301996 68.92871777839599
112.61077713643954 21.2840128290347
144.19625944414247 27.058979003913315
108.9626754292321 21.00393108021116
127.31754170521434 93.46698076890068
69.3691433091134 125.65899398048107
118.60482476500043 135.00009404264458
130.97228677855801 132.52575592591185
131.34506567151521 120.76408083303143
117.84004197114527 217.3653904184134
113.73428804803468 21.37676438590203
111.88270423460345 14.90964722576189
122.25208405345954 54.37224456070822
96.91648472350514 67.58712147672587
140.69669168873168 185.95690593998737
96.61729392212017 97.97118965818856
110.4778466286014 98.06567642841514
114.12603787442953 133.23754565526963
109.46570606808947 32.77288646438463
107.00548471034288 94.34798948707342
119.5852857337931 24.996046473618073
117.73670030162678 27.356262546060435
31.296369032748593 66.07547012297243
112.63569839574464 19.10249493897301
105.65335758426419 2.6574455530577534
116.90998253124427 23.943177281646584
106.44175184096603 21.88480030477421
110.92859109286427 39.62080340197911
123.87764329359479 24.037653416594825
109.97092251147899 33.040998925893746
125.5474893046642 105.75025560985966
81.37012067132494 110.620613444943
115.0723429634931 66.23973950485949
102.91320041253276 94.31421330330197
90.7731399781123 18.99519105680573
107.44823072679604 33.666372421231905
109.84607633509968 22.183840401565426
110.1909056698804 21.22629001046245
112.98638163506651 117.50609073114047
115.31157097520395 -17.29676605584712
124.70109519545336 23.28210537460375
118.96281685808972 46.03412162642115
111.92001309361814 25.91264374941136
126.08669350943066 100.13591894438792
108.76338898071965 19.590260954458287
123.26034309807768 35.24290177200924
105.59819125908786 30.89364535942311
119.05343652185854 24.229142835538617
103.00356199535054 67.63872578738403
111.90114081409347 28.77516838620284
136.33740062455306 20.642629817337912
114.35587467628612 43.91323204453825
121.68014746742692 153.10829941586724
106.96607096894577 47.39356500880121
114.83269315065823 27.16482826442481
113.13903266664798 14.82211323429147
75.7533930557606 132.05035364250628
121.24330675618113 29.344014510191272
43.09672186988474 8.445428972356067
116.94675435980172 211.4181066099287
122.37506264461153 27.272083051472926
137.4356340798573 94.92090706668814
108.99287280444977 25.61973935208585
111.16996410000493 35.729997886669906
126.16163119416164 96.17911762428483
113.88127209417526 89.0417421681324
109.37597543397108 32.54494654257939
87.47348636233534 106.88873692060636
116.6832828914695 32.82197960867904
108.50547073556541 15.92522346983076
109.2457214004717 30.030693704156608
115.16344972458647 17.267789703063315
101.17368703778777 193.56484147429046
104.48684573338448 41.11411135948579
122.35226360819227 36.85252687461246
77.21558116044658 47.970663957210334
103.90933785760089 61.64202805550625
113.23973057788449 68.91167586248584
76.46828285117454 60.356239038936906
111.59152183961747 22.3263846370656
125.14597576113913 19.611343509256915
117.19097115781297 25.44945186706227
73.55428569867075 91.09095587165453
107.05762799110352 48.20952628469079
108.15262907747652 33.69153602089364
115.93054428059888 11.844606080043784
132.5669738818208 84.54127867701023
95.83718773322803 30.81882337943341
78.21067702435175 62.00447411771061
105.44686861038296 52.21993767751806
111.96602645283315 181.93578394913533
135.3435296263346 30.391400225022917
104.12849334836022 32.54575087926999
143.14455873909378 25.322099264625606
117.03818392402057 46.57539330994369
111.34998460936745 77.41022095647635
127.27814689932467 76.33425500823287
135.06623329688085 129.93921154069847
43.888296263137114 19.97767890637641
110.84290848535386 29.5610662469682
119.34785166930386 83.7658911265089
142.8486117513439 21.10765358967421
113.78244193783695 95.55669481975394
114.32442478504497 23.934297873526994
111.69196203214129 80.07120744355197
124.38172692339899 -1.3111667295494278
143.9329448386156 29.253838478294224
102.04693991769362 71.56883212493565
105.73441070292458 176.6637565825379
116.49872481114889 92.38901419984803
111.32964392854548 70.74200775677873
73.56166217179452 115.67006524473169
106.44531321830048 20.80953050220442
109.60706693646557 29.692985402240854
106.60993812824667 17.402721626627525
122.67544333872671 24.481938284571424
111.72180500860007 40.15101781362653
132.18418387656777 100.62483742402206
135.6207835271915 102.69989248482493
151.1044309108754 86.32089114102028
103.1927474582511 24.041907739384097
92.19978862741488 21.71843548036148
111.6919767280331 28.503699327474138
110.34414953423074 19.977520438090803
130.10265713849213 28.183402606079458
110.37912825132382 33.234797393570126
137.87945459570585 142.87456651268184
104.12121313263127 80.76718591578857
104.99318063451977 119.77836262047411
115.99744559351454 21.87249453827058
111.40579372721238 19.744453438921134
88.10543060356366 18.67214729681052
94.55483338783282 160.3370274217192
98.19551463320892 11.507110223594676
90.5691927118266 16.709402082605866
103.75215695662341 15.51707804455382
119.29569408182617 87.87782421577052
103.32007367090023 119.57141576593513
48.08988108422696 11.214798320250576
109.91963510812491 14.02330978336714
124.16660459415492 32.89904185060229
123.7697929426159 76.73008598858236
125.3391958790884 54.48344030649836
135.0853487595515 90.0463772033455
103.27013105214455 21.00156269653736
118.75133526991779 16.026717469000932
112.66676693493683 85.82087359035926
98.11179546584 27.543250054054564
122.06717548310714 2.4609491474100427
59.88447754541527 26.83773667521518
114.6023212338722 24.89556806899501
115.80926264067195 13.463114435312342
84.87337259521907 27.071031389244464
94.41307052692558 20.57231001020156
100.89304158165343 27.324798099125452
110.51335173318041 9.722622627668294
109.05668249246165 81.75115492303331
104.83257158088854 83.78013509570349
36.04080157491373 113.93336349004167
86.4979900542292 108.68956209507371
109.21001031151279 -1.203025194608596
113.06122047295881 24.470311387569193
94.0192777205022 29.07631261813704
113.18222826362464 16.328588365074808
