96.7227569002803 107.17667378050668
33.624675153144764 115.73534962257462
105.14456761745978 112.1366161872086
74.96005154341586 116.2063195178097
17.73304977998853 -2.551421419411785
95.57032772914745 110.27983303730822
113.16253365806311 -0.9403551377318398
113.63991427124202 135.38491796559558
97.0876259824295 11.616997694359146
103.82076909392214 115.84536441039666
2.9303298270692304 7.36455614182502
92.89869631784923 14.17402374220205
109.3282689886149 113.82706767494899
107.4365974326422 121.95079835505948
99.85270202141281 135.15399674118746
104.42078912178246 22.23391986385165
18.677116166208084 -2.8092028751951315
103.6571070905596 110.3677755539861
96.84095252003213 104.62050709154595
24.908235101093517 111.1979674978904
95.10569222537367 115.1588126333798
94.78366002060702 -4.314848349980343
105.1068592849659 12.79157035869057
112.6865042753133 127.51528494621878
108.11564293413147 117.52081599035787
27.98156923287604 114.63004009257786
92.54802727579276 96.8397101451436
109.50748008498084 112.54605469009311
85.64167373403365 125.46192298761494
108.09111883355621 1.1614728092123268
116.03487035863357 117.65525296457783
105.00291864942996 6.502154901884748
138.6483815075501 103.70359824937621
21.84506907174344 -4.515569321427953
14.665425697276085 105.28513429140277
20.767439200950875 112.76952473645582
110.11050504506255 116.44548519478474
117.19417514891579 22.507851500641284
111.30405370063654 119.6567608064675
96.92077041428668 15.445614271520423
98.41570728203808 115.73961458272697
123.4148255328558 124.02025337816025
13.056292995203513 20.242639149928294
91.12532449561314 20.574302975092895
8.239720545666007 9.781911227055565
101.0118218774853 111.47916467275043
1.2682230498866631 -1.627121545125616
104.77795645165449 102.86704620095608
107.3030607121743 119.61612784656461
133.2113395792091 121.94122621599654
11.89250030334157 5.295369297181212
95.71611469243244 99.54460284516318
99.86173061357135 122.62639185020612
15.727467315137536 106.29406845104558
100.627944127916 115.84101497001323
24.376956436786813 103.1213350988999
109.04747549713541 121.42546268552347
4.936194685303273 -1.5801204063266485
105.58945599748405 19.12581804017599
104.50463466498182 117.963213382879
102.5085896743618 119.91618178426744
136.65596524986438 134.8959876014714
113.28694033273617 17.002811845523482
108.50142660605273 125.19229937741669
114.28938630381099 6.6659644093698525
106.75129488792722 1.0779477890925353
18.74137656408181 5.255104340815614
105.41683725767956 12.796985754310464
107.15311823229436 12.722638258296467
84.13137274442569 120.39254083313996
104.7790360042488 107.95251638257058
-1.4767918027744567 11.31345050425124
99.3261288794726 5.44457390378667
97.4965101069525 111.21999802243744
140.27397418031788 142.21849967033765
16.355995620618142 104.74509547762236
29.955736277692505 117.46189672485083
108.83626680084254 122.83018589849308
121.60838030504583 129.00405091497367
113.62311553042515 125.2817299396229
107.54248780437587 105.80117755108031
82.50847029985029 116.4154812339624
106.82081738949631 116.0988825245478
85.26018044917774 106.91008057683875
98.55475986387718 107.10398184661831
98.86126040201317 6.796483634790664
100.76296162154267 114.70398980477361
111.00993405183567 118.43124499827327
10.12334353481356 19.03912519916934
111.13447318161462 2.5183993737487986
17.603801251636373 6.832202899596584
28.476127442384186 110.51093631040719
14.762826915812283 17.617268536480942
104.91999173723244 112.12233478615063
109.98319179677843 121.26845260695569
127.85238035852687 138.34584669928458
102.4722423158056 110.09567710418025
115.73920592968724 128.95505756001606
109.47391356468525 19.658642647690854
113.52004389495883 107.29192362905926
117.96474632245848 7.514759478284391
15.539942060656905 10.590650339545801
143.19101696958003 15.901497006693692
8.988205718964155 9.537785280848041
107.14734177709147 113.33109519154517
100.96504074916685 14.014924655572477
23.581157781869575 10.532485934149987
25.340568599550355 126.5318507344492
105.52250102428361 120.00375927006652
103.72523246496651 19.360098140697968
1.1930554854938626 5.6756360984783925
89.3135175524769 11.828586251808117
7.628262389889335 0.5540838627633261
99.15581158870727 19.97942476733234
126.86865141576168 137.42433193836797
92.04844797381267 116.37059967733357
107.08090842646088 11.405200183427056
80.7569923672783 121.8655568816531
106.91600422007504 4.9626941096797035
10.632605392489344 4.392466430700284
101.86024962292865 109.70948508783863
109.4002287797506 110.74832782298623
11.360551925433068 119.1589422050443
112.84936441657217 119.94210109173848
112.61322738919922 14.206158011491874
94.25676541848468 119.69763676609345
98.79792877226197 17.880616207281538
29.491885869288012 102.9715754957483
87.3369692492644 115.86909816813838
101.74024051827212 17.125813528728838
26.131088583439553 127.0580136015752
103.11286015511608 17.85196272117872
102.27837718309293 114.17738691808177
106.8506054108408 111.87321356906551
107.39027457706392 118.56367575177921
107.68445544783707 19.612629417705854
106.7226919862618 112.43951683520464
112.06676156641451 104.98786685283872
119.33016215545365 17.144526940913384
90.76209360523006 110.58823224199011
28.921674639013833 110.5397350629787
101.0161512175566 111.3690960866085
15.556305719098965 14.384434671248304
21.81424138398936 12.90662573529924
104.43799600518314 -2.268262770791442
89.30944659698662 120.94338875662385
103.97089704448058 114.1458835324889
101.97265132045378 15.972758792054085
111.77141422338632 113.91834337080361
15.232448400999218 111.29958586211991
99.88875202914146 110.84188884500196
127.74094355800462 141.45496065408904
125.60089503783318 118.46560778561765
123.5962310821408 123.13242174129266
11.209191827426103 13.99634905470254
105.07036257267232 6.899131830327303
110.87012853533753 115.2600145631241
23.824594603959582 14.562287867719862
93.48601484890301 12.581378088433414
117.38906472207668 14.983982421462127
90.68014654326657 116.01432739227623
108.61593285937771 121.63526935231546
28.387055339966313 121.49388712368263
98.27175893843742 116.83042375634388
24.488284040564967 129.1230697187318
102.57794717196607 110.25110291133602
111.64507219533147 11.839092886498515
110.64305483615243 16.90343758337722
11.224359942045487 -7.853133859774982
119.6200354488418 129.0521975431703
87.70269226640492 122.21853865411134
114.15561844176688 106.67424832833379
21.255526009288744 105.75345930851888
113.24430166423406 110.17400589222149
10.686526812264535 2.849857071122188
104.21328811101809 122.22661628153884
102.8673047369563 12.80598723920202
101.07054452343277 11.268139504404814
25.770156464412114 126.38583567681235
113.614235484597 7.876708433214991
96.38309675391561 5.095580888791482
102.99276200933579 7.279285024341798
113.92428249919662 118.4496474250854
106.29678626060266 115.35157990651992
99.33243589725032 2.7804232032063734
100.66043163256164 7.1068940967565215
98.78890356344864 116.1449305729217
123.0774524553116 113.34912386156202
103.20621902401663 130.66323197131328
123.1530327525585 120.2835330191413
107.47655148248666 118.52456489174973
95.0249060188589 2.2005381287841796
7.712561288882818 2.1477894439687684
106.68398451831793 17.284729151335014
110.24092989798935 120.85570836576174
77.52639018676076 108.1299447232282
9.522808308142961 0.7625509997440747
95.63881769919935 110.39103804993853
99.21887009903189 6.029275388835027
102.17921878160467 117.85322889606428
7.022736929908637 -1.0663381635297569
97.24547137324689 116.97623526883183
3.596960030125913 4.747105389853191
100.14212933471683 10.583045572573361
101.35751515716599 121.74233526059412
106.55880327090425 12.189188617301584
113.50601790122107 118.25323179051433
97.14904792027536 105.70866034588516
117.77772824293311 123.42049458304648
22.22293866629036 4.1256450914396074
20.96667764618366 7.67748527775995
91.6035641509732 111.15872094530361
94.50125975269856 125.37452791724436
16.314278203500976 3.50707432802092
12.305215739724291 11.704754931369408
105.83944551753356 107.26575514671033
94.91008641145127 16.96100381905048
96.23431457684624 105.32422778983003
105.60378804891015 10.041605628856935
109.22142459420404 9.46466987201977
106.98884059194576 118.79119903407731
111.77865663982102 117.77970850064123
111.81860495961466 -4.271358943649017
117.0494490332139 119.49176187410633
96.37579353258123 4.005226422449197
108.47102435189397 112.03810443616705
106.34014227142009 15.520007542723132
10.538147014273717 17.930512451515934
15.454882807353695 108.13347051690302
117.55340316887005 133.0116190831243
101.62103148622592 10.309814682138231
8.192531897247362 -7.540784164977016
107.1407203899098 130.90957279692208
99.31761690598162 112.22937971827155
137.94438773316745 106.71222809370676
19.60328554164522 17.34851640766978
94.9156389825134 18.692421806122873
96.43254569059967 122.61450382301449
135.35917588390774 105.48325648798162
106.06300417745274 9.829161919927238
17.903976837235028 17.603140441116906
112.23242545875473 14.435556026839905
97.29110933949244 115.15049424532369
10.415742051344845 7.119004359943828
131.31864002845572 129.44885151961353
109.75019599739925 118.09140044413185
83.04390375008383 110.67518300390076
97.77351580374355 15.05359091782448
118.99258143667235 0.5619465208252599
10.126509232927607 3.0654657672122454
23.74528057751359 120.06817381697785
109.18294626468709 -7.289371092547938
107.32568459130071 119.64099929618007
103.2237498581751 121.78181901296514
10.972505275808969 16.067454921807247
108.00999684595041 5.5170370338767665
16.11809770086648 122.55151707148437
16.805996111683562 113.85823518397898
105.954324895889 106.55288952592122
96.63235539491431 15.679899156661515
108.27786823238812 96.2592447028339
22.688175395074705 109.44212865275317
7.725295935650163 8.993043426278206
111.80180990972133 99.17347642011626
113.80259002171199 112.05821727529163
23.462526581632336 108.2243475786982
98.55890985945541 107.00911193541232
31.373679988912727 103.06509667020502
105.84436906025576 14.323946823473062
111.04355394953541 5.112079255676528
108.80034208408998 16.701631896918705
96.22961332218804 15.590274299541571
113.15405597950989 4.435977272333659
30.058058759855875 117.74670839660692
91.86242427726194 149.18468107496423
98.04277842350672 103.98551815816279
113.10441989376041 7.907495400425263
11.78416538396694 10.769433734794221
3.9844739757339553 3.887476313950079
28.598751210591196 104.70990313411383
89.63603667243471 7.115926209041628
9.349401825937608 10.209483165090875
95.6755384388663 120.59310170837146
104.9756580276923 133.5276630915541
106.83744607189031 115.34586175799406
109.2974239556042 20.55511456131176
101.59576068999154 19.143706775276563
9.299876031284656 17.85643782954562
123.44834282063496 140.70064814324323
38.372053396415566 110.77626680077698
5.048757123454655 11.822493285574893
108.63014657839284 19.329592836345288
103.56000264225227 115.24211898653057
111.69418753170686 114.31411447779483
19.81021671190203 8.960541656701142
105.23883215532517 124.02971846487195
97.90358017605348 10.946098005999746
96.88157109306549 126.50757644913607
89.794869936154 125.80634798838035
97.38453889847018 116.27217452393573
6.049786781693999 16.66966856293546
95.55932212623244 20.677837587523094
22.915255594426142 109.90418855582891
19.272291833839713 114.02526706753272
20.574950051935485 7.6399681284862675
8.776542945105675 7.933314318306076
93.68585855859749 13.424706311421518
120.89962131104649 121.21152874832407
2.4614828746336306 4.61196417878841
0.846541279101531 15.314649505265397
10.32747888621051 8.071297527219384
111.7437738835886 1.510235691566718
106.37069235034103 121.31017593670366
19.43091941773626 112.05705409212716
85.24328005108747 106.89882635031135
26.75529440475463 118.69840049621598
19.941414566970295 18.42512959471881
98.26450851389183 18.158992776447352
117.64822194115519 13.170988172871446
85.93066649799185 121.9202911292719
