118.51626171905251 108.77217983237139
105.56263714932656 130.5856797873444
122.16753057286523 12.06941846218195
96.94382593502338 -12.972193681935895
120.03724408762162 7.61357400186694
98.59646228289307 18.649791276214206
111.41472994053397 23.941443687300307
108.49307391328799 136.35503482439353
144.2111709334913 35.78870686404739
102.24518679582764 15.711949291750997
115.47266775269331 28.37367549403648
131.4110383472924 25.70184848495095
107.04407608820996 44.98441091531422
87.32356139096277 37.32483982526042
101.55768163558889 31.049642140096406
103.53744436163933 14.156137231196448
104.73882167811044 35.00874800543558
116.19279248388767 106.52275047771256
114.70799605928386 27.535971040161726
118.07304159256714 112.40271818398803
107.58452329969347 29.87338516464063
111.78815834158361 10.068127882222761
95.11441646482098 6.894664859286394
112.4947730588998 55.96203362356559
107.65040883667916 166.0879806066815
108.50014914893673 57.987702645099105
106.34990909413733 14.962168023567077
110.09036781925346 52.77665287204426
69.46141802212881 109.10965995179143
109.1680348570375 2.3927257900296617
103.3172846019298 99.99743453174129
111.71605729213626 28.843856740291162
87.4126973187236 163.27672358870254
92.397890370183 42.30034444790567
136.9614030645323 8.717782438854805
108.47356540337437 3.8852385790954114
89.69860160310473 104.98816800941945
104.16947109006064 31.12490234703366
114.35064329602159 54.178057644799885
133.78129950562533 25.27429936435244
78.02480822145368 140.53545806625243
119.22121664613886 34.96804692338136
48.75133414996936 16.891578037196638
105.2700040607006 19.262557694247256
83.47002047152995 24.661655897182513
96.93757314302245 113.56051053606673
105.63336353900088 35.75100270095216
108.51149502586487 -0.9276774724794603
114.9530515488577 44.90202862716046
83.74092372312785 73.04976883308629
148.77527982820968 30.506127712532706
53.22273405497096 160.02583863809693
108.44625189772793 43.458432432682386
109.49009613195358 112.17488123375284
123.84765778704072 119.61732129608536
108.28446085199977 114.99615412943028
120.01729516522607 54.58301811467964
105.74858177934823 7.816484543374029
123.5539802708647 14.894662072760873
98.44156392332856 125.1670022962436
100.21115330196929 43.180396200120036
102.5183078825147 74.55833341159045
119.20906334676255 13.918072113398582
127.68929979053317 64.65892879392243
115.71921744652722 23.832348363540213
103.73558232581382 4.270825396768438
98.38139414907455 28.01837862285157
115.08084399750773 24.298994395109784
103.11278476761426 18.777712142764592
128.35115884518677 68.17430959833393
117.46727664070606 153.35076780285198
107.752127903189 16.860558791205808
103.8356157165426 24.67900449945167
91.58749319620505 145.33884701090403
108.4727459525615 63.218868770261096
108.64693295526631 92.67724779322242
120.04424609278047 94.15842227914406
98.98859221510536 22.544748705056953
128.7665891791254 79.57607372338339
135.10258663676268 41.60229711811292
114.25146207678314 88.97557282389072
107.27492882209509 29.618147509076163
118.93524202991246 118.94731386834134
117.80987562687008 19.11632713069023
102.7808840048802 30.239333646146108
110.54284242666701 25.134149396145858
127.59854289208057 81.47398901675706
108.92187656813626 3.4587776416871465
115.53920104359844 19.157103067714626
107.91484057086414 22.268269654534112
123.01762746815831 29.219354717783975
102.87410082417864 12.902040674722555
58.631350910655236 13.956658005695292
101.52661356582087 129.2011159547225
95.65882371500291 48.022079164523106
101.80501482792812 75.85882662501962
105.69610535853742 8.230658080267322
137.2696067754115 92.87192129106211
122.61601913373585 9.144490110375965
98.67257407197398 92.9656963108664
119.60297920685962 -4.4456091103142965
22.022139221643737 105.81953490898836
105.55234155246818 19.73547786414828
90.13922367248995 3.751764071183852
105.2212591760206 20.492339787115846
129.1145363743019 30.250468776334063
166.71365776895263 24.255035496867496
-10.601933695759847 119.32758360409895
83.46676542398399 76.3116343806708
122.55790449805133 18.706699430936006
110.37647402842616 24.61925037613563
130.60450510572687 26.064860257501554
112.97195391120204 24.053297955663986
96.01463228926902 21.631796228965534
97.77331011471118 82.2463392730864
146.8616462307356 28.76105047200042
115.41434000231801 19.239029831133987
94.5202029869923 70.19667163894113
108.26201135060043 33.58862121476464
79.84261568315459 23.719830037502803
110.45600446774023 81.01438023977501
106.24225358033365 50.76317884992805
113.5680653371548 67.04524919365325
147.64023335720543 82.39920090058942
132.10044785965414 24.517756229208164
130.0033868452958 114.14708606106689
127.4453896253749 19.573552662983104
107.39592502928711 81.72662593252664
122.54678178698252 27.62512200572721
112.21222886182689 16.957850045308202
120.0782810269653 76.17202391872387
118.89698600479184 26.86773770516622
115.52705471070196 99.7083902645437
121.58133466807183 82.31294464663978
132.91515787522792 181.10129545197503
137.48612991938265 14.211428821760725
129.37191995312386 16.305160796335866
103.83669439045816 58.52954346049766
113.38591562013289 20.261450903377092
102.44030175711205 -33.852097708740814
120.24859525895108 29.539299174218897
117.15239687368508 106.29338366225976
105.2572498759623 18.939993488411393
109.77794592633262 11.037773425146863
105.24104885272148 17.735927787249206
63.41682405708639 26.46774941113741
90.23800270077683 48.446153240909624
121.95357639407449 24.292474216099535
96.82010743189859 79.01842598063205
113.5896469534357 27.627747604786293
48.79789301509556 98.78546295041684
99.32807356012523 119.53092058160182
126.39595316301423 82.97059635256595
113.89467719915639 89.83304243699374
96.53919613039082 21.22409188084856
104.07221103711689 -36.9102926456535
129.13998362491853 71.6989398518425
100.89259905523886 15.39807077829678
112.32098106330115 16.62347415152724
122.5727178468507 14.322806525633926
86.63391237507867 50.984638965434726
93.59342452571377 125.68520612736413
131.10905969621913 147.22303987369395
102.90895654115084 100.85907322897187
133.56440178262363 46.66864332875671
115.72908817531537 167.67779483944844
122.9344643210231 7.250979565443426
116.27942403115726 3.2914500722236495
87.57310077524893 32.162779769515744
117.08296618459305 85.64934308555726
115.82561380347603 106.38571508469403
112.28645274071246 93.94659851417197
106.29746616436137 51.198757841288476
116.9105589310084 88.60585050567907
109.62141031749522 22.057235590536564
90.77765185153172 116.56275528211229
116.89539697668435 23.61853443174513
114.98527277668546 18.954827732451598
37.56360264748232 77.60041046047672
128.48063793783794 19.30670817822248
100.0292593172052 -11.356085187867833
112.12021411010636 18.41469152110126
98.7477340068999 9.948733128902678
113.47802915764883 -2.689667400478074
114.5188100788806 9.688328956518893
104.74288537342348 31.390095651296384
127.84250056481105 71.84031110157
114.25421225469597 50.07935019620697
105.3963031933213 63.49562701821647
120.3690269470688 73.60341483371778
115.62168090274992 28.937558561454306
135.01115438254436 36.457930318716
108.43209937600001 10.698350207153023
110.67212963390995 34.12924054001132
85.04128354481539 126.343046800912
115.1298832729227 -18.454759278214706
133.6105767257564 -0.48650501972478377
103.62944696435642 1.466446113542057
99.53175035018506 14.220740917780846
138.6934077203373 33.35803309292796
120.92935020801815 7.688781357470104
108.36661983114863 15.823839006752966
99.17463409944109 22.137758302431497
120.570494420718 28.073426094478837
76.53979299506645 91.01669746303908
110.47228900965708 28.8985068688544
133.8684362108693 11.471012566214657
118.38515775032864 20.9619965430091
166.09884413786193 112.29821737648899
109.57754722334077 30.624020215393116
111.03786251624294 29.22622305917797
102.6306721232207 20.933946404900833
94.94230025080851 92.0618791730448
109.15463156154131 15.322620340664042
63.062501371313964 30.153404090702832
103.0655678087176 139.11909268425237
134.51003790981713 29.0541340973805
115.71071411324503 125.48556808101016
108.8877161608903 34.2050403438709
108.53119892516268 17.081445144734744
100.46217346105969 61.462747721809045
104.66049783045423 80.9419428275732
109.67898317431906 23.82644366008314
66.70318846626999 103.97582545364294
105.46031189865909 6.171951506950194
112.49805325695617 33.599851918842205
107.78721597693269 32.71706979962913
100.92500178172656 18.124850655003527
77.74182149747921 154.90311612679187
120.88962305111176 35.95683605240887
117.55014966817745 27.001877437855363
80.15527355520159 54.60096374717284
96.22768021679005 23.755029006205415
100.62777264274544 76.55737199593628
84.20057378747427 64.79975616912242
104.25165517766499 -3.0485219869370845
133.7124106216164 20.389267150174543
97.19511864726257 21.554383536930022
74.9475253175989 23.450346791507798
101.93372135313801 9.610040611466388
105.71273710835794 -0.7216664165343385
122.15582217645883 5.209451143645222
116.1706003174187 114.89657829068818
103.63135996576938 23.552082914570462
102.22757475968108 62.290794035456216
91.26133118822604 71.72934638844922
115.02004418807505 126.42699030703332
137.96618196487415 30.905060781600522
115.70474100364459 16.880153324925924
150.7442316049157 24.81926520931427
140.31950937691545 66.5787335157548
110.53109767300137 33.919030253165815
129.74994110180714 58.04404771668381
115.77707138037678 96.41144003159664
57.44315502910881 18.667176027700837
108.46307296496774 27.00661200339448
137.0316406661792 80.23482699168729
151.81992503429458 19.37667552115547
111.57129293102994 100.32189322221349
123.68749877310142 25.327106400136746
110.8230279082653 57.38637011949814
131.0429771783722 8.204935486941702
153.30088251921387 32.11972878050027
101.62459243963386 36.67526503024402
99.1428111503019 124.34968313108504
105.89931195749347 110.9351148370283
95.287831698933 -9.031341571179425
78.095683203444 131.7349523964976
116.78352131135843 23.159715535368015
110.1430876842521 19.804872328983393
94.03940108997851 24.546737642414254
129.70458915414173 25.86257365003969
114.6535848332397 11.91487838046875
146.79453827988553 88.41378174025893
113.3118645120366 97.69813041583886
113.02207991233882 46.304208886950285
104.47911788129794 13.155100928686313
109.97806885356681 11.080621908326556
109.97317248303325 23.336989025705428
102.45084819847406 -2.0064060868098617
118.09062410648303 31.929977389838267
153.1431184252086 27.90612148918685
103.06606813583058 98.92618257606756
90.75113853728566 90.38078870595452
113.55742089773243 91.64753438039645
127.03803632506381 34.501414674783355
104.1993097241661 18.8854920081339
92.1940818610627 18.807991061602433
97.5901887122943 140.7429436543549
85.94521824881474 5.995658075347684
127.94806458340555 14.418245005684584
126.86362767221627 12.890652768508044
119.59551113462756 23.556524398119144
98.0655579390968 43.6133291097059
38.41236058056266 0.8712053467003908
110.0596736096758 27.616468932961457
131.64686951543163 37.332579267765134
107.47226369818881 63.52744982918658
111.34478333127684 28.338348754633266
130.25151286245836 30.0464483719635
102.76552464857828 21.183024173693724
103.12748636157403 19.395341628518068
108.66527337179284 84.41778114278233
112.50497117829991 35.939177045950224
141.49496668675704 -22.907352403604918
54.58713174938865 22.17785744273679
99.37292547265838 20.902076528223056
121.98665014047995 -3.891141156347207
76.78602390142863 22.34285791864139
79.05243786314355 20.914802598164265
107.58341343382794 22.579455135153015
113.2196903393989 -18.218227629426465
109.21793403318476 49.38695214533907
110.0987239778687 102.63046119298207
45.3782397565545 83.47808900308995
108.50818749283994 70.6455562033503
109.0315316464314 -4.906514397463599
137.7622281132415 30.256314338347245
93.4350005180957 30.354987640400665
103.92571717517949 35.45626869735167
