119.75950023841328 89.2465994713839
111.96814958242221 116.96228221050117
121.73835142495967 -6.334518440821237
92.7788802527782 -35.628184618477526
114.0448528899786 -29.443006933947846
94.40228712499317 3.787756678090598
112.98691259858033 13.97301240595784
111.03229831347421 149.62681390059234
145.63804742699534 36.285007241020814
99.14882789835256 13.552019346518442
115.46330978462896 26.317350391152605
130.43482712585129 26.17240270351698
107.01988890752807 48.00024060866341
80.31734951198928 23.7128586426316
89.13630647242381 44.901435206213016
96.83228142960061 18.579545574251192
101.03324052525679 28.30518022032582
114.68080812694834 108.61801238167607
113.13180414972207 39.07314367511721
119.16445035754359 114.14955376657822
102.99565226831832 36.57893574296469
105.26212415990837 0.22666510638490633
89.942566122113 -7.651917989934104
113.73576557569247 70.11146948295004
110.3103905635897 163.4395072097393
107.66540130856401 66.00028379173405
105.67294189753672 13.413912852435507
110.10161167913358 55.43838586020007
71.21632003271775 114.94846864407106
108.6198566467404 -1.7224666170981109
99.3954795019039 103.17486378106197
111.68160928708703 28.284787914006415
92.90233201206553 175.13526913246216
95.89852358844685 36.20288349904115
129.32315583430204 -2.3864935391748063
107.13181715869487 10.793171136752733
82.48294946601645 105.18958266348984
109.5377583874265 31.36211023768448
121.52546010351767 42.08186365432071
137.80684967021764 23.91064801337514
77.9516989601035 144.28448937201992
127.9331771792031 25.94014822731405
47.69257492538789 17.138921668385976
96.68583947797659 19.425739372429415
83.11032910101439 20.653182438792108
94.04788946824779 121.2539002149531
108.11231766163826 29.587469524033118
110.79781370908373 3.226873953301754
117.49329393546994 45.27766485268626
85.39135098278254 57.732605054682594
140.69123488301653 28.88494692564177
68.56575155350758 170.278736667834
98.26646511687815 39.45833632725875
103.21278099842313 86.69570627643473
127.61967347821357 122.15235511308407
107.61246524839757 104.90943324906236
123.1466072268498 19.760863239412394
109.97521995774545 3.587985381689533
124.83788581734143 12.267432378804676
99.60309507163137 105.11845839698583
93.13992968702425 35.67891253553233
112.90204400399546 76.80762937317755
120.00623131546826 8.718124478588857
135.4312983252344 60.192784848268495
119.39102952107622 21.88432105844839
99.06683101282488 -4.745940560544296
113.90971520195497 19.37300927362646
113.55078847415196 23.55536002112486
102.771537003389 15.53316771002903
124.729399192926 58.50106308049376
115.4726944073275 143.24747341249815
113.24031515662453 15.076161425233288
99.44584659023566 20.7949563070381
90.11994613132488 154.18935561244177
108.39773367050346 54.86446160714763
100.38600616200809 89.63214645999764
128.69867687537078 80.56869891870004
103.05690860896263 5.971028491072822
136.85165612966745 78.87380314917505
138.526759083541 46.3672271816019
113.48149789979361 89.71028418185898
108.88276732636614 18.42838903689107
120.76838431189742 121.34960453395956
110.93625485669821 32.496227552975064
94.08445099831773 23.7619632653157
107.92515718039874 16.60865426243391
135.31930593773447 72.26705989265278
107.57214090681254 -2.0302218090813233
119.12522053267818 19.13826737586036
109.11181036668053 15.217934942625059
116.15920079495392 27.405014078620027
100.02070517428076 -9.131742751043593
55.11908774194949 13.219092857897644
99.69271933803383 143.43376641042732
99.70918613766993 40.33411973537184
106.15891215593577 68.53601920234212
104.34112488527397 -12.037141850699065
140.8255908036397 87.30174049612677
122.06496896864721 7.928228534376822
98.06976503718884 91.3246431305556
123.10761458661435 -6.8601337664967925
23.099995071179226 108.42371290972248
119.2470726400276 19.469039602844788
91.33294434309603 4.815776769065139
104.1821855606986 7.989469656385655
129.19485937425728 28.795805044593955
162.74905091466653 24.510567259678343
-6.552398844643719 118.06516571037668
77.803172847848 50.86323621851576
121.44891349919823 18.775420588131627
110.1196592087912 19.255082610953533
133.0291051258977 26.5108289220454
118.20957549497972 18.520091853249532
90.89759546845295 22.81669056937393
102.92075119512533 78.29081480412587
149.31979751899888 49.22058766348925
116.22249923221862 18.623183104862328
91.00156849147038 71.56928598901087
106.18617023616335 31.089877880121666
84.1885297734407 14.990410028418218
114.55572476570705 68.4171910798261
106.682159914631 34.51008732968549
118.40517674705106 78.35590776278086
155.13165135210957 77.66183229284228
129.0441546499326 28.82502156589417
126.47144943862769 117.39421021893926
125.64827441089793 19.929077669181392
121.47064131105549 86.94352720928288
113.55126901052984 25.210801018901993
108.22463096043369 16.131052600068816
123.80197230125673 69.34602818866799
119.27636322974827 26.793314449742283
111.78392984600157 81.71192547188336
121.88931676728636 63.69954090160762
147.5587592131615 165.02690153887139
141.27896499526034 13.54659642514932
128.14441962295638 8.012736247023797
102.46992896363899 70.87231642228963
116.68626866762627 19.34483821185412
101.64978657811184 -42.6451315038996
122.12712499460905 4.572731496501704
113.69034096747572 87.95350564323529
107.5542807775434 18.300658439639164
109.63943329210727 4.438983208361071
102.28094041006534 -4.778826561286264
57.0944222682844 34.546069302107036
82.24630576770538 41.43239969769815
121.46792132825598 24.27305985742801
93.61534497737992 58.85332797183676
112.8540371501148 21.14455963567169
56.623477134113266 113.06203514801729
105.92822935233734 121.00278340035489
137.42700159072453 89.42622720668187
120.59021652932667 81.37668861922256
102.47597301154848 20.36645247914531
102.22550733603467 -47.56124876260986
130.84630452021483 73.38591658275695
97.36781391024194 13.762542481857462
98.63812925076554 12.85439317255081
125.913198419544 12.415941663907413
74.27545874342148 38.50692448806339
106.87109200153637 124.65324730384131
132.04109346979564 147.66157321144803
92.40361417362806 81.69402876114722
130.93733767030503 21.145550695560267
113.84778038778977 137.11962281159182
124.46087067897524 3.4661277726038966
117.0868354356172 0.6177481817514031
78.15565959270045 20.21450412527174
124.19961141106775 91.63042755480558
103.99967987769669 73.87709436741258
118.25833114294406 89.84119834751047
105.08887718417651 34.23053371187982
116.79827389369532 65.11658378726895
109.7202212504187 17.341397733890535
87.10983372331108 115.75274417312629
114.3323208399511 22.365913900261027
113.04440117116492 15.664499660447067
45.763731494118275 88.93033158449256
132.10534394664637 19.453000469748783
99.86650276682818 -11.321302297038878
109.76537563593922 16.301840237971394
97.13317552224626 6.59828350821418
114.04625452870413 -11.390571559405258
109.80353905565089 5.546173443789446
103.40538822019927 28.72135339279296
125.25766028533765 56.33552752412466
126.72213701743868 28.52904371294436
101.93807212906862 62.60181536786017
126.05452159586585 66.37480588329657
125.04426802590211 31.348438118578848
142.20611996418907 35.270976580449194
108.0509968353805 7.481479629390474
110.69360131207497 36.750431221570885
76.82482231070858 127.01902186296809
114.2806591572658 -12.358197885962628
133.38858026614662 -6.902127833880405
98.30995345133736 -2.643584331009114
96.49374988430489 10.085613456089195
138.03925908040392 12.580856538378189
124.09390438300314 4.856812306579138
102.46115712366644 8.542512910764916
98.23859948425118 18.15520521810042
119.58951732366098 28.425093316714346
72.43752935226209 97.55504526541039
109.80798927683689 28.000686671232142
128.16375043217616 14.495392924924733
118.94292134131007 11.156784270623996
175.79813352422605 96.78656417351071
110.66139920012343 21.60453502182316
109.18792139817167 28.74925603782274
99.505887598144 23.074309750181676
104.68288255367224 73.66677317958592
104.3756446057888 9.918296090805804
69.97051570365929 37.31897835747419
98.16348519118692 105.06486390520945
135.69035659062362 28.21569457204171
105.79472128403683 134.51709955564482
108.95166869243687 35.420427868433414
107.64750790011455 9.745873788690638
91.62096005879411 46.82893205019259
101.85076143573787 76.79203530098754
109.84373794029536 19.492258658572315
66.46130569492234 96.63940243825336
101.64689696916322 -2.08112792512981
113.54166337899335 38.060809113057694
107.63718376239096 31.773744978918124
96.56925495773613 18.727399502999603
65.04294685883849 132.8656192342656
125.88618951707369 41.122753232412975
114.19855616051143 22.09476005423451
87.02726295338849 50.842310124826945
94.8979899990784 16.215827048912434
96.46583076744315 79.357974370462
90.75950502218001 69.51904166168477
102.24947417796534 -10.227463212787058
133.11564150197543 20.581743177652665
90.9190723603123 19.3809927797865
82.78522050011844 1.6218604035313025
100.80671868039296 -4.7530055631673775
105.21021771492971 -11.047374177833909
122.21425138165253 4.851621164697666
108.55974883038482 120.22113523137881
107.73174727303211 19.842673686862067
113.09333404576127 62.057571589472055
88.40326051931562 73.30210068355589
115.44640212350625 102.0870529916025
133.98760634550862 28.65044319882795
119.55336275616288 10.830820447875695
146.87918060760427 23.46031945297185
144.66591263036804 75.92613136893489
109.99558463158587 12.435642607888036
127.57926597658602 53.27940759897146
106.57196553120116 78.45084015877345
63.6756164956479 18.176310910515795
107.64134101970838 24.560490376704283
140.12911113657918 78.64913769364081
148.9841884438574 18.539166128775154
110.26473456161533 97.61263664652446
125.02156302576113 24.813937873150444
110.28871439528346 40.86129299265964
130.24830606213192 22.749590935349655
150.2270119297437 31.220708204913002
102.99713093072934 27.81555557786958
98.37804717896194 101.81929344566697
102.22816295478384 112.39496251138156
91.15816226844726 -32.28130761098576
78.29808356753355 136.6524238382319
119.96297933783293 23.461099806459647
110.31924994088489 15.614960857963183
91.84887299569807 26.317365570791804
128.37354946485058 25.439291845802778
115.17983538432577 1.4564743604266415
147.84963934366618 80.51111800179483
103.78538783932619 92.27959200650527
96.99200909639214 34.021978802527194
105.78195575259456 9.606894665830936
117.29819231796677 7.888454312203677
109.19003621878214 20.620325176011164
100.6429488633656 -7.530669966008993
112.09294711492822 31.770649170223344
162.01667041297372 23.562883475988198
89.91296031930065 77.65361329065117
88.32707230152906 89.35706275172868
116.48015401423284 76.20543952121895
129.06026145768232 37.44447973386449
102.36833024994989 18.591033690154493
97.10190089364531 18.913113773133023
100.8872347544324 129.8093772885846
85.21613584722517 6.222988990741502
140.00630302571682 14.370675811354648
133.8056498238353 12.541920862090569
118.12877734534314 5.495154358378441
97.47507582936262 17.74474762996882
38.91125440850089 -1.363713489526044
110.09927676744485 31.736329407645155
131.6096161968663 35.88322877306684
100.54750459680027 59.485750998445106
105.58935632470077 16.344072252201403
124.64401678451974 12.729835106679957
103.67965661954283 20.92877352590984
97.79352692217674 20.812114455960998
107.27850097765759 81.45510806349081
118.11404521696818 46.29378009107459
143.2839873855953 -26.38122366320427
53.318649178641 19.377338219687932
94.62930316627823 19.041536013936945
122.2748573019671 -6.901333761753315
77.48462956332176 19.902426797731458
77.97675766330632 20.745389681997803
110.75282554822306 20.115277908090235
113.75566546786393 -23.642445015176058
109.31486316312827 39.51151791620332
112.20406222469941 104.99714317468967
54.45503380859639 76.51518270906523
117.54573117725354 56.142150084195045
109.13264407075351 -2.91038918285346
143.03235306488796 31.13083095773137
95.68559994778678 28.77724290760384
101.16153779007195 41.176008184526644
