120.02959567616765 81.75904834824334
114.07425473833223 112.42901319267075
121.31203605099117 -11.26417767584827
90.96536008165143 -42.05409088244263
111.97200553061073 -40.653589023965786
93.31349194186251 -0.18935952021277025
113.47172716535363 10.71095712062329
111.85616207387098 153.35944591572726
145.18169836607274 36.03273846914329
98.28319987491223 12.899108716623712
115.37232130126213 25.479953121407252
129.72006334562226 26.136519956765618
107.04420798515511 48.52558135327278
78.71074157828355 19.902064356476767
85.40993487829134 49.08345891637582
94.78780055276404 20.07495128768856
99.98213199167589 25.823616438034392
114.03544200741764 108.28445401939027
112.54621125223777 44.40045992284041
119.35517235747498 114.55304836973443
101.56653062214048 38.50759282375248
103.14325852042936 -2.578534082358413
88.59018641065079 -12.202877392288144
114.08042759903522 73.70728388640104
111.1915803930168 161.56485542625958
107.43001596788385 67.82736468419417
105.56863803294037 13.000197891708645
110.09268615439223 55.575697775125285
71.7573866890499 116.38075544167208
108.45278812571765 -2.894167388782405
98.31036544924113 104.15950347739252
111.62080520735375 27.902277432745013
94.95987089524348 178.64939957435038
97.38323196427551 33.76569799003084
126.31309755850809 -5.564618572070692
106.70039906193188 13.284207527321652
80.71451701399266 104.77959874651727
111.35837459377117 31.147874603221325
123.76825727578066 38.5179781151847
138.6445636293775 23.331058603003143
78.47157011391194 144.84320936907406
130.37874130500768 24.3047894309473
47.398819185482836 17.242500477103082
93.98467759080407 19.475933146106517
82.39802984681128 19.265504572743453
93.37960120132475 122.6714416222367
108.99591864931142 27.303599322176815
111.5550058146913 4.885851171490937
118.18922919983291 44.7273509789719
86.38780495290676 53.39546572630687
137.23042195236755 28.151395131032718
73.97863816101273 173.04232150588942
95.02407436848891 38.969122987944026
101.2467033270276 77.74849671960177
128.61917130062477 122.93701281849144
107.4448227692075 100.82970148332527
123.96438298954183 8.732396333390636
111.40151909259538 2.4675064484814104
124.9492653053763 11.53822211543264
100.28813351668393 97.95074703216778
91.04315678396341 33.283284165172624
116.38381123706168 77.4466168602054
120.09618387862241 7.235302386822669
137.44634406069778 58.51199092769718
120.49291745918167 21.18599431597953
97.72392386644303 -7.491978426924916
119.04654547612951 16.407240286550035
112.94732885176666 23.242728963311517
102.78362326660034 14.505497530941133
123.28410812360421 55.587760124979354
114.63465847221987 139.39143079456272
115.03384120921622 14.541758000608624
98.07794016196452 19.4586629812098
90.08929374124624 156.57356867913109
108.38393406992519 51.4027474966831
97.84487711293163 88.4002051822026
131.20978607816576 76.02276607740741
104.60625310192238 2.251048441717884
139.14739946155265 78.92772296546805
139.1706271489404 47.44550357559933
113.15977536454675 89.38514251394739
109.43731319979543 15.335713417412421
121.13839958240334 122.13199960091045
108.58913592761839 37.90808117049281
91.52398734390972 21.486304619508743
107.076544468124 13.795417843059832
137.28568892393181 68.98338360842395
107.18271998941431 -3.449178528796483
120.16922594210983 19.132348575779325
109.53178430237118 12.89285563233588
113.64320531910478 26.6175051023856
99.29950313078001 -14.968977575396718
54.32745414376191 13.135965971747716
99.3191343067718 147.7366745742679
101.20972126771937 38.77573706204123
107.74886723659424 65.9314966861594
104.00096575266001 -17.22927685030244
141.47486016268297 85.30982221769564
121.6177953278088 7.710283427492605
98.14236444585224 90.07695961879848
124.04000420371443 -7.29571923353755
24.058893498079083 107.91863173636662
123.74018300520244 19.365802619684438
92.24663236344963 5.3654948416277115
103.96468422219027 5.111457395977613
128.6323049535489 28.150583408861984
160.08120574601546 24.434677588943792
-4.3759582397402195 116.24711988975643
76.52691269030193 42.740247639511814
120.887890315625 18.807674263540747
110.02304040262999 17.443759966473714
133.20283848758748 26.548951432143884
119.81323410558512 16.664127039759805
89.52797349380616 23.153461315927014
104.80719369333688 76.98592740538399
149.40960713413926 56.931911410871564
116.3391618558541 18.428374679683472
90.10999319486636 72.26924572054068
105.53846106011862 29.979958563077208
85.24160663265987 12.097193251811142
115.87203564192916 63.87402515515242
106.90524645882412 28.660756481697234
119.82720036343648 82.27439544668108
156.66007159379646 75.77560403967536
127.64040740563959 30.04185678283645
124.84247191091224 118.50183097500461
124.68329227948976 20.03602534419555
126.00240390948856 88.51918126351235
110.42053977052831 24.30145537537697
106.90888399792144 15.92013416390479
124.73030724163964 66.89281846566627
119.21245380054953 26.562144385451443
110.46191296219448 75.45324934128091
121.78594370924299 57.91696018211984
151.8044991730587 158.74681865064548
141.91760053743639 13.47955661368393
127.31826225577812 5.921857582011703
102.11908234041458 74.01460477040494
117.69604367355097 19.02386824177683
101.55638080617021 -44.578459379577446
122.45897273166122 -2.4475098535994926
112.44344036782145 81.38403731016979
108.37592979820984 18.106543236597766
109.59899198096215 2.461596298228022
101.45247255705598 -11.8873292516433
55.11420997562255 38.25667878477693
80.2946392378083 39.73769420146839
121.0923046981147 24.200600675959606
92.91779734872348 52.44039392613599
112.52641795417537 20.156267507520916
59.801990191610116 117.67706264385941
108.23048482265054 120.60610656571107
140.32455620669904 90.98546150409406
122.79705930178226 78.33001468452994
104.65816208696238 20.052516086747115
101.73188152524114 -49.95359198412203
130.9767306119708 73.77890243791951
96.51756409387515 13.38067601821164
94.21384861901524 11.714805625490392
126.7116829638508 11.90194653251108
70.55989654168083 34.93141022536794
111.39424702118217 124.21841849750822
131.92455325842903 147.08767472694913
89.12875089506639 74.76797050899576
129.6508600499364 13.198553422212767
113.14946001504654 126.53562292172555
124.71428066263843 2.499991403789548
117.2255106640588 0.04138224320698314
75.78393350870002 16.146628830344135
126.27768054148127 93.66040523859309
100.09726605612492 62.428241060602346
120.07782419220077 87.83225685514672
104.76072210003566 29.221716703733566
116.66984554287696 57.013424466266486
109.75634939183237 15.798409756594225
86.47336660889013 114.1781405651038
113.36483978801672 21.863934374276564
112.3241499270326 14.631002441882805
49.11211864701051 93.11894578277592
133.02679691036641 19.505465268013257
100.03825978122562 -10.544572313215747
108.97238564517016 15.673226417201718
96.869605242402 5.743122081640272
114.15855024316424 -13.121885875693502
108.20497353167596 4.468960784586244
103.11224311712424 27.625058506638016
124.25323469645569 50.96167458204032
130.49318235506075 22.160455425714225
100.89764622285603 62.14958232834009
127.64401975020041 63.8135267349883
127.89967703236312 32.04935131478029
143.92122757575524 34.54683848595721
107.96589967922424 6.673379803888745
110.677984593258 37.167039186640324
74.91313050105407 127.01934802613614
113.9135853143346 -9.586112206886565
132.9027850716464 -8.571778819010833
96.66447339771359 -2.0840154765561087
95.69356874052225 8.841681641041491
137.42119483541882 6.961790252532685
124.80305249112102 4.28365276133299
100.57183883793515 6.398259909621981
98.07353659214195 16.842390774262725
119.1149266494027 28.38863735889801
71.633500346522 99.13082174007434
109.5840570427571 27.47331621354525
125.66101288523052 17.058381652429944
119.02547985282592 8.00918025911369
177.5056547393925 92.04908752634466
111.00869307342207 18.559941227196973
108.57156282845767 28.44507011730105
98.62822806251273 23.707614595048874
108.02396966861139 67.63633204708519
102.84334131177778 8.222806757422703
71.94023139776444 39.47326284435364
96.60644528417728 93.7148549392752
135.51980182180534 27.71009294573291
102.5120738397294 137.23454360281949
108.98468089437701 35.520375024340034
107.40221439135551 7.454001100522491
88.81673954151475 42.35697022770657
101.08129842429054 75.52465224821465
109.9018032767965 18.032958914517884
67.07274651131506 93.13118643683067
100.47771502963397 -4.375363372891186
113.78252383823364 39.07038973654475
107.62865052614784 31.15534734923504
95.3140896402576 18.94509795461317
60.67272011064632 125.1030079371741
127.30191040522638 43.29601681556601
113.00680391287594 20.342885362591396
89.93689830379282 48.4811109708372
94.78906917637634 15.200230465599622
95.34386686064767 80.68132767220233
93.44593949911855 71.5145757961111
101.70814583934364 -12.317454806638901
132.44985388047104 20.631123011845183
89.05502695925482 18.641750197611845
86.05794664549433 -4.237311143713109
100.60606867510418 -9.194184490164456
105.14910830181859 -13.729632560228707
122.00776775538483 4.930532310133976
105.99293045477776 121.76388807691177
109.13871635058383 18.581209655298714
116.69523366392474 61.90675148235889
87.8340122269014 73.10928810970168
115.4812143130644 94.07693335101176
132.037605779719 27.628775187862125
120.61940922906469 9.000933688846946
144.9236094366046 22.934403013576663
145.42081596501146 78.95290880231131
109.81089521320175 5.336568371741163
126.65294101708491 51.91679498362956
103.52021528258422 72.42254924257317
65.79002113684781 18.023185392327978
107.39791227444712 23.66874881514367
140.71060008835028 78.56767957006046
147.33243367234502 18.253979953500057
109.80736792994557 96.6665374001055
125.281342010882 24.52126244173657
110.09237657624733 34.86239032094988
129.70179774115505 28.348023962059386
148.79000844471216 30.808677143221576
103.61340190928443 26.14000608496623
98.39537345143935 94.30191159090546
101.19506520698319 111.67027001636764
89.99490792191327 -37.95411248028507
78.23351697181612 138.1295501066226
120.83298303444047 23.451292571760245
110.37242654493788 14.27674000769368
91.59054422336678 26.772774503456517
127.6355496099261 25.197017747288733
115.23608418133514 -1.6777997853342619
147.48286544076475 77.43173949118327
100.72706556419561 89.94796075768447
91.81263872775331 30.696018311987793
106.31941270504768 8.645127844186767
119.67883296016846 7.064860825094131
108.93777702237693 19.684778488669366
100.21860977319382 -8.78743064200286
110.03033952274463 31.53573640652468
163.98302870034422 22.022206040820148
85.86486326399557 70.19919643440471
87.84919598363106 88.7974960412528
117.28361218230728 70.49909685331926
129.3609520899642 38.08772061470476
101.90231442319613 18.50426439129184
99.00452272740752 18.951232068495056
102.11503130948 125.95204549867664
85.39833210735628 6.56777800474179
143.59111900746407 14.441457938672833
135.6829281335574 12.54073672440416
117.47033178841257 0.7045859132362473
97.43003445358146 9.708495872196131
40.11432368029642 -1.6816237342076192
110.10979182454952 32.9488061954328
131.2560139346053 35.09302070070057
98.30852466679612 58.368522155988614
103.74325481068428 12.352187287760474
122.34213204087595 7.583830977723847
104.11874079822391 20.808640918396
96.24893042262171 21.25441606919942
106.86383136795104 80.36068071070424
119.82646012753005 50.258245819660125
143.0559513811057 -26.70528501783885
53.32739111584936 18.395097361697204
93.29753707741231 18.42087931432257
122.21086675594844 -7.479814636613421
78.21393592324067 19.058593318207997
78.32413181240183 20.667173614587004
111.78963025035861 19.280115449700578
113.82174144616567 -24.81295374748261
109.35280823540589 37.06717685262048
112.8575260287415 105.26748769994376
57.89920963890435 73.69971597358403
120.44449803628574 51.67989800501967
109.18972003565452 -1.6358644123128978
144.02714623567334 31.284776530355956
96.748814584428 28.040268880980687
100.40927649227118 42.81367353309605
