120.100421851701 58.97504385399575
120.06106385611253 95.57080123470813
119.37655585243789 -20.60874119010781
84.7246214765448 -57.34129170557672
105.72518425608106 -69.96913160844645
90.89083963981211 -7.048909519079229
114.72913191121242 1.4651104444390697
114.11445262500568 163.31159964572902
142.04885815394326 34.053099864244366
96.38178266251445 11.302412580999048
114.73054940770511 22.63980253563962
126.41957003396088 25.576515479166776
107.24828360224343 48.438229440693384
75.74746085109396 9.663562407970321
75.49620238102786 60.055609818105744
89.39577353021748 24.467529033054802
97.58630349743406 18.16567396781477
111.96302062479593 106.15619524817541
110.6547977300653 61.162927053480026
119.47730029570394 113.323112580141
98.02047883880643 42.675718581017684
97.29384565841214 -9.833651455194316
85.46340636037203 -23.476399547485126
114.86818090831206 81.95109153090125
113.73975050343985 153.57208934049729
106.86523271185995 69.64187864308332
105.38694529144833 12.112644187014528
110.05344281820392 54.75198361269529
72.2059159931679 118.54629630010133
107.99881617242015 -5.337031612190341
95.93458640634124 106.35827966927012
111.28850736826999 26.252085254985683
102.20942744052786 185.50351513145986
102.56705519539575 25.659382727218162
116.38364686308053 -11.758869724542722
105.60917627383053 20.978550801203617
76.6587890099921 102.13503732250048
116.58073214343513 29.820119086685132
129.60268260445795 31.26932271324408
139.75101191047133 21.356284654584556
82.22713207529246 144.67384806042858
136.00400033080484 22.744641842214477
47.80144928267845 17.639261949243117
87.01445658484796 19.600826014089524
79.58650127185507 15.143620615719751
92.66270448783169 123.05402478766665
111.66615190572458 19.893180498028475
113.73877301993761 10.16495120263173
119.82063053950291 41.624023847860045
90.23881430996884 41.90174733076289
125.34812297865835 25.583748327605946
88.75798394279602 177.9326547607849
86.11358033981452 40.52392648129215
95.66856294584987 50.43908499498502
130.58415213846024 124.00606791462484
107.09126124608453 88.03765138559537
125.66777222400914 -21.896565087067174
115.54021995938906 0.3610376448386564
124.50570186882426 9.900001062568078
103.0370988073225 73.73239627410007
85.90790437918358 29.29473023167616
126.4015335593847 77.5990565895126
119.69904133038658 3.7664881438551943
141.43583804189151 53.45587785487974
122.83440766492942 19.029463731052832
94.17329164718882 -14.171009521140304
133.44154694248968 7.6424816863836185
110.90689535745193 22.076174556350722
103.20770489468758 11.78986686513484
118.09191982210362 46.61724883593083
111.85723532218823 126.7161143563429
119.97028136345273 13.182763267718256
94.72010016719392 15.497190282298845
91.18512231665893 160.68444335691905
108.41511226132896 39.83645417749226
90.86578427848866 85.10019917376427
137.63829357388727 62.4213526249908
109.48074968965595 -6.541272872627953
144.92608337392085 78.05631357283194
139.4482737994483 49.25519381949162
111.99637342081299 88.05087808317779
111.08229825277931 6.302169573820452
121.41128848559767 121.8933758653209
101.66294871244405 56.80092839315255
84.99200388884697 14.649149702917878
104.69222092616016 5.786598205070701
141.43966982636258 59.71301107877215
106.14809342951071 -5.787689949910561
122.65991991169827 19.116278778166073
110.78727446770945 6.375017281733344
105.89544140675714 23.82888417022733
97.6619516764222 -25.949057006908042
52.93031896465361 13.268365891087992
98.59327349039593 158.04523755467756
106.26998478239669 36.587817424681546
112.5909060369282 58.17351420708786
103.35619311432559 -26.038337866975112
141.39675817344045 77.87028404947016
119.44312594272459 7.476022752993188
98.9597001907771 84.26548081988841
125.6265788043303 -7.3881999419004645
28.937186292422105 103.32980346975818
136.04514040041218 19.050819644133277
96.1032163995671 7.541656696911744
103.62375151123695 -1.6846417362797967
125.88398776857493 25.677557263612474
149.9804485464693 23.805200699782294
4.435577849607073 106.92677209835738
74.96737885640825 20.415248960750887
118.54471812603413 18.922228348550306
109.71836462924223 12.218463647929926
132.13600167400534 26.309787577571186
123.87591870733519 11.30641086494516
86.26718691976218 23.908388643695503
110.81641530570158 72.75131316523067
147.95222293330923 80.58448869868383
116.15535770733112 17.91549592649561
88.97586766045771 74.91129741150556
103.85964342768344 26.172098956744424
87.13131235520463 3.970222732463663
119.48865863981203 50.23419252044343
107.8630192198767 10.698753674104637
123.51657125880926 93.75784999345242
157.95475214395472 70.083445715438
122.48639786498433 33.19289022712758
119.25463464247812 116.99707848431639
120.93067453229156 20.31883187682539
138.46146652589147 92.39959109003112
101.18884059875737 21.199790091862717
103.17377301055897 15.477360091277042
127.01765987534083 59.85477165940857
118.33582429857988 25.43962288573035
106.47297295085434 56.11252226537359
120.780330790938 41.20462433035482
160.90703295982553 137.19844988113243
141.6284443902818 13.545335456231886
123.69364640528904 4.168099070593502
101.57540192644538 79.12971610704724
120.28681391457731 18.07446665139438
101.71078573184695 -46.651985198593614
122.45178598246265 -17.810904985905793
108.55538691093142 62.35227436033416
110.90858421301772 17.58491005544048
109.51003385643551 -2.4271375417145347
99.74260217567733 -31.23306405146046
50.436766510346146 50.08118596735596
77.33959595867437 37.28822858327255
119.10886180920485 23.624030012591483
91.41371635512834 35.96159962858762
111.40903905477087 20.214499033286476
69.68765808007412 131.48961878457126
115.13454001710572 118.39549455755305
147.24561279937737 94.34739805525152
128.76181650910408 67.67203510369052
111.27006891365627 19.029839814026907
100.66176172475646 -53.57822812318114
129.63918757300527 75.8842497511754
94.75413551162592 12.481672960832014
82.15190835639521 8.708465527230437
127.96792691215975 10.895889478263582
61.807491885292926 26.993562451490636
124.66525317138152 121.59086105839619
130.09375443622753 143.45805767087302
80.36593743509715 53.31681253524899
124.43898562980604 -8.979586209228204
110.87793358888467 94.07953482431053
125.05444666727867 0.6208616545289074
117.14868020277238 -0.6736479321222496
71.39012175376986 4.1464983536172175
131.3269192162295 98.83004553193749
89.42498317611008 29.616364096561973
124.84682422338149 80.02826265053993
104.09148916496557 16.102744563254493
115.88772573745271 34.511717863063105
109.8681272818967 11.392568299489152
85.83656366443765 108.41040904146584
110.31264698349248 20.238744010540803
110.04069660920946 11.812894971067943
60.76389605261258 105.00839619378603
134.13535346665952 19.659733585391255
100.96162974509507 -6.431501016790719
106.67160724719844 14.016226722935654
96.59664183057782 3.7466619399425483
114.24118519738617 -15.526100463604502
103.55119099077726 2.4002194873519858
102.65564969525285 23.88739028865824
120.60403220275586 37.65103153342548
140.26275302256576 5.688067460048641
98.23043411641494 61.67489546393511
131.77180091921562 55.89892043875058
135.94306220357217 33.44776477332492
146.87724036189266 30.966058650286097
107.78691768505236 4.895162830005911
110.57586145772093 37.417502222201115
70.28640534904709 126.70056720592034
112.54223056629102 0.23556506679499645
130.00535682377253 -11.860622063556665
92.48887545650913 4.552337482783121
93.94598460190582 5.788317598359707
133.20883731061045 -6.563966909490482
125.7991896008265 3.8689865991554133
95.62527601288558 1.1658633924186224
98.24232480279106 13.043913821170642
116.97670748036307 27.8480226630373
71.96905376605748 102.94816712738933
108.93933055662428 25.474617791792063
117.3404218886862 26.847832243544495
118.701990268343 -1.145308647983637
177.85664778341032 80.4064007946121
111.95056047460284 9.590163639726345
106.80761419569761 27.056656795091666
96.57935937717052 25.428811753430725
117.83539385650774 49.99829501275317
98.65127251425858 3.801135987919073
76.66886696784705 44.944040313816934
92.8226924002931 59.3109321201314
133.99154417623453 25.729848386055927
93.3016926974276 144.82935131937342
109.13799317321597 34.524555380226126
106.82201858417524 1.3030453513764573
81.91187601146032 31.56264877383425
99.21465650769541 72.08392306577178
110.07308167622838 13.826422162047503
71.4568551151264 79.38609232254801
97.66803416468207 -9.812347593092186
114.26248974391596 40.75703495342152
107.74177226756424 28.76934716336936
92.46647341421813 19.62600617135098
48.63725649244191 101.75670226677934
130.4413539127573 51.57034619623989
109.27572388517636 15.101419816778982
99.0265217745756 39.91723034521617
95.32549430777848 14.58730939204866
92.98585803747739 84.4829462310594
102.61391385050993 76.0946232798754
100.47307848384447 -15.883722132460056
129.22909838604374 20.724846886802695
84.9560653801856 16.494823181689874
96.91152397340122 -16.316991215005412
100.71853865075906 -21.01762494254682
105.3117185802295 -20.050131065595078
120.47598915121833 6.161104706842878
98.66599768427494 122.62557677883427
113.30474444641666 14.847760107455008
126.86887912752158 61.7753299847535
87.13607332709721 71.0133413477419
115.22427101890418 68.30948276879086
124.75059074675568 24.135912419658116
123.30766994425746 4.004385014496398
137.00722113044233 21.11325781087834
144.94263152302827 87.00018578789033
109.27072215853858 -14.864509810554278
122.5837958787829 48.27968811100154
94.84574241013968 54.87689925920027
72.56007403177473 17.634111171385506
106.83343362756135 20.83347987678955
140.47467822218832 77.87406372175694
139.79232822164676 17.425931306826627
108.44192022936188 92.7139526864967
125.0498427936466 23.389919027489395
109.49907458724282 16.01905468768151
126.70325887047356 49.06311655653783
142.4788709363261 28.724361623326917
105.78737505818428 22.878689414088
99.05349006935047 70.70506996446463
98.71076598739914 107.00035604889891
87.62938453445601 -46.21905183142567
78.2749374072836 141.51858009838472
122.66167315783616 23.246474536244023
110.50763273415156 10.702828672459958
92.3608173979794 27.713431054806197
124.6526380057918 24.027822977303114
114.92719391557696 -9.850824917195855
143.42377174136973 68.72976188477112
92.42708344441228 81.67925189145855
77.05088354673988 24.06732620542889
108.09777746606996 6.6021317878395305
126.13430960170142 5.378431882626017
108.23958874546483 16.89271499963679
99.46210320009797 -10.742047236009562
103.9308072113409 29.8665345885411
166.8191740578186 17.226417211039422
74.50078228591738 46.6758340177029
87.40651407699178 86.24809925128154
118.97568303907818 52.219655923828846
128.41855277010333 38.8704489521236
101.0414299124815 18.29350946913798
105.16838574440048 19.080341580205047
106.10008338539029 113.65362714052773
87.5889264871241 8.086868712718783
152.79908746188133 14.87934779896656
139.6690732458371 12.750428135613928
115.10727428505618 -8.742588072562148
98.0415229692351 -10.17021717236667
45.058612027928255 -1.4928416364349353
110.13205860742605 35.5160351998819
129.33486084068966 31.759308476056514
92.41249161409914 56.59696392142462
98.74757452128907 0.8373934752973455
114.50855187787151 -2.2883964310680818
105.73361865836937 20.385713629581907
92.34914137321867 22.43996593996727
105.80603987893295 77.45345594188528
124.32315916833653 64.42707950760996
139.40010876235033 -26.281667138426805
54.14082527329324 15.481076733342125
90.68234895847546 16.67525708665785
121.32128796633975 -8.230213464831193
82.53045193688824 16.532646004784333
81.74904961857355 20.365503409214643
114.74230746403751 16.817963865643957
113.71542876581306 -25.622271200750422
109.47666913243151 32.439309520091726
114.66451833543503 104.48858090887666
68.67745647027125 65.42058753085524
128.05437445257564 39.564054289360826
109.40073800875253 3.0789473657488395
144.02345162887207 31.41564407175902
100.88299309187973 25.53315927986247
99.0209556165522 46.41521415149454
