119.92021917470461 51.446338753690455
121.8882308382683 89.03436944092799
118.61968981089235 -22.755469683841795
82.48153519671332 -61.20089379715895
103.66841332837224 -78.3468085450917
90.45631409024386 -7.691520818318996
115.0557980180657 -1.1805469923636869
114.8128529089473 165.70342274692865
140.26030394194055 32.949713543128226
95.90804725536285 10.895451031468873
114.4359681353334 21.600907062129195
124.95812058353758 25.25137467815509
107.35052161479013 47.77012357676595
75.65051685597365 7.1293945205999805
72.69998387756068 62.87922693976019
88.01913503779649 25.870531501599423
97.02292760516147 15.606737987838239
111.22875377687785 104.8043559542032
109.99611097898631 67.30741674037132
119.29380101815214 112.31200104184789
96.98601605626223 43.348136049233965
95.6310847296259 -11.804821128632687
84.87173746935898 -26.242284719703598
115.00934828032764 83.34418056403969
114.50975076887548 150.14071580999098
106.7542266000565 68.9161510914719
105.4165734195641 11.93042146128178
110.03041782007956 54.03765384036704
72.17834926395375 117.89227032734524
107.88194798648229 -5.523214932560676
95.37037437251277 106.45568317569752
111.12674723183432 25.571264442103082
104.82713809322993 186.7549315298748
104.49117691101452 22.818301392338107
112.89193091513692 -13.134760982675216
105.30245422050217 23.52124576315927
76.02735938645237 100.84149178483702
118.14948688288308 29.213996757363084
131.41483169610885 29.367312233777625
139.58539654662388 20.65080700538467
83.96897579811527 143.96787941235942
137.35641165693005 23.30873592189486
47.95317739127848 17.795838621629915
85.16813329876265 19.632891979592532
78.59335504750385 13.84336759761246
92.63892521381092 122.39277919103901
112.53768191509553 17.37321953823532
114.38999931256289 12.08142595127088
120.20686159320849 39.86834435243649
91.86185476857747 38.88707756540763
121.12110891101322 24.634455602844934
93.61228270800713 178.4181635762346
83.72780582870809 42.027221502456776
94.09170220580296 41.115549120546845
130.92559679204618 123.20081234024816
107.01996520335379 83.73813137981367
125.87787070439857 -30.700120688408713
116.82048593889029 -0.07982630406330032
124.01822224980998 9.569421256143842
104.07818700968159 65.29229235058315
84.55510877276937 29.00720635302696
129.50163972301124 77.89357923328548
119.47623564985128 2.93075321300222
142.2807193974753 51.89033072347562
123.34548036552191 18.31264225406835
93.24060076275704 -15.712403383607343
137.94944271561872 4.771333426986139
110.18912537235681 21.61071981467461
103.44736071981895 11.005499505167512
116.134105717024 43.92168507573721
110.86625111745374 122.23158934370583
121.40557354631075 12.806403638622708
93.77372069521189 14.227401922764964
92.17082961219549 161.05095890408055
108.45641193445225 35.46569642064612
88.83049025001637 84.16268335000899
139.26535597204685 58.16314364475791
111.12323771584265 -8.395822594548973
146.2542479195148 77.39106688092569
138.64222255680446 49.45588550642343
111.5541921071053 87.32677273402024
111.61839079406606 3.4420491415411836
121.25857420353435 119.99658525617784
99.44789479811696 63.53397573959801
83.22111956813639 12.446534644640371
103.94477697987598 3.435447402419543
142.27629708756334 56.37578250027952
105.88322521750229 -6.025216526463538
123.34121572705973 19.111508767144205
111.19152688755814 4.477659848633922
103.35180536951187 22.76913639283722
97.35992962357341 -27.604871910021618
52.58563202227231 13.399554143234345
98.54824413190484 160.93917156607907
108.0770688236296 36.6801360366641
114.18007064668426 55.79665040888494
103.22969376482844 -27.779412649705215
140.4808737463484 75.40144720184588
118.5069233168794 7.665057674509681
99.42440609361805 82.04245142415895
125.73092920546571 -6.948871534889444
31.13926349172598 101.00506451162673
139.6206664115012 18.945237905866602
97.62394417172446 8.548808771245616
103.57226198523756 -3.376124375874463
124.6887252917078 24.712376804728134
145.46453972617567 23.515741915661675
7.789763960359069 103.3550126289567
75.2761980932478 13.665560850594709
117.55662529389045 18.967045151156658
109.61450229958193 10.610044790925258
131.3819791298697 26.171292800708315
124.86098243597282 9.659942725480795
85.48144758646902 24.085917561018857
112.83117645078957 71.59588738719992
146.51171041363529 88.40292797247776
116.02095317048128 17.780932737955983
88.96860748761699 75.66182561289368
103.41074231328174 24.663814943382846
86.89357779073406 1.4772116468980778
120.5594695297568 45.64844321975171
108.21828449990696 4.819557151913019
124.4738376999738 97.35442224781399
157.3080200791912 68.28861468828565
120.41372047381081 33.91266616270309
117.15393740139935 115.31795019390596
119.44830711274236 20.38955526697844
142.08039360188943 93.0273491425508
98.28911954947206 20.092493334726697
102.0020959177151 15.40739383234511
127.37946738734759 57.91483543161385
117.87055005448488 24.920022048173276
105.17355601097671 49.657620912750374
120.1975280502794 35.84011015824446
163.06195595373737 129.69129862873197
141.10971616380053 13.636245602672986
122.24590451054135 3.9239756378708868
101.45934053445569 79.19589372317724
121.00289249193574 17.76767159311955
101.9242149047477 -46.40966913317645
122.21134203987498 -21.46313082041949
107.25776507779916 56.24229973060895
111.73902084867137 17.449321457247695
109.49054585742707 -3.5242036754283816
99.41465716512286 -36.45129949860691
48.922211149764706 54.15543183503574
77.27230545450978 36.99454109189997
118.20978368978172 23.307949949154352
91.17918616219475 31.669989876374153
111.00709983666697 21.33157110432107
72.88813360856925 135.8159654403716
117.33763835625857 116.85152571578996
148.8917749538532 94.79823295428471
130.2603647210623 64.27947899369612
113.45164726551533 18.689903263293964
100.49719874188862 -53.454777570511446
128.70575951852229 76.06912524413501
94.53200478407665 12.31001740645751
78.42937833087497 7.902172303256396
128.10924429775056 10.68858938926267
59.93885393991708 24.999798971596046
128.81087342935376 119.22097556791853
129.0034376763957 141.72885546507334
78.01852939431888 45.99969070923697
122.37825978554966 -15.972878382404346
110.09183463295703 82.46888281518702
125.0168964647536 0.4186413631270779
116.95493432439932 -0.4340161738176417
70.81910760449308 0.24798017731445787
132.63700545841974 99.9868700878591
86.27200606620457 19.68322484717118
126.09292901279441 77.32396207777354
103.99087845035126 12.575595805549348
115.47612402041669 27.889366289090745
109.90312475060206 10.035754980997488
86.03607760230392 105.6283787974737
109.27144642962215 19.66987441886931
109.25735715123372 11.002722682488166
65.15364344576948 108.49726822997059
134.07895750771695 19.708735889677673
101.4476608005342 -4.441436893241583
105.9689755212799 13.527948484385508
96.7974656347219 3.4709184834890556
114.19365620701394 -13.922874132066319
102.10065833648552 2.037661655018829
102.63263628717995 22.49943659112542
119.15005185141422 34.354031249152555
142.81313589359092 0.9085028487144244
97.43424681262054 61.39938435932012
132.66030226410888 53.38088184510902
138.39943097218722 33.68190642518353
147.07722062575272 29.447736164315682
107.76139823098872 4.564521469610692
110.5182359458951 37.09644654046486
69.72875851065673 126.37949960105206
112.05526277173229 4.023986931809466
128.54482822418026 -12.175936543395748
91.41284544483912 8.471947287512531
93.66884000082011 5.016397955467242
131.38247038483772 -9.328794910198592
125.8807356400923 3.9114635107458233
94.23959939958287 -0.122181650018657
98.4594021184268 11.847077628475827
116.12729083525086 27.46824858253923
72.64047399288705 104.071424287
108.73936807645741 24.71038535439732
114.46631502902906 31.045520823687355
118.36154582961935 -4.052415830966673
176.45230500309415 77.4115016441456
112.25181737498713 6.771963170518102
106.26893232505645 26.422725731909935
96.01582497200492 25.878402453820318
120.89554510892494 44.578193736519076
97.47107825016275 2.5891573425113634
77.9305737559747 46.11606155217619
91.96848034715843 47.98232951629974
132.9955727883113 24.94686439478342
90.58254743504334 146.80566757625593
109.20638534982852 33.93541324454598
106.6521149749838 -0.4113129121918593
80.16650311984172 29.296186571707114
98.78376917967095 71.2299533867812
110.12756546914554 12.49426908854675
73.3964331622081 74.36109432963649
97.00878453046039 -11.052138484405674
114.33612533560456 40.87097720318269
107.80360939513284 27.876389495000698
91.6689784998545 19.853062926544656
45.34913321125983 94.15220186838391
131.09281804576125 54.94736493646691
108.01732383092823 13.428471086675577
102.18325571661704 36.518667981318984
95.87446675803285 15.676387181914365
92.57360446753181 85.56279595966859
105.89052560591777 77.73515570861721
100.25355137781887 -16.304519166952215
127.71241732505901 20.741591830522292
84.32959291698495 15.828933169368987
100.7857503881089 -18.21737129070894
100.88798945457502 -24.241691555320067
105.48117042833377 -21.308121567627428
119.67334195462834 6.781565309838965
96.42847259016253 121.69310217290672
114.63636657392836 13.65992201924212
130.01355986421152 62.233650199031956
87.35986357095716 69.49388099717902
115.0471722272782 59.39951529631454
122.03720561036761 22.82554310783379
123.98373692443606 2.6171411396958475
134.04742368063378 20.43813900836331
144.11437435519414 89.48182610448562
109.10185231428778 -21.077638436771952
120.95774889568013 47.46147403545028
92.23180127476263 49.5515017800667
74.92365206063933 17.531248658920102
106.69927063534473 19.83821788367021
139.51605464748565 77.56940719741547
136.34611909163075 17.165595641786606
108.00102796392174 90.50168263156513
124.7039795567677 22.942387092876096
109.30430650309582 9.734881854744632
125.28512689978996 56.17928626586564
139.74456551689357 27.756726695316758
106.63275178887203 22.37629280658664
99.609938201433 62.398024942200166
98.08778587636286 104.44181865056267
87.0245321429655 -45.84198398352086
77.92704924441891 142.1832765058852
123.09118475538777 23.125314975553838
110.53848555449606 9.679330433539254
93.22159651089166 27.87487484314048
123.32221061674416 23.51854082721863
114.71212833529314 -12.03502721917106
141.60227287817906 65.9388775655151
90.29344150376853 78.2765175423269
72.90889037032407 22.568281353924935
108.7372950449158 6.12992251915375
128.10285196487163 5.019679437302863
108.0316918514569 15.998260485504932
99.35497388352005 -10.748950511272206
101.94441894900912 29.067054977441526
166.6451558450767 15.62393798347454
71.45765079780095 38.97176991429254
87.6094578003657 85.12268981296396
119.36229175561162 46.47382052749733
127.6401850705637 38.78489723622992
101.01647492143843 18.24576727996047
107.33825333303929 19.125142419473224
107.54592277759777 108.70337427760388
88.87746247131366 8.805710700537285
154.9310097884772 15.119854669193884
140.38588871323495 12.951750306600818
114.22495209965274 -10.996565411074052
98.41809649739173 -15.601760039408504
47.52081830310109 -0.9935766298973137
110.13615566458944 35.912986949785676
128.50727775006717 30.340246744940178
90.90446266614869 56.46058286649925
97.30762590919656 -2.6550249831275656
111.72081546329328 -3.691358839374051
106.36538820243113 20.22586411498195
91.34770182658575 22.77632461072741
105.52526136329008 76.77994706612473
125.57006551918381 69.59896547943919
137.74368204567762 -25.34187117422096
54.8361867092001 14.56469764757144
90.1856983970008 16.128702893610157
120.75806673255931 -8.10208193086974
84.441707680445 15.717212000782009
83.37107805743557 20.23404731249019
115.6334151099385 16.022397456492147
113.62932273363351 -25.23147410733908
109.52431504118675 31.752290626412115
115.20281256860802 103.27560065566009
72.39944044459835 62.868294904262655
130.27937327480615 36.60053166070254
109.48610285290303 4.9632894627478095
143.2969678149186 31.28690515459376
102.414125002286 24.621789966219737
98.83209800657411 47.025196180878
