118.8782869175721 31.15970677943505
126.56972223519863 67.23501663154302
115.75883843690964 -23.048487329300148
74.92683959025145 -68.71780458700029
98.02156089373625 -97.37220729445453
90.24072890101186 -6.134559998623063
115.78036871613213 -7.637427657765038
116.48426335718139 170.2133305775514
132.48790778058455 28.821613745863026
95.0357867187711 10.085029056600385
113.36497881429311 18.390269294329393
119.66219226845527 23.83529046792306
107.72649047557307 44.418428905377276
77.55420905544938 4.8944547940963465
65.30047789069532 69.56233829350663
85.61253093651271 29.595272944280943
96.19667408764046 8.183415806955342
108.9869787430172 98.47549994192077
108.09835541829538 85.3078999434015
118.29206950048682 107.78180762666061
94.55227448581023 44.03433785978868
91.62499040792557 -16.85553239852165
84.76139793528466 -32.89601051979448
115.0618122152054 83.52981568681867
116.54938623687795 137.81956716661207
106.55896014743321 64.07940154262285
105.82653769342848 11.617107108922244
109.94314859788729 48.88236595594847
71.89510980552923 112.41191190335732
107.617387321023 -3.894783933869295
94.70139893555115 104.99259140508396
110.53457000574122 23.142676598174138
112.9069531775633 185.5321551737135
110.57070850735222 14.172237247330989
102.35596040309005 -12.109849802654384
104.770628968665 30.604979806885886
75.5478482743741 96.2741329560813
122.39068459509717 26.962650802291705
135.34205075066617 26.52268441922668
137.4076668323449 18.517241685157394
90.35762052811351 140.58042306561399
138.8757068553242 25.88791895425821
49.93337624268913 18.36861376266274
81.75140337717386 19.696090619578612
74.2614925383202 10.22415964874785
93.2872119635547 118.03691894916786
115.01137744887306 10.069089043695907
116.09872951278503 18.178213134131244
120.61925128668415 33.882244782750874
97.9838233528822 32.26101827576681
107.99620101389002 21.418024707367106
106.6281870613017 176.94766687791258
77.48069459073253 47.08061013106008
90.06214572923186 14.855332062467054
130.6024696058468 119.64428788832966
106.93336237312549 70.05946468114067
125.37843285823517 -52.87640177109707
120.25555387255 -0.026370979824868496
121.88924591167081 9.345424168173786
107.39255299346544 39.76894649154944
82.08174511649892 29.793095435837195
137.86227765214878 77.91430983677517
118.26171158744916 1.681561088934581
142.34764757717033 48.983282450518956
124.11260922812117 16.23430498912752
90.96201379338811 -17.93034816455521
149.95002898023765 -2.792498374325055
108.03922905952784 20.08096376002713
104.47145482487838 9.260611613855007
110.0092472259845 36.36761269870675
107.87284695511536 104.98595980126966
124.94430935903699 12.076641246159324
92.0804254920446 10.90703763576428
96.32840960369938 159.32696262440112
108.64561704594836 21.622180576998122
84.51368779808811 80.78640929437961
142.9782339535418 46.015408920861155
115.97321995988747 -8.57565355519322
148.16113368620705 76.22510253121507
134.99341639501807 47.88000550625184
110.17789292068458 83.49393534786601
113.03701100986227 -4.277269649203751
119.8848383526581 113.03224022893302
93.38828543644888 84.20098659011498
79.91882695717449 6.274530507877843
102.04282812753873 -2.5532087813985163
142.74657096872622 46.081189031718814
105.37420074611784 -4.930908843484912
124.68590582065305 19.099208578133386
112.24498091920313 -0.007903594894490995
96.33090362631974 19.46705185849175
97.24025871617407 -27.536915366126852
51.056337820234404 14.140241123169059
98.85326791715087 166.6031135908128
113.56948302725313 38.96071358925013
118.58485218375583 51.152789205878804
103.33254907669512 -25.772116922622814
136.3074029573732 67.05079564769372
115.1292300304339 8.845741722926036
101.59634476397123 74.0399747746358
125.39795065206562 -4.079910894344052
39.324434388592714 92.5530937976918
149.0502367504755 18.637508601860446
102.6892692033888 12.31150128992223
103.90866496895143 -5.792204837768881
120.23466298115571 21.511518846070338
130.9388785021969 22.4062786982904
18.75772733567034 90.97310985325814
78.76466326200956 -1.4420035103768392
114.19665477656156 19.114488069749434
109.31092297283996 6.464420716151788
127.70257641925075 25.39938674351502
127.08666645052901 5.387577641829242
84.29120652588348 24.375571530961327
118.60471069978016 67.39707320276551
140.30480203814398 110.27196949727181
115.14572004726253 17.45947905652137
90.64052759406479 78.3011733142242
102.44935231501977 19.83666635753242
84.5613963283231 -4.810866104091552
123.18813892340177 33.78672302082747
109.45488797726729 -12.008005821457985
126.84245767950057 105.97754264804318
153.04852392018455 63.65966700753303
113.604461604133 35.60208471078081
110.4306237235435 106.31649919179802
114.67124550973692 20.529522899097625
151.49933412848907 93.65566315168074
90.1977716654386 16.748083996612323
99.14946370645171 15.496168595359212
127.04058593483187 52.80721185567983
115.97384811510473 23.12955867965213
101.65306414093125 30.480011303366897
117.75049186666689 22.643976664740457
166.4826669617977 106.63295460196528
137.7757085122795 14.211383169850896
117.45502211371736 6.026770403792314
101.82495612774082 74.79430278896979
122.27317840111631 16.92425049897679
102.8547846809853 -39.51819899639625
120.75717018416917 -25.838626596592206
103.50699011795153 38.35469826498277
114.006964121504 17.20960071986762
109.45543573029494 -5.522254078049996
98.77809661858488 -48.77401055518321
45.16967693737736 67.41237739539284
79.06961839219977 36.87346104883639
115.21638956004401 22.070623932249035
91.5294361000611 22.282268752582834
109.74628036549055 29.267924925883623
82.73016602339654 147.35057875421367
123.37307660359286 108.69271678964637
150.96554689245724 94.71033598368903
133.12764871640067 54.32755770003841
119.68014589668985 17.730801198105098
100.62777871278037 -49.55149566932933
124.45235986492077 77.1052974003946
94.92682415367209 12.432561774953816
69.20841479457435 6.536711445274543
127.87766567798342 10.412151709113623
56.8025831486042 22.665011520464464
140.13550905667378 109.59219163510616
124.77124303196757 135.7041766591563
73.59643019587689 25.631092207234907
115.42625158103404 -30.873490138227297
107.73805021852804 47.6207238511637
123.77738297240782 0.8370581141217898
115.98185052890275 1.1744065893289906
71.029500431597 -10.574043626017355
135.23149987340892 100.86701801565229
78.5089184999176 -6.668740644877426
128.80944095318753 69.29174606511204
103.98276933921882 5.399411249156724
113.86393124981635 9.48355469054999
110.00195815167743 6.255877560304436
87.58089300600825 94.70178037763698
106.21126245918619 17.97724591328062
106.96155648634881 9.11930004012639
78.41928033494592 115.61510894239565
132.58718359681905 19.851540914781257
103.29222169495885 2.707801360155519
104.1017834020499 12.385429797031705
97.97324120166019 3.3518382267179607
113.69618725690374 -6.6111901648966045
98.26966487370106 1.9372119954079288
103.00786713741671 18.21488505047898
114.50221392612428 25.99004327568116
149.2830640265901 -10.389537547993884
95.87481062132952 62.33735759502619
133.54199253247486 46.34680690489802
143.45095542562822 33.588806670353556
144.99825156581966 24.21611819289925
107.79093710583508 4.771816062586566
110.29812452728146 35.28757172378595
69.894032369908 125.0796213644551
110.45636763742405 15.685665743725636
123.39952911519903 -11.492639091216041
89.17608280178463 23.716221732108266
93.38505218081187 3.9364207844919905
124.53357256585146 -12.492443253905844
125.26795284941191 4.813996106083253
91.20998231119263 -2.794971412255941
99.83314332910675 8.696241226492958
113.28158534324889 25.666216202318285
77.26293900373024 103.95944651764053
108.24936821733074 22.210921191979544
105.69017090733816 46.2431913876914
116.5372156493126 -11.2535522800878
166.91623985277863 71.65349489442296
112.94201487432316 -0.4551681692691507
104.88557943644646 24.126300026838592
95.15689909892363 26.858289015245184
129.08875703375574 30.781986753022906
94.58120306115336 0.15740136807110872
80.94142287513105 47.833690570464924
90.56434712499984 16.852766867009763
127.99396590818942 22.360422190826966
83.41284936925139 152.15723873142994
109.41674483789164 31.09154817758455
106.31391186146786 -4.083030052690457
76.82160881932107 23.459139430828355
98.24091957967882 68.66439166217553
110.27894926331504 8.997942135352066
81.21482897596424 58.68652868792289
95.52802657891871 -12.824437658571513
114.3017267202769 40.479304045869426
108.07368599661095 24.53595367628226
90.10470703044297 20.49210402464425
37.98684072434911 70.46680824601495
132.42038805819436 65.64223420031868
104.40419105562084 8.70689576261931
112.01682572461618 25.135782010574168
98.12467835796636 22.441329042435616
92.03938314313598 86.98093015461713
115.79210971571656 82.87210731314792
100.00506032538084 -14.676233651092275
122.62544751849971 20.746113671384002
84.3036328797586 14.106690583690604
112.55475791947192 -19.84332844425743
101.7269886084007 -30.55868891253453
106.14917351288393 -21.381719275950246
116.59102785488541 9.434811757586436
90.59718102584195 116.31866191804178
118.19795486690654 10.531537025466278
137.74806286999961 64.10136404021839
88.87899049366315 61.78346341554277
114.36977348629397 33.006580707273635
113.42205856577894 18.669608224431588
125.2065536261047 -0.8899282583776995
123.31844541292627 18.374250650525774
139.58177981064537 96.57140492411425
108.65696312890599 -35.905250322504024
115.41216549267104 45.61840722819123
85.177271659741 34.3878891744907
81.41815964132698 17.324634425594905
106.48572263915645 16.870763868413256
135.13879962440436 77.01057673205185
124.58019245594167 16.463856103343655
106.82268823026831 81.61675080446379
122.61598975551156 21.4497821241726
108.74783168142118 -8.449125131375725
120.56821390973928 76.89047939403885
129.52827373482108 24.51049236631866
109.3615991724808 23.337398259248626
101.72534265687236 37.33910441720349
96.98681097793029 95.16651966569651
87.12331530373581 -34.662688432211255
75.36692674827636 142.70939578931646
123.48612700497657 22.582600051923883
110.59580546525062 7.154159954440223
96.42538927061801 27.87909429406517
118.30042583120466 21.78169210057782
113.91057995241707 -16.712362004569425
134.40124009810145 56.78281208008446
85.68025176717074 68.74634616367346
62.598174610442 19.95243358936389
110.70782279360475 5.5607270180845045
132.82543169263076 4.7541895302717965
107.4688249399385 13.583445679080192
99.8249048671664 -8.67278500796884
96.50909798654534 26.064374488205658
161.30206801121918 11.004623888738806
65.0208950319732 17.386898360876582
89.83429058195237 81.17366840318576
119.82340991139814 31.394923249275003
124.59347041970453 37.60017465724051
101.49933942047733 18.161300298670188
113.89843992163554 19.259115244881087
111.99710915169693 91.38718570081339
93.87670409711033 11.355116794361672
158.77951766152196 16.185980425079222
140.6121395306211 13.950927164031873
111.4537050425533 -15.019540918462647
100.24854530296967 -24.869422768141465
56.925545778863686 1.2508160172847567
110.14170817230352 36.00703660941946
124.87192752119844 25.325829994288206
87.2133995151365 56.321781137473806
94.21527828964298 -11.683674881518987
103.36368305037976 -2.100950917655144
108.42838247238006 19.69818893342227
89.95563062685756 23.542004054310564
104.92207454026118 75.42778060685613
127.9783108781142 83.49033630316957
130.72626717478803 -19.465596497104805
56.226700747271 12.014839963570253
90.0536388049453 14.671139472881588
118.41382167033679 -7.035197898034877
91.66225981397824 13.430759410439553
89.58524324841643 19.786197112966
117.9917724077365 13.845169336245391
113.06723921093997 -21.29346454883489
109.6823303657242 30.848108394233716
116.45961403387842 99.08731679180293
83.0506254806841 56.13915368123999
136.03610386238384 29.544993285507164
109.76668971756584 11.363448013046476
138.9031965240551 30.29516611862983
107.31393809930042 21.66547266699946
98.82453921003078 47.25567722236293
