118.36378965273467 25.543547400628338
127.80438549211382 60.049686881693944
114.6725800955279 -21.36080709577082
72.28274651894321 -69.95056394939137
96.33262621444229 -100.97424487634987
90.70658465474781 -4.163567174603408
115.84846939462766 -9.452810765041312
116.93425736013529 171.19824215506262
129.44247250922683 27.175828175815088
94.97054262340595 10.011808464929745
112.94957687960375 17.330162644383467
117.69574456494786 23.248210241845783
107.8760399883728 42.64578767230657
78.6113206688657 4.840105596205287
63.61867553874018 71.26225255607143
85.34444574959048 30.58327003533531
96.17682055196754 5.782486801050551
108.24843808540007 95.52983662865749
107.50069548386449 91.03549825277767
117.74127555990214 105.71438342000798
94.13871020889268 43.76348511548389
90.60194899797162 -17.76903766094439
85.32199364728348 -34.437492461738685
114.9536211145259 81.49668136184836
117.1340946371933 133.3339342728454
106.5854940017258 61.620159602089515
106.07468734761676 11.670687441356915
109.91366633401084 46.47894191338425
71.66792063396291 109.50473288040801
107.561136636287 -2.7484357328178675
94.8449332910529 103.71193632627902
110.31330693617925 22.240374203137097
115.5894382332239 183.42546609658405
112.60574768412245 11.389299990977921
98.94601355835856 -9.75637703863768
104.72795770900659 32.758604423328265
75.94807806521446 94.2420852185108
123.59837306903381 26.010887243471117
136.22895726445645 25.746081835137215
135.98901662709144 17.81388826940859
92.81661903566092 139.01646522615636
138.9903918390371 27.047800495256848
51.352678930244025 18.57818910766109
81.52159951680409 19.705685045399758
72.4316017336794 9.150224432864402
93.95746805177653 115.58565679271854
115.76103015941433 7.805344438696343
116.52673389371941 20.27984946401252
120.50988252084565 31.517863763502106
100.36747790655059 30.554137692632683
103.59002643069941 20.264028872662156
110.6931864485953 175.29387817459778
75.68540601753188 49.153567518267245
89.08425576631454 7.1795655960741795
129.9094690505664 117.87928877706536
106.96383851176883 65.51573049425275
125.01236550423927 -58.859211674767906
121.22525331713166 0.34412170409468346
120.92220192202144 9.488810244961819
108.54512975878319 31.675146862837884
82.04802151190411 31.17810042623081
140.18538765331695 78.01233822838691
117.72240863591631 1.7066414336026798
141.61519757726586 48.48054554646456
124.06427684498146 15.589277924397635
90.58677444712475 -17.856534144557017
153.64401103922245 -4.9145379398368085
107.34292728193374 19.543812180849905
104.96155147485307 8.959657895497177
107.92397516322107 34.45150749852596
106.90599653418185 98.65142076279398
125.79709114975287 12.02831324189685
91.97787636570953 9.920143934014963
98.03427279665983 157.7992785046172
108.73234798393996 16.850143893976874
83.61983070660342 79.7060372649277
143.26683355426098 42.73103893153672
117.45204202847022 -6.906452032255136
147.8843352066032 75.55233573740402
133.30768428606365 46.66451672895424
109.70876054458665 81.80116177447341
113.42728326822409 -6.253395116677347
119.1789693477259 109.98036708539925
91.58523346410479 90.41699112192208
79.51412558895196 4.541391624154691
101.58047365332996 -4.125683438750405
142.10356779208337 42.774587606433286
105.27927389293261 -4.075199300445929
124.71441815491627 19.096670981393736
112.53637584435408 -1.2130076959005875
94.33975400815336 18.34861809106534
97.47011408137666 -25.808208012448112
50.7830888603333 14.494611722546843
99.08145258418263 167.53022753379474
115.35960063860333 39.89024993913133
119.89678135290663 50.06783785004232
103.51924235605746 -23.979866347523696
134.33635916317974 64.28510467707689
113.880896962216 9.463281170345903
102.49387551693168 71.3424081357724
125.0880802394752 -2.6719627545479154
42.568097603760684 89.02315592267476
151.66710096704358 18.541032628103398
104.46416799978974 13.700277789443426
104.16322070246495 -4.96051462510922
118.47621410646265 20.387226887297157
125.68314469953594 21.945680727187174
22.60206814698885 86.08212110843601
80.62347288798935 -5.088781380554252
112.98469938676965 19.16661109944195
109.21325261726348 5.355256797610963
126.01000113727048 25.07048572963194
127.5267500379999 4.22101089372462
84.47904167384542 24.408729783532102
120.3071691190562 65.55449807763564
137.73424921775523 116.95402974954976
114.75457336054181 17.377343810011876
91.57728824392301 79.13311012145559
102.28337888987595 18.18899934560845
83.5195301941401 -6.516725358148215
123.75921696433703 30.121368724138964
109.88958480421915 -16.939724654950187
127.32701116798324 108.02631105025903
150.6548928079782 61.987199260303846
111.20305959562275 35.85632724084668
108.12214790121428 102.12716361192359
112.95529364316532 20.550372674376433
153.84339796269654 93.83742320103651
87.90774532535653 15.645566651270236
98.43466672943114 15.598499100075506
126.5773491309734 51.32158461762617
115.20045078904322 22.4749052192765
100.63597445021945 24.320191385665087
116.75090423617266 19.33005328026127
166.95456656959675 99.12227107667037
136.3413948620526 14.529683960817668
115.6560761240868 8.586486761234923
102.08463247454458 72.09178418674094
122.42206654796455 16.674798436023465
103.23709310255818 -35.90221681273734
120.01191905685063 -25.17503861077693
102.38828622946995 32.84944406466861
114.66840655869456 17.195027630343198
109.45749951735843 -5.527425396668877
98.75171025642517 -51.86381084171048
43.92116622494316 72.2978717071028
80.3762892478248 37.169844048999
114.1204757447509 21.587792072836
92.15431033422261 20.34942703168986
109.32338440763466 32.77780910762462
85.75549758572237 150.86138662204388
125.11486107195311 105.5779433851019
150.6867758887245 94.0991259655577
133.49356213027025 51.25555518531574
121.64650221836058 17.447759082858575
100.91050892237772 -46.673888363288064
122.80431343686244 77.20403927139411
95.33890131346962 12.559335057377142
66.79448925407569 6.32498369263123
127.58444879530006 10.558740741024337
56.27345132745554 22.720744746859307
143.07327222433653 105.78399460827572
123.02461640142202 133.473732528915
72.75194787805364 19.452019557456143
112.89104553815788 -33.964164201236294
106.97577506059075 35.94001349026877
123.0335001315163 1.4333515292129264
115.54602024765761 2.127523594145674
71.7725584315853 -13.48558867418335
135.37817862017536 100.49446847421076
76.56039649255628 -14.711906472798976
129.31546348243566 66.53333551389949
104.1129355754754 3.5791681749238204
113.21981991922283 4.3475651518631455
110.03069402664485 5.171419868085441
88.49368561261178 90.79628810506053
105.25568071236759 17.440570618773144
106.23737603451043 8.681747953291767
82.5845963298338 116.97084117148164
131.57347606542993 19.897771703081876
104.03336399234088 5.524862621927097
103.60743316068552 12.130954619888605
98.59083511029077 3.5770587334747113
113.46187652015796 -2.2377475417733708
97.17487108682198 2.273429564035652
103.31569783564977 16.784976850341383
112.87494247893784 23.522771304628723
150.71671606390984 -13.374900784473159
95.669231212616 63.18086022198148
133.3807314528213 44.344205216235224
144.52876783037286 33.211702962773074
143.59474605534226 22.28938802993778
107.82805818286693 5.158253492543356
110.21034273477618 34.258860731451925
70.69725720907087 124.51197753277651
109.89974763327052 19.71210193794567
121.47535291426138 -10.413864496878436
88.78730931144166 30.027546741736266
93.74346001952307 4.042544684298115
121.82893065078682 -11.038492126300332
124.79669333157926 5.386660513450397
90.58118923696851 -3.273423589112947
100.5672586490304 7.846095553644383
112.24899250725917 24.92194583438799
79.50819478064983 102.86300799873263
108.1201389710915 21.319225002106247
102.79312783487244 51.602185953881545
115.8248736025821 -13.00111238513021
162.5801046956121 70.29290109334853
113.0834047517349 -2.3371321926620707
104.52783131413634 23.27669084378603
95.16270090557751 27.046801991519324
131.2616426133189 26.850707528674384
93.98324354416515 -0.2365910612460984
81.58424032100515 47.887440382441184
90.38501378369668 7.0346928017611425
125.83183180917653 21.41664871974923
81.7006584132822 153.76837153843488
109.48858520489891 29.8394084250365
106.26525957610268 -4.650644366107926
76.483068061473 22.616866319983647
98.38731316610654 67.54984960205287
110.32281138222059 8.031176924904425
84.19305501062183 53.7231479212484
95.21052614268352 -12.730459052286445
114.19111859418611 39.932751733846374
108.19705307417111 23.248028644410496
89.95082034419387 20.689651380047245
36.23315646097659 62.87784478969794
132.36526182448944 69.41263255981028
103.28885466751824 7.264127609006231
115.28015347886506 21.128377668747905
99.08640247014492 25.605668361691173
92.18302102194475 87.00435614278868
119.02471852413791 84.27563339942546
100.02980895720474 -13.307380853012313
120.63100903815632 20.734638500431547
84.87244449004518 13.590633992023747
116.47547868108533 -19.068542833981546
102.2377025436653 -31.8552980832939
106.42249520166098 -20.808725999255046
115.4018084630581 10.608300773901883
89.02624416536497 113.7913677300629
119.25808761073709 9.668923630056698
139.92395409227265 64.85772131098726
89.62745400274356 58.21497844469621
114.07558258322696 25.034171564414006
110.48228254505517 17.264523371110915
125.31727129148658 -1.780623481758281
119.35491429583412 17.683567667206074
137.47907769975538 98.70455035452149
108.53579588370594 -39.552607937442275
113.40217527692971 45.364456257192984
83.28757893294724 29.989942746801734
83.39869209131439 17.282183275633997
106.46537050195904 15.910373046742686
133.24582118804483 76.41702704235662
120.27744029273022 16.266255820682737
106.50409492311564 78.04716948840793
121.72050387516042 20.906993414556112
108.58302440158987 -14.057129380275365
118.82282511917403 83.53714266298032
125.66528789025354 23.262594751300057
110.29641681246929 24.74409569632921
102.58813179011955 28.96681316450909
96.87508807130588 91.31244832281921
87.5676174610643 -29.891469847018712
73.97465728644039 142.64368600882977
123.3687341735589 22.330985298682165
110.6001576495271 6.4521613914647595
97.9020801273793 27.724585344335946
116.37713036110209 21.163156078407535
113.54955632901266 -17.481129943187835
131.42482137295923 54.1396697014574
84.6558537545366 65.70070343613298
59.716131377405986 19.78342797444286
111.34996770876434 5.709816410361956
133.87770196034865 4.928027179816073
107.31370746321225 12.872710373042056
100.2259126930208 -7.3624890040066715
94.90778402529175 24.92028039336901
158.0010572343602 9.64480102981447
63.98992540178832 11.182100894436928
91.02759413567718 79.75119387774379
119.75018045548833 27.159087605761822
123.29165369692252 36.87403974833843
101.85348377799401 18.14811453017945
116.06690779430322 19.302601808795455
113.45533652195395 84.71603896891538
95.81137172571073 12.31786999608852
159.18357739454936 16.624218405329678
140.20412683830602 14.410255330045734
110.49507288690111 -14.093957644237985
101.06212122801662 -25.189376611111566
60.16619354212351 2.3659089996631377
110.14015856628082 35.55824939774302
123.31885558253495 23.472759431152944
86.40182598150489 56.43021728987816
93.5307501724256 -14.291544150137995
100.62642934353032 0.07944570099432013
109.15019607615858 19.515576940034695
89.86169065858249 23.732446275352217
104.85627713301434 74.5124639794336
128.46425773691223 87.4432506617887
128.0430372279333 -16.86362733623064
56.75500107169614 11.294417812604989
90.54101719650559 14.254477713594222
117.50699771190696 -5.9836618837140705
94.33407583433548 12.747616997456655
91.94571263687641 19.62208381294528
118.5970013250096 13.190793779645084
112.8140367074536 -19.199627334118052
109.7372770137614 30.835159671495102
116.77385098202251 97.3624303964274
85.99989127520146 54.580554373103666
137.70125949725943 28.36349281920102
109.8636412824942 13.712963588918592
136.5962035618429 29.681328016810834
109.02104564655235 20.60079605265279
99.1836786886104 46.83677965729249
