117.0946515616952 16.715812829175636
129.80314572960327 44.98996834503846
112.3972971184008 -13.750832915473065
66.3427984257557 -68.1729862701249
93.45488625207861 -105.84795494342737
92.13812623237884 2.6106906138037433
115.86984082633802 -12.702292615448942
117.75225984689189 171.3987408458038
122.78001891004382 23.678599019316913
95.2634375997172 10.205227911397277
112.06629013473028 15.32278969246639
113.50568652797618 21.969989334321898
108.2141350281444 38.43735161103987
81.71931255573443 6.062990589830019
61.99354034547446 73.77518042777028
85.23112163335995 32.082513364626074
96.32157497917449 1.6491685289353493
106.82309675815472 88.9452522484992
106.4146861748688 101.70726204179961
116.44038271451218 100.83663246647048
93.84783198802829 42.46427928780053
89.16431185053762 -18.57001139837762
86.85689236474781 -36.63439923535326
114.58458484287118 75.28317865324762
118.0752252233458 124.02740556531418
106.66417280032739 55.69130816988851
106.6734298744218 11.945931154601274
109.85258973746589 40.85988881695888
71.52670899712611 102.60938853793219
107.50685157286443 0.11605184986591333
95.40085382065173 99.8984432639626
109.8451683953977 20.36812165478484
120.81632282104736 178.09566170026775
116.55175035767452 6.148088335615224
92.65030641794084 -1.8978949975546158
104.711777460399 36.58024977317346
77.56031655155326 90.0682280344603
125.58211322619258 24.045452962358247
136.83377469087634 26.28654461634739
132.75148893477018 16.467525162827286
98.05954581745816 135.58831668772413
138.06584680393283 30.853914456000233
54.62077744571722 19.012790917784393
81.65097904413949 19.707392955857877
68.73904704809983 7.408075756807016
95.77038823652376 109.05954176434138
117.1092044187515 3.5406455440887483
117.20329946798277 24.439261555892546
119.96376905126968 26.365508773387997
105.45182444310892 28.6657968594156
95.04311239198086 17.950782987178496
117.66115552899686 170.2608929444406
72.57313538785223 54.04853663635919
87.67988662982185 -6.333966402432658
127.88460651276586 112.10040105148812
107.11999311908968 56.37033486303269
123.79874706048194 -67.46407383540736
122.72643590948421 1.79139250803662
118.59934117011858 10.085737201792936
110.86221253212898 15.777824183891617
82.87429088319537 34.518399778518955
143.91934621501522 77.77691377580736
116.38742759278368 2.3864579321712878
139.48613958028378 47.43481826605857
123.26392756284194 14.43288326283466
90.31152514012473 -16.667679812064222
159.5302274068221 -8.1714356447295
106.07982278679489 18.470527732765404
106.10245796105215 8.860409974671759
103.8301435818748 32.453701739920696
105.05125306612678 84.66616681141451
126.98001081202372 12.104136410541333
92.24163862951337 8.379787616340643
101.85269596066229 153.26673378568378
108.93879760564475 7.408739385277968
82.89890338645215 76.87681532104756
142.80603181435887 36.56418733540263
120.16124501023246 -0.5514161832442643
146.44409627843032 74.41671661069043
128.87823818465597 43.08074490481486
108.78568581856499 77.69366526550215
114.08680098276952 -9.553095747551005
117.45633069822162 103.1058087107043
88.7529922337592 103.21494110884504
80.02090728370905 1.3972837353676444
100.86241382917713 -6.3864030087615955
139.38863375833606 36.885241142576646
105.18025771729309 -1.4169007933408806
124.28373107150601 19.092672343530328
113.03252935361262 -2.865739088659133
91.07629895133513 16.140776122830214
98.22517104521883 -18.603362313294443
50.915832086169765 15.315470793105543
99.74283946200273 168.315018943604
118.65071906942532 41.994205907042016
122.30175267859471 48.36540149851816
103.98889888642644 -17.870243302937666
130.01876053108901 58.708316891118045
111.2273435553415 10.875210036411339
104.49161411545484 66.29941002149461
123.85508075180293 0.6164655212470904
49.889265419534595 81.91547966737997
155.88215622794536 18.367173237305835
108.14349330540142 16.620129047237576
104.81228546062917 0.38677242370975184
114.70019305698499 18.12549310835207
114.97051093926648 20.953662132803224
31.11928346178891 76.14418386626144
85.0164865316368 -9.224403938950214
110.46469222643613 19.27139928357255
109.0332734349378 3.5174457031106834
122.26594115463655 24.297340273546055
128.13492836350886 2.3767614078093615
85.5291295025998 24.304035075113845
123.31198247069653 61.531596063206244
131.69661974287357 128.99197812989652
113.78523489977398 17.247761100697023
94.27336769477441 80.94324186493381
102.21849289880542 14.93995401624999
81.25506544102223 -9.2291411344725
124.479797770988 24.14111052503646
110.76395143896542 -25.290385849476746
127.73625892719069 110.82776364856043
144.3623195666503 58.92287478861994
106.37195307496823 35.57267242972208
103.58876065466536 93.05445274345776
109.46386850374074 20.573705797357718
157.43315602247344 93.82952456891203
84.41214644997147 13.554627425151136
97.45446778973194 15.924927275704446
125.13417135201927 48.88281289222333
113.4967503148822 21.071418689342938
98.9577129126737 14.250989734864962
114.44748260248686 14.347306203640139
164.91445723572497 85.02436724623469
132.62343235001973 15.320818221457296
111.84663575413614 15.797390241250817
102.84528630682125 64.81631311229386
122.4693626379773 16.22544000089477
104.10970725386025 -27.124688700247326
118.07404456502648 -21.377464370269802
100.47448965415408 23.829652673655268
115.78371437669371 17.24006918312915
109.47836200840274 -4.985114668224075
99.00184596264515 -56.891764659163606
41.53939196753021 81.60008088017071
83.43530498169396 39.063136813258616
111.85986446641111 20.529472394286397
94.02758239999656 17.836386762056033
108.49430964569605 40.47764636655244
90.99708312304634 156.74642251337943
128.36723426608026 98.41951922137758
148.56718367081552 92.67960795927786
133.58086758870292 45.205691768647654
125.37193313713442 16.97432315141778
101.75628642468426 -38.8036790157356
119.34676858425631 78.15743894589063
96.69536764510195 12.97338630028615
62.81508544345283 6.391451041089231
126.50326847087379 11.188752692449945
57.26889944150711 25.09107953615088
148.36187218014553 98.02676343068812
119.14156711759232 128.62631350097314
72.09879279953793 9.698057218347657
107.77316950245313 -35.85046074730683
105.5541105518144 13.642220571613754
121.29845031552128 3.0498876138128255
114.46834006067988 4.473474267029719
74.75865453747052 -18.08284600944993
134.71073894229417 99.44202747702059
74.26364722873092 -26.025442244227996
129.37606320393772 60.915188399350086
104.45950620562648 2.6972195253136397
111.78254045592656 -3.6763555579780447
110.07696195630494 3.1768361626378017
90.82683113097501 82.83145528300724
103.43078767649958 16.440141745489186
104.9072203666931 8.059190607275129
90.65463545471702 118.1992867422146
128.55913088445865 19.980953635209698
105.62104219900486 11.394736358037314
102.64553404917405 11.787071839560237
100.01357186140788 4.501601860367228
112.8809195833378 9.763200768362537
95.49061894636513 3.5390465506404976
104.16754423012377 13.989308640209806
109.57533253758184 19.736221726580006
152.57255254489922 -17.636932528578622
95.64719280774447 64.47847421537081
132.4826681061187 40.281865363521426
145.7456444676307 32.09473425723634
140.32640587799418 18.35468988562951
107.95160744139513 6.0970214060339165
110.01929020488785 31.724497541442815
73.43381198851677 123.23218785811896
108.79632563347968 27.680237623688885
117.29825358191583 -7.317960319729716
88.8473371362922 42.82674006858549
94.84717937711893 4.657676258565959
116.11497504369686 -4.633476434665123
123.60163756245053 6.941925555038242
89.46067451592607 -3.5214596707597208
102.36298105910303 6.579663502066994
110.0895505858137 23.259350094337936
84.90353911868908 98.92949877367893
107.89378104895329 19.49412627814766
97.18192923459277 62.56534842197826
114.20795089233916 -15.643012785620362
151.9697654953372 66.97774873883145
113.32287699925516 -5.389570837366631
103.9029696065256 21.46451470474944
95.77724689836293 27.067985682419096
134.69353130380597 21.40865839896147
93.39215302113958 -0.5864257402429947
82.23651196837721 47.355609336004605
90.66265487151456 -10.096490731371956
121.05102410582926 19.488168108836515
79.42231021512326 156.37199097589357
109.63525644575651 26.91877497630657
106.25625410249788 -4.863576147350245
76.72252834335164 21.612762010358576
98.9745190414327 65.5951318098297
110.40029314754813 6.422283433064414
91.15373563257953 44.728334417505195
95.11206015391552 -11.727936187160267
113.86364442702614 38.02283344576913
108.50960640413645 20.58144258739499
90.52639421425053 21.0653651187014
33.83594095331481 50.00765402904177
131.82521876850916 76.85740180005496
101.24590150885787 4.552769217612965
121.65080597210866 13.083611607714941
101.35892924308125 32.09606957441953
92.8391733411499 86.48695945190966
125.10634589005818 86.41606232395235
100.49152792044553 -9.91857711919943
116.345882818404 20.67918714445768
86.6127624748648 12.719267047738606
124.11373486293918 -13.68262325130351
103.36604192842539 -33.30241877766916
107.0673831765674 -18.663583719566898
112.83901338537133 13.15055301705024
86.51138308395959 107.70807071021017
121.16115496622301 8.375222151391071
143.56286921209326 66.00448624452112
91.74883930640814 49.57214198225864
113.39543775944182 10.85618216206798
104.62993316588746 14.515605928637733
124.87159010276478 -3.020889127542839
111.2282738511095 16.36264447788952
132.66731519043938 102.94791502793261
108.32688951008683 -46.21525157555272
109.28252527269109 45.89015683290918
80.34071922396319 21.598650323741026
87.26490674445755 17.245734411371853
106.55643338353619 14.105384004811937
128.8286632443748 75.68376825482865
111.6479691313892 15.89399429877796
105.96149906465719 70.44863630425772
119.48568155030577 19.775739082885234
108.29010123120224 -24.31089332137371
115.10958795581172 97.51960244998651
117.78748546440875 20.69938759085491
112.14142254866275 29.326350547324978
104.63742742822734 13.207423286106618
96.94486286976274 83.53643597246729
89.15664342096274 -17.481703170979536
70.74178377284598 141.95108427728346
122.59376016518539 21.71693711752806
110.59183085036409 5.468309279857656
101.35498161145387 27.002621412726757
112.2707487234743 19.87149057338058
112.74100820439863 -17.966081777327712
125.01618121755106 49.637632639249766
83.22036014444045 60.24487245173228
55.04991704034541 21.7951806704969
112.59402142995117 6.480732227414387
135.41303319782014 5.861884985932112
107.05603127778643 11.71558451764562
101.2995436826868 -3.7304872021729327
92.17131893518196 22.450918076520743
149.55506852555962 7.217704150971278
63.20056735467727 -0.3420598048754604
93.89398726258025 76.14187558255473
119.36023173682455 19.979660268126644
120.36585154051048 35.14515059813562
102.74994467917327 18.16206158089716
120.27196524604796 19.383253181539903
116.21257968398672 71.02547176027649
99.98387685571502 14.32820459960581
158.81789589639203 17.585256442578785
138.01035797251035 15.412655621465456
108.57029976791812 -9.483229451368194
102.99919988359726 -21.903200562412557
67.25596937040433 4.874048335716738
110.13160297825443 34.00351534060334
119.64936004971274 19.65452857417153
85.46223678031926 56.530289149839795
92.53753777108243 -18.886034537228017
95.49059645374597 7.741988077733279
110.6017145296857 19.14676442270859
90.28369002821798 23.951309625669385
104.8393296456001 72.90140690299124
128.74650456719942 94.97804204616683
122.0653074606845 -10.455140396827973
58.5145883405982 10.07532009731415
92.11037738826221 13.567488938318983
115.63116357817141 -2.7466918438581764
100.04859208663605 11.542399835230645
97.01146121385837 19.282812778363052
119.6539139227749 12.150828454982355
112.16996142245077 -14.293160574120673
109.8485920872307 31.42578707773188
117.2178487538881 92.9815925955162
91.31370275164025 52.86238682590396
139.89910484864097 27.674769096677593
110.05970731109008 18.495036983501187
131.14783988779314 28.090681713660036
112.43912331239207 18.44728027098342
100.2568335875124 45.218261794307836
