116.37064518363849 13.123719466497656
130.45186314451456 37.7707292744654
111.24705636699345 -8.417513426073354
63.409612530210026 -65.51783901572387
92.23216231765043 -106.40066498497173
93.2268850846353 7.706227843052227
115.79355402254947 -13.983665180528313
118.04889700619458 170.72208060871026
119.23651372778949 21.832526444124206
95.59895528092143 10.460345289125016
111.59403244306333 14.355017472540219
111.3419867095178 21.28758216224246
108.4100613183319 35.981529749520824
83.71408330038717 7.769282769210392
61.79178343614158 73.9560893283125
85.47726385035374 32.702554628576145
96.59989789165748 -0.07838862865183183
106.14862885698162 85.50949974638225
105.92251442024796 106.42452459846213
115.67185598494957 97.8563695847537
93.97734226534962 41.33753887026943
88.70146806950594 -18.64264612736486
87.84945511940576 -37.338749475097295
114.34412649840323 71.32768425432437
118.42479399869292 119.26965696914728
106.72678553836616 52.35019784148837
107.00183281068317 12.200344880378644
109.82237660732052 37.696000760891735
71.31064177204333 98.99405789054954
107.50215065065777 1.8992936012172112
96.00267317636371 97.41689869457832
109.60201223786092 19.41726853935699
123.25057335876282 174.84223523037528
118.43177666540443 3.683907372209538
89.8650425524244 3.491498686946846
104.77810841938764 38.12168681161312
78.79605149448201 87.84848238656201
126.36591354546049 23.01361470030205
136.69043039692372 27.694731799687
130.8647237642483 15.820978875168098
100.78801170612523 133.67611687695222
136.93216478905546 33.32419492370959
56.20604611145385 19.229964160256497
82.25633304957958 19.701056266517963
66.63187391292851 6.674077951404435
96.80884027600189 105.01231210384634
117.7169697092899 1.664024329791348
117.42647618036891 26.44374150254896
119.58175079657725 23.701021150731428
108.109041730728 28.384222887148347
91.00531118889174 16.80319742747932
120.73709205420448 167.1678014084842
71.4075019479894 56.447778815919854
87.30500382687005 -11.592615533070747
126.68421288520072 108.80612745220454
107.22048045007233 51.858506522312524
123.03111828240974 -71.07842989962006
123.1601923113194 2.7261464916156357
117.33754812887493 10.490687029348912
112.01200479277796 8.744335499357494
83.55513868252466 36.47904070214302
145.32672066467518 77.3636099105044
115.65499803977387 2.9504868522115597
138.0363951389321 47.30496714131267
122.50954146495619 13.923597974408837
90.35844939514975 -15.38229831742304
161.3774219454555 -9.457696963610276
105.5110939879385 17.946584894083177
106.73028581970703 8.998931341633835
101.8849989545099 32.27382442257273
104.21151801976748 77.66769327390156
127.21260956078966 12.227980806410622
92.68870729781358 7.847884575714656
103.9563998868212 150.64582381206037
109.05939813579971 2.8663154667900095
82.90555593431921 75.21372993069606
142.10239468494137 33.76984429408686
121.44523166541596 4.103774874347163
145.21932442331953 73.67716588400845
126.46058077114984 40.81756420864877
108.33769613052463 75.71064052059975
114.31806237008993 -10.669834417025752
116.42177517686902 98.79931488546612
87.7341107548738 109.10945419289261
80.74640936618465 0.036358257239395675
100.64216957661468 -7.2040031965075135
137.22623283486863 34.49908439930226
105.16890437419603 0.24013972707381104
123.99446748547669 19.09161091739358
113.25319175747944 -3.4054888163666566
89.86368686731704 15.073682437810787
98.71583605945612 -13.991812036879033
51.27531593322118 15.76701033051948
100.28441412180582 168.03131508353795
120.13771646314697 43.60501603872828
123.34347976087753 48.01742484451218
104.3365890418638 -13.56832473491885
127.56964644964881 55.703443819477
109.88174960769449 11.642943421246734
105.54670711366923 64.33851985524265
123.10599357112613 2.485109117463767
54.248664512379726 78.19548766623552
157.1969991638594 18.287632192998974
110.01358388675507 18.13436363234092
105.21055682466555 4.358277207807228
112.72058370779962 17.012202338678666
109.57333930307199 20.432064761291418
36.53133526512993 71.38626928869651
87.4724033764155 -9.515465250373342
109.18028117128969 19.32354146563404
108.95691212311358 2.86483472020313
120.15920985483072 23.824228933551357
128.1876778431932 1.751886676628403
86.54630771668535 24.152108876235673
124.67791336019732 59.9755826316806
128.22618798918145 133.95643833193097
113.27726396388505 17.210374715297547
95.91323990375365 81.59248849797318
102.35638254802618 13.39825877422353
80.018192785245 -10.21240993589381
124.59421441314404 22.113251815990246
111.19571073947252 -29.046627386582784
127.6991476568942 112.10734158919881
140.8029096633496 57.27063294771155
103.96473544786917 35.044197595723524
101.36692618521938 88.29357266181985
107.70655335372888 20.553488654781464
158.5600849327527 93.29135078019148
83.17412382554815 12.607932961423376
97.04813024435647 16.116808185185683
124.18129615470606 47.95628084291343
112.59361660891753 20.340628549984043
98.25988246762799 9.954017320908608
113.2157359299928 12.779623602812674
162.91856177835788 78.54456251824696
130.24636524665513 15.791296175177676
109.88776446314425 20.282449519103558
103.3456052537832 60.56833624519064
122.35942869705501 16.04161951243954
104.650154275017 -21.81680075812161
116.93636661487542 -18.531458307339207
99.6854389977147 20.159612726316542
116.24760301322577 17.293407508407014
109.5005889570048 -4.253546761302762
99.27659272253797 -58.58803095647347
40.80380921291344 86.82444452712254
85.4580772728631 40.802458755140734
110.71044448265162 19.982620137876765
95.23182889334399 17.31579493624383
108.10598417642079 44.867407708563945
93.3191612036654 159.30336774381766
129.82861887759532 94.49767821733468
146.5434467699743 91.91945102405245
133.07315836436064 42.45271488488551
127.11910376084143 16.775483267679014
102.30154183123862 -34.18758165727779
117.44905786536482 78.80561125671443
97.62837108811182 13.320265028767576
61.565825987432525 6.597328144838141
125.72757169435064 11.64705756971262
58.55422509835849 27.174749443374186
150.37324449463765 93.85611321130932
116.98702432071245 126.06048120745784
72.6845247092019 6.0521535309601315
105.2371291462928 -35.61293491361619
104.9217187234733 3.4619979782361376
120.33223760253627 4.0518434782378705
113.87075690938165 5.942782361890584
76.89151603912765 -19.70440578596742
134.12014710799568 98.48814575304299
73.96469718104149 -29.402329558835476
129.1162795659413 58.15387169176444
104.70711058019236 3.026259445544278
111.01515443878712 -6.452616499350575
110.09642475626039 2.452025677733658
92.33850700272974 78.56984223463375
102.61371546448895 15.985727678498058
104.31106377366369 7.9507044910590965
94.5413867607218 117.97054802720905
126.67540795896355 20.01753881424729
106.45334789564747 14.47338193368797
102.26426604521602 11.699824164938198
100.9030867156069 5.271971125580774
112.55903922951106 17.086134219931957
94.8645067203691 4.547882040698788
104.69614578468632 12.638344896745242
107.92008606944445 17.945064824295073
152.81984504453712 -18.095161345936635
95.88955013333958 64.97090900370058
131.96841553698607 38.48586321319018
145.66193239800361 31.33657487089453
138.01547506983022 16.384005652794272
108.0358074999404 6.812722579586208
109.9175535630145 30.303720864792304
75.51523988294994 122.57322476663435
108.25287274669368 31.570553378488558
115.11556661944283 -5.563289604937405
89.21011405631242 49.35895648227615
95.58073304020101 5.198440645935957
113.12762009539912 0.17903893492247036
122.86184914657429 7.856119561736814
89.11815037099723 -3.2016058821370104
103.37753537084419 6.153869174512843
109.00179452397023 22.376614369421826
88.002822480491 96.28174932556472
107.81444659377192 18.57237592077167
94.51133506780117 67.84557532094016
113.35174249299426 -16.3373617498287
145.76861162090523 65.27117488189363
113.3817994029301 -6.4961780864780305
103.66626728263846 20.529095931602686
96.31578810683484 26.95366213662404
135.98269450955607 19.032004904090943
93.43189720261157 -0.573069315488957
82.22720540016076 46.731346096190435
90.9565477962409 -17.88300072934539
118.47805790250658 18.52297333113868
78.51547122941685 157.12692039107722
109.71127976961296 25.310815824949902
106.30012289538841 -4.477390561565026
77.65350481840227 22.064770823549424
99.32533060978331 64.53875258424966
110.4341372540453 5.804061469655683
94.88656770355239 40.44833695912047
95.24482358980019 -10.694275901148671
113.62189244656606 36.89141034762953
108.67963722235777 19.205850386540288
91.21445989482545 21.23222882479457
33.473742028104546 44.98394870846796
131.31869852808455 80.54650709912707
100.35655992231767 3.2414948476539003
124.65382641442682 9.122726772590244
102.62726271171472 36.17567840243649
93.4690985776889 86.20474048252922
127.93915741321462 87.25375608322655
100.89235465581007 -7.979184605953678
114.06003347361249 20.63069626338393
87.91370664507829 12.380797232299933
127.61627522875193 -9.332160740946918
103.98382008208513 -33.18856903924511
107.41234069566471 -17.031382758070123
111.53038344688477 14.475070533045155
85.50422430837692 104.59705468651502
121.94242456267357 7.9290080785464
144.67148228929105 66.1754760060779
93.12639036329064 44.71321042613769
113.02331570939191 4.673884657327477
101.74659668950163 13.207141176370477
124.35084076112788 -3.3001104373075347
107.13187109991634 15.757928218049898
130.0002100486269 104.66734713234513
108.23172663973365 -48.970301288057
107.22164944174575 46.66344353579003
79.33650588330909 17.960484350377474
89.41299870621464 17.243836538548585
106.65502621006162 13.305252713482018
126.4530221515655 75.07194301881744
107.30368798537509 15.74183845624286
105.7395862982021 66.68086851599467
118.22993444071793 19.197474852541422
108.1621448693182 -28.967071977022417
113.19781623420391 104.41930324024098
113.70460484234722 19.381875359192005
113.04376454047002 32.0666822368551
105.75500364004895 6.004624764098961
97.12071367502597 79.41932483103837
90.40771111511567 -9.751579374289733
69.29391305582615 141.19964237449452
122.01056036451688 21.355786996009222
110.57168457878605 5.14408524202902
103.21993903130605 26.44350858763364
110.1641581428532 19.217911803936378
112.30086303718856 -17.749667030739026
121.68857206309615 47.85376548592188
82.97190233351353 57.645669173308804
53.878704385947415 23.405715465182794
113.15809550280125 6.959772410752032
135.80726780981806 6.538738983445415
106.95290283105933 11.23427543556007
101.95863662626085 -1.3823993083764448
91.10488583910036 21.172938456130506
144.76085903537424 6.139212459934389
63.687517777106905 -4.844930961970645
95.46197645025316 74.16580863466665
119.01054124263051 16.64515216470675
118.76431367139477 33.98125691382124
103.29225203435163 18.177575667223042
122.1756966505375 19.420391835498044
117.46779232274332 64.49578628710464
102.2473162661057 15.37000694745593
157.8989098380863 18.09748802536551
136.39718559571529 15.942225380085544
107.61672817456991 -5.1869165943244795
104.07734966051049 -18.318503857486533
70.96551979934806 6.4731840833231615
110.12411170505673 33.0225525179893
117.66293546511567 17.722420759743496
85.3867223192745 56.661793899710844
92.20507479411118 -20.690137343970125
93.16170592232776 12.50577892308311
111.31931582814163 18.96284073785807
90.83193626761249 24.006392314469807
104.88702277798907 71.69352871994877
128.74645857603664 98.72399341892222
118.85080658279239 -6.8928112549945615
59.2505687318316 9.611857209575652
93.06441425377409 13.303961972597248
114.66317343343573 -0.6834044473313714
103.0956304932235 11.009844251605884
99.74256319536231 19.112030382024017
120.0679124340272 11.699495524409306
111.79760729741744 -11.351640074063575
109.90362244164936 32.140472200083515
117.29997987459214 90.36801846429039
93.48395200206768 52.20771093882834
140.42673988205166 28.11701825219739
110.15618346122196 20.913085635635483
128.06632142868457 27.18257155458718
114.11025130778452 17.38039239661439
100.97572825145748 43.85619012142379
