115.57727898093464 10.376166152241964
130.99245310831495 30.540304495291753
110.09114130339864 -2.021995255353678
60.71993368766718 -61.57218287259897
91.06060037767868 -105.56905799761721
94.47113125113832 13.345637778048593
115.68323534071313 -14.9914081407945
118.20910322297757 169.1498692622801
115.61300282581443 19.96362371384833
96.06428560338631 10.858175123083688
111.10530560272728 13.4863951300405
109.1628863200648 20.596168987589788
108.61708232650977 33.464649769906465
85.91383231566665 9.993804531259377
62.22493293504824 73.56775493293803
86.08232221294732 33.19195730767579
96.97204781378522 -1.651822956875175
105.50130266096498 81.62658123003902
105.45738122389409 110.7956812217821
114.79255311939735 94.55483728431192
94.31898381783115 40.175528965550534
88.52807094882944 -18.122301838783244
88.87733137455248 -37.05197092641356
114.05429546771327 66.88873995449123
118.67251220186678 113.5352831871545
106.82242532263834 48.938490507159734
107.38389381956283 12.570838365126285
109.79326142505624 34.35199205609687
71.10416982512128 95.16579265894528
107.51955319686924 3.8053164137685
96.73650176138172 94.62380702651453
109.36256351525938 18.464813252660857
125.5550032028818 171.30186927551546
120.26526826021185 1.2748558449715115
87.23356756704374 10.007637424993325
104.87935355063854 39.503824841164565
80.24721341274967 85.7922562636626
126.93900640117998 21.940728222686563
136.15136078546698 29.734459423170033
128.70954907495798 15.207447017949363
103.54641829141931 131.6759052088177
135.7821216110116 36.427110689845144
57.81637359834321 19.44463292489184
82.99757146494599 19.692973457688037
64.64343800621597 6.076032003069817
98.01582020996719 100.59221837078086
118.20819687432183 -0.15849462552817362
117.56890001317969 28.36119770897907
119.12652435154976 20.97397304526638
110.80020875699135 28.725111002133733
87.20159205673086 15.663928579603846
123.2999987307065 163.73024806025853
70.62568099355083 59.05604396148924
87.16038778328087 -16.45729706934512
125.37492130412272 104.81437447634293
107.34125965904693 47.33974273579384
122.06406715579703 -74.42133724704011
123.36548755015569 3.9029405988375743
115.97483717154019 10.917927414349482
113.14580178074964 2.435431668766485
84.6051131821787 38.94644782896472
146.58881514103743 76.84688474369445
114.83449928579822 3.6598320839953074
136.36866943472882 47.726097068695076
121.63524039096343 13.47071912968873
90.57379140141633 -13.73479964168826
162.25970696989958 -10.557790906108263
104.99735210257434 17.43420039826743
107.39277218320986 9.272084064534788
100.01924752394712 32.36248920198853
103.41210957805652 70.47211860074479
127.30175726008262 12.397075397993067
93.30994261752289 7.4068925252262545
106.11574642941363 147.43475602536694
109.18571714964924 -1.536390312362652
83.2466956195739 73.61127930434981
141.00848894390296 30.907627519188893
122.56958326927926 9.43914250861938
143.56555954230373 72.91954368668121
123.9484693883635 38.24270277932759
107.92081096183048 73.76496912128978
114.47547498110355 -11.484017102996972
115.342777693527 93.88125311782757
87.00092899478238 114.49453793303276
81.51331153162579 -1.1976490424885222
100.49674939467731 -7.639110020961329
134.7361614439133 32.26753317593798
105.21059518381443 2.0966376480035427
123.56173040950773 19.09114177322712
113.4497822747384 -3.8848217229141566
88.99214785536772 14.073114977934416
99.29190930709814 -8.344725691182127
51.593346041412346 16.235371004559916
100.86367939349493 166.95299145103206
121.58644554079235 45.501593859306354
124.2116283314555 48.1315775293652
104.77003970130038 -8.061041343635555
124.85567307784036 53.038773089411485
108.53671522824793 12.459322851928171
106.62885316728496 62.37377837152706
122.18649952704021 4.523494447489917
58.595518362646764 74.55783707194497
158.1873375721814 18.210144540209477
111.88352364034007 19.656742563199156
105.63838601119114 8.723290062708983
110.70349406027094 15.915235415899634
104.17696575751015 19.894611545073857
42.557084823951136 67.35160241739177
90.16250405214863 -8.83321014279593
107.9001765286166 19.375430713137284
108.89531354956688 2.3462464326325576
117.93666377457681 23.31120369332618
128.01332029223326 1.3719443833756717
87.70456951620336 23.93792081176438
125.80907217312021 58.68224552484864
124.39432979227166 138.69723548591713
112.71171023042824 17.201618772290082
97.75079904394988 81.84149577992687
102.56814218294329 11.931716001670525
78.24253636814828 -10.924293875410243
124.54825160324543 20.477526183317497
111.6158501120217 -32.25337471449994
127.45232289732454 112.77744182331367
136.80269393852285 56.12055299168995
101.57517817239449 34.32490444878548
99.20416225705334 83.41741793846299
105.96734319011831 20.529358275974978
159.37633640933163 92.89009114440994
82.08500819415347 11.6825828717958
96.77836969414192 16.325343123384947
123.05520597861046 46.910345849353604
111.66535994724535 19.602887384071007
97.68151013650389 6.435984770566879
111.95660229453512 11.426635468209843
160.11064881068728 72.6485102362943
127.61492628992605 16.287210706827256
107.92831351078573 25.228805130690148
103.89278554034175 56.28621092612836
122.20476197264398 15.901130669957123
105.26822614099392 -15.936475385939795
115.73197936594102 -14.468033086650951
99.06782282306547 17.2521412099778
116.65664631874586 17.35824389853034
109.52965819476046 -3.409219476361655
99.71226864515405 -59.30752710393397
40.60751362194311 92.25902708700112
87.63373841213651 42.838581827451215
109.54999229509635 19.42939328244677
96.62386369466599 17.479204679494256
107.721062960493 49.840537758651486
95.15369006855835 161.31459675708038
131.06368627169098 90.4994445700025
144.31791173600314 90.6544117621811
132.29811353832136 40.14566946068504
128.56086920711405 16.597807636237818
102.94173051519768 -28.98725145118079
115.43361981029123 79.40075956315297
98.61872263421513 13.774003455389604
61.10394353138513 6.962397676186708
124.74900030976184 12.170188125531798
60.51695206286636 29.69325846988503
151.9985995653969 89.88681642624836
114.71071003569723 123.4626424710505
73.89148597556319 3.2686823179643216
102.76398175063093 -35.00788411841955
104.34101299956322 -6.125221975041921
119.19866523222892 5.191523676315696
113.24261130149483 7.551795522961255
79.27201159137134 -21.183497238470345
133.23906332744295 97.39445158710478
74.02881973863467 -31.402466293785572
128.80018262092918 55.3419621372541
104.97275742403369 3.6365320498684595
110.2329379522598 -7.991874900016117
110.11215950003233 1.9033129545596421
94.02631380099535 73.93233276541244
101.82252462245916 15.580341978040261
103.76216108622728 7.995031316421962
97.92663726348216 116.95836240974924
124.69757790427454 20.048672339521286
107.31638751704135 17.60070363043648
102.01829080549278 11.637338140133998
101.8535881305068 6.121900107632192
112.20041991218231 25.23624503613599
94.38871316445666 5.677088027705052
105.27048821098288 11.32175235275628
106.28095028002295 16.16418103445432
152.7049907457557 -17.579394376733568
96.27694415668932 65.77565149601725
131.26396676056115 37.174366935275806
145.31910472718556 30.44877441267554
135.39704260584583 14.443883049345093
108.14416409914006 7.705822616986572
109.8153227426788 28.800584819598914
77.9964942799876 121.87307541841375
107.73850301527885 35.43573182039175
112.85301701784452 -3.5658486548952633
89.6447549036309 56.10067288315188
96.46489053695153 5.93545997901171
110.09937480451084 5.762465476778952
122.00125342220032 8.829595375797869
88.88135616807016 -2.720670854880592
104.47527900977998 5.839900112561597
107.91789428204785 21.46669093490407
91.35258262790404 93.62524794318205
107.7622058644514 17.658581604024977
92.00897674927877 73.48417955555136
112.4710859909734 -16.514619745026042
138.97234081684402 63.56389613067743
113.40492377701402 -7.548131521440533
103.51965034872322 19.574731686321876
96.95976839259289 26.794692270505326
137.1561393708758 17.572907083682264
93.7344456026085 -0.49900564596114727
81.69899277093513 45.83035153832927
91.51364461007122 -24.711141388965157
115.8740686454586 17.563864332438666
77.96534786209978 157.44585139657934
109.78938575152738 23.650056686900957
106.38016062733175 -3.864276662715916
78.99815007306309 22.995803091856164
99.71024697696807 63.101349878878345
110.46226872991879 5.278022670814299
98.83272152958546 36.65456203568967
95.53660722574233 -9.362490567047695
113.33591001383866 35.7049547047602
108.86004780841806 17.829543429322946
92.13867000142163 21.384252440906035
33.71082034298868 41.12658466367508
130.4621837584863 84.15531121715445
99.5484331697719 2.0910572734130346
127.55317043158448 5.196772842804788
104.00181092825052 40.16607055919752
94.25696942422414 85.88356553257248
130.6620358999723 87.96719686696493
101.32866083988912 -5.807234280373292
111.74208583304062 20.573265233080715
89.605787692477 12.123135189562504
130.94614473725645 -4.4247868608587
104.62850348025235 -32.23157094222979
107.7871181530224 -15.144736122517482
110.2062116436774 15.85715640768455
84.69965340442158 101.28303007090771
122.6333483190657 7.626610525422878
145.4731803601038 66.36720337072776
94.7509268819113 39.56650026399875
112.64337230475223 -0.8102809970393139
98.88820334384816 11.967131291245785
123.66161910423591 -3.3060201508991884
103.06211852590178 15.178069549749997
127.0615202592155 105.76667075060952
108.15296338763218 -51.06862076684453
105.17370782226219 47.40682900005347
78.67349344651463 14.776754379594351
91.28096054052475 17.268943130062592
106.80861936073771 12.51855591155774
123.98513671942365 74.20872554877619
102.97846514561442 15.61099152527185
105.56814223715355 62.98904568911655
116.92077309196594 18.61924038955513
108.044139660269 -33.12160057918883
111.2594921558339 110.52997453386311
109.57053945436026 18.05707348604772
113.91749418710091 35.11891365170468
106.90664891812054 -0.9344668565383616
97.46787397257056 75.22030442100807
91.81624503772615 -1.9564472862190918
67.851510360968 140.23517488539807
121.33581754216505 20.984138171405835
110.54408358726458 4.9196063265166385
105.2035952031438 25.751880146705112
108.055568489933 18.568704975915534
111.82718271744913 -17.169437528507252
118.25995644040064 46.10292854608788
82.99560455439996 54.900487251088826
53.1963398107649 25.878867493347787
113.70359275659033 7.625896379885363
136.0889612336885 7.320273022133716
106.88372248510498 10.833736262796721
102.7150740886144 1.151262843551331
90.25293578341034 19.883963692158286
139.53787616413237 5.1822087612045
64.6685081815099 -8.662218525772685
97.2492944757828 72.46705738088384
118.54145723671566 13.647435842695536
117.08790875499383 32.71819311364371
103.89201724165211 18.194075313284696
123.8858016682067 19.454827540871186
118.58077573387568 57.694168337960846
104.54172077482691 16.446572235896927
156.40001672528913 18.61184615326423
134.41910930093198 16.509962971289102
106.67409960415114 -0.17764149773992788
105.22263441032123 -13.660104539602155
74.80683480512562 8.238100822014573
110.11599544028319 31.868011749924644
115.54014871947938 15.815940302605936
85.71137027476932 56.856380433452514
92.02444337702426 -22.078177414968874
90.9134041677607 17.973992676274456
112.0209170637024 18.781365044944444
91.63757058823359 24.010917227402977
104.98729442120111 70.20347533018099
128.6204906144302 102.13826201934725
115.4813114953423 -3.0763732324133763
60.29500395007497 9.17418420417507
94.24890441524664 13.135501877179992
113.66921272793546 1.6155929625458176
106.21449304353128 10.56076038939402
102.58532457596081 18.94149882501375
120.42239166458867 11.328391667643753
111.39465832495405 -8.18702304894621
109.95689395342126 33.26263554648668
117.28531487031948 87.14672745471694
95.68354838636424 52.025026510431424
140.54092939158235 29.104499719905995
110.25077934304682 23.31080190092394
124.88919651598431 26.201332736487256
115.73691443207501 16.328557224416713
101.74064971291692 42.281458956085935
