110.1411934091559 1.3580990004215612
128.90501249752964 -3.110706072118944
103.48151627496487 43.44039919155233
43.86502617529286 -21.039715893612176
88.04461068561972 -69.38435489012977
104.15867750122165 52.925269758575794
113.89600772612106 -11.215232459291572
117.90074798137822 151.93239133712044
93.99864065774615 9.203278083399535
102.26996980341217 14.992403835484772
108.22069339949851 9.40550585568933
97.2310905592311 16.436504724403683
109.9632378589598 16.703100943021933
103.6563013267283 30.451240496536013
70.67661075062416 59.34252580645144
95.59251064565446 32.80930652381164
101.00506377572961 -6.67654819327767
102.88389058087972 57.657849772793895
103.78548833159736 131.3036046291839
108.83860266764566 72.31698701416461
99.89801713488332 30.64905689216446
91.40976030286383 -7.974743524985604
98.81747468744285 -23.78065599696417
111.59693466143167 29.42690671209143
118.42665267099824 73.17410882000185
107.97302206579305 23.708675366740735
109.91868575710312 16.053831421186036
109.64784713975288 12.639645085837838
69.96042802322687 79.88421996379896
108.22703800422025 17.77539878015435
103.8677908317183 71.61582809323394
108.11080155960138 13.126543286406832
134.90264270497647 138.6468381156356
128.34488485882443 -9.307380161455434
75.20888772290634 58.62873118490329
106.49094832076919 43.854240969197896
93.71447419848937 68.6373599143137
126.66605393476236 15.475264811018048
126.47484885204229 49.169190243748886
113.02054214093737 12.7017358441617
119.99101130495337 117.78055420589232
121.99568684706084 58.94413788682969
70.01864247600305 20.59642150882193
92.38218658639607 19.572050418836294
52.09041294827446 5.743747065724411
107.0105406596199 70.84062760270498
119.46664343376133 -6.800509299084799
117.02143055173914 36.87141813097447
114.2482450687596 5.35005993769018
126.27151698651258 39.63936313616231
69.23210358086945 9.846989547676454
126.97168595559471 135.70268705955638
76.13508709062386 72.52960607437083
90.59724923176914 -29.766057619750054
115.06613314466111 74.38948371444602
108.38897623012699 24.3334862475343
114.04731778957486 -58.7387311821538
122.07324329532635 14.113343157362657
106.92662542523145 15.152774958271099
118.92403396427028 -23.08564573178379
96.19664055597025 58.0735694270569
144.78861073280123 70.88393548816427
109.15113934540439 11.550905246223342
120.85729636868105 55.341092543277576
113.743652351348 11.933478665936763
95.71531785771602 -0.15653081455270668
157.06572112682161 -8.947495886841851
103.04309943664025 14.921081347362122
111.76956796728714 13.247997474198641
91.50698119963744 44.117611023089395
100.68797162458739 30.181426861383255
124.90187213132062 15.073418355401973
100.59034863599953 7.774733673132994
119.05008853016784 122.66750276524854
110.01067243480851 -22.409141861205764
91.30045379357007 66.60120879178241
128.4509054760627 18.1657730364128
126.01390342354455 54.3221079378249
127.17364183172218 65.88797366240527
106.26200553315749 20.85720542186391
106.01709194529762 59.8574520522615
114.387438852397 -10.555147787033382
107.81653693467999 60.57721046804264
87.05598037750636 145.12727521587823
90.56105944334148 -4.247328793846512
101.99997133586987 -4.220419775326472
116.67381639539505 27.04067365338591
106.32274469138747 16.53063291277876
118.6561279576035 19.100520432980208
113.81036424848025 -1.66943599019553
88.20038164354263 9.068422191562723
105.10992755738451 38.256720134128514
58.362640632035905 19.53661433613218
106.23946877878272 152.04196653653085
126.94050188942236 62.118984213269655
127.42789669549786 50.33886889648563
108.31073951518077 37.22940766461663
105.74821495566971 39.41307706453135
101.13854117938017 18.46858112079768
113.03680230761304 52.186010872709645
114.20902022340006 18.852491865334738
84.93461273546812 46.67312983096191
154.66641590002482 17.95325713610691
121.87166870509489 28.093001328680533
108.61911176378598 48.05047752230316
98.99539403088016 10.541609079392893
73.86806835536142 16.62316083644453
83.27608816158951 53.31968700695985
108.96325853540489 13.551079862276552
101.08083214120792 19.634246746700686
108.71864473822276 3.201712682069478
103.68537393409258 19.45787649669054
124.67085273365284 2.2543509328280407
98.47608895907322 22.022199947266877
129.27197829664257 50.204054571550955
99.08617643703109 161.42545115945467
108.93322010641336 17.65140747258035
110.72736045282448 80.23885875592266
105.21835640423856 4.800723736584321
62.88395092209781 -10.214322985323545
120.62939620736304 24.55291925050116
113.73132290344168 -41.307468436488705
122.85668385101901 111.96305414410533
109.72402387091769 50.97304080196033
90.12037725815352 27.480195658865217
88.61975514435831 51.926993529996736
96.69638170297786 20.244606070872372
153.32097284382527 94.33691873167108
81.04865824656203 7.570610124289778
98.67639130672903 18.011603411842657
114.06442687670511 44.81895664497431
106.02765147055796 15.376418224653765
96.94331280406648 -2.856144856277648
104.27628998650007 17.683255519134576
134.23362902856798 39.55865670941307
109.74004309520956 19.78156810761155
97.1474564542356 57.597652220395055
108.29663298312951 25.6956993398091
118.87745604383386 15.877544260489312
109.50750235577016 24.04887004178041
107.50162824261075 21.25519800891304
97.41618934961168 8.061032827033014
117.16405830018999 18.16232889023445
109.78747689202423 4.745071295094315
104.42849343820754 -48.33215244988607
48.061515737539956 128.89234360018042
105.06084126591196 58.982025877694255
103.02556087779261 16.22796654867482
107.26165971612976 28.0223230510398
105.82847657989574 79.48638069272408
98.76702582991085 164.22282324637567
133.20922415450474 62.72582416732922
122.607408440261 81.90648061525903
121.89475665686398 35.55552758452316
134.37257764586946 16.16950082162837
107.58358545663776 9.226260340892422
102.75574817858377 80.36439176040406
106.5644852401323 17.30244847897897
66.3700420474877 12.04280515435424
116.10444205491048 15.949118526301236
84.46450727551799 53.32051700008208
152.62693442235272 61.28796923558377
101.02053114442596 107.74978867437389
87.27369949956183 -2.49503685233934
90.20820936843407 -13.173374596803079
101.94733928190428 -45.49680295469098
110.95184185632911 14.485519044837003
108.79244737789037 19.659490189362263
98.05450663423005 -21.741609881230904
123.47918053468932 85.35298078840076
82.3768024380855 -15.983173073512365
123.32420396642047 41.574809262364205
107.32459028275301 20.30467823283553
105.8162374130557 -4.714072668283043
110.14188995597199 1.0870568000148995
106.3755968382911 42.75747915199283
98.6633989803009 13.895685340516705
101.28125991873361 10.941020270376278
115.91034679391463 111.65772298703314
111.11887079772443 20.13489725911658
112.6972388170347 35.95755385617392
102.15519842907831 12.660414295952593
108.70960836614907 13.06721085313251
109.71909794894577 78.57775452064988
94.1181162183128 15.210867562970057
109.36909301778545 5.294505166283564
98.15680405923247 6.887667612646942
140.50590918114102 7.022398169625832
101.5090684885287 70.25745026367765
121.86722933113651 38.08186120833688
138.11013214285555 23.5329707153069
114.51042502140588 4.177522011908538
109.15110008734645 15.107858369491447
109.16928404208093 18.311082357639627
99.04653927169582 117.41478581307798
105.30578665022007 53.19153794393559
99.57390901080281 11.890725504858953
95.932553489442 100.84832088722027
104.3094113905666 13.074128034974962
93.05459244582532 54.0046184604249
114.46468355008017 16.959979816682235
92.35041917189956 4.053734488317713
111.70591294447598 6.515161973028011
102.04442659534826 15.923916233394209
115.15456060577915 71.352091971464
107.82143024431666 12.837009161474457
82.46998784290912 103.0640710536397
106.98151116952478 -13.206195870121705
96.42606354683457 56.11276432030399
112.6793860387083 -8.529493276250658
104.09292744490277 14.079827876785679
102.9617869368267 23.87767070055513
138.80343954886303 20.005336991631903
99.01453185692989 3.192721459183386
75.46950237945842 34.13049066328088
99.2365193785747 -49.477824604054
99.73951008809456 12.497360864853066
81.8067912882677 152.68928097326605
110.17708123904907 13.146096440579315
107.55559740590022 4.108882796911697
92.2181238226806 38.47248141395722
103.45449351644895 53.31602814289715
110.46986352260987 5.113298557962184
123.67468844542726 22.88848730302653
101.2415103416252 3.8795729193089157
111.06631491444739 25.6165550745283
110.04077418661662 10.214637510487142
100.2569797137202 21.76763616373998
40.168430874884336 23.925822892992997
122.04687158781945 104.1691638742847
97.53674230100616 -0.6015496209218428
139.39917926960553 -14.749244168967538
113.01945542574717 68.07271706299328
102.36565179698962 79.77180302413738
142.14962758481704 85.85208743784291
105.81701301395903 10.910971394235935
98.24130706770075 20.060559421484456
103.70345379860447 12.345493406737358
145.9704433656481 35.38727399345921
109.39685891481093 -14.72701365846908
110.26176525906881 3.7358515012309534
102.63775948044801 24.256970937328564
85.4541079168446 74.95528691396734
123.3867602301658 8.483639127984546
145.33941973070938 67.5054970571979
106.54938542010265 5.282894528590936
110.00219784090146 -21.68074723333866
84.89166500656673 6.089575319668859
117.45578289345737 1.6947422514236479
82.38464063317737 12.621079437567717
108.20672349981271 106.17328781753048
107.98862438113423 -50.52913195718754
94.85401797921425 58.46521746549632
81.64562441466543 9.060313074654438
95.76404816163851 17.75386098823884
108.11100901980873 8.894600698642158
107.25272698923166 71.3777196654892
80.28584506920761 15.283595348740215
105.44806767792758 42.6819366706024
108.17713373788688 15.551299659986338
107.70922995422463 -42.20610042223088
99.9568918548379 140.32125341816828
86.33747370497504 10.497701233234864
118.28888921789911 56.900610275274865
114.2160648251301 -24.435148423121266
101.57009553542643 51.57828414529796
102.85255644589965 61.43907487943386
60.509802007770176 131.7516602021284
115.57293852525247 18.523547326069625
110.23866203781218 7.2196678211537755
117.60128576737404 20.377710190128408
96.60176756010763 15.024161419864125
108.73965231743973 -6.369207516858863
97.291141333871 39.6627110288323
90.11506460928526 38.376979186150926
60.75346817089307 52.509047812407374
115.75653774157061 12.858973152324204
132.39085379837252 14.169246963665207
107.12001806443352 10.676363781144012
108.16444750558229 18.68946841187125
89.84926777221052 12.555325823018082
103.0880831507387 2.958674057419854
81.10800954642447 -14.751511938315645
110.32647583532273 62.87874105965182
114.28830619882757 9.08199262687523
106.15012961802618 24.039333462449726
107.95011727804838 18.44575976994331
130.8184692936271 19.59489683685349
122.86812132309224 23.0664011833627
118.5260166173607 22.98783297192058
137.46491560671302 21.585637727541606
118.49899536146344 20.163833441912626
101.86828753215327 39.56975029385747
112.64819755817602 35.987095453268644
93.57830034239596 20.291352162349845
110.04780436416873 22.97067375113259
102.44980272384234 5.819199037265204
92.3656737650175 60.489645904252036
94.68671943383117 -21.39097122937805
81.3715323785227 54.17099551107702
115.64573258849414 17.82844311289385
98.89482826057686 22.918125376710638
106.55924143805123 61.57181037487328
124.44015717915866 116.53007339621412
95.08688123509639 22.90068274155283
67.2893371855957 8.266913716527304
103.42236598198078 13.014575257226122
107.38153869164017 18.543343392046765
124.49881735374474 9.983705117474985
120.14795200971187 18.018545551251236
119.36015251893988 11.246729828092455
108.7787500040883 16.2767266528359
110.21280249886402 45.55039633735631
115.92741038211584 62.682213927663355
104.34214885372515 55.22781777647069
132.76415720147008 38.74479970644447
110.72920157376713 35.92412775314166
103.89820073883338 19.069260822699153
124.16399086153379 10.873540969914982
107.46490951282004 28.681931910102264
