109.16892861327698 2.0153256479502826
127.9308224057292 -6.281540974283471
102.52851590005508 51.492142936612126
41.70824601362636 -12.637075859089654
88.40543648781919 -58.00726658647599
106.10193549589187 60.59167768779218
113.42733505098937 -9.391237570659813
117.5938944094235 147.91663618803162
90.73986552763107 7.590956575314381
103.66174759902684 15.860071514785238
107.79147375924656 9.048878424466382
95.64794585887424 15.81367594957521
110.19043857351446 13.83096135916474
106.9766222331266 35.564766699292086
73.45025381028833 55.41993571360151
98.04794282966097 32.098378565134176
101.9165943416546 -6.791659239597118
102.77517318773938 54.61086252291946
103.70862233511592 134.38048225170095
107.80866703280121 68.21505973124172
101.28326861841622 28.622316030311463
92.5149519398233 -5.352217467381868
100.89748382402098 -19.751006212080924
111.11738098174823 22.330164542068083
118.1088113126001 66.2272517789296
108.24308270513706 19.003899661037583
110.3618324337721 16.749783550338808
109.62935394144574 9.063319488830109
69.97847899359 78.14837992468827
108.40709203213117 20.303606491651863
105.36313861326514 67.81205206815223
107.94458459321406 12.412747566069047
135.43277505127836 132.22186661796536
129.3038241143252 -10.066031668454773
74.21550778218466 67.79241814149977
106.9110541648095 44.0252403070756
96.53810124348104 65.68682771761341
126.05277694891292 14.455195182754911
124.06165739040543 53.54889681743736
110.12187581985805 12.542473088603309
122.62097717302764 115.38296042711752
119.02949671265354 63.900466720089426
71.93168666310207 20.72936347839025
94.82977971375662 19.535909872472917
50.02423152610555 6.2213673591901735
108.68587187274716 65.74119730433125
119.23198872726775 -7.14092595073373
116.75949783630723 37.65121436020618
113.1807384900904 3.1087710573368215
128.6393404807963 42.88433219716138
67.57742959413167 9.069174538313671
125.11077692293459 130.3019156067346
78.46067253380585 74.3005804756377
91.8554991991444 -29.111827488415038
113.04194844220453 68.17594576660954
108.6347472512796 21.452630777101678
112.49541146553624 -49.775614585680486
121.39493717423022 16.15348857621555
105.41581753464723 16.047376767633992
119.68542177778819 -25.827000182594887
98.65517856158287 61.66191937662218
143.23281598760403 69.54438123406035
108.16551894364447 13.274512093540524
117.75766730198434 57.44438040940111
112.1996556834544 11.987177764117577
97.15333060414359 2.5992191671135765
154.728562349375 -7.324740976966287
102.90961878674884 14.582969975765968
112.48029900528903 14.234062859174447
90.58642109172067 46.47910598240008
100.62260840225117 24.601940188060333
123.69135745088191 15.700188476713402
102.24338813881947 8.16727988648554
120.9395955870433 117.98198437420095
110.13895055351612 -24.334679272414014
93.40302078113592 65.65389835994408
125.77640229297089 17.036196944839414
126.000563305359 63.2520871682257
123.6304577492306 64.35549003574853
103.20953504819249 17.744220845452652
105.79034047601526 57.33228741215079
114.19360390081675 -9.650243068824373
106.53526289189689 54.99151711559743
87.52594381891969 149.6925982971448
92.8176637190295 -4.137244641977383
102.64194495720567 -2.9137945124890186
113.35919067873346 27.31124286960496
106.63904890560174 19.12913613728988
117.46974624425617 19.104455160664468
113.73374915986261 -0.5305442074886733
88.59081842284996 8.526481574912298
106.30771391010043 47.40008669088927
60.19132710931839 20.109184930030423
107.30325240482172 148.42207322921738
127.27754189964011 65.34136720984871
127.46583067156661 51.13745397755824
108.98427670325596 46.88474020992554
102.42933266534426 38.040252275741004
100.16674378816221 19.571806834810182
113.98382630818607 51.22827669889162
112.58170522224722 21.38652260304151
88.77301123967726 40.96863526870164
152.19142070124832 17.94628238724598
123.23514215362351 29.274344010216545
109.1603410202573 55.947644192567424
97.31184606391263 9.963958169657893
69.3558164053689 16.140215864322492
90.07214030267646 51.85947516347727
112.33659977892479 19.781441693186895
100.11923158953849 19.66404630990253
108.72445147678448 3.74913251196942
101.35307530885584 18.76499225986088
123.56712920152928 2.845305657514861
100.67046259309895 21.61939193343634
129.34801064539957 49.17469338702264
94.91171560477261 163.92318801789605
108.28792567035627 17.78866778428805
112.95488257087953 79.64035996151556
105.89063956967965 4.073320279528587
60.248170951297524 -9.21247931350634
119.50992838918216 26.805499496630624
114.01986405950231 -40.744453340057404
121.59014812480827 111.92870486252747
105.00300474300248 50.42754316022077
88.8139942665888 26.031274143338102
87.1994187675382 46.798753490690146
95.56642290846288 20.16998258032668
150.9836826790119 95.5674240488701
81.55911106070896 7.220676847901776
99.37045029310629 18.338871172316374
112.29369394708897 45.55381312482271
105.1503460297763 14.739767249701696
97.23611670361528 -2.2333289995232253
103.10190852169417 21.155904855973464
128.74375475683962 34.972944300276666
106.6131309453506 20.39457108914247
95.65042000373712 63.91512086698187
109.14015541507237 19.924151041650852
118.00409935227113 15.989564419549648
110.25253513080534 30.994273022145734
106.12501377122267 29.517409320178352
97.51964607129064 8.374923827037325
116.93515958290698 18.337682144109216
109.8377665597339 6.7820140128056785
105.41329370319376 -44.758849408184595
50.29788949601872 135.14531005169349
108.34210795669969 62.486089589481644
102.07790897722941 15.742294350963332
109.21045012204912 31.435107799993716
105.6153296618477 83.92975800258316
98.13335073115196 163.83185664356074
132.51910724110178 58.132804669111124
118.21002164096775 80.42130497808805
119.3905750759699 35.60704590659314
134.7027582617068 16.178291318218708
108.47707824090219 16.445998023258994
100.71377673340304 80.18071180046732
108.07887678126251 18.018233408090833
68.55785534497389 13.23557862084073
114.28781942679623 16.71514617657011
89.53626947461908 58.14669524163345
151.13660730915075 56.10450937200818
98.9086321763519 105.4230721150657
90.41691029420583 -2.2710418519652835
88.44716259249036 -5.47590939271957
101.81275082626563 -48.46511927972596
109.43337281257641 16.295100606454866
108.02506393135462 21.797079158571613
101.71519123118193 -20.31912820336558
121.14823758299998 82.3740311117987
85.10859353902181 -9.812576857648594
121.72608490453416 39.569515549709905
107.83000162449625 24.962185996024186
105.22212448815607 -1.6337507988969096
110.1349629838082 1.266201524714778
108.65552955066799 38.210061648003276
98.50714690307159 13.841984324456327
101.08369065928592 11.727373986696207
118.6708575384585 110.96008138103379
108.71354411310351 20.12345085575562
113.55364317618175 38.72477006517401
102.45610168152837 13.05211478409242
109.95624327101063 14.490023147111375
109.29126496783809 87.8177375382985
94.68922329720864 17.088889742593405
110.11933142548439 4.6592206021480465
97.2134634053739 5.748779529876358
136.99493373188895 13.467945971724102
102.75237825812492 71.11325495535164
119.66581306552331 39.90307964735448
136.17049997658498 22.188961851421173
110.65590948391417 2.696041898626281
109.3442228703866 16.535871148347383
109.06591637290205 16.489207973582392
103.21447132109446 116.70531495150598
105.08662401106956 55.276689013798986
97.72998217781434 14.793396949213701
97.52537424223785 108.40837567427921
105.8788501399124 14.674135432336396
90.65663196776853 62.95489501945994
113.02484754487273 18.499475961988683
93.57290517435551 5.727389793366991
112.92234459040402 7.052220305803163
101.28428565113529 15.045068991133348
119.19482515971312 67.0294860337703
107.91511709944528 12.224265053518353
81.62435991555276 107.89474050961849
106.07128800386405 -11.760221022893086
89.46001765014768 55.629754149183064
112.42816938822716 -7.571486986385357
104.33156169466302 13.329064472668815
104.24728020758512 23.214605645782992
137.96942644095154 21.137754615968834
100.20384488556897 4.304000800878139
74.38286063932675 31.42064163538412
101.01929857672961 -49.61624298674821
97.2580938401089 11.850250241666584
83.59750677899416 150.80545064791988
110.2177669259338 11.502999371889281
107.82470423590138 6.110691716598094
95.23843752528242 42.92988267844008
104.32207545773744 52.06986541523457
110.44984392469588 5.637423817944442
127.61558323248941 22.530410822901406
102.63267233487144 6.73897105706887
110.6032653731815 23.679338396158627
110.24173107292287 9.087595869074427
101.98309712934231 21.758004702295235
42.46088683030001 21.980239942257885
120.10685570852 107.52725861434318
97.7351547594372 -0.3219859812163103
139.9103259796184 -17.098738419985207
114.50800771195429 72.64892734536448
104.10390422401981 78.01750895746305
143.0213405817679 85.36106174503345
106.75170180121057 14.155880285969616
96.28478375850251 19.954745984132636
106.34537572042855 12.722869473226366
147.32373170202126 42.84077945705155
110.24112393191568 -10.347824270822858
110.67513089702426 7.741233280455836
101.56328104930635 25.591403454508622
86.37263285685378 70.29062592197148
122.86158751445043 9.114652719271405
144.5559583716963 66.66825636007157
108.74765690050852 -0.2732863990000016
109.49813227267505 -22.952708076167326
83.45828748077439 5.575937293502907
116.06087917948147 3.201650921388822
79.82425792709371 12.435750418462634
104.946593395586 106.52507662519606
108.02503072813211 -48.224276662879134
93.62515477970074 61.12481579715594
83.41594232051385 10.043044087748237
95.65855001064563 17.87661796275687
108.38383888816988 8.570556401693109
104.37179960192421 71.04581718293328
77.2967453909839 15.339119753998983
105.6308975758377 40.07821348772874
106.69359928732064 15.160228008406406
107.70677813247276 -41.4562668715097
98.27009576625953 144.64049723188063
83.05069625550283 9.394890053285819
118.82431031936477 60.73838178493821
115.3768228241556 -25.270972037767365
102.55303937843135 47.766643191580464
104.93027416095914 73.04857113691807
59.2653267101441 129.89821230573722
114.35619707042667 18.121714729653103
110.17005335975963 8.09362575326329
119.5076255732173 19.378371460519137
95.07404092657308 14.52747594986951
108.23033522685257 -3.9177572812132007
94.09390207883399 39.34022965303509
92.21430254260649 36.08659300400717
64.19032793676998 58.00225957089415
115.9268012894401 13.99184812382276
130.98476980008593 15.529305703260825
107.26918573721143 11.083932819591581
109.19231020480402 21.807713831817882
90.49798788455601 11.529410895496147
96.94798305608975 3.0454037960482077
85.23369044068258 -11.77515645763734
112.70225651464426 61.623578497552835
113.36570654573158 10.884256387146413
104.32202718077953 22.39080231243801
108.70454197638112 18.51471968241059
131.414531641279 19.603431545495337
123.18040782700486 17.980528140190984
120.61220401349863 23.979587969138723
133.30605290690553 21.998179904293462
115.40107845674139 20.773113560602486
101.20702681875481 47.706768342100986
113.85000366200312 45.94985152347117
95.60558241124053 22.350920996362444
110.03407787340653 21.271429155980403
100.41323651525467 4.640514735224167
93.9565424242918 61.199989611171354
95.84455156917583 -19.793195610033223
80.29304930828832 60.82013733492406
116.07281262788942 17.716194539064247
100.4241438123625 22.609644199284986
106.96430349444479 60.14716786224795
123.07229738497384 118.81966315030776
92.13029542124679 27.386212235089346
68.45995936172679 8.414985707509777
105.18693517468986 13.161934197458308
106.35977538346748 21.597788390897076
127.15017129492855 10.29493675019346
122.84073170863635 17.88958144859499
118.79514453756975 11.648996388066212
108.35321523947955 20.744014882954673
110.23817242912544 48.79073346280371
115.54457504844645 58.458911061078815
104.58875717923897 56.874224770782426
130.45559894828173 40.755621636669275
110.78985490501 37.4465412451461
100.40617634010954 17.819178676885592
125.17665339812291 10.175136162234343
108.60258749762824 25.899321719752976
