105.47943823095272 10.730038896807752
122.4610321493464 -10.672915874606252
99.75237549091051 85.07235324103851
34.710358612696474 22.22254019401094
92.86303675784488 -7.2865434355239
114.10552517514881 91.2828229465907
111.18523293886388 0.9824538038044737
115.89561517507849 129.19714791797955
79.90865493861679 2.4421763910527785
109.70515403922639 19.675419400294327
106.31145229426757 8.772212126798006
91.5262435655928 13.653200883749301
111.06257307151535 3.1140316612713446
120.16073155129037 58.039882996278735
87.46894079457593 36.79563341590736
108.40692453263371 28.24188473773874
106.25458319972618 -3.6122062377190964
103.17461444119867 45.48159260939859
104.27643909566412 145.1159243885754
103.91093817771213 51.2802003618306
107.51463048511624 19.86364209686515
98.45289288164543 6.580656868107255
109.94501530941372 -0.934238128728583
109.11543170582297 -5.752807693807993
116.44019934831208 40.53110157387202
109.46646907352411 0.6970587394633689
112.05767528508414 19.653773283038873
109.577751559764 -3.7617817699310896
71.03933015127843 71.76921819966807
109.24369427603662 29.981859392980848
111.84863537285283 52.38998377586118
107.47575807604457 10.587638008843133
134.1053891966891 106.25437504442453
131.14166044354297 -10.241435230154554
73.68737031994554 103.16744932822395
108.89441033311776 41.47357531737396
108.38813151212547 56.217116113049656
121.85623679420861 10.741934285117534
113.24731178809992 73.38062811951474
98.83093805740488 12.532655036130787
132.5251451103485 106.43880586092371
106.36184298109244 82.30372665859416
80.13490717307035 21.063448057688348
106.21617197486613 19.348797889709456
44.406703377768935 9.213548880427444
115.3598032936252 46.6827345054968
117.60457609882658 -6.395728085952042
115.01325117976171 38.979635169264725
108.68399590583095 -4.760266740503365
136.40409539971293 59.247100852212704
65.00558521761377 6.947685748281304
114.347616874538 108.37769284813069
91.10305433799225 81.04321472151868
98.0804949217931 -16.090795343067633
104.7024573937324 43.64092866252065
109.6764294137996 13.123722995845798
106.18027184600717 -0.04359311786145348
117.93948008720989 24.421161934902234
99.78151309215087 19.72538060202436
121.78496334869251 -28.456101810003698
109.20837283136757 77.39214480620448
134.90047808516408 63.033011078858124
104.42188978337002 20.605067206228355
104.75412879945422 67.07751494051638
105.89892572758484 12.956479748160275
104.24280254900954 14.93965849157509
140.79803648726232 1.606772910657634
102.96799247877402 13.695903040108044
115.06889594138893 18.59792497649238
88.50027599216477 58.55572574792807
101.27297040782624 8.847390241556017
117.4972315592542 18.48884015197268
109.38407540121591 11.151646473274104
126.95873019366371 99.71630303036383
110.53227242806568 -27.092310165938922
103.47757523683109 63.661307277739766
113.97088184602143 17.9599192227657
124.68196005582409 99.69782719116083
107.97411130568184 57.145247507130804
92.1393896910734 5.88179552533283
105.30160600193952 48.88050388596243
113.03135230249421 -3.6595157110250005
101.8069953316284 35.088789560598826
91.70019451912488 163.4966522087018
103.03738456928151 -1.371787829388806
105.81855450667578 4.037719543830596
100.22440403983184 34.358294048702646
108.24159230418081 29.267107199463645
112.35651320419942 19.123039567196585
113.15231595847895 6.637761643692436
92.44650773286347 7.364631025364298
111.30453106143561 85.33137051547796
68.60810597177608 22.28128303776601
111.61786885429125 131.1201104292288
126.92463646977625 77.86482628254768
126.33295920144462 54.004389588532646
111.68155385217413 85.60404738304622
90.00676856164773 35.52230341166571
97.48993556697721 23.859213947808502
117.09474659576365 50.954734799210726
105.99911938114815 30.924996560528488
102.03442691117606 16.451480602443112
138.08599946320473 18.048685943016924
127.79016638595668 32.79057633089608
111.28358569340872 89.26266851936771
91.63742194808857 8.649447769336101
56.54676260394503 14.4689063189835
116.42239664866179 46.4919537272585
125.1405758526052 47.972677406189014
97.2722396398738 19.732149479386447
108.85562891231346 7.5223714620838456
93.24717708304334 16.10345032314353
117.58726003713798 6.479576711729932
109.78502466424177 19.882307053132195
128.09326584615624 47.33433566697165
79.93944599184101 170.69471070786548
105.8580239345272 18.447087050218858
121.41704499304424 77.07889935899367
108.87604877531197 2.5746628000518603
50.26764953402312 -3.3826114091030055
113.88460431750232 41.11905981549721
114.8174411606001 -30.876292181695494
115.53179559358777 112.70195806911244
87.05570120346242 51.679361690061185
86.4543668366213 19.52422692174411
84.65639305990115 27.026715307349363
92.84918686176373 19.77691022245816
137.11417900711973 102.03566397502942
87.00493754189725 6.716181557012531
103.51795355340525 19.695928265730444
105.17401815263526 52.93392833765269
102.1348415466137 12.62858950502777
99.70020438717461 5.471041366528398
99.2213090112779 38.631559985006106
105.55818590228414 21.874735312642176
94.52285483822169 22.66853787050951
90.8738440231596 89.24143255513515
112.466997681205 -2.6138168628368206
113.91042111200662 16.705210325125865
113.09527271811578 56.665450390714206
100.95821226309556 65.3924095656024
98.81477192977033 16.205976279262888
114.99119174784195 19.116811726451825
110.04378621280415 16.046514007992243
109.8150628895867 -23.63738198724382
61.93390478005335 158.86870417405825
121.36748017020287 77.05033693188831
99.21496235454667 14.137361706153625
116.90244872059148 48.44477478180793
105.10825632211686 97.77666722018762
94.48165096558164 158.81562222019966
127.84391810231446 42.50127957268333
100.36827499034219 72.54843909455877
108.73392161303708 38.81068547298001
133.62940707890874 16.616023667046367
112.03975820388436 44.6922964904297
93.38369379495155 77.47933124964405
114.14698637945193 20.988560458538547
81.70390664909107 18.65511845120698
106.67399860454218 19.99887078171005
110.84876011347095 77.01405515772515
142.6757463600378 36.686499865575016
91.97636580743604 97.12535261006019
104.58932836846667 4.049260490248754
84.05528440874355 33.704787101789066
102.06116023324482 -54.4290687532943
103.55638001017222 23.609422688374075
105.14752718790716 29.706633319490145
116.73088526268234 -9.941281564956121
110.90639076003494 67.41518648287959
99.56985605376543 23.292397532948158
114.26985212446438 32.723821100282436
110.01532974427246 44.295546955178224
103.57554566329964 15.387905042723851
110.08355797252845 4.31692769206072
117.58447075761957 23.917523587200712
99.20392381090387 14.277868660881513
101.07750692136882 15.756210735287537
128.30211084697385 109.1283202728245
99.33317876132257 20.027784440919273
116.6966516480803 47.69642325199903
104.46639479548274 15.224175970898651
114.78967688174977 20.569896569016894
107.60598913467965 121.72909146089013
98.99461570167176 24.691945982832397
113.04644575832792 3.6322167447895644
94.39375313657875 2.805586453542581
120.49783737649058 44.01691561800133
108.17544982566456 74.86260052928084
110.23218290942982 47.87963386323674
126.23230507930303 16.695474084806932
95.38103015211682 -1.208403288429916
110.14403103059088 22.401231277926946
108.74616380654471 9.736118344364815
120.25311642096469 114.18653192936222
104.76771027999108 60.323459785965056
92.01953027849092 26.54636476825644
104.88660479024787 137.84799850620752
112.36234379332329 21.19670619298149
82.23169987478082 96.9957064901468
107.15925352758723 24.57741283651693
100.02230205649214 13.38187369215269
117.36413502413787 10.25247195569802
99.07592377575862 11.95469220083244
134.26832120731305 49.66622982026347
108.44347727551386 10.751222713218118
81.49479221092972 128.12343364952224
102.7734582902657 -3.6141716475284142
63.892701296612586 54.05990093189544
111.12857852690466 -1.750146319571051
105.6721731655431 11.014949277396449
109.88319758636008 20.169225035083613
132.23571962365247 31.392447896999382
105.82808630321824 10.032602241502104
70.0305469345352 19.630579311894856
108.83240610658089 -38.98109274527113
88.8088757146235 10.097981785716238
92.50416248402682 140.15564015958063
110.32425055175405 5.978759067841808
109.09972690722353 15.606078438259425
108.31514387993697 63.0063941710514
108.30077090341155 48.760383018374974
110.31348902773271 9.15021860095457
141.34718459571616 27.636726680135986
108.65868894216376 19.299393313841126
108.67113342626901 15.657058004836857
110.97212358669705 5.425279508697867
109.51344566221138 21.546893709229856
53.80380201755834 16.569560044139287
111.49195361582312 121.85062686388267
99.88185451735545 2.9793470819904693
137.43026309431878 -23.3407082513432
120.0441412767393 89.12181668701278
111.36991044369105 71.44643637520788
143.0287543180492 79.08033007349889
110.70641221785002 27.45694643533201
90.0584798184333 19.512734888855622
117.0179022599453 14.934028621926156
147.75323114540413 74.47236609069515
113.47707041225632 9.432763000502419
112.23582051055587 24.97525730130488
98.20342850491451 30.503934216147474
91.85517886237575 53.747595470301995
119.4070103035133 12.63961648740241
137.25621754617094 61.4909918345975
117.4013610826457 -20.331376725585802
107.51933567744592 -16.16982602918173
80.12818758925638 4.7771551010492885
110.18374504080224 11.07559255544438
72.62465820998293 12.49884045990836
92.70704992110512 107.86243845106559
108.34887920016585 -30.725398272650445
90.60876686471032 72.29650530230559
92.72878448762626 19.140123510280915
92.47975306934211 18.470191436706482
109.54527047345037 8.691060161047396
93.87471107882031 69.88276170384302
69.118851851571 15.871373689923699
106.84211747943877 33.70212381539149
101.18623003899253 14.015348784133488
107.8355887138757 -33.229766274833636
92.36543126011881 158.28591503309454
73.09746337357294 6.001928883255625
119.77939154198667 74.09040105199831
119.27098053687683 -18.115265622120784
106.86234224108412 36.80149004315645
113.6800005697097 118.52901632911691
57.21842640160351 121.4626351815589
109.21735697771135 16.760371127406554
109.87529337281377 12.535648483647844
126.22421999450914 15.421062959590133
90.82247085507348 13.05411257943051
106.41003466564739 8.592991404491881
83.58118436253453 40.914600661604325
101.44467500562097 29.27601910408405
82.70351290947319 81.28800630419475
116.0938515017101 18.84363355855477
123.5603092835453 21.211076924673936
108.07289276804454 13.341250378493259
113.28705488797527 33.829880862800195
95.75343905684055 8.422535737378846
73.82592000603618 5.0759589284103255
102.562270401498 7.768563336889847
121.83670850139373 56.971927653724634
109.31615570287302 25.612192582395366
97.60951081988074 15.649278981405663
111.72464818012516 18.853276336545182
131.7145840491256 19.583063765558762
122.95110250355164 -1.0402308823518087
127.8988861960483 27.510502867474806
113.96623441351093 23.35346223532059
102.7638803708279 23.026730513645987
99.59984441312248 80.67418355636882
118.11814228018548 87.09179794927198
100.36566418474128 29.96847137646851
109.9747103606948 14.46873260961048
93.5388401727903 1.4438629059442165
101.39051295936811 65.29488356421712
101.43382349116132 -9.604992699878379
78.40116285107483 88.925469362547
117.02340250550353 17.457432795415432
107.19682939895978 21.20764748096792
109.02750086353437 54.80910656000919
116.63495747636445 127.80572248041562
81.71563771818482 44.423708443284916
72.92553371909605 10.04180455793715
112.52469850324556 14.462482720174064
102.75726075241909 33.36631680400747
135.54995816798427 12.178931882611744
132.09963282575765 17.590349353962377
115.65314920298266 14.166825458311703
106.81671559426675 37.95682670846968
110.29970033639154 65.77625777337389
113.38661556905775 42.32914710887318
104.23204575430758 64.32329971878141
118.6297916396103 51.731401337031194
110.94570910717508 41.13660974900199
87.59962701851924 13.04350634008443
127.68538781760412 8.299233794613176
113.31097901953264 14.481479220303925
