103.22671185141273 23.59460481354689
116.6832197914583 -5.070684349837194
99.24548323646567 108.44001695135142
32.770320377927824 48.2296890412827
98.38396811045193 33.01608557881006
119.68676463547557 114.51974233633419
109.35556206891961 10.255754393762086
114.10269968409197 113.8881418944452
75.30522465765208 0.24418075763298486
114.25620690876627 22.561759332704092
105.56314905288417 9.73482484761312
91.01573395233551 12.681401877042305
111.5857306541971 -3.690398485009978
128.70567313059965 75.40947621540683
100.69470455842435 20.872888076332714
116.49030919003661 24.278021397238472
109.9622483751917 1.538514984467709
104.44028316764997 41.53388567214174
105.56963730828684 151.15990482088012
101.47203839621962 40.0381007819809
112.4214943864172 13.086379923642145
104.32180666800936 16.58641156777909
116.80599279309028 15.20108116369482
107.6307201271215 -24.428255217400107
114.41529639529774 25.885445434118246
110.4029623474444 -10.678649430824521
113.19639942480006 21.776919153898174
109.56817739567393 -10.768627961233882
71.45860127290527 66.29304575017191
109.90023623091675 36.103983588757195
116.64251731146298 42.386545003445384
107.26626716920194 9.928634284380946
129.9161977271053 87.22099527978996
129.80078687940505 -7.868884509931439
77.36910964831988 128.33619309630743
110.50106847638571 36.7744674182024
117.41196299817977 51.89804120734007
117.23763701471721 9.021039228082962
104.71885534992033 88.28518154644688
91.42068184994022 13.040073917367613
137.93767000605993 100.19718525889739
97.09079629215304 94.87460780391623
85.95224606215818 21.09205897752138
115.26550197858748 19.187720148535437
41.79707757203953 12.527864937634867
119.77432997928722 34.517485127907854
115.51403130376785 -3.5795688808175825
113.10436074378299 38.27459980622185
105.32996731637465 -8.324680673872525
139.8417978562924 73.98924571244471
68.45358699868716 6.686194371320722
100.5470650657107 91.34942355018387
102.79640673007607 85.90261757746524
103.85648488170486 -1.0893793769597107
98.79692555405856 28.096334690941898
110.44364218656762 8.429892522879024
101.57185374387875 46.70940882880555
114.58551463460093 30.22845388154306
96.4344097296312 22.404262844371754
122.61056235822464 -17.98843908198051
117.30550097348797 88.7212443117547
126.83802487868232 57.871762180806186
102.01331709226392 26.08628231230245
95.23398475073508 74.89299260429344
101.50485593290233 14.400775628681966
110.32736401212611 24.380981087520343
126.88789038801974 9.72212481929937
103.71027270060637 13.643528919540344
116.58907371228653 21.987031391255165
89.2071654909453 68.81646534912211
102.70606496597294 1.6351420926853149
111.9434915147081 20.720424164831854
114.83924989361134 14.571409926378983
129.826760402191 84.33765661327637
110.69794038580332 -24.56493117453117
111.67342617720684 63.85378629570755
104.51379220954345 23.620088104868493
121.95404086352674 124.26507131597378
96.15070637680547 52.985434889472174
85.40170944559182 -1.3776578162257356
105.43037935472618 45.199967894282516
111.73488452539839 2.307032497082741
99.1020011485148 23.533815432158924
96.91807423205032 170.42374161381363
111.42676876014748 3.477878577863698
108.65693880587635 11.096844677009805
91.28802880738837 43.959642487767226
109.6771773787063 35.57932731615814
108.20214229112221 19.14125302294763
112.3690956934506 13.0999314490364
97.49861320632478 7.952736876579689
114.88774513083972 114.05963494687664
75.64519840929943 23.590769383068114
114.64091518540555 117.11285032774516
125.31996687281044 85.78623729971673
124.2208045092826 55.74273511776616
113.56060207243975 113.71536086370048
82.76825343083065 37.34518484990735
96.72462559279764 26.71798903727838
118.57785871624155 51.9102134681637
101.4791849771956 36.79235939037108
107.70811006692159 -1.7966110384662919
124.22965781052078 18.247765117336197
129.33014223294833 33.92246920026349
112.63590411974262 113.59962105909258
89.12244519600063 8.994191318925482
52.12099359207361 13.757690455462162
132.96400437133263 44.208834884428235
133.14205730722082 71.59005701356097
96.58198008043412 19.730624339980587
109.06761359265765 11.680436738008922
88.63865735331075 14.402171812444951
112.34035163993691 10.288732325666459
116.6481970086529 18.539263447281627
125.54203536022355 49.31549690861186
71.32288137409569 170.5027139829931
104.33197287818318 19.040822101203702
126.43081177404417 74.70062639139495
111.24328519798101 2.876310515400808
44.599184464777395 3.175052000016247
109.14838336751617 55.82189815146559
114.96035760683205 -18.950610567143606
110.46517978946784 113.90584310068421
76.0527564644675 55.80937280611163
87.387182587593 14.456480043594508
84.93364062301804 16.67388007919298
92.4868303537452 19.431150032680684
123.43651792868766 108.62454180248511
93.72082598522272 7.269711728503503
107.35288629815892 20.662972073690398
100.30392437644666 60.61793690131127
100.66381438390837 11.805656182301096
102.90281650117802 17.24152250945686
97.4814808768244 54.53991198258862
88.44758035678774 16.702904708656824
86.53415473424076 24.051722953492682
89.01291805146523 105.91533314182742
114.69732733870349 -17.437804917630455
110.40164662057089 17.566813182580436
114.8208081546855 71.46654062597527
97.96573725294618 93.14476212587584
100.9187359014417 26.829037002040895
112.8639986135252 19.734308284971796
110.18639315655214 23.31958849520084
113.13617426661834 -2.172948752845774
71.83177486659623 172.15672497533959
130.24906992446085 85.95012792844157
97.59982526204159 13.435851258254974
121.99293469363009 65.11156502254448
105.36896897100006 105.54282975637112
88.88682375670412 151.96803874250213
122.49655877827732 35.80688703858225
87.82387920467322 64.81938730361153
100.73924041428151 46.037750475521406
130.50786497557095 17.25634997034539
114.44602215560049 63.394986611085386
88.91701006430846 74.56343322024341
118.34161651218506 23.090888502711696
93.70746749651009 22.912762871767132
101.2418550519747 22.454568005070847
126.97768091091802 89.47224908958228
133.27285795766352 24.391398788484985
88.85034928470043 89.26515371854994
116.07096387936804 16.9497915938404
83.25600620716948 65.81724570128252
103.26462733947481 -47.71079915186978
99.95283836793297 28.715583728802528
103.3524831115656 34.40783873303664
127.56004426828301 1.2678554960146777
102.89804644239884 55.18189878670048
112.13200387534323 52.44309203239139
108.20817370356735 30.319084602558966
111.66919427947487 61.03838680921564
102.92769460650078 31.966956929669728
110.0155267970345 8.37972511784688
123.26423913376044 19.481678284257633
100.83882639112286 15.060186295474942
101.73178551428546 19.16402873025967
133.86726308423937 107.88171267198017
92.94798107301021 19.900323860457036
118.29534969680843 51.81750801633931
106.42722373956317 17.079955815331918
117.9181005835443 25.08624786269701
106.45265605666815 145.48271990385985
103.64528370086049 30.023183264236184
114.94290181734573 4.419387131805117
94.16337562112633 2.32871057729807
106.865210533396 71.99582017654701
112.40117238181692 76.86002082991163
103.07311265073096 55.55881422730468
117.04979629651024 12.829331009786387
84.93258493359103 -2.0651713952504154
110.71621399950507 26.508153873631635
108.59955310938574 5.7132658529269
131.98490088648006 112.90949698827905
105.01812767588882 59.62516147288218
89.39342152038532 34.699131670763094
111.02574835982679 158.44581075755812
116.94999071877474 25.967315369013967
78.06511291320331 121.39106963002162
103.10211671692997 28.746764521061923
105.75931722468475 19.77033629041774
120.03320160349809 13.445509846406875
98.19427055178816 10.382784464179634
143.77516436538232 37.84725430313018
109.01093005069936 10.657187676775868
84.7076514832426 142.61146016845697
101.15137075247864 4.622998682504455
49.69409090850808 52.89099622557881
110.00855703994259 4.826923508172122
107.11525596839618 9.912364816442164
114.13233213685626 17.73995443905198
125.53874287419254 45.21709664833851
110.40725007359133 15.119431763598413
66.49675009235717 10.556327201104182
114.77449550286993 -19.464133827461534
84.70784162275247 9.618634761088495
101.1111217498179 130.5544894710678
110.32901474901702 3.1588506986420013
110.12331340498022 23.113101960502288
118.31489783409576 78.10828756587709
111.46046506694539 49.14754394795005
110.17208887827037 12.754531682294504
149.19390228090012 35.930420811979644
113.36439032918464 28.90907695231339
107.33836678149171 9.888214311893195
111.41945240417111 4.13557952899829
115.21679213930737 21.250762819541155
63.26393519410734 17.757542437770407
104.73209251738295 132.41294117851828
102.79297675470228 7.354224349094064
131.8616810463671 -23.606169242520316
123.16852534747879 98.9485683879614
116.74181553726969 68.36809514522089
139.6500282264491 73.84352722657995
113.58000817059855 36.90370349603618
86.7594266359203 19.181910755361212
124.4281889361874 17.011097053430852
144.47251593357433 98.09145895273365
115.48458649453158 25.50365859842401
113.11419622310052 37.30948384814569
96.79970523663366 33.12874925973314
97.95353902097047 42.956775275359604
115.70614066570887 16.142618842638512
128.63795475987604 58.55377687754636
122.90969610231667 -31.623671660695848
106.21863805933623 -3.4953379174823
80.56240243128552 5.342334455686745
105.77982136157019 18.131964590388037
70.75713911603324 13.291137350845704
84.89455185598882 105.09320379610537
108.68122339113881 -11.677228479672547
90.22783796838802 78.89477424809502
101.36493845858712 30.541729089323933
87.0317260932233 18.97639675799573
110.43639596921645 9.945440347983917
87.61475865728369 69.11635032661198
67.90153847129231 16.48640380528821
108.14009620421692 32.77406457028677
97.92003838678052 13.68654471795445
108.14680318382744 -22.764277882927946
89.12062362250364 164.0871999329093
68.59598756470429 4.955534638503412
119.53908525527612 83.16894946607276
121.27874527174802 0.8639729014614179
110.40626600955531 31.76747541821503
120.0668146525174 149.21465866143512
56.787100389149366 114.83892399310288
105.43491135009984 16.086476294577118
109.65940227737136 16.674225505537155
130.0467261513396 12.816165890237222
89.72813203166749 12.653559533024348
105.46213418974222 19.126721675985888
78.40705206168069 44.706335195993304
109.30881087360969 26.08665488277083
99.08668579476014 96.55765682695834
115.58832297324248 22.560779056926787
116.67492145135029 25.355994021426667
108.82369583709342 15.731290790073253
115.9680987401049 41.295346804955116
101.4613843622031 7.344239797810388
59.71872188238557 7.867517296515267
116.39528115328291 29.293405491300607
127.76385160883697 56.0049419385469
106.2285151002346 38.821678437067845
93.72157356369533 10.8901643019902
113.78905906255864 19.174153132256958
129.81161482755766 19.529777656381615
121.5086002388131 -11.68025638591683
131.10315052224834 29.283205912558394
98.7007800546243 23.875894687707156
93.71427566049952 24.434024200655823
99.33168072821728 103.61564548582369
120.34338401846529 116.16180638003026
100.80189357313195 34.20683254828175
109.93009010830117 9.748790647749628
90.00107089902617 0.5600641376692669
107.57980321527293 68.28724615495177
106.45368067642933 1.0098135454101658
79.31796732571206 110.00093635878122
117.09248815276558 17.52862133256799
112.54058942054698 19.981098380743003
110.72342720053035 51.69133880846001
110.97015351850209 133.8220891021786
76.56291791046752 54.9492351271219
76.06247744803733 12.309089264874848
117.76111437888886 15.904438989933949
100.78293704909377 40.929994876491016
140.04179104966855 14.115930013091965
135.86915718158733 17.52880143532148
112.79042097672136 16.681084148848885
105.90919773738602 49.36411996646745
110.32348009181909 79.21014495494057
111.31577086491752 33.91343624163166
101.9298294799787 70.77265629894025
108.74841121472865 60.521063504294744
110.96012291623236 41.839350357812236
79.75831709693718 9.969236871194182
127.58638213612929 7.9024422360507565
116.62183256142538 6.581901481061562
