101.53537907404301 42.90257523688324
110.16122736875339 4.658340411954461
99.98000312507257 130.01609273544292
33.54178120444039 71.64402862849771
104.75867165805204 71.80678053521095
124.14152194961986 132.640307921362
107.55803452605078 20.2021702021501
111.76528789789297 98.19593167286666
74.27445456039919 -0.13342474286001157
118.24633525031419 25.18208568513962
105.2063145940988 11.382747650958976
92.00076386744342 12.464063777455301
111.96702192772477 -8.634634622147141
135.721110534328 93.10763972492822
114.9434551216707 4.807667367082158
124.13878378744852 19.762050365323194
113.57994787600897 8.285706774580596
106.20039937020495 37.93510771476249
107.38506418448176 154.55977779772866
99.79687922609455 31.557077095447692
117.15030759849087 6.6698919535532974
110.63283533747928 26.8661637477516
123.17169989685405 31.63128849049546
106.30504439185287 -39.05313950653469
111.8462413650245 15.498812312282613
111.26703731151262 -18.912004599185494
113.99623137985466 23.670826908114996
109.56530698739071 -14.565067522914358
72.2542769104561 62.407913566031105
110.51382705173026 40.28458576367001
120.85575752893403 33.40237116136211
107.19734421970995 9.749956382907605
124.2525451258369 66.54467179679301
126.51317869811969 -2.699839091822117
83.72276811518972 152.93633273609095
112.06098998758978 30.38469745148351
125.51209555739081 48.528116874211506
111.96661400748124 8.327384923970472
96.57336958586207 103.15713524092054
85.45061516404425 14.06003610477568
140.32747628754777 91.22949563976884
89.0559647883582 106.77701268451662
91.20464226009803 20.92981755459764
123.84814552665955 19.031530602788663
41.36994778731356 16.402759055988568
123.03360809314293 25.750159676089133
112.79126082493171 1.4290614802727613
110.869010661347 36.382411406758706
102.47823669747523 -8.918387478537511
141.69126706341206 88.55719978729249
75.4313625648682 7.624946998325178
82.14560414404576 73.03638652720738
114.92701335362607 87.82229574018396
110.21268069412167 20.470414217954136
93.6393855784857 14.999094313095679
111.14538789040343 7.335370797682777
97.37209726764021 97.79243251154394
110.88535159324607 35.11180911188311
94.23335705416075 24.696093105158223
122.07211034685069 -1.1152278146690833
124.67235710454693 97.68245023130821
117.49386752291302 53.51019114673076
100.2649214264161 31.117091495616094
86.77455276270842 81.92246319151818
97.83660241571089 16.214123142584747
116.40635746009933 33.29922895236663
111.49478743026813 18.687724123976786
104.91009596944298 14.14826292559536
117.71868716376107 25.12999287579727
91.69234792258524 79.84319913025004
104.49220477453366 0.7248339164115987
106.12940084520692 22.828101241119747
119.82098019918469 18.458740213659247
131.23980018175723 66.73261738702712
110.76190668566797 -18.025308941021454
119.6819048656612 64.54802338269403
95.5794693020849 28.93630157266118
118.16917945045222 147.45780570697414
85.43160238961292 50.420647177138115
81.57075289471561 -6.63763948157248
106.10844742459093 43.47391011510342
110.17486229257749 9.715037606279376
97.29951596852412 16.708342437560617
103.37188896515036 173.20722971202392
119.70585209090189 9.920006915050424
111.64175309043335 19.067017565679603
84.03545010162955 58.76561094424489
111.15395434136488 40.02838483095736
104.21242574837062 19.161022988458516
111.2636961291302 20.138313353437233
103.59722622683807 9.501315081990573
118.01532475360386 139.45778725538247
81.6434109602789 24.346424862589203
117.2570335553269 101.49141858591967
122.56560397371273 91.71463459009551
121.42125026677294 58.90887005047977
115.10353189076153 138.61743492740993
78.89681508645681 40.95069814089291
96.96771270213478 29.007662094965045
119.12829067524636 54.82091575989952
97.55316378089455 41.41148211938217
110.24948332839325 -17.133413182280044
108.91596527668123 18.534943379366368
128.81016099196566 34.22861359503165
113.61956142105484 133.22385613330914
88.06965705009083 10.30857076392173
52.04235783349847 13.577521481651463
143.07373978992354 44.22156630330945
139.45425533455008 95.33943929844303
96.9678353339945 19.69739693477719
109.36554731384985 16.80250379738661
85.30892036267744 12.958405408851275
106.90625538896637 14.801900439330254
122.79532688324151 17.280884765926857
121.77137196383606 53.24410372156447
65.45220584722519 165.37118190231197
103.21047111344139 19.65738954908945
130.17472892320046 72.91427061065635
113.4948730248692 4.932122453474672
40.26185377648756 11.06135532489764
104.43227843680144 70.88754549640042
114.57044481163689 -3.585227219838516
105.29540995065716 112.2685589959791
68.06556975006755 60.09127235642252
90.37246421393064 9.6557959388811
87.72327900003805 10.640445946570056
93.67807413889388 19.07948016255624
108.64322535286693 113.28155719869815
101.73838803282835 8.702537598690112
111.39552176248286 21.49503342717444
96.72521633598566 69.63158521272159
100.02459054897204 11.4596906838503
106.77624846586473 34.62787056623497
96.94290924997267 70.60659290417412
73.51153496363011 17.75649769134144
81.05091329399163 24.956296067577103
89.45723136938882 117.60844972579048
116.33891803866028 -29.192387002690673
106.80173977904364 18.579832765817464
115.8384300989187 82.53327613812579
96.0692646763996 118.93417755140763
103.5260636468074 39.43246514872288
110.46908910500436 20.335897620565937
110.30868034129166 30.321911366989443
116.21245430809898 21.01678372626777
80.84218313490581 178.99627356957683
137.3670981926162 92.67703580934604
96.41386564098038 13.264712292015417
126.24223259246266 82.01831260054462
106.05018915383955 110.28878563971317
81.37536499843384 142.91664350244605
116.26405360498045 32.74787442602112
77.57730142488255 56.76579258234941
93.66882730646326 56.02620403675981
125.49818035090732 18.078970877129542
116.3744833223309 78.20990217279964
86.48653956518999 71.6705048425092
121.67512322915368 24.842779381917573
107.28967506797049 26.761924187967786
96.33428748384635 24.636171781864675
141.3822344571843 100.02383458936903
122.29800872079143 16.644447813317242
87.61894225751489 79.93616461715968
127.15157184405953 34.89336041983516
85.08678411520398 98.46466811133942
105.08954537392266 -30.560680656839807
97.2244510906465 32.96748755691369
102.09992710949692 37.59404900135547
136.75009988056064 13.73350277652963
95.28938432649953 42.992212516941166
124.51044350774801 83.17314328699182
102.31309751039996 30.45384544316657
113.20234039660535 79.02313660920532
103.00803074453165 51.25497842324091
109.93545293864887 13.73529490397346
127.48425621158485 21.539316905828592
103.2627604269144 16.292919783477878
102.91502193178134 22.58201000321973
137.32166044216035 103.39573225065408
87.70008222638192 19.748367708292008
119.18939711074627 52.61069526643222
108.57267758246022 19.111247507487096
120.25193400149979 29.18555556751396
105.65580045381958 166.9430342959038
108.68762096551444 34.742848161372024
116.54481746026579 6.310008476264772
95.15763374471584 3.562245722719175
93.61011281850269 100.34150863975543
116.3733544364988 77.78684866857553
96.2584555079868 64.16160717914488
107.34774957615447 9.751806504662332
76.51187316198752 -1.556231475431101
111.24061636853328 30.248477677743587
108.54204512796967 2.8805677198449904
141.2799068452703 110.96585473893381
105.66795364326906 54.13379121575917
88.10437960562456 41.6841200438773
117.08574216770435 175.8749375095273
120.6700411624151 30.308893342081554
76.71495081254362 145.05275631911874
99.44214188473921 32.12521291367098
111.85858582123204 26.142327134322723
121.69704910326352 17.267950590176223
98.13445842240229 9.773218732858151
149.6490631978 26.84981052890545
109.66036842406001 11.581677864683504
91.05318951319103 154.947129803463
100.21371886402632 14.039900792936283
41.613131670379616 54.80862134336951
108.86747855475292 12.956880226836072
108.80599417185834 9.75237728312568
118.13281008086302 15.447504650802138
117.43809219616848 62.03525144050259
114.92741013788029 20.577265164935575
61.47981796516339 2.359798883876752
120.35293709681363 5.885950870656075
82.82571151990815 10.152579779501718
110.64472867806192 120.17207836520174
110.25981500729712 1.3079450646090165
111.09981162109835 30.320318130588298
127.67990707491349 93.48799615835796
114.49952071780162 53.34535537140592
110.00879249041915 16.943933047640023
154.43635426142998 46.16504646319925
117.7439886149689 37.587397164392215
106.25709428267055 4.681023308151412
111.67973531845702 4.006397286885402
120.40188467320779 20.809716514235156
72.98280211148872 24.42162995816036
98.43920506561588 141.59568943179582
106.20123625356226 12.96187463561704
123.5084188648872 -20.597196388188703
124.93231163161519 107.24098437257973
121.55533238283806 65.36962546244982
132.71624093108386 68.45875282412307
116.07194685386851 44.478152324132566
85.71211805807148 18.877554724145266
130.13978280774762 19.346056655549084
138.3383398710597 120.02957310058581
116.898209479121 40.86585949236934
113.70991623583171 47.84797345202698
96.24307083455459 34.28463672615471
105.37899607768425 33.8062044418933
111.3874368274853 19.874833990047698
118.67680217985 57.22356320829251
127.72926672031463 -39.417961652277384
105.24362321019527 16.269344806037417
83.63291280370217 7.249134373984318
101.80047172410389 25.264872280255858
72.61915359798712 14.536812640437766
79.5994668382425 97.73552889751718
109.07495979964756 10.215836687512471
92.07655859912926 83.23963408840899
110.5892630699852 46.2710501800567
80.10745314099773 19.482994154998675
111.22718813148478 12.087327172956767
83.70102790597558 67.98698676471678
70.1826267273608 17.30494192493538
109.58975743150422 35.81567235070061
95.7377631342688 13.778620673462674
108.59170435487663 -9.31143323627882
87.23532116495382 166.02519790004592
66.09243760032541 5.18314042937618
118.29199341169218 90.18242843881445
122.46240592665087 27.134006942345472
113.85390816575436 30.00795455505391
125.73827270078726 177.05844641392503
57.02268339466568 108.4672882878297
102.05976656907876 15.761609313292102
109.46835232083356 21.028251921401573
132.078337133363 10.768314083572623
90.76828053226929 12.75918419459234
104.85704110616172 29.64970319391537
75.88667499325318 51.79668620423897
117.43758705848832 26.629203762088853
116.54577486916997 108.51461981994045
114.67733534061776 26.085384499495156
109.29426924473681 28.921609468827036
109.6636495249588 18.476059391517687
118.01287605599104 46.427166538000264
108.01772861434621 7.558889822942022
48.292912920935386 11.376222660096321
129.78984462535135 52.37014403860773
131.7787281021362 55.986480559777085
103.47541875785056 53.62723934192848
91.60598133700508 7.014451650418158
115.45348178755002 19.512707287882936
126.45215696914313 19.43956170373491
118.96274434653814 -17.31994202178566
132.082599650212 29.955820880071318
84.87353963019041 23.885585792228607
85.79596685523737 25.470793001870536
100.07565535489499 123.57674935226264
121.75908934556715 138.81499929492927
98.26105294060753 36.83116205019697
109.89044422934826 5.74235657773107
87.90446123286041 0.927870074505082
113.729967457995 71.4828359357499
111.75813263204942 13.236492005127555
82.99672026627314 130.46305524114777
116.44554174189642 17.7628712601122
117.68944027721362 18.69026680392792
112.39181633453103 50.43084896426783
105.17049129891387 139.02197999043736
74.10220008706573 63.00270749772078
77.2912139365557 15.099153528791685
122.34096294853683 17.695849904303408
99.5823998591675 47.07999172249259
140.97037800732755 16.493728212555364
136.61405781813536 17.64344631220503
109.65951283358278 19.458578487580304
105.37833542119522 57.985774424592286
110.32126421711891 90.88573596193572
109.13342583834192 28.914168725050057
96.52436930761213 78.02303852883381
98.89663431521751 68.90004009513967
110.89120995742857 40.99528008171487
74.31863049873317 7.876095593685594
125.4231035283754 8.73245356867582
119.54273960338148 -0.2076218167324435
