101.09551210390846 50.49313041523139
107.96277116040145 8.752859663940693
100.48313137912145 136.44708027449173
34.8069231814879 79.03920836729762
107.01228191901191 83.70281542159292
125.26938657538307 137.33044596921533
107.00218608044287 23.545885538852037
110.9368104519101 92.46143302619559
74.75230910663238 0.3247587386323084
119.38921957167597 25.932833855650273
105.1464445201925 12.037354471781844
92.60207577048241 12.49796620936093
112.03124976703259 -9.748562997245283
137.5635370326132 98.37183527205252
119.66943429695816 -0.31957880239742753
126.55563292155176 18.21293240120321
114.68247712515367 10.704866052399133
106.84657821323138 36.762741238987296
108.07048115836866 155.13578657833335
99.42974372846193 29.282404631685232
118.66211734775511 4.73464638602308
112.73940089741222 30.194312829397088
125.16302122641416 36.841569665805
105.91858398171824 -42.7199386973777
110.9249902145363 13.56336155416243
111.50094573525988 -21.22376387679588
114.16618275086391 24.198627310935727
109.5604857887292 -15.012661081748666
72.44253403857316 61.696382204317636
110.69425417326435 41.212849908421134
122.01922853789453 31.243486047913613
107.23541991464126 9.882660046208768
121.94000476179566 59.74418203053003
125.08983459405283 -0.45642879657188695
86.38575124390948 160.58932898489417
112.54811781926615 28.035424684614473
127.84481025692625 47.41424242577597
110.12341378162131 8.330537444276786
94.00842651243347 108.10325975611386
83.9195870228481 14.506061408539889
140.47391295741124 88.06546792772053
86.8158114921428 110.07864979832162
92.58559619347525 20.82298988042106
126.45791497873402 18.98305618487583
41.67866991485713 17.771494424360792
123.88753548026271 24.074876347685347
111.8437354981726 3.5430246440624558
110.08838677355374 35.430625339217684
101.6370630469908 -8.320820637680407
141.56310954750916 93.02587262533025
78.1033519152938 8.183131230094707
75.40228766771817 66.91425460849703
118.92407697669042 88.38111544112289
112.35603550763328 28.94961976658157
92.34180055857922 11.6708768981123
111.34840672031498 8.379757223483292
96.31018640137391 114.86588635425383
109.60698779429228 36.391804085236615
93.84202498533296 25.339522097767503
121.66271869975206 5.785317455370431
126.83396157118028 99.69731962383395
114.27490291106508 52.03219232511535
99.91261101800562 32.60329617698319
84.40693157479909 84.11263943053491
96.82489993058292 16.870937334258574
118.3120420112692 35.99478052703699
106.22090864196467 21.710145395708487
105.4075037590636 14.431106527115855
117.92863121412668 26.051525448032603
92.81311933505026 83.34607137328277
105.19515899233343 1.5997343819216396
104.22402398441139 23.484354113290692
121.32303561913135 19.784767938634577
131.4422228166489 61.109929675190614
110.75974547722093 -15.092775707106782
122.2149892072961 64.45816274419458
92.8588570145651 30.56557019555838
116.68247089827254 154.61733532755218
82.33071500760217 49.85978715843009
80.9243673547047 -7.963262154289689
106.44717957760021 43.83435543129225
109.64006186579165 12.434899014333158
96.92622869046252 15.495592845528929
105.6801410046774 173.76918882208827
122.32775869445685 12.290155939873683
112.61454676459033 21.765123449389304
81.80106842583767 63.994389522833174
111.6348391520542 41.12249251115827
102.93899527536783 19.16779579584688
110.85602991164603 22.484755570795826
105.82013748407687 10.212107912009808
118.92962494359767 146.92858581223416
83.8521874690818 24.444444232790758
117.94903640630446 95.45614071026563
121.42579688789687 93.63150077152379
120.30204816834467 59.99584243493361
115.54254175170118 145.96122449353527
78.28761532258845 42.64786713446418
97.351275521969 29.699657449100638
119.1268323892381 55.86109464564298
96.48801180355508 42.49810239423047
110.52556161016035 -21.691868908716767
103.76756979388949 18.639619510085332
128.41275640832103 34.01718814240746
113.8581267862588 138.01250767685676
87.96159798067177 10.938825542327816
53.47873961524157 13.616743363908446
144.88435935425787 44.832638093579746
140.92118456048462 102.56572292505565
97.32697610702753 19.674533597386336
109.47398274640382 18.599305384072288
84.74087427948066 12.617647652828905
105.1403781351403 16.375002751205738
124.53758048650771 16.92231636378951
120.27170186248209 54.810773337064056
64.32070327001136 163.00293662576345
102.93972728233206 19.8599801815026
131.26605716798454 72.01720231361324
114.1851134075293 6.03774083536696
39.29301374232436 13.866400586965176
102.96813456947388 75.94497234560475
114.31584542924531 1.9876447768281889
103.6297988008729 111.18134377162313
66.03204783542672 61.21907445478909
91.70013735911395 8.195335517304986
89.2494961666262 9.213883197423527
94.3867989810276 18.964391977859748
103.65819075253347 114.04344699134779
104.56151252515805 9.296467241652964
112.72373586055735 21.737102890581184
95.97475311276226 72.79874912288312
99.94062778859251 11.486831136142628
108.15200783538091 41.63231924841194
96.98941363103455 76.16763729176448
69.15905963304442 19.354514856473013
79.88294803768886 25.10530741087875
89.83306701067957 120.2890330762772
116.78937497305209 -31.88923064498701
105.65837483905864 18.9329770103452
116.03906154177251 84.85548622047682
95.7757701474931 126.46916918108018
104.46536743376173 44.212478558992004
109.64494587835027 20.520602037576264
110.34283265471542 32.459305837092806
117.14102182917723 28.83540419797772
83.53529789325566 180.05153134160756
139.41769179278919 94.27433078750838
96.2429090958292 13.38424085083728
127.53714969337588 87.70533077803947
106.35905636822602 110.47067874327062
78.57532244805691 139.33032322286212
114.03946524256142 32.68264564993353
74.93912210647248 54.526582981418144
91.56281216310623 59.794834230369034
123.48244155877316 18.387002708161372
116.8875135108076 82.08894497988973
86.16392798913706 70.70818435424064
122.52363148601845 25.294063165922662
111.939914374614 27.865953565527835
94.8651757275846 25.26508648413042
145.76321510776086 103.15208636944541
118.46514751778966 15.17819547421992
87.6238423674992 75.98926748837476
130.52575899189205 41.48341253219711
86.11135931321469 108.67363529546427
105.78373567331296 -22.27816694148796
96.53063401574349 34.12338861265142
101.80856890975517 38.21140377770641
139.28543400790093 18.097687337033253
93.03081239119133 39.27929528928597
128.4428962600586 92.99597398079939
100.49315896840235 30.840307367829045
113.6700894418931 85.14521153852267
103.23450245202433 58.11299429301748
109.90765639876986 15.69178466824837
128.4874920847895 23.793329620800552
104.2274752438834 16.763378262726434
103.38532519584616 23.649110489724443
138.103136715156 101.30551576033412
86.37041347938022 19.692491174517283
119.34901136795247 52.42407804245151
109.3062328488055 19.798055449895955
120.86243692843989 30.346777157283285
105.47978819101439 173.33360334985565
110.38800653095042 36.22623094183797
116.91520363243107 7.241563686879756
95.74945887336438 4.398358465465944
89.4589326412235 109.08751243308838
117.58399884865366 78.43547810254898
94.15665980232788 67.14746085988372
104.13048966988148 8.959885653082072
74.42843135745817 -1.1056231956270262
111.40015911245962 31.372929493370172
108.54522048235619 2.340149598421335
143.66383065999932 109.90814589676707
105.97664628442986 51.46784258568435
88.05720295047593 43.75618344025102
118.99869994399874 181.05159561918734
121.59595711538299 31.465243750122276
76.93814526349462 152.598440862171
98.33110710025537 33.13506312728791
113.87137789207644 28.19405463736723
122.05308435009748 18.57348903718088
98.34168471863379 9.723612590166237
150.50592814071823 24.003870976993632
109.88279311556272 12.107216199017007
93.63786875139454 158.28531221909813
100.03117785439031 17.30775694416739
40.3657265560995 55.80131458635185
108.49737821308736 15.876676785828435
109.40213422721783 9.929658538916952
119.3229969042504 14.756403323552252
114.46677642388936 67.93218184758676
116.38060754070591 22.382052788590038
59.773999845501834 -0.11402491709807006
122.09734300837202 15.531187223908134
82.53175723944196 10.595184210153509
113.86039949780124 116.48762898211291
110.22432861071552 1.0886490675391207
111.39186071643732 32.61272474201825
130.48445976231648 98.51065010510811
115.42849952443353 55.34125757420252
109.95209321967513 18.415966722726782
155.68710104709464 50.262804465750364
119.06616490331041 40.064603152025775
105.95848469718133 3.1023191656058904
111.71848605304861 4.263895150639636
121.99374059209266 20.63113223068659
76.05117985505008 27.416360345862024
96.59191177249052 144.26980990191973
107.38607750800294 14.903631736411043
120.25861976100163 -19.375358049052586
125.30559109791882 109.27192990785326
122.98839400678848 64.41354325021892
129.90306642620928 66.42356610444709
116.7469441475612 46.409205377914965
85.77827726972971 18.788623133368404
131.66977890003082 20.140390061482588
135.5922050484626 126.49117926019068
117.19798809820637 45.624051560882315
113.84150072536859 50.74486663745778
96.30274290844424 34.387940559514206
107.9879837262575 31.823886672601148
109.90302543297744 21.114321240124383
115.21763142968297 56.58856462743403
128.97201590166569 -41.189475209415626
104.97622174651477 24.527458224024826
85.34467456158437 8.246898230692112
100.5824929290245 27.507701792009737
74.38456134151181 15.043572920844836
78.48912298262039 94.39595369467332
109.22195231219706 17.77511903300847
93.10977594186639 84.26114340441498
113.67483908456664 51.457982524615126
76.95050601960561 19.647914808366735
111.45349182665235 12.952518994088633
83.02299757985733 67.24257781066113
71.53371066227287 17.601470573454645
110.07929629721082 37.60906705095853
95.22707693910888 13.920258899638139
108.76242690983916 -4.119113354511253
86.89049314229752 165.72654176064907
66.07415638780492 5.5067874930317355
117.66977924562919 91.86512138115093
122.64355612148628 37.117324306776645
114.94525063891871 30.062943000871734
127.34704667457737 185.5669784443627
57.762067787772374 106.51713253626592
101.09055670043715 15.724747153479798
109.4092679199514 22.473912864369535
132.2105875559912 10.23152765908835
91.6424929791211 12.926103184313613
104.76554020536013 32.9405035289212
75.74966434081229 54.5101903125815
120.08541158898862 27.724222100792183
122.33043913546484 111.97462464975325
114.30181774034459 27.199501148218463
106.80263532198133 29.92951270556268
109.94527029607997 19.4259448092074
118.52718779728654 47.692235345233044
110.2799080581338 7.8194086360734305
45.5361971944093 12.666332145761963
134.05263991451733 60.68122115933408
132.80265532999292 56.65460055850581
102.68540061413935 59.058666572288736
91.28930107889809 6.079517323634827
115.9539971916688 19.62395616752729
124.74934801252574 19.40318409354529
117.98006902849137 -17.668930437604274
131.99838838749324 30.00818601017709
80.8771924087819 23.76337999934062
83.75427523578905 25.68191954378236
100.48672999486166 129.31586160244865
122.07121800118063 145.53857745929943
96.65657369574359 37.17700882682935
109.87895814734249 4.635545258620652
87.56508947329358 1.37742040874795
115.69682401811929 72.09824946934098
113.52260974558698 17.528885826552695
84.8781736664868 137.11116263422144
116.09573678907748 17.86684212472833
119.26238506756319 18.266016908751162
112.9301536176167 50.783896318872785
103.29066163274112 140.27414062372938
73.56524792628764 64.80906531065948
76.99964595646189 16.078395900246587
123.69023167497717 18.33646892514069
99.39061053840572 48.68359887664793
140.58162343970545 17.35669220191096
136.27616150117697 17.716912942063523
108.60296782108762 20.396907930745833
105.28626165455789 59.914516116016316
110.31513067070445 94.39896722279701
108.40814747692491 27.52936645848326
94.34332186626573 80.54750831719176
95.80656380543068 71.88198944050723
110.8583053830092 40.46287108004959
73.27252272710349 7.416948798806004
124.26717924519002 9.203794562238015
120.30037182207123 -2.018926813808394
