100.76222116382729 58.175275463343354
105.77791954020118 13.13438042498554
101.11207051549066 142.8362631351592
36.0654004148911 86.02401473546949
109.30057847615899 95.28494545422123
126.26522046398826 141.98499139257024
106.46358556634446 26.857216562765192
110.10184345418763 86.59931060282814
75.73805788936298 0.9912413562503392
120.42984663830312 26.649299130079147
105.16297304861851 12.749976386780503
93.36637781517936 12.625730229944642
112.07229292847265 -10.64534665205515
139.24581998082158 103.40607849197694
124.27327788549674 -5.34512619516279
128.7955254804674 16.672143967774577
115.69994066973629 13.213231339229228
107.53558588554733 35.83043766021981
108.788808520574 155.37206700600495
99.11785988347432 27.276991057310465
120.04977932783281 2.9385968233471953
114.8157524711691 33.50753140988342
126.93296223821477 41.903838143186405
105.53954097015745 -45.61031153897713
109.99497725100406 12.116843406480916
111.71098554860156 -23.078263630102764
114.26264880366264 24.680067209398835
109.55706650254119 -15.195963547944876
72.60183198729236 60.998277688539474
110.86728383420942 41.836936534876266
123.09177284246685 29.374624878774576
107.30101832481424 10.023394814862446
119.50457907174949 53.08882869122766
123.54876089877894 1.9355363942236807
89.2668621650677 167.80734441488173
113.00492220169376 25.53877215274356
130.05213923773286 46.146602017467735
108.2738528157196 8.404174068468171
91.55115600612595 113.0852344697503
82.69867485367878 14.976088013303114
140.33838448852308 84.38381118107424
84.60787473473054 112.89019442213659
93.29354281732562 20.69977349503916
128.7620170073187 18.936768765849937
42.171558136906135 19.14524399173301
124.6693305526794 22.639989116442752
110.87901664831563 5.77152969879622
109.30672443708205 34.35551943383966
100.88985002021352 -7.389253575991546
141.40639784356944 97.23137107400761
81.3706951710047 8.901132302659716
68.90304134272402 61.08360257181538
122.81409829284351 88.44511957656432
114.45801005642944 37.97387258403583
91.30192509700748 8.611685818984379
111.52948004516308 9.57807511311485
95.41620049689435 131.8532182647556
108.32893043508174 37.365380188872436
93.69035162494538 25.902169368211265
121.10583655526342 13.186490554631796
128.87034656186754 101.38283314337845
111.02469402461952 50.814483341785305
99.7009982106842 33.92508529241984
82.4022493085165 86.24933214872264
96.02837264508754 17.537179651551025
120.13697706352895 38.59432533981656
100.95114617582861 24.705754014905843
105.93267678967324 14.788013646005489
117.98453203714192 26.904287041177504
94.1961296502718 87.04103292746778
105.94960472981569 2.6969213139000994
102.35200427044778 24.121773274703248
122.67669453715966 21.105003680039964
131.43843877802004 55.83584611622698
110.7486130571633 -11.761805387092792
124.55132116703298 64.58387184877982
90.30272597885161 32.089422071241614
115.09759322039332 161.64464635773234
79.6128263596628 49.853039612453045
80.53674842910372 -9.190554516289085
106.81104521983488 44.622009701405325
109.10208977694978 15.247381341501246
96.6810188223754 14.558390874700477
107.99999294433321 173.66962550359693
124.85985950891114 14.701964016426661
113.56480225647852 24.457015893849725
79.58245184358375 69.12650662244722
112.09206054974152 41.98359875435309
101.68468196880777 19.17444727005772
110.43767779139753 24.788915567628933
108.10974952527665 11.054167885618753
119.76935146771952 153.9595457876193
85.97492750035937 24.488199048638375
118.6127965941774 89.02026750217794
120.0922393773028 94.93599487652527
119.11530224996824 61.35309415103284
115.9247956144668 153.1107494825807
78.25878595648342 45.08172190861592
97.85044702203545 30.30783140651628
119.00214781557099 57.1122282389031
95.46623641913277 43.27544101022222
110.48625608712783 -25.951947398795753
98.68826921461962 18.752293274346762
127.74210334267869 33.74358651935
113.99890164155461 142.58843814780585
88.15835095177259 11.67147424581402
55.64290798199346 13.700557636364632
146.04425817617292 45.49335520331007
142.00858737217328 109.20519554467563
97.70830491030024 19.64708745869273
109.58450675970494 20.399907688892267
84.5311817743463 12.335347523836727
103.40969461277936 17.978327202823017
126.23308851740406 16.575129931579152
118.6817173728079 56.59006524494247
63.67436069689319 160.10072409004752
102.71549075128193 20.059091943183542
132.09785050990104 71.27538362398433
114.84886276864353 7.160875914659104
38.72376746734105 16.74245243249169
101.56693705527694 80.85249690255452
114.00640044265573 7.5882409951605405
102.0733060583406 109.65598921807876
64.44275291936762 62.386331914583266
93.2316315279004 6.7821495800436775
91.1344806087491 8.825452440959728
95.26648230866925 18.85159451445851
98.75515700548216 114.07166313012334
107.44649069451073 10.001474330694537
114.0289663213306 21.965348780148865
95.31355986124775 75.9831287359915
99.93668386165152 11.64904450769723
109.5343885647265 48.81654657410874
97.18874618086267 81.70432159835099
65.2094616293767 21.686130163786434
78.88707284118695 25.158231475740738
90.56886242634904 122.30239855267439
117.1342578360494 -34.16836932428966
104.54514602121758 19.286157463109372
116.12828353439006 86.7363686279998
95.61539823106484 133.56015652196382
105.44180685698677 48.865151331729436
108.81966929250342 20.69824417922123
110.37217945483242 34.421225632570064
117.97732597115622 36.61191770552169
86.02847289294294 180.45778134090907
141.26898179158238 95.5946923962437
96.13845454944213 13.550633270552561
128.69138931558075 92.98611870160269
106.69995598480706 110.69461572793877
75.68799520520376 135.55998771048078
111.75413769890525 33.37804689997083
72.62354027827664 52.034999959448974
89.80046893130574 63.37134285116391
121.22033958845685 18.71140895210487
117.3130654397411 85.09482184345113
85.96528403626607 69.47425883674076
123.20254380794188 25.6603368010577
116.56375216856844 28.87506857001894
93.588149186231 25.879269647491892
149.68315437140305 105.58288007011501
114.58958127992744 14.38086509585906
87.81480348034411 71.83309442073069
133.74969424223715 48.38214490699049
87.38747379480019 118.47267199714445
106.50508647929584 -12.703402574318163
95.96533193072251 35.06104970535706
101.59146493014637 38.625863275939075
141.4680418950563 22.461840235544074
91.00847534922406 35.6909246862856
132.2324025906846 102.74344366392151
98.7858250558806 32.04367691685808
114.08880833141531 91.19897528570343
103.53194284413526 65.1692647274406
109.87812852184756 17.694820004555464
129.3098636625647 26.264872620728934
105.2501179859065 17.261703767784976
103.89457760481682 24.675145508260645
138.6943977744226 98.49656326950691
85.24000372675486 19.63333852292592
119.34779151351985 51.89772698313746
110.04219923606938 20.480860275858834
121.35355577159068 31.41721833064996
105.35380733179491 179.11881217529486
112.08193445826754 37.50302864358374
117.21837133285452 8.22020404828596
96.53132085491106 5.4521781554806354
85.55284882632088 117.2627745875535
118.70676210460573 78.76932220044145
92.22713230665532 69.8642944249001
100.97049202274694 8.295187825949725
72.93912644197576 -0.3364542739367359
111.54535146918467 32.40623894496442
108.56753958632649 1.8890837737207333
145.7361053163659 108.81200885546221
106.32180903562082 48.39185431219065
88.12726865510395 45.47104501155427
120.87403662556605 185.54802287778062
122.49594778520587 32.487652808422894
77.62105095985841 159.869443030089
97.34305252809365 33.93572621968583
115.83629633878732 30.18750802368838
122.23382285519281 19.88978522959699
98.64620393686688 9.740028489351277
150.97988119675753 21.1796507840619
110.10569359148658 12.698065590312636
96.3222038714801 161.0865730007585
99.95175128192994 20.582818436413344
39.634576566444316 56.91155195045603
108.13678166716801 18.842189454867494
110.00114606891165 10.262873745526601
120.43553796219902 14.151339237270305
111.39898128640627 73.86544542756143
117.77999171948434 24.137136290470668
58.079721670601614 -2.440295951441407
123.67597556758359 25.661897667462334
82.5607223772872 11.126860642623733
117.02152550698783 112.37878047830601
110.17935146841836 1.176753456786698
111.66913636593368 34.71607020486246
133.0261030791504 103.25120076243056
116.32114863290697 57.722066278242814
109.89515473419905 19.897525838135845
156.55371184642874 54.82207311732577
120.27199231148563 42.47479937956824
105.68537260378635 1.7045783477157512
111.72774721158478 4.739949287459551
123.43118066023271 20.443236413251075
79.00516629004552 30.93315192613425
94.9265243561487 146.74214299135522
108.59484597508656 16.914525045957454
116.90124966012674 -17.907216169773218
125.62461039010175 111.31153783772942
124.24146408472924 63.40955486595681
127.01733670766356 64.50303605918573
117.31889347755393 48.115214880442835
86.08552307278852 18.705396639158085
133.04491886988075 20.9238718486808
132.3514105442557 131.95235227549
117.4460979336535 50.13899689731693
113.92307745823395 53.450097276236995
96.4734770732066 34.242662745889746
110.6101620645399 30.11624993520695
108.41403139361432 22.32597167466867
111.73547918591898 56.07722598412773
130.1020748285078 -42.1809417892571
104.77977589182835 33.339299592385224
87.22973449701163 9.337313566981459
99.48615877860712 29.670584517542448
76.4977990554589 15.589060568462408
77.74495330797986 90.79917581830878
109.37412682323318 25.352668020922113
94.32284478895687 85.13074815523497
116.7019299229296 56.62125041453432
73.91799940792322 19.808677283901414
111.67552170461971 13.87306207425883
82.78937689962706 66.38791589862149
73.56467948255077 17.905742970486557
110.56701590217399 39.81467248568345
94.80082467832392 14.121000147638822
108.94924504207971 1.3417643435893627
86.84677911314944 165.2367164829693
66.44213668330455 5.8716646865001785
117.02203986778096 93.34392233902895
122.62009815648778 47.472769499908566
115.940723742583 30.752064089667382
128.759186190919 193.3834189664816
58.612387964534435 104.73272717184052
100.21463932153644 15.726147014826928
109.35448482553157 23.89384123178203
132.23829646650543 9.813505125090858
92.69151774374654 13.160652342380821
104.70570176042763 36.10228144512382
75.89789450146546 57.50533352307566
122.6631830112668 29.578046611340003
127.99317102786519 114.75822116772075
113.86817292176009 28.227024859513843
104.31926197169236 30.834761600348585
110.22706882595512 20.373448230126385
119.01578939029312 48.51843768635527
112.54187424841129 8.160419634102745
43.103972383334764 14.035796778180499
138.28885663794688 69.1175971281599
133.77971286602005 57.335080883665604
101.92423773026073 64.56146855347907
91.20434400171493 5.364285710597388
116.34686028726897 19.733161295813535
122.97610160058055 19.363261828422665
116.92411091673536 -16.688683936805756
131.8918486795211 29.927097275564837
77.2001596273887 23.593958503267345
82.04398848350317 25.827562679592475
101.01884527544394 134.29552563292214
122.27246154651085 151.78064214259993
94.42047120064983 37.25117249817233
109.86857447916493 3.701685729926819
87.34060307484397 2.0016669345927847
117.55715075506015 72.91282746902357
115.26241003740111 21.845476221474176
86.94871440314515 143.62315917801547
115.66467381081449 17.98942054468764
120.72303309318116 17.852663197113777
113.44037628158242 51.15967341663515
101.47080119057453 141.43863706773809
73.44028202864959 66.16998893765714
76.66279258735342 17.083477799851785
124.95025515747552 18.979618055855234
99.26476701632667 50.16417541828087
139.7432154418176 18.226801978462564
135.63344381686125 17.795475454351244
107.56225792957112 21.319923828516078
105.20558410644682 61.30770798139115
110.30458820277518 98.0452791219849
107.69016881627698 26.769673421610488
91.67960643493994 82.8191481539793
92.92206353608232 74.78118913616638
110.81957641832672 39.822508488004516
72.8771699647829 7.089846836279752
122.92804280768321 9.803114020955114
120.91018768841714 -3.7480005440352926
