90.6541297972998 103.1821307447386
43.207382010195296 106.13000837802767
100.4639215728594 107.88994673711501
79.30011553124618 109.95772800747477
17.98750071730056 3.7402404048910816
100.99796784818854 113.00044670562485
110.29010154209742 7.851266153069753
110.61581464161688 123.62565550737517
89.74628311594789 9.566537504560586
111.84411914522023 112.50213182961133
2.7683845878140536 6.155709650375454
85.78337429417282 11.469531509877035
109.99767725719241 108.82631495495085
119.24292324339196 121.98345076486437
111.45931313181299 126.39452968411408
110.83169104157399 17.48238120099392
18.027675172223837 9.64455660296471
101.82002221627049 108.20991764230767
96.16035888011051 93.5228603832949
26.41945716650328 115.49027931932709
97.96686532302428 115.70865597802695
101.82770888673286 6.325729368471395
113.27085694363213 27.704956065642246
109.1185758316392 116.08252525168015
103.39382806380348 109.02877913350363
32.107715546566155 102.27070514223897
94.49640427722207 86.25152554083252
109.40660201116903 108.59523470585748
89.58655773934782 129.03447086491505
108.56594651904857 6.0140784754379935
123.12225264463109 107.07098473992326
105.55602754847327 5.363360172772389
135.34160313358478 105.92283935120376
20.41940161956483 4.356340994391379
14.706203648876862 105.34674391859946
28.401806837921264 118.05096460365328
121.1793942382072 106.3145577924864
111.52898352794661 18.21324091862033
98.4842465414222 119.30778702550559
91.15944471934259 13.7883204254783
110.2441211680881 108.1023347837153
109.81432760279056 116.27829024453696
11.229183897064395 20.477773705217114
100.51567636567731 20.06763000612175
11.988021170699515 13.557636157754802
105.87877789633136 116.75484777795602
4.270350504510732 1.8639814527103467
109.84065608237864 89.54116541486812
103.304158605491 108.68239422368936
135.8608093460007 122.35225363141954
11.180704988962974 4.61150562600272
100.57668701220126 85.72187512851252
106.92958967208348 126.02010910175409
23.852471923997616 114.675988948934
93.03693477309932 114.26254539963874
26.11321365145323 110.74869051739617
102.65802890821047 112.17048397236196
9.69648335386115 7.042240348780374
100.413776087783 22.64527223177719
107.94402189761881 113.46545137241573
109.9551698568507 113.41584343768099
130.54029439483054 125.48247632939776
109.61821827049548 26.874375049753738
102.9982162352723 116.03410341010478
107.18606834095849 10.216876430496635
113.94535230129421 11.90850181182767
19.872229729759976 14.561375889747712
103.18022109829187 11.919035241007878
108.98004020405315 17.174723708840464
92.9535277043174 119.70762963121607
101.86124825704816 100.12106306013108
1.442035276960184 13.056876488573128
102.5458678817133 9.949260970464838
105.685983514014 115.7631344186629
138.14466849123917 134.00680423904194
19.491941982178506 110.2961762667843
31.87005568571464 111.28939556415912
101.83760480131028 113.60903764014898
111.40658192359489 122.90578241197807
108.90525487247658 115.18907464190625
105.96111085284419 97.05831195985519
91.50438725795354 110.54871983646814
102.46480335219756 107.32194564055904
90.56150044398086 109.37397764465562
112.67605174835245 99.4425579031484
103.05340117900877 14.265271004554608
89.4957359480431 108.1925740096591
113.1479789687613 113.09731934257393
12.05508470062493 18.984160065494642
110.16810083822321 11.13155858339677
17.64471341155503 10.183145963287183
28.66158732770288 113.30172838231977
22.425946692122338 19.672752593952783
108.80396778257716 115.50210101204684
116.56542834409251 112.97236905110172
123.62297039848694 132.9600536282108
103.47045526607457 111.2864093954194
104.60444123264344 122.20804756140464
103.55264411862022 22.92210097031238
118.78901179204391 97.82669690440774
112.35091386878557 16.670884130261058
19.40676545048992 19.65928572538373
143.92118022306124 16.51378528434739
14.124744367872996 16.747120520966686
110.12368329149345 100.60018431105941
97.0563305722124 11.2509052799929
22.012953188198058 13.128386850409917
34.0519901681504 116.06503551745085
113.25089153280126 113.86749885946482
98.50365226182893 19.527074216031462
6.467222567300317 9.317220693237175
85.85621418726696 10.420171480266127
9.41162147414807 6.375886110631195
107.19225721408189 18.748052124384596
119.3608824225596 129.66986269096947
81.62631740460502 112.40917239004128
104.1769636022842 13.480095475882784
94.28816698039688 129.41227289361217
107.46138824374377 8.940793764650486
12.762555683859615 8.189906493428607
98.69237044549473 103.23165062077805
110.40573866660841 102.47579340250459
12.354618025977649 119.05570377128764
100.3695578135482 119.65193582257344
104.80642312315851 9.986904507842073
88.06212333495198 120.4730347217025
89.38491402240707 17.542598933655306
29.351660207415442 109.87181628953503
93.90495860384925 118.2340743210334
105.02426727773165 17.565683597320696
27.614450920302637 118.70589017571412
101.57918377495618 15.455512228464288
105.10217153340093 115.61291676410958
103.48492146842686 107.96012318518737
97.73949822161775 113.43675043101327
97.38237063485884 23.04629234839504
101.41017804247736 110.2860580125872
115.92623407495367 96.33748067265302
113.44890259709709 18.956198209148717
92.26761269378079 106.30179649430465
28.76180012342009 114.81325368019796
100.03557633193705 111.25204203622003
17.300261221356926 15.686525723973716
17.815908165351857 25.457521248618654
107.17259678095058 8.287624990456594
93.85328477744318 119.98095726949626
116.88764530614348 118.8204253289406
99.17624256301426 14.461334040793567
116.90620160632936 108.59718498009701
16.729979724745863 111.27635604888731
106.21955763997327 102.50879108400697
121.21336239969025 134.99425684861117
112.04132563715031 118.42639268797025
112.74167079500637 118.9163266674243
14.218674102442794 15.26361584173151
107.89741956522366 21.24161085883952
103.03038824607526 115.75999602026889
21.76029876710684 18.066825240311395
102.2843119326534 16.507793230723944
109.40937817862144 19.062709649799853
99.22871289907697 118.54944998253244
92.65821831097226 117.22714198576496
33.12789505524694 118.13229061523943
110.41047308168167 116.56918746090206
27.107573159662067 117.13747050093312
100.39386407185215 106.91339156456868
106.24481270422523 19.656454694302518
108.91184810466643 23.997047515753053
15.122652957092173 2.133035668107646
107.39765183303058 122.73785127727989
94.42757616118571 117.33251137015546
108.87306069909725 110.97343549548042
25.92143360665563 114.44522009271375
107.93633507372124 111.90354104873411
12.458697910007885 4.58910198132527
110.93966030023972 113.42611301774781
102.99151894917989 12.866888203226978
104.2312956862443 15.305750337578981
30.058829393796614 116.22104092771521
106.56818036900633 8.637124086631992
100.76224305073316 14.596319507474115
104.92102504712055 8.684696936977643
122.78185349709945 107.4913947697794
105.50032790782785 114.08246362713813
102.85455775479679 8.16122365892284
103.08112484296927 8.260613213503653
91.9298744030145 111.55927006868991
110.57711516754419 118.81874687807804
106.83742953820723 121.76426936680998
111.28194219570594 118.96550046310881
95.97181380418144 114.19738664805466
91.19968031495642 -0.8306936690768421
12.686466531473155 6.4209427773285555
106.25530045953754 12.440302592521324
122.25456683393348 107.1465811095209
72.88647646667188 103.38420950794693
15.383482348224788 12.331305488370193
103.09651718356962 114.1020606899575
105.21954009104692 14.576869222122465
93.7244814350057 116.06100446479086
9.5132477089844 5.5835303521849395
104.17121565534002 109.07086218628199
10.09927987091928 9.124610123179394
98.31617364261112 8.404201606772263
112.34055697415354 118.97117557250205
107.19072851704729 14.61481383267684
101.09753950835439 115.81344624770766
102.81834947341034 97.04353304133976
102.6217546336554 116.06794805790835
21.53304714404554 8.504986633497776
19.928992940257928 11.080179042517372
95.13353532408908 102.97398439801718
109.02734563552264 111.32913491076877
16.947320636407497 7.555480128250862
12.818328810650748 8.389431921538366
110.46561150960554 114.24528595280998
86.01029868975492 13.184934724494623
100.63856580887534 111.4154213064425
107.1112340501653 5.015621048495107
109.98747516745615 22.164386009347872
119.4069683261833 118.12067092627937
117.80506343835307 105.00027067365191
110.6693133841456 -0.6108683132594503
126.24730681898106 109.84109495799431
102.12149423251972 10.719609907795189
106.55655194420783 100.06420474678
108.0255307041896 9.578066701175766
21.4551242568544 18.56992554714932
19.567297534970777 110.87584635442363
112.91452719010692 122.92297809914491
105.48762328414253 12.820914628581694
10.019217953207358 -0.8873165951954327
111.31036917845704 116.95439968840083
106.44596681421888 116.46596516185899
130.94083597002063 109.61093210516536
15.50724891695721 26.321322908942562
98.96298302975839 18.327127185535563
104.87541200084785 117.6259039977066
135.6297405360204 105.908685095168
108.72286492706203 19.061336120155097
20.5336891715332 32.360547209645375
107.1614796079846 21.47211111088963
104.01302725658822 116.77506885992105
13.575636556183959 9.331881322475509
122.69013284324399 124.31993481469081
119.1860751792416 106.98477898224883
82.59189886650452 106.38528998772442
87.16523850224452 11.1083467117642
115.01701615011756 6.964257969276709
8.941589887466922 3.050945148009567
28.701319283654396 120.1096746531633
108.74426142506996 2.3463357808391643
97.49717848683972 118.8525746489732
114.705429252735 121.96221406975776
12.847039988697846 16.893944966687954
108.31722248131472 10.108233394969522
18.53123443085416 120.54882657093464
16.799397992792517 114.81041023782339
106.7199972772728 108.54308180944669
90.53865256223447 13.890915119083635
108.06324022468083 92.94348974852768
23.520554765081727 110.21221884969658
5.803153981006586 7.72419065289851
112.54788372887246 95.06769852683495
117.49986361903785 102.28880947945471
24.828141864247165 110.81431956596236
102.70459731668014 112.38820695045105
33.73100423418314 88.95658460302857
101.27605046707485 12.711898140661612
110.64767420949714 7.71193783891052
117.61460828194942 13.630845688697416
93.86132873596023 13.464751863964207
111.43673269212395 11.01588077508943
30.2445786475705 110.15610334461232
103.48171130952556 136.5907547043778
104.40405390053672 111.47335976008358
110.77470836516962 11.961140765312233
15.465124230836476 14.565622000713212
6.011114119071358 5.8320299139178875
34.187920231730125 95.87686110014101
87.65623327553703 5.667330648979055
13.11169849323886 12.478505907147142
106.71909904415304 126.00833369994375
112.81826526079927 122.82397301443768
102.6558790867708 105.75510898493498
100.9836766606868 16.135595764490105
107.71911734067172 19.595846436728138
12.245118299774576 17.97178874877182
119.08525780404995 136.35726230527513
45.69901017267662 116.94605046552459
10.460778810603479 14.062699654471764
95.124973114876 21.228824561419692
100.30393706932264 113.06670405521957
116.6167586243228 110.16536134364928
18.65793056394544 20.179975415069293
106.20998685145295 118.45425519905507
93.12686869273244 8.212518705247586
100.76539840217396 121.68472222807543
96.91980588966793 122.64437941596238
100.66974806661166 116.75510394034792
9.660890560479677 17.23066525132357
102.62507320152979 17.248762948274614
29.729366843271627 119.75294525895787
18.19153153840187 113.16714888308366
17.97774609279399 19.80972459001327
11.75657792924979 12.442571148891606
97.69025651298682 14.89885692420585
115.08930762059201 120.83531879465484
5.975302850018006 6.655596104022513
-2.1075288791159887 15.098433942868184
13.424428165308246 11.856301958231956
108.93849045914206 10.484413151868
106.34261606077298 115.72481691277703
22.79894169616705 114.95819817207393
93.48571390919497 100.80524612267978
25.433234494170996 115.95148530622579
18.406337644702347 24.275069924033183
90.13824345162953 14.606871652654556
122.55008277174183 7.669839269089456
89.8066575190657 127.2912422627848
