100.33202731965086 88.39775475027974
97.63336586990216 37.75570404017927
104.57359221835303 159.33941515041772
43.228246146988866 111.36303415016297
118.12645548901064 133.35715217699024
128.51521443370086 155.74876463757846
104.69087917123842 39.16934421845748
106.80303536616849 61.280511191925996
82.88755113093323 5.061112244748604
123.40470400336832 28.319733733392013
105.7066460913839 16.36861374117092
97.80505615326553 13.68554492673267
111.95679851150949 -11.292532022627299
142.85107457779026 118.57001453134319
140.81917434074043 -23.09879925537926
134.4402215201408 10.974126735004248
119.2432572758443 23.639925747638756
110.45346218810252 34.01718412871431
111.8202233080045 150.66721231902028
99.27290947184274 24.16116387867993
124.57872627949631 -2.825328766687968
122.22875741473541 45.1484290434634
131.9685504247182 59.92144506054827
104.43716635305259 -50.96434757103288
106.34558006241576 15.591223998627143
112.30712684503843 -25.356054667674204
114.09304163340035 26.19113377019434
109.55397630664952 -12.872631358373189
74.25306988815024 57.2299754636944
111.45776976331008 42.65041745451791
125.91856817755156 25.184458563548755
107.86767474102908 11.794280100275568
109.08372564756158 28.961474415379694
115.91631305910444 13.199628166802551
102.25125258956929 190.73561356021082
114.33403985346722 15.055701750399693
137.0450817809821 45.07633130954155
101.27423503982195 9.878120610343727
83.493065376277 126.85645721760578
80.58709078002472 17.285225312365547
135.42567465048725 67.62676516227532
78.84828339863655 117.2234108692775
91.49102892374073 20.0775968388599
136.1685540982066 18.784909805569576
47.11241537913463 24.44561975544348
125.73667670598066 19.761955805653756
107.05365381354342 16.079872287664145
106.28191490855252 27.900008859820637
99.31424282288663 -1.2685239473116716
137.47994182704423 111.10952019962296
96.56687062580501 13.008418106188468
44.719739553490825 39.50613192192684
136.29799769566674 85.88459255854227
122.37990263059089 74.8331712025997
88.76085135490688 3.3397193582707523
112.02886243737271 22.302757122425817
93.25767554062371 191.93489381997827
103.50630830091454 39.24629062064459
95.28335322585794 27.640180704100615
117.47891861039122 46.08836745325429
135.14835693793947 103.25629827165751
98.44578764663677 49.47265811942422
99.68634313890966 37.56787100456413
77.44683056587172 92.64044836301404
94.26172253797431 20.321394976123262
126.27225217679778 47.455657276953666
81.139000207545 35.936255588253715
108.32911465273033 16.645680555923537
117.369109234465 29.397990663814564
101.27033935958342 99.62777405380076
109.23808639537035 16.056838677358964
95.62791585784723 26.300382430313668
127.23805413006964 26.100837013517413
129.42220946524154 34.650165120568246
110.6210445426744 4.063055791350246
132.36333063711214 64.91311692354918
82.71536934424202 37.058568356016465
108.47939772963859 183.71126767712138
72.52696747125907 49.05334823619906
82.14605513954788 -10.672027862827061
108.53039397915953 48.47710427674394
107.02825493378785 26.57772099815508
96.94454932094133 18.135909505125934
117.14969924344118 169.46814442251411
133.48309777527962 24.53132359632925
117.14939315565584 34.36060831947663
73.31709043370819 91.10153664838417
113.72143553864905 43.47436909279535
97.58596781015665 19.19790175385482
108.7377918744458 33.224136364525265
117.14786403067873 15.017743181528472
122.41301048597424 178.40822746856003
91.98738435375522 23.90098980390153
120.6652679634426 64.08465718686293
113.92844622407537 97.83281987004375
113.698398404753 69.00669188790951
116.56672309019106 175.81034758097036
81.69691090337773 57.104750416297136
100.68684236360181 31.46445320682998
117.54953961537109 62.701207609222514
93.69574618927302 43.74598021348464
106.44088586065956 -37.07851780532591
80.12510618066811 19.227641782613414
123.4207486977934 31.445343128927387
113.90119265093894 153.1813387287607
90.81922471793042 15.5639395636245
69.92407380495813 14.593127554362447
142.9535005101125 50.45502948639995
142.24738186751148 131.15913308881156
100.32404686892706 19.495000147112297
110.03554061132226 27.316235637530927
85.07130352480773 11.814838115494362
97.3861817713848 24.347642802743305
130.89835914357928 15.492294522558838
111.5432797012782 63.77593242614216
64.97778804527105 145.38383609465458
102.50896207441744 20.7637698393781
132.24564509429348 67.53635697502855
116.91030361148927 12.628353928705934
39.03970045769981 28.092249264544414
97.08599864852715 98.71512301925829
112.43568233808509 30.57583358686967
96.54293840667097 100.17178543256131
63.89320094088036 68.76743789831835
100.83945380628737 2.3545039738999303
100.12208464387913 11.565823159057635
99.94185174361975 18.47732578839017
80.9708861675532 111.1670147797059
119.02071995571009 13.55664518184135
118.6041425870453 22.61264312454536
94.56807840700588 85.79082000545758
100.93973094973104 13.127093055094035
115.01613665810446 79.12000083367758
99.08164671120713 99.77171979192417
53.80063643223758 37.00488717536497
78.41984817805114 24.748544504321575
94.49460731959451 123.35217700559834
117.66318469847697 -37.95921445819971
100.64160593291061 20.65478109389652
115.85755638884518 89.39727081249164
96.12153237458327 152.92362284141865
109.55738904094609 69.19336025294346
105.64679001054229 21.271776894566475
110.44998103762268 40.03737558359784
120.69389416553493 65.0978842591835
93.80597029444947 175.15158720713237
145.47689558739643 95.28243246696236
96.77164471998036 14.596942605170712
131.78369981452838 111.21405550704009
108.38485595858155 106.03464038324981
64.41421252717817 118.13452670311257
102.58896659004317 39.810422190641354
64.95953171937012 40.53739999778243
84.84655757935019 78.09774184592612
111.34448181996852 20.042355715079953
118.16713800680813 90.5519456825585
86.46974232330979 64.1069374877789
124.42781075139659 26.402072339012847
134.27115123012797 31.867154387241506
90.55275102294145 27.89105835357113
160.7437283512956 114.56477492605468
99.12227092343784 16.615180887705385
90.44137978624963 54.28314492632438
143.07614131858858 77.01624840720629
94.67812796678245 152.7724910070162
109.59501827993279 32.73118891384905
95.39867593614736 36.97918043234709
101.76210961194884 37.595202796771346
145.49386482932243 39.11129377487236
85.15731317876642 25.91022153466337
145.59604078114552 136.38285100370285
93.65503473725383 42.2822427005099
115.3183602123359 112.38230141884696
105.36250085134168 94.28262005898998
109.76484320617708 25.666104215826717
130.88124608471645 40.87554531550181
109.6890196856854 19.44482526618374
106.63409170380342 28.156150009134443
139.29498267539603 84.82272900850768
82.30200396967848 19.389655542156227
118.44856685896706 48.0720711393442
112.8804631282762 23.07905496413835
122.0722597248969 34.64590830880776
105.2797569843003 193.44203762170685
118.4863310650464 40.40687099501265
117.7202975466369 12.890261966454162
100.64084598961999 10.749214430902818
73.40254813952633 143.28459619097967
122.23858922733979 77.47349275345282
86.76263919709453 81.2155509871439
89.50739217236762 6.6746412122861845
70.2828287726096 4.011222760913306
111.95186484952052 34.983954964880084
108.73353702280988 0.8896071432473754
150.76494703247965 101.0411095415599
108.06896017254198 33.42125027445748
90.89477558419229 49.86551036792146
127.1994426730202 195.7305421173214
125.12250661892045 35.208490538109714
83.19955424175073 182.3814773937982
94.49465543591114 36.06411666521336
123.11626750025287 36.87257517869029
121.64432599690087 24.959238556463596
100.77342142846747 10.772355329748454
150.11348333543526 14.48530686728482
110.93508927271438 15.969912876402146
108.44924356674636 169.76266821377274
100.4648532559727 33.20082816103407
42.10370344917399 62.63793719817071
106.91730659326886 30.41685473268421
112.2875320701616 12.592678620050188
123.21372835984094 12.335761100122692
99.18698876013084 95.51675624189566
122.37123607250939 30.56691996186509
51.69383731538241 -10.515394076736007
128.35989329521183 69.21220216480397
85.56098013552035 14.117393344573912
128.2752790553078 91.83679335840522
109.94625989346196 3.2329446170005527
112.60031143650035 41.48510254058077
139.5265885789879 116.95634557512805
119.16241453352231 68.61966105931648
109.67783291938277 25.74546237879819
154.946545145671 73.58568538869906
124.16266397548233 50.51849816357946
104.96292686836361 -1.9801618627751183
111.57327113393923 7.870837105436565
127.55435875803525 19.61058091206881
91.10225043665623 48.81087313352373
89.40913803868166 151.79381690955898
113.42396557177585 25.03794339246868
103.1119179255364 -7.47667391620957
125.07744131389217 116.59363871962108
126.90347302560592 59.356010920368604
113.91528553898736 58.574520638431935
118.4373533369214 51.098338352529076
88.74860920965816 18.461532151016268
136.11719273659773 23.704533244459693
117.10612890336022 144.3803308174421
117.66031229942452 65.50032942386717
113.84456935089207 58.829198878213525
98.18300952083833 32.38951595407568
120.57024192332271 28.077595323178354
102.69086331443894 26.809539445806116
98.04607059902715 54.6990036823974
132.5585869424588 -41.251950961739425
104.45694150038305 71.35107408131327
96.45753611625962 14.665289216240208
96.13270627693583 37.074316478632184
87.85214380091944 18.167341261309485
78.08313187801407 73.64132894587311
110.02337759261016 54.34618747819614
100.51499756315138 86.92384770611076
127.90173043413354 78.35761404970577
61.48909730338817 20.35630981401952
112.39586870046507 18.004219753819378
84.15889212163826 63.85366534423976
85.5997749425575 19.155332261662977
112.3888080383983 50.078373251212184
94.84052513750127 15.495283244255742
109.75619880341782 24.03589527886958
89.07337183958971 159.42250674838044
72.77244007422354 8.845799067745551
113.68798723645621 98.19534672349839
121.08564733654191 91.15069021166927
119.2779485598276 37.29699125886391
132.5032534751488 221.28821886113116
62.808253018383944 98.44612708452505
97.84594521261944 15.934190561160023
109.18010886460124 28.856263284427175
130.12536107438535 9.027387081963546
98.83007921615565 14.665930796225759
105.00152895589969 46.698496131157555
79.49613081309406 68.93641487965523
132.0335925889673 43.00557520398413
149.18887218587918 120.15763025554014
111.74776407259891 31.320540571581905
95.16521472218842 32.96519870826998
111.32676756327153 23.950597499289128
120.02906381175747 48.78972632302395
121.22978169309489 10.47210176497785
40.40452334009696 19.89710872035545
152.04380434837844 101.71415082616204
135.8561469108228 61.153984454037456
99.70708568074762 86.05231009203816
93.81510273912339 3.9331273780317337
117.20451777699134 20.14253123473212
114.93446550246279 19.188697018026517
112.28303496260833 -4.94675687560475
129.38717115938968 28.851260311514153
65.73746135665358 22.490194272368896
78.77730543820424 25.64331695027406
103.76180189954219 145.025539231304
121.98764994934872 172.58531300311842
81.74100800752537 36.05960028906189
109.83944196402905 1.976496140000574
88.56372943349996 6.217402471273624
123.8125147723624 76.08865319259671
121.39441516947454 38.3505760194479
96.85972450567608 164.05160419462928
113.43594138116973 18.61158823018174
125.63535892742107 16.414039056443194
115.09444436910034 55.589647770444174
95.45082154400582 142.66527420139863
76.40776971853779 65.44547217612974
74.97863234706871 21.07986393767239
128.42212209137713 21.531757608223714
100.11327172537118 52.596714797835546
133.0824669639337 21.675827188255383
130.7651458853714 18.222265961709947
103.73787859252937 24.788718306277932
105.4178599668669 62.351313700601125
110.18224932676821 112.44759171905721
105.03500560570492 28.65612135139281
80.05577486094967 89.89403038369501
83.02153611623994 87.0306469082534
110.59658726329701 35.6656173531301
73.77721857448826 7.106044552408449
116.70464473717482 13.084167396844393
122.57329491955548 -8.099255938519102
