100.53508810630248 102.84166891219107
94.06888368935152 53.070901613847234
106.60795592404934 161.08994552522702
47.77351681698788 122.47264923762494
122.06209855158396 146.45757625886924
128.40452432587557 156.77160279144587
104.05465265660888 44.2665733490276
105.32647313417857 48.86946050588469
88.48258670309205 7.841083058327682
124.17278391578792 28.555067047311404
106.19880752402739 18.378568046801384
100.76578492539116 14.630370694178966
111.76657892456004 -9.570278447736884
142.55289538736093 123.17846632423058
147.28561649519742 -29.51799682535931
135.5491631878074 8.576511372387902
120.43331733002287 28.75285902804904
111.8946782640569 35.90604966826219
113.31630671967308 143.46363818743433
100.01959391532891 25.32764405788487
125.96221936312894 -4.326759972678661
125.21294209604082 49.32145874917202
133.202018158608 67.12902332028155
104.14931375966151 -48.92528413087802
104.65418934569999 22.951652462960055
112.45762919095365 -23.141577145996457
113.76683649778958 26.500378188264023
109.56047788956535 -9.79627100121742
75.21717049063857 54.71038260998318
111.68166865613307 41.54283793454734
126.57977505932244 24.670135778617933
108.28311141784063 13.176464036181667
103.7829931095747 17.733866268880377
111.59839264672118 19.34947388628499
109.31274453371404 197.70691179585867
114.63232382007725 9.939766083928676
138.9131711406894 46.58766514258714
98.29249795194342 11.25561306320374
80.73880032014817 131.17342259086453
81.2957903164935 18.59637659179867
131.06572992117162 58.788505696079
77.9963928324094 116.10427645447179
88.3724412184122 19.726000647398287
138.29587685590394 18.724836725833104
50.567031088579824 26.804158244437108
125.13146643337116 20.38855510030103
105.32706426234155 21.55800005268584
104.95939594272029 24.128786632877794
99.18524965655101 3.475220682693303
133.32416713728807 114.82541202440157
105.33508347237449 15.582262625557178
34.16748363784343 30.52345476449063
141.90311650319143 84.06902793924372
125.69178767374261 92.57556203057807
88.68314616336559 5.324180624052088
112.09387595036841 31.361690382230513
93.23918826293803 218.66139530548705
101.31188952193904 39.47307970083942
97.25708561963354 27.888693970459407
115.02112092599788 63.67832629577003
136.96846999252642 102.53627625432225
92.77586921142695 50.876360274195434
100.28372828815297 38.045823900693726
76.90573387183119 95.93257296290267
94.59049213758843 21.667952827067964
128.48517397009155 50.51929456418299
72.80503517138109 40.73973984899422
109.66912165793717 17.77722162903087
116.62052232762824 29.939248218317246
105.40980342337926 103.55212435866012
110.9429166804884 26.84543383214957
93.00391468764866 27.053161203884034
129.01735821337502 28.181323547781865
127.29374097577879 25.905902764529973
110.49989012138026 12.963456447682901
135.2084582149347 64.74397795526615
80.59640466684867 38.58941177747399
105.20734351703423 190.278914952682
71.65231964846055 49.07513179279756
84.64141458615596 -9.926341435580772
109.52492297378095 50.389655905808354
106.11216205793112 31.690022258144225
97.7422666813733 23.165537748149877
121.44866182853094 163.8409308475923
136.4732198269095 29.296833157648727
118.6223852539861 38.26611503781629
72.25536885058756 101.81695038716103
114.27912559100733 43.085514283449406
96.30077437212155 19.20756667265996
107.90566798910926 36.59584178485974
121.37814527195708 17.349973012605457
123.10978167937715 186.05048722909672
93.05257899143854 23.2707716703227
121.02363285807188 51.97868060655571
110.54665663455525 97.48879138390718
110.83455922330229 73.12052890558846
116.33818787906333 181.08303263545312
85.21360534357567 64.30413956966567
102.51507860003937 31.026118484427435
116.27949645698395 65.92261154663866
94.00270411317435 42.293603048687444
102.56481486467928 -39.27906065182561
72.77893755915322 19.462165274862162
120.69923077894966 29.801282044494904
113.46218821485279 153.2719262675848
92.9875058640027 17.83486562263609
79.76495748556232 15.352900606164946
136.0726902830919 54.371875377693904
140.15754124335385 137.63912577327005
102.16725917653817 19.402754494893365
110.2533217048789 30.311881259654896
86.33223520813583 11.82427281695975
94.87665591064338 27.289880054374425
132.17418094395313 15.215360497828245
107.83619060483385 66.96300995994297
68.30607668841789 135.78264433583846
102.88809359456813 21.01376674023608
130.83355118603257 64.84818962730935
117.55610758051938 15.783749314257985
40.41082007965025 33.23808481311991
95.71741929528079 106.75447223592947
111.53600815489511 41.60800364382152
94.44412684828168 91.91759986227262
67.15535456461217 72.4201467952141
105.12187865528132 1.2825227386012115
105.34851355250785 16.106785490467704
102.79322678315665 18.35000258031588
73.86387551227409 107.39699360173618
124.53620209894444 15.58303591208368
120.41280772990096 22.685043067200304
95.41817392309555 88.57324236056017
101.94856059470607 14.32702074174628
117.6499854916775 93.77110104943188
100.86019301846076 105.6629997248914
52.38286463710284 46.77389943199965
80.07599097320035 24.232073991129358
97.82318637879716 120.40948329179123
117.36570190585934 -36.88047723373207
99.17178659412306 21.287106531855823
115.18100073751435 86.13529624169298
97.33400946671134 157.12350393304828
111.66675401365893 79.00419224432761
104.23454510333153 21.442622395974368
110.45168373427649 41.625317781866094
121.38878754472644 76.74185476508671
95.81381700239127 168.2582102546866
145.8114507066135 91.79343706511729
97.9387584296564 15.435154656738975
132.07599474208843 117.54048424205634
109.32796233174989 101.13427806060604
59.18457104869314 107.39719757249358
98.36935646986981 45.4970269487853
63.066445039793614 35.96178930534221
83.46743838573018 85.82593229826685
106.17262447273923 20.67907998756906
117.95139077513261 88.7970806521799
87.94276153529272 60.931446637702585
124.39436932766651 26.221895708047317
141.76479260244264 32.63245663919565
90.41089381054701 28.4337295797586
163.53971160167896 117.39565948833612
91.90934463064261 20.013992328908
92.69555502264124 46.01997591730053
145.93836062836755 91.53550365391347
99.34950432410265 165.54257092309112
111.17910973795345 58.0031317918023
96.11877716986501 37.46973357597763
102.23097515629435 35.71488180317256
145.23860308875516 46.39869404473231
83.34059289398303 24.483387836815474
149.8661940695679 149.84832151428802
91.95628192444875 50.22487592392095
115.63473666332717 120.08496528920114
106.48415736864183 107.75819475674021
109.71680121860605 29.329631842400243
130.50048570655275 50.21664758823774
111.94389024933155 20.555338872321176
108.26369512595842 29.341813328099786
138.61903491115285 76.8655244786406
82.35853127486003 19.27596683152009
117.3635503365487 44.80960557673543
114.14174962186091 24.17054066224564
121.7410423439581 35.56902492255961
105.46548761995645 194.90894025756194
121.36840910743032 40.41959276958209
117.56168045391486 15.668006780069733
103.06108557628595 14.056870639705677
69.65374557316555 153.30820356002928
123.0555245832191 75.86288671420412
85.12964438909643 86.33282927442953
84.98202363037935 6.8561593085414065
71.0174952425973 6.893429089100516
112.01922667975688 35.466911294865575
108.88583558908587 1.1684188044336365
150.80680130939507 95.49974028793828
109.06742511761261 25.45762867308195
93.84953092454924 50.57255265634561
129.37904704307584 197.97263703618657
125.623811832943 35.70498979261183
87.39509332938219 189.126363206988
93.9738072731509 36.2064184927651
126.12857927992947 39.17391506879816
120.68389495178344 27.215407850766876
102.46434675019201 11.842363732693276
146.58441143328767 14.016456080863037
111.29183004805269 17.872586430454184
114.71969968866428 169.83335743104675
101.38576408664703 38.623666113970216
47.059030162850284 66.33261873028655
106.43649017059836 35.748373927560614
113.26514573527137 14.348935465673343
123.86151435773478 11.84754975355419
93.36985581561859 104.65246053622658
123.69191414131332 33.117724677854504
48.87653237947477 -13.12466089371113
129.58496136839247 91.43500394548772
88.78206935690645 16.07167510386551
133.07017922456834 80.59924419551697
109.81063089312563 5.198278127810523
112.88994651256678 43.616697498879965
141.20588497667336 119.2859671316495
120.12162889873008 74.85366747489796
109.57954766382413 28.45015162989657
151.09224140113557 83.06323727742426
125.22186622525294 53.1973925598291
104.84293309420482 -2.8485401218636754
111.44503196227897 9.98530693086717
128.4040640938089 19.17021468582802
96.7392969389327 58.296282494599076
87.51774782439743 149.33695623841658
115.65746538178175 28.888519127551525
96.54026957762687 -0.07440451972453266
123.84992380098745 117.97592793601316
127.34049947501114 58.31950998255186
106.84105662049583 56.71374423712951
118.29161977228938 50.48163130970994
91.13054241921505 18.38055016021611
136.39851062934613 24.872723935852047
108.71654045747067 145.5217270526386
117.33498574980376 70.26284454544927
113.63064284082162 59.41622634251463
99.87596060841734 30.416508989609735
124.84645056686811 30.992633322378854
100.06954289892398 28.6569372868644
91.72063005459398 54.90494283923238
132.08174948097027 -36.957642631931336
104.7179944469888 91.54512117167788
101.75792772814945 17.642955011797216
95.06215403181912 39.99534297018438
95.44695801463578 19.53440813391557
80.43715078427242 64.87009220703108
110.34965687083819 67.09379606757275
104.33859005892835 86.64179861572167
132.88146586519358 89.25698899834417
56.27299004381497 20.571510829085835
112.60569286739754 20.183587866930658
85.83489939091368 62.56262366413931
92.95208583905689 19.733990318942066
113.17392246979357 55.93486020064492
96.0174431530451 16.398402435473894
110.16866745775607 35.22800829576438
91.50977606650989 151.93638038526854
78.8558348169436 11.103044948734114
111.7781737619555 98.53472572241067
119.54933883509662 112.96570414175913
120.42426003001302 42.11527275965902
133.2447005798761 231.71699718451256
65.20075076037776 96.30142172884162
97.46119902588785 16.22544627156104
109.12206203024469 30.86835632387568
127.60669570839062 9.391331459335087
102.70492540384592 15.583983582730383
105.45014195778217 50.54086682484946
82.71676391798994 73.95990182331471
136.01072247708973 50.9236881938061
157.6248013916047 120.24156894249063
110.54549005240474 32.27912836776638
91.28018722327134 33.094074972497225
111.83897452026844 25.557236438892733
120.01685938786657 46.56495019601262
125.24924414563071 12.23399855833792
43.54970673816631 22.833331761725855
156.48567330809308 116.33642481208032
135.43656495138416 63.60197108840826
99.28216463979028 95.70125907851677
96.30144371590548 3.5588804778591077
117.14426274661345 20.313106791274517
110.58563769151503 19.09812580115232
109.79682971568091 5.828510755788662
126.80015860570248 27.608165775932434
62.34058411306926 21.697108800752492
79.02190050254528 25.06375521715647
105.39552422017648 144.66420730088578
121.07396524072124 178.06195890039336
73.85720415297652 34.27093000222441
109.8355190828947 2.3005290211477973
90.82398681760495 9.068741757908702
125.92941022010031 76.83357200705655
124.00119475741828 45.252169752307196
102.39737309701269 166.4534233891018
112.10946138916778 18.963273556189293
127.21359506847186 15.856483449274334
115.60955668333062 58.781552817643785
93.14747092171808 139.05921056377548
79.5887093582941 61.87397261020363
73.57198692012133 22.869669549853267
128.86138758609306 22.692117778050864
100.9855322106076 52.907546649829506
128.39609271354522 23.272486588582527
127.02212100954162 18.51379961777373
102.14338518546452 26.251623658582535
105.85245717773499 60.599772773396595
110.0789939347877 118.00487233100078
103.99091057309397 31.22137418541786
73.94521743024615 92.39155759285312
79.51995135433812 92.61092872128678
110.450699327614 32.463563429174904
76.29978206890199 7.863432052481871
113.25038970838438 15.087311286230937
122.61743087366712 -8.885663037041011
