102.91622526717177 131.2273838741484
88.01218827094554 93.57835045350248
112.0849720191949 143.51699437776065
60.423073235569255 139.85272520625557
129.6916634311308 154.76304341619462
125.9391440866841 141.7239099703678
103.63364884193874 51.259918885972226
102.56548957847802 24.400911994607753
105.38388764091036 17.005470758396676
124.10785797429449 27.745118771822973
108.07281823880574 23.42767354943492
109.27865717588834 17.944093378517813
110.99429764513849 -2.8002378136187795
137.34515329666513 123.73411441663501
156.16917754734848 -36.040195363417105
133.60963798017096 4.688968400040246
121.15743529264256 39.10038392426068
115.06098215591074 44.75607679769212
116.4278990048703 111.73784838989272
103.27672161629705 36.38924249353674
126.41334668352775 -2.9640745855621806
130.73322686243677 54.91864137663225
131.68476573705277 75.41177638160052
104.23913226281705 -29.355846046018026
101.56987173338577 48.083475403300994
112.19320186697547 -7.519552768312815
112.58158317905472 26.061604857895684
109.6271935492103 1.3698806923836013
76.14369169145954 53.66464234276948
111.86002309057305 35.49190920679234
125.41066210587799 31.032694242874985
109.60622838566333 17.67538767898014
92.03517186362278 1.7523902656139456
100.9002706102147 34.420021574314234
126.30881540037244 197.76671702135792
114.38412525296346 -0.7830520872985358
136.6617446005681 54.80143723335183
92.66010579412384 15.817920130259
79.11367093250854 132.49152474762005
88.38391346563184 21.85523481115438
117.40388128598677 36.588571101301426
81.51222790263178 107.66657158316625
75.68145774688215 18.772738012316903
137.09108350501324 18.663646553905007
61.96239527873938 30.885584541968754
121.21489995389516 33.64625191014107
102.13492232242886 34.34219591974065
102.78835565554475 14.31675555933309
100.32729562370582 17.635518239813123
118.48768233135007 118.68538034183585
127.06534403670383 22.216340738571066
17.326512766607742 12.85888213678373
151.8540515217444 77.19820550074913
131.1085059129284 131.556495284538
91.6362985243988 19.90297510428171
111.9123556324237 58.16927437777072
96.27272176005086 270.37660783734987
97.3005690319644 37.495330210587454
104.06601565887986 26.98693380605877
108.23053839782972 108.93636029783924
136.65270823067195 94.34796959256988
83.43416130554701 56.1269894492494
102.81240062860968 36.43388414367902
79.7194437889237 98.33092565033607
97.68834538651518 24.641109464840454
129.4388146931539 52.850337349352294
58.63534761908676 49.22748658987592
112.9039822535659 20.848720770603954
113.76764155942688 29.470463203443984
116.07844444771634 106.12994974054418
114.93717162266398 58.418967302354694
88.03270269203095 27.64611091187785
130.3712448817685 31.981412701696726
119.40306480435154 13.535984658519453
110.06705262405929 35.32470296428767
139.09022557184764 66.76181655543216
80.33732528344325 39.023506215876026
98.54842123357766 188.74616126419616
76.47767535269661 53.349264122493764
94.72294140413649 -3.9356694393047302
112.01088757029856 58.97808608708066
104.47087611412904 40.956757390021764
101.67706451318568 43.617891766217895
129.46066308201853 136.1083683291648
139.18003531469168 39.0903863556815
120.70994089920653 42.954335299091156
75.43405088929181 125.26637432432379
115.06356055988624 38.95971603129961
95.1548883690465 19.219801756661006
106.15173244291918 42.18149623799481
129.4263087421443 23.279030796596373
122.27737993200526 181.429835716055
88.28442146605045 20.873947521633998
120.43639313627236 27.295092000416012
102.1683248244322 93.88140642167946
103.94843927161594 82.33113852241425
114.7255309849719 173.32875888524106
99.16611292860162 80.80246805404626
107.87778514905413 27.02635672682618
111.64732826436675 73.99829979310525
97.5957660623511 35.41830631967083
86.93808046756658 -33.606802541823455
60.70327707632427 19.96660534396358
112.52433582025715 23.694497185123886
111.72809728460142 138.14910893394307
100.99635556113948 23.508380165630633
108.7876709538424 17.938189596940767
108.53788633587234 64.77954649486834
129.20588179678094 143.82228368366597
108.12670818599155 19.155647797903143
110.67549878079613 35.84840970438898
93.46848621705959 13.21268239677775
91.69400916886106 33.255099067480565
131.9284315001936 15.080391224795143
99.48869085474644 75.44677333769626
84.59969305090016 109.89925795316378
104.86079094726323 21.302280420100246
124.71940310461059 57.95243214400781
118.23007500575287 24.05277017606124
47.92486079862897 43.61978094479097
94.67265431347866 120.87472832219593
109.18602330375167 64.30991284647206
92.64554102865146 70.56761775489426
82.4100799482717 81.24421903867527
116.14522493640963 2.477531434219907
118.607831409651 39.603266612708914
110.659566315011 18.169741360279527
63.73362185107223 90.20042816043726
135.51378501864653 21.09181117523967
123.55589468094658 22.18047885612528
99.83946534436906 91.75152777787574
105.74567770261707 17.995792313329176
122.81099748754629 123.02262052752914
106.51251057328132 110.3830054030952
56.577606806730145 72.60143974941182
88.38839974365777 22.020417453844924
108.40966839571217 102.22749669646369
115.52160266509266 -26.504944060571948
97.45992387895431 22.48973229822196
112.44630514968628 62.39926919872107
101.55069723095217 153.5045217360994
116.25189686837682 99.01629751540027
101.91861985402448 21.385263078550118
110.39276004958039 42.094427482578865
121.24877224920854 95.09282788544238
97.75779995976575 131.07286348261493
141.52951833496493 75.99905371725076
103.24109259563397 18.29675503085425
128.50506219696487 124.63137781810624
111.56921650181114 84.11269114403481
46.133159518860566 82.99976330293681
90.36019255535581 61.36330598613226
66.98485011594214 34.59731081075202
83.69037727043826 100.33003179133837
94.28923759519056 21.950114047907647
115.48418063542312 75.44750837656531
94.92678539300427 54.47501723344882
122.16817349531857 24.75669846132003
154.03853401243333 32.27401091432392
94.67230844191883 28.505308149733814
164.9605541210268 121.58031097590542
78.38396991204084 35.35839267253906
100.85087998290626 29.301345942429002
145.39704714385067 120.75930010396326
112.27254727434654 176.05249228739584
114.91210954121117 123.16369052428371
100.44525778409096 35.995462701516885
104.59394491306641 28.806661892027492
139.74840728631398 59.542717066370294
83.3495235124754 33.9896065056097
154.59155397564575 166.41373959544947
89.88609962526681 74.2434238177356
115.32980299621357 130.29786884894793
109.65671047181124 131.41559974571018
109.63335340940083 36.53930378187838
125.42035576856127 76.30380033989715
116.86805967723743 22.928953420778225
112.46824098426914 30.605079448664817
132.35412756322492 55.118275566965636
86.29635058146283 19.059820742670414
113.49175058002135 34.002095611333914
116.4360759919362 25.881539203022026
119.04173962642136 35.110457797368824
106.62146579811262 180.74183875418936
125.85698900481076 36.35187231692628
116.10833694028214 23.022679804811556
109.98977149790312 23.044429225948463
67.38190489421008 167.80240065215762
122.80750268635607 69.19195656646126
85.29194310997785 99.16936089192363
76.9836795790421 10.130634160885974
79.89197191572715 15.82339085200314
111.74332892486578 34.53035652753678
109.37396711410194 4.235846276274499
144.22335442719614 79.18425948146333
111.60248364531289 5.128209471765391
103.01469607963993 46.43849518190879
131.87298121189477 183.12768140006466
124.12294827807814 34.327142918493536
101.6462191532941 191.15223888961415
96.37286230415471 34.410435896865195
129.91981116204562 41.48395668717525
117.04868543960387 31.4200299987911
107.48599360878836 16.004941012904432
132.5955708919694 22.7063594339125
111.9228122245018 22.687834522227085
128.77763667131404 156.38224136231275
104.81529933491063 49.01907952087344
68.02820564684284 75.95379665053007
105.71086848629925 46.157827276442134
115.03267342908313 19.506749068432363
122.71874230550343 12.338714585619567
82.29045766922678 119.59110863136605
124.34015380713686 36.57512043576417
44.62222374097856 -12.778997801705025
128.74740815021516 141.2389944001793
99.39846101437817 21.530549157862374
139.1393909825754 50.477517489400405
109.43398257983192 12.541495529897913
113.0281733903625 44.26478433847162
140.026733933365 118.87727369606274
120.74659982424807 87.75739455148404
109.4074427626458 33.415541693544085
135.50977804617054 107.418082517977
124.96235856990518 52.9834435946205
105.61714393312792 -0.07525896073317684
110.86370395131834 16.456448470121313
127.27545873081088 18.12654219465164
105.10195857913182 84.77558470892639
87.70866480106027 129.50587115470995
119.77186528318718 36.31127067542905
82.72828554717256 21.36579117684347
118.70283593669468 112.51511243672822
125.35070599188106 58.67671014603426
90.40050413188092 54.055204422835914
116.4521672352394 43.69601081096392
99.92397388992961 18.40828456240701
132.31686948187098 26.810252971438562
88.28382845326357 138.21459902647308
115.3277781953627 71.73116886131659
112.48250982442771 55.00052484724243
105.83049981760249 23.80117194384324
133.17871106637875 45.52963150461907
95.69035557712341 31.94187506284693
79.12706431951234 59.64490684162187
127.20724946875313 -16.685794960955725
106.20108436918558 135.5695636384833
115.87618807435408 25.01554221501508
94.93696975192698 43.46018140448656
116.81831545661959 22.714299654466853
90.69562405146691 42.616676513645565
111.03703627045256 87.3356137551544
114.19992603328717 82.30175264370007
141.8766033773145 109.82388961021397
45.880026755507934 20.887473827815775
112.7635832587861 25.289178180957947
93.73856045894964 59.699417543087755
113.39971539715086 20.91643751026324
114.64213661158986 70.34072052981827
101.29452055746654 19.007684785457062
111.09006531091246 59.50444631778961
101.01117696791539 118.88012948676334
98.65237056029262 18.1334800084495
106.79835835682758 96.40650332078175
114.1299695927022 156.47279696652816
121.81610814290892 58.30273761086067
131.1894520067518 245.08974986630372
72.68848612719827 91.97746508112604
98.69695079338047 17.578304490445635
109.0812315132306 34.05020241646808
118.40176219963674 11.864734937313683
113.22404164366586 18.444533935895162
107.4284571505839 54.871751793891505
94.0174964488396 84.84047925542816
141.43603822788486 71.9802672280897
169.93441591874551 115.33917004697177
107.54487295684517 32.416981830084644
85.14052792295045 31.231734276448663
112.81370335702967 28.50636285408461
117.94004176284353 35.32663003603667
131.76362846224603 17.758546967636555
63.05601532952932 29.13518201458611
157.76145928327406 141.33578789845262
130.8510846363037 69.89567833434633
99.7262189810354 114.92881983220605
104.49488185387202 4.99271121962634
115.47966748033035 20.590119418356622
100.05555961943487 18.898359918382948
103.73069435666584 40.90751707788615
117.45328155444936 23.338149243609593
61.29995422862642 19.29692032132034
84.0359465909325 22.700974447802707
109.88489134010604 133.77857089346872
116.61243169929038 169.9109592144956
52.13970365947489 27.83802399376373
109.84935917179496 5.6501193536391305
98.94322117501423 17.987514332781508
127.97458946968959 78.60991383685905
128.18043964962553 57.93565628905956
117.13334042588185 157.56417485420465
108.49447087583854 19.868159380378643
128.27617923975768 15.22237030417995
115.93584980789824 65.12950727214759
90.35587306302922 121.9870461576397
91.52908531605048 46.12805119136165
69.1863466910081 26.566989563588894
126.47828922264739 24.966055586011624
104.36194019279297 47.87043681670791
113.72110253541432 26.266001459699833
114.49378503380085 19.355631640663823
99.59438855829116 28.450777182077612
107.45659209476659 48.20463361319284
109.74316325103466 125.01928205197743
102.17959240789189 45.158457199558484
58.81607284411802 96.7679280640126
76.61578664876566 102.90415961724337
110.0221387480838 22.34841766005306
88.22129096307617 11.802123073903186
104.51718649127886 20.71964375134521
121.14802900357138 -7.406972478278658
