89.4716051598299 102.56199098243373
46.18161817690887 104.03240665364703
99.601466642905 106.99517922921487
80.56419532662484 108.76312505428947
18.089146153468256 5.692015452177794
102.63635731926964 113.89535220341344
109.64280172304812 10.341614353942173
109.83378550687118 120.58975054006942
88.16530487210542 9.164993986783958
113.8140131580377 111.73631374084009
2.9210648388668985 6.157607672961525
84.73912184342662 11.00811320120296
110.15293908769789 107.89343413898257
122.10300491774184 121.95689416303463
114.40434626827589 124.11075113107769
112.4320095620101 16.293370152325796
17.96534077857036 13.04150827554628
101.62584719111231 108.01052785063466
95.69187832906883 91.48103079211087
26.9153371987865 116.68458484853035
98.92216741824579 115.98403380993604
103.85364688829078 9.305123081863673
115.24240369462372 31.289538373666392
108.22685738858581 113.25789420381692
102.40716831345814 107.15358003649042
33.08111342236024 99.57338364201833
94.72300253820065 84.1791076513916
109.39442277948119 107.91810922853648
90.18062248779526 129.7855336621792
108.7071501497984 7.59282143495383
124.61043594153239 104.7528168440431
105.74247758228876 5.4669263617840995
133.76127541744248 106.86968715568594
20.1122305040558 7.028456163247357
14.956349582226508 105.75551937650809
30.374290894556243 119.43558677467547
123.59762253568996 104.06255597828434
110.05675932349723 17.148259230871034
95.46951292732581 119.22813704219178
90.07772162488114 13.561895682623609
113.22037700954733 106.26952093539043
106.33500052699898 114.3685030444515
10.998482468926381 20.487902808701246
103.17736944060452 20.052650859120906
13.077652760057553 14.684989804699939
107.20807206016192 118.21561601077848
5.489870793015111 3.0449332445781083
110.99854436443381 86.79546339445247
102.37980937150918 106.1563476546961
136.02200599266413 122.37606577844558
11.156629303814425 4.862782598706231
101.42072519295365 83.1592699647026
108.782288531291 126.76660694325012
26.05833409916725 116.92843777702134
91.62376673633044 113.98280975721734
26.71431003737248 112.98332029860659
101.26506071755276 109.9746221798873
11.013520260483038 9.475076332340034
99.29745449079283 23.46839953588686
108.83447334651757 112.45958106058899
111.83218277770149 111.86795574691214
128.4160944020404 123.19434023608717
108.71145392433907 29.26526637264177
101.75808400591258 113.78432067676327
105.41665913883905 11.26152246770785
115.70950921793232 14.844023515568958
20.15821998842288 17.018248527831012
102.84456821482796 11.838941731860576
109.48914578051509 18.345053186921522
94.49548785335192 119.7114104140266
101.43357809120876 98.69915539035601
2.553159791783448 13.661174246275575
103.61539689626395 11.360314801046743
107.78871749006113 116.97102780779
137.18784725706547 131.78166516017058
20.483196363053224 111.88385351834395
32.28466492993767 109.90119809890219
100.31618934855213 111.37963292204334
108.7357201305472 121.28981468553594
107.72317768586359 112.74684121649034
105.62447073822395 95.22946886135765
93.18750579293184 109.24676269253779
101.52690019398264 105.40990122165061
92.33822035951104 110.32387355485996
116.11946060360833 97.78321870860084
104.25704982824897 16.359724872525764
87.20965195951742 106.84170034538775
113.58989513021348 111.93442687406947
12.750886837287583 18.97102395168278
109.93375298476032 13.406055040099025
17.826829709178618 11.115052973984284
28.7262468957495 114.11678647196908
24.314972651028377 20.178901285652735
109.83995651598771 116.43147772387431
118.06188012079973 111.05109384453898
122.29394807034136 131.23239205889155
103.87389446909438 111.8054531156724
101.86357689431236 120.47055334994074
102.196738188393 23.672813922029825
119.9682293948456 95.96611753289854
110.87064625515104 19.064367859135757
20.39922467863289 21.95155633321352
143.2224549651276 16.72071707608894
15.548283468769945 18.67044905427018
110.81706724179756 97.75323749873938
96.32718152258703 10.68423909028387
21.607888307175898 13.93516255806635
36.15789562697575 113.50381993923546
115.11055195556088 112.41237877019438
97.44154297439718 19.560415524254815
8.324530559832544 10.563303277153963
85.44511873549642 10.225857207070748
10.113143382760022 8.203970080029796
109.251105400093 18.443045095627323
117.16328101382686 127.38476326481671
79.36328256212579 111.62110330148131
103.52419497497564 14.038239873429658
97.38292653440352 131.16055232476876
107.7289151642072 10.209423100907543
13.498670069356901 9.477635787618272
98.09840392079718 101.96649536671136
110.62861969750341 100.92784039777537
12.861440414781908 119.08080257362019
97.45591480135678 119.58208922566293
103.01029448905986 9.013928664433243
87.14418488876053 120.62632443448244
87.59752998598582 17.496801717668802
29.348634359706132 111.82193846669827
95.94817234248495 118.92378835069486
105.9449542127848 17.726966117442444
28.010620763696863 116.61450233493242
101.33978420170884 14.947910148928006
105.98462945588061 116.08591791088367
102.77452737271805 107.1965303630215
95.58672159484576 112.28904701637455
95.0330363223421 23.822552527537358
100.31237692311515 109.86127440960932
116.74547494077198 94.78991143187991
111.91252643195583 19.416480836114616
92.02873361206343 105.61120144271769
28.735935435054135 116.0444059411488
100.07729254510117 111.36058014406308
17.76366172738459 16.10882119846379
16.8402055712002 28.521615419281517
107.96339945341491 11.218934678916721
94.02377848852149 119.79937092175695
120.04772078465591 119.99600669857632
98.7466801617711 14.214907163930205
117.96424320082588 107.46413845531704
17.443593985531518 111.53587519531928
107.05306171440223 100.79203817277924
119.2784931841511 133.00105149657438
108.55108168989194 118.46972185270367
109.85752233952212 117.88659983612715
15.112108966180863 15.700441438797704
108.60944662036397 24.836095791550544
101.18106884438325 115.94530165597708
21.209400779371038 18.95423481680769
104.63799059248876 17.662766437437693
107.36702133885899 20.116686156974843
101.71135094539099 119.45460858848644
89.0905136341209 116.18886544868516
34.267521362627704 117.35211797570251
113.48621652406196 116.54988990923353
27.783312477781212 114.15375123188267
100.04376662074822 106.40843157691023
104.90498236775177 21.61778365755722
108.49427472939252 25.677516773225552
16.26386168928956 5.078277963596952
104.32536989159532 121.0815628295647
95.45149477320739 116.15561810998068
107.54195822297147 112.15398578893046
27.19455843661767 116.83226808571712
106.62804789499239 112.50428184059398
12.991371322538432 5.318393464296606
112.62097482572474 111.28422154248761
103.13536815720585 13.011996738581258
105.18212570586398 16.41259842265555
31.13079994619582 113.71999663886992
104.8504539307764 9.034049116769603
102.30476924003582 17.089734207200525
105.57006279455337 9.16552657031583
124.75957265915585 105.02298616432974
105.3807071713137 113.93958844132555
103.87525672098357 9.925010794831394
103.88645223645105 8.890114498636393
90.62445149632494 110.58298244173957
107.40472803639909 120.21707257483085
107.80654025289056 119.4680330306596
108.19889996875294 118.650743628543
93.43750836791247 113.25576587468358
90.425299170403 -1.082906109753258
14.135508302384562 7.718720702255842
106.18155020644903 11.367767661521162
125.10917922873811 103.9316178057462
71.6299718730268 102.58188288533519
17.056024127304124 15.44133456976406
105.1770335249297 115.3987502524325
106.94119295050818 16.858704220127176
91.85816344552305 115.64730736643091
10.57570016540693 7.563937048334354
104.71740995162735 107.3222823449826
12.000348711534137 10.447225376253774
98.13574001905523 8.164688793320213
115.08636101808256 118.28290832749686
107.42190627142698 15.310673278363065
98.20304528191556 115.2929575564278
103.4732256869951 95.25398233228712
98.91947978291448 114.27940067708525
21.33316727082164 9.994490002332164
19.72393304521876 12.119657809236303
95.34214384536533 101.34428502494362
112.3589788450546 107.95645135796954
17.188914990737374 8.801751385430142
13.02581701070974 7.7184840554467815
111.66485272133967 116.13941463513052
84.36432201967008 12.348957614075928
101.93360806703174 113.16532055015486
107.50899558445074 4.1718742382992575
110.17592034157924 25.319868302074408
122.2821015208263 117.98824099729886
119.16104585345451 102.18587397729344
110.48725823013005 0.9222368990927754
128.21397681292294 107.56032534718963
103.68183547531174 12.706085378800456
106.16873081502935 97.53384164152729
108.45521706954365 8.397611584848072
24.188136647891035 18.738264768463615
20.88823710366657 111.9137360581797
111.69324647862479 120.20148255291038
106.57372589632458 13.646233592829901
10.733474433688729 1.501437060545022
112.34837401596884 113.4390905764346
108.34365199513485 117.65713955097954
128.66053119386444 110.5890793582867
14.565199575156456 28.472503684643243
100.31514207183493 18.419637708169883
107.07222964799232 116.39835728779794
135.0646766795878 106.34070595647248
109.40474048091961 21.398144640194914
21.165963578410235 35.81864582850379
105.9172089910565 23.207447781045396
105.86413070512354 117.32972994672564
14.509825914375192 10.172907051624875
120.04737712798449 123.04510340569372
121.38996201163908 104.50509057236816
81.94825664209277 105.5402549580721
84.75027701233364 10.24887481454176
113.85010022331326 8.793570819116987
8.957542655271142 3.4912596551703734
29.99409506062091 120.12660633593237
108.74431424536424 5.476888863144665
95.23570653273688 118.67767356872606
117.52434363812063 121.9647463616174
13.432263334651372 17.13951627738303
108.47341482687168 11.55330225578259
19.30421926475939 120.2333918145753
17.209590807985343 115.18150928780304
106.99950783686722 109.22957603331466
89.52150602508857 13.598304979570226
108.05467786328646 92.79169984526321
23.8805964355627 110.57058705156759
5.714364760651498 7.592769314790189
112.64861269595735 94.50357491724726
118.2337417046961 100.27775473290407
25.26598477237229 111.83316756000839
104.00544071784451 113.88116301511481
34.185452966896214 86.14257317731499
100.2894660199479 12.436375854887686
110.53276245682648 8.697724117883228
119.58015563094678 12.961513527163575
93.66758596777156 13.122161911072482
111.02679267886077 12.875996195355025
30.265261995624968 108.49802424834705
106.50195151345012 133.09256214464452
106.12715345829699 113.56900987708627
110.19400347360896 13.140898040854774
16.51766557566825 15.680100098362072
6.865151438795009 6.622145471604848
35.362400398844564 94.12955411422358
87.81397096546034 5.672800325520358
14.173050118440345 13.20440002771501
109.59129696926844 127.27854921143394
114.8013833170469 120.04154423774581
101.75093121804186 103.4892675227675
99.07354515580361 15.127949986854665
109.31441140351639 19.716099665915273
13.161593930375693 18.05208893326708
117.89117746033212 134.79800867091484
48.330543532646566 118.65868015051991
11.99987474824889 14.784505241939108
92.08112013149635 21.65836278501072
99.71503024262309 112.64332991170033
117.66876770712551 109.36923705288974
18.378253050551397 22.996898298643085
106.48520885732903 117.05687575990163
92.36089224164935 7.770814337550151
101.8413639609385 120.44655584094565
99.00895882664085 121.89279170365351
101.68492498977231 116.9648260571452
10.848798743061796 17.41608564434403
104.62516376777452 16.464557518773145
31.460410893817816 122.30717895650866
18.0629613999077 113.09354683719543
17.364979032511684 22.881958316219954
12.698818333157694 13.753296982899233
99.1183128185926 15.423785866801019
113.54945954947515 120.73063022979382
7.232928004533808 7.47027270981423
-2.3788227740496937 15.137437516245845
14.500951268083742 12.919611150661064
108.28203657158697 12.950126615555213
106.35053583757777 114.43736419157682
23.82691467112903 115.82535010048636
95.14528050341167 99.67920681716933
25.18492727267821 115.32394743779446
18.04731578517726 25.621117590469513
88.56070711378018 13.802573015674934
123.43542285972457 6.537439721006418
90.26357612762916 128.58079386220894
