108.91362989344788 147.46231833470165
87.42841695446238 135.05076503379166
118.68221952200264 83.65715608567967
78.02753941012601 136.0479235815728
131.98734169828455 129.1691784585007
117.38118641111473 86.32526385019577
105.83259328239653 46.1252576093331
101.1866685222115 11.522079250980195
130.04030465717705 30.22022938484434
118.05640139334383 23.875533923953792
111.48283955938595 28.66721406499899
120.78495106881219 23.090799880439953
109.51817518078222 12.26703619454193
117.05204907172549 104.29569650372804
148.8003572995693 -23.504627192624042
121.60108617193025 4.449407806500591
116.7757559837955 45.8019096004308
116.82181216551596 68.60901913019721
119.26434780118954 52.88711378228407
110.03052742092652 65.15481457693699
120.51707044695709 7.831362793494411
131.41306821045433 51.12782856964734
120.08794704753655 64.56408161755571
106.64393214283326 20.218230409956217
99.96761238511452 94.34571061961776
110.78554274501091 27.112968132142033
110.0427342627774 21.989961148555356
109.79034506336636 24.620718904585065
76.95631493798103 61.53920870624128
111.2618636862636 21.72684172935573
118.25948335984002 57.24416986635472
111.52929674970586 24.328897503344404
84.27376322886563 10.643352070064019
89.38236940514263 49.29306702295772
142.8471220051264 145.45175997050785
112.02795822053528 -8.850344528567017
123.78641602295149 74.43561323805375
90.42008801026785 23.302440972774722
88.6543164873952 126.01125705485076
107.39889421295369 25.154515903854563
97.06600755501151 16.89303156848237
97.07308368564142 88.1111174174347
56.984253869263455 17.55330663620534
122.56360062867678 18.745333586728
80.1485691857358 31.171524875652494
110.34219726959883 69.40249550253513
100.78239969554771 45.36379909875997
103.10027432376843 3.246802316929685
106.29242882047662 37.2959064224409
95.38693967778595 105.48476535612801
149.81645686303833 29.8104907898908
9.43260866166592 -6.601054440021501
152.38804521037716 63.767422128774
128.54793288260845 162.49295536025707
102.58540373568968 57.10738255883545
110.71095806981603 96.0405405376377
105.9942830146382 281.31871991978966
97.03190471051417 27.434015843785172
115.4491794917855 22.81847496905882
99.70297496498972 157.85853328737423
127.24238335313709 77.7570711001778
83.46044526901497 61.44926880831026
109.56259534023533 26.876746480078932
94.80124876568028 87.17101903258087
106.70802440048148 26.72642777752563
123.6097533823119 42.03283919148952
63.43857776186985 52.015033432355864
115.86132161875169 24.351905194000835
108.94783786684336 25.141268502068286
127.1371899551436 97.37113968050164
118.72343098183774 105.25591879094218
91.14951324109852 24.85444009223662
122.63865988193429 31.723066166001455
104.82440532821347 21.474886681058162
109.34781377921054 58.83158400827916
136.2436163064011 66.52877818723685
90.53969621301152 31.058839760205228
94.77380461084577 136.90758051713027
98.06202924644806 71.25363038119464
112.92703819773604 13.478364152056285
114.60199056163628 78.4682256219259
104.33572022888792 44.64967995958762
110.47004282857462 83.37497639309171
134.32643421764683 73.82071442965582
129.26752033902505 44.209691776782115
118.1703600393911 38.61203649974738
93.69724689265853 149.8944842652148
114.62352485828502 27.197521056394976
99.76232293913395 19.207735855583557
104.97676380250573 39.844300989519375
130.77603900868797 29.59300851416515
115.38980785845172 121.69119140001183
74.76155850024037 16.70392337760792
114.98325181959743 17.314283560242263
94.27967778852059 79.11452378901501
97.85311355424432 91.84716143769491
110.34532423720786 128.49833209315386
121.26361306567888 98.62962714647612
115.73864303557828 18.29502827942929
104.15212204000383 80.95939786578884
106.97458186454422 20.11816086523917
61.27094433566461 -3.4052463329859908
65.36089958074582 20.404682885044714
100.43901533838319 12.720714544981197
108.24369617864194 92.24311126930655
115.55674372351233 29.262573498310022
147.49470082410812 21.78577685130659
59.90545637064596 84.21639988994895
107.12502338417303 122.3919495487769
116.74865398037419 18.831031423367662
110.90580452405383 35.769315866782826
108.93390074656303 17.348085268422853
94.33040815201313 36.66105214090204
123.18986691626056 16.85401932451226
92.18708294831846 87.95391225967431
115.37325861807635 68.64129871800826
109.5362713538856 20.86903355355811
110.55677769542253 52.98582158619158
116.28978380550599 33.428672596549866
65.90935656192268 47.9684664892447
99.11739501006589 109.4334741071802
106.37556197393387 75.10879939865376
99.02813662324765 37.04228700038363
113.4090049020775 85.23332523427294
127.70398810399745 9.779072878328396
133.55986421171818 85.23533217533303
120.76713434023642 18.360773123576216
71.67097862427649 57.46307997277636
141.43704250897355 27.652386543927573
123.39147500489031 20.25384000643086
109.92523126986009 88.10387834724082
112.54607402865405 23.51887741475543
124.11296721588785 143.91213343508343
115.24546481976934 95.06813242933917
83.26715726684787 108.12982685413066
108.13356402838338 17.873054247745753
123.18836861513887 60.777920005681885
109.65223112383472 5.9598986002398915
100.00820473598013 22.95860941539642
107.4494270349405 9.01713134814922
109.87080808370577 114.63206078039377
119.10212386639843 113.77685779684539
103.07076236366129 20.58575900336262
110.16235886891283 34.51318419412188
117.59277036461175 90.41086720550221
90.90890275163788 60.832143648143614
121.5872183331366 50.67238792296416
113.03446366032837 22.57108878902772
116.09803868201625 113.1254373050806
113.66140879195083 57.13338230141633
40.3946524396432 64.36990861746418
86.69783436171694 90.47626503753975
91.9465754246746 44.50842795498123
92.79880016536914 107.27475709946513
84.61391878829242 22.67438935145628
109.80573978339572 39.15262156119509
111.54489453549772 48.98958748381241
115.046455770561 20.90517543320454
148.79874369142613 26.141014921108916
106.14319232763113 25.689399124892628
150.28922910723148 120.81536377414365
72.5386781766408 72.87287224525156
115.6908624913133 20.735523681402086
128.6151586118281 131.6536443460637
128.04073661749948 142.4491717762968
118.18705137072135 184.348366586827
109.80807771768988 27.496009183479316
109.75192051993089 15.54482679250504
120.11962589460089 58.497204060805835
93.68696841338974 64.5379076314903
146.239543581534 155.97045904419667
94.85686161050344 101.11531086462006
112.79048971232396 121.83756936229628
113.91363957320624 141.72503511950816
109.63819806811262 40.24096474994039
112.01536525917135 106.43490881619562
120.8910123481754 24.874730439480373
117.02650631582186 28.001552508475903
115.69848869984158 28.47085915664094
100.6539717792924 18.978338754137763
106.76158551110137 14.711888615362474
116.65878447118257 25.36381918854047
111.31778927782248 28.97353545933222
109.1979052253395 121.102531342298
124.50479745592503 25.700795188456084
111.55276536379404 31.82013160204507
119.37433324947153 34.091110950081955
81.764539642652 172.005309900863
117.90323301677354 55.95687069969434
95.48428766238492 106.33244295031433
79.1819074760687 18.53089622956134
105.01926885154494 29.07882704080839
110.69361868836047 27.068311163851863
110.11090488123864 14.613215604317027
121.22870801349771 54.80086244936004
114.34690961409055 -16.55619668998506
117.6045871022586 30.07816869053173
128.93314172173027 114.4587424089943
115.9535288338436 27.613569228917108
123.23625258599293 151.48576000744796
106.4133415079623 26.112611025020083
126.19745298992781 36.572109592015956
109.69173888175911 32.806332515353645
115.12613831747079 22.838004661173258
105.18101723981914 52.03797723478317
112.04209789514987 27.810388234407828
140.7979494682018 104.13888600499799
111.30074333017026 51.79976943450652
112.23193033806066 86.58149404175
106.4487566598166 49.508460602619316
115.38420669832628 26.392908713821367
115.44023618492048 15.512718293539065
76.24935077635143 119.14493370607491
119.36811952461404 34.27028939113201
47.685541904197486 0.38390060944248505
120.77497429831386 180.52844648573415
117.83461683112206 28.041837808087323
135.31174012158885 18.730972684295843
108.92400767967884 25.723341735284187
111.89194245664528 35.03652817532371
124.99519302824064 106.82171053357682
117.24865643126726 100.50320462265942
109.42065811639856 34.59241608298644
104.52730726181443 119.53863248607414
118.09478087233873 39.951195178139365
108.36607356454981 12.617351495725352
109.74187179994978 26.240920657338506
117.31777398260249 17.25036566151752
96.33513792980115 113.0395328047461
96.43703925855839 79.23830107581888
121.62815244326687 38.79509471347589
73.10564478961089 49.129420152817794
108.70511849739722 90.07332392610427
116.53302673149733 62.74492590980486
75.54077848635009 56.04826579110206
111.1550700063193 26.234468532560903
115.8087784280937 18.84356505464656
118.67340473904284 25.948425192478677
67.09695686125556 99.43291942795442
110.74402836114673 52.57283280676237
109.94067875144557 37.58807356804648
115.38565609487985 12.571909532044875
135.85482176256068 76.02075373514555
95.95265877912345 31.182067196234364
74.99224691558518 67.70034735961981
113.66550477943036 26.637644456323972
109.58561581583574 170.387887545794
132.48852929918004 33.405209371093
100.845635733743 39.93611454613998
144.8134450288312 25.02137115751624
110.4774239531209 19.96512703343926
111.461497330923 80.32410545233756
125.50790025150825 70.83840669336259
141.02054683283674 124.81954726062581
38.36282588924317 20.731492314889834
111.80763262137384 29.366143009947965
112.66839763050156 57.83613809695693
139.11123586219452 22.064390894497908
114.35150188267056 90.41988979605806
112.12008246640036 22.537630390679244
111.72558848459296 73.02808102940028
116.63650466010655 54.43026839307734
128.3067522424149 27.747922220035164
101.18692638666353 84.38732424826628
105.32864113755664 182.86324204804023
121.01924904905448 83.75328413465493
116.97366109331975 204.13718348718027
82.844728457845 79.7353149541006
104.14540489217002 20.198431048323393
109.25213610823931 33.04367228722948
101.9580966644253 17.828210933368055
126.39608592264533 22.73809222683627
111.0894554039896 44.885583172117464
116.06169099305409 95.82274240945392
138.63900397860112 102.3493180744121
160.70893587227147 107.21425723914372
104.40307010683502 27.269771462414173
87.8430346485879 25.39833041021919
112.73729437959791 29.00412841080403
111.3056390892815 12.330257972790276
131.93872527058124 25.85952430639482
109.19886145338333 33.16999628064076
142.55759227488755 142.53072774888994
117.64303398684233 76.97808441051183
104.74949774927698 118.70446059675022
117.18889410513862 11.091797438704429
111.17433088901403 20.509995637671754
89.93747985707843 18.75642991819069
97.8257987590788 97.4412918972476
101.37195504736523 15.84396851189745
80.24258277570587 15.996355469597217
101.6127201627601 18.253811874536297
115.83769176297143 89.61063698363506
107.90125722335816 121.43663615913923
26.555120337971474 15.820166834297986
109.91872546377716 14.726199556911007
113.88334357108633 30.747371855450282
121.47993322044324 71.70207667544143
128.2833599048336 56.38076448737474
133.52074013089148 109.24940621025875
104.07400650253692 20.881942040602507
122.44038375393599 16.365445572425532
113.86289302277537 75.60718920775633
93.79078128954905 80.17365248400986
115.09909913421764 14.030582562765684
62.60064980471239 28.035283045389974
116.64270730626653 26.15523536635475
111.16014103632347 27.51204690207962
92.83137849913237 27.062288321039684
95.38391072178796 20.462819957877866
99.91541041226806 27.27763236150759
110.78036965376725 20.083292859785214
109.26535819036324 115.64419158285625
102.73339872542216 78.01747008892787
42.75682364010296 105.82387313398472
85.95548259307134 106.39290971225459
109.42411653425812 7.76182801093988
112.59313636714191 20.386335269174065
94.8377180748928 27.999772777944862
115.68384365711279 5.881600511204866
