109.84316109106913 146.51467598356587
88.32669847324665 138.3830628221899
119.410402130127 73.22947589388198
80.0961357646441 132.9033609372337
131.3196423930704 121.53170265986232
115.7657815237023 76.05410716877716
106.38051548921193 44.28610422285015
101.36052625658117 12.518250402731566
133.09674035685157 31.89710404895051
116.72970052175158 23.095478844750048
111.96350785912846 29.062727958078284
122.14700496619167 23.766671603150105
109.30498143948287 14.901839934419723
113.58377378133616 99.78320014546122
146.15755663303352 -18.952020018435316
119.14913834691447 5.049875925778885
115.64779891985188 45.49284409796115
116.7119784896549 72.16353178715632
119.36597164428537 44.574358489131
111.0603615531246 69.338774882821
119.22559209879526 9.970982556871078
130.82298980765776 49.23555187194782
117.80198432110105 61.227494636709686
107.14226963168456 27.8726621945644
100.13257811136725 100.76745415616088
110.52162215360654 32.17751624002826
109.64221031813537 21.25749421330087
109.81931985374167 28.006020171212946
76.8882819774841 63.4404124017075
111.10535357402243 19.474057745156628
117.0232351398059 62.681230385069384
111.76468425121658 25.143088026620877
84.07380618768988 14.380149836980102
88.28290508515667 50.57511875234213
143.9773851272585 134.91346982375293
111.56776347897433 -8.950377731579156
121.47218930720969 77.53574787006546
90.7752183550523 24.318884513091795
91.07303228485071 123.25895216691407
110.45169989927301 25.415139165707338
94.31730949651137 15.268555564100804
99.9797970859011 84.31284452939448
54.1577937901208 17.413091499482057
119.63053895028466 18.77367594708832
82.37653598006419 30.601443305800064
108.61703290724837 75.04858734598034
100.87814002773416 46.06733580924375
103.42675066759966 2.0499432238775475
107.38326307811658 39.54582980348455
92.38529170406068 101.04211312458752
151.4652738828293 30.523370145262902
8.829957945817977 -8.665204866333571
151.01490188368527 62.48342057787059
127.45638192518453 163.36905328776922
104.58637314439657 63.49737574990796
110.45429207635206 100.44224227970398
107.5913433955113 277.11254359686905
97.51328244474102 25.445074665905928
116.95747209317308 21.972812623242547
98.8947466155354 162.40626548133085
125.31259656168088 75.32825485164793
84.23730945454399 61.968480407319596
110.65947059127011 25.205124518338707
97.83354683973239 84.20504907752358
108.17880304307889 26.715055854112922
122.21897342153504 39.4493256251843
65.99617953315543 51.07592848302647
116.00410156456077 24.66364651749757
108.24396802802006 24.144626858998876
128.09724690282093 95.63293021166504
118.98911020595578 111.15106301407033
92.56002764925839 24.232833273781996
120.78521804327583 31.123371604866797
102.78403145664379 23.589334875286347
109.25601218349547 60.899610566679584
134.52051454513355 66.3656832078123
92.80781422596668 29.37576440287001
94.96740445988097 124.84187139238612
101.78871161853168 74.29939355104983
115.56430794257264 16.451427560683808
114.7894748725416 81.59735524852869
104.61769883225068 44.48905202970262
111.79934929780681 89.95207384471688
134.18508048407006 63.852507316352835
126.51888617808842 43.90899072769709
117.47035555305591 37.2610379933057
97.37345094728013 149.8680830138567
114.42471380230417 25.01817170734792
100.9560648615012 19.203203551423652
104.96672548574529 38.421465906624334
130.05357499150242 30.11221931963503
114.08243417961233 109.31673435689268
72.73063414233235 16.13483632284748
113.86981257608332 17.535744635739807
93.73099989548301 76.40589349826197
97.6353574795924 91.96191813701529
109.61848810510865 118.76985641919812
124.13011311140129 100.29979098909006
116.7210884787851 16.99259339305102
103.13554840554569 81.99532623053808
108.54538373885111 17.732229062826093
57.23255539604443 2.1807943788369153
68.11830124088782 20.42705190696534
99.0262858166341 11.283271750674352
107.74127490625659 83.42310244028894
117.57741188884013 29.73124126531663
151.81309766000612 22.239432566412866
52.66328410567504 87.02900150595555
103.79571385816477 117.19205389107935
117.81886603877112 18.788406193837712
110.89635497741835 34.984673753426286
111.40448084460927 18.07842292042231
95.54664062471151 36.53047508529825
121.24713581153875 17.211460946904435
91.70156656689488 89.61607444944609
119.89019485376019 62.50074465862264
110.27462447388028 20.74250107169201
108.30896515156996 53.31883869733229
115.75895283226122 34.18345609888779
68.57356569180074 47.4159696151835
100.17597813090214 105.0639869248922
106.08212844762684 74.27800439949237
100.48911413297495 32.946279269209455
118.06522124997683 84.83411248158355
128.5813365222379 11.266945171635426
135.1782291973864 91.25975726770434
121.84514320856337 18.441821738984764
74.76817523877615 51.95527510180153
141.2710719920535 28.28408549406511
122.88561395989552 19.89170358139486
111.51153991693288 87.06844921660239
113.49226527465383 24.2121002949869
123.630985850737 143.87383051272184
116.35778893289486 91.18100184882996
88.66748094909543 111.72020491386472
111.20161079391774 17.296240350242353
124.86271711801251 54.69166869514702
108.7070096735042 11.420699389922287
100.72255919588355 22.82487318576195
106.73729147967397 1.2369206816031433
111.15560380107623 106.88730884675839
119.09901061380486 114.67715345563442
103.62752318472373 20.421962792775986
110.11764133823081 32.59208323204494
116.65975402092018 87.25128834370328
89.28715371391601 50.572734974271995
117.84776635547303 47.87484265143409
114.40066148332427 23.10886123697361
113.91463900264733 110.22242994387823
113.82856268972697 53.77356698259956
40.81193604884666 63.56449537362461
87.05672864459622 94.52157325560889
96.82899669727082 46.87837024984521
95.03775105116041 107.11638610827188
84.290554554797 22.641267743619483
108.94561370542806 32.770075168570095
114.04126724046796 48.786548472610086
113.71750022908769 20.277541875634544
146.09784858654223 24.88488967370421
108.03363329643591 25.067835818352126
146.66255467015222 118.52726795220912
72.68920465998868 78.70610801766402
117.7507898815259 20.737306444966816
125.54575724547057 129.76483445419805
129.66346844922913 133.2380506538402
118.35433730773066 188.2795702564209
111.25939345938758 25.92003256616551
110.55605705192922 13.638597098876703
116.69552032964262 56.940488141360156
96.07222378899603 69.49353176007372
143.7809354816165 152.50687799067842
96.16429171223922 103.93082644477192
112.24503273221309 118.1380591765506
114.38332810148296 140.9349893098922
109.65236769337062 40.11612294230662
109.81454905850599 109.52049108758553
121.19744975124951 25.026692970038084
117.37361855934519 27.143351267338396
112.79910767579959 25.526675922864538
103.31787341452004 18.99035845373886
105.8299592340112 11.935928659353284
116.38614947293985 24.99340244958808
110.04056997155983 27.692763039173936
109.59980143698739 109.66258965751352
123.68388018184636 23.784992239300383
110.77745901789235 32.694022490082766
120.42568850099896 35.28843173709934
84.87611081826107 170.99071096770552
116.84487961949783 54.64881807331753
97.74173845364989 104.97704325141244
80.65010816574448 19.8488645658948
109.09327675211117 30.710516065974538
110.50441833925674 25.644229530869335
110.19585873395268 16.44769182399751
117.1697416074259 51.759648522614675
114.59192569964729 -18.577264128870276
119.56427086777138 26.979339011315073
127.67865631779247 102.98310090043874
114.46699042216534 26.26769748603871
126.05074515245587 142.7013878132974
108.24061432091692 24.526325907575597
125.05869907844733 34.991269157045345
108.5608573137843 32.734309587545525
116.08285580051398 23.739165365916715
101.1621688113592 57.66939820491947
111.98667781742881 28.283694400022142
141.2198690966635 94.44331843235419
112.23606173113588 50.731942838184786
118.97700900089595 87.24826737199655
106.71131537577195 48.35538914257104
115.21373551603679 27.150377164254483
114.07022408343143 16.169691213805
76.61886273447544 117.60973201194017
118.13995851922171 33.23677114637192
48.73864066398431 3.314685468944403
119.14592784004081 182.00529896665768
120.30668504860546 28.72381377491316
133.6754778157174 15.08046867867201
108.87395924372531 27.517425272988998
111.60160499471141 32.88239731814288
121.9087419738259 104.64439134052148
116.44316351306948 101.09569825636287
109.45223771817486 34.233611494951745
99.94910790502453 119.21174880738006
116.76114356892244 37.119869440699844
108.84017631357975 14.884631409993627
109.566451412571 27.385056606479576
115.42507456005089 17.21955792251174
93.33833776286626 115.20334899632296
98.23264537845552 70.88534683522519
121.31270520017314 38.43934541739529
72.83090343864801 52.37530647702259
107.2085315424765 86.57029082970939
114.99952615168907 63.854016762446584
74.42408027792933 56.95162982309236
110.26190268817008 23.192881470381593
118.00396931740812 18.93531299047334
116.23027963030407 25.513382667867337
65.55595165131454 91.92052767224504
110.00490585340229 48.39448321079546
109.5614028253111 34.11496458966484
116.64257245901733 11.069782251201262
135.24761143074628 80.95762205256693
96.43878209013047 30.668371414142932
75.95773858207723 68.43904172402729
111.37082242699502 33.080426393931894
110.09994413073535 170.69425014985552
134.00378035309154 34.118465372406675
102.09860873711241 38.68234358393555
147.9991601153439 25.109477207193827
113.55887143521926 17.782954882890895
111.44751598346024 77.15587286758803
126.53319377305567 69.0864966099616
139.7490832403558 124.92874380131371
37.98579229148338 20.624435009115206
111.55346416608293 29.56968257967222
115.49581373419795 58.20723399870426
141.75822679400676 22.15958246022462
114.07327576064755 92.76004392194218
113.71021270429078 22.957864365775905
111.74140622504865 73.02340529722618
118.64141773341096 45.32443575376405
132.10763201094645 28.87528144091713
100.60062165442743 81.95069484311408
104.1714104462055 182.76256727375443
120.3279289509678 86.70780552386937
114.3446244692763 193.21058346408995
83.36908789937374 77.24945876824975
105.20988789878747 20.566471711335613
109.293396349471 32.37827227736036
99.70872132394088 18.750415447104928
127.75596431313609 23.26796060300896
111.59343458512329 42.29553671310538
119.22908949808182 96.01183008044471
137.2185707150561 105.97494677120234
157.6065504039049 105.27682468531575
104.11436829638615 26.207009921746078
89.18667677401494 24.245998248108478
112.6143049377778 28.75854313005116
110.19237807827537 9.08208314045771
131.132561458782 26.873947974651486
116.29916798899272 33.2536396891717
138.73270059488055 139.80589031041868
115.33114066225285 77.86927361710899
105.81887869535618 116.19606272452599
118.80500086623343 12.391043121430242
110.45897344638242 20.457403055630117
88.99975326443528 18.75299442777
97.34532195633629 105.11708426410809
99.18552629417482 14.791190269470045
84.0159057652027 15.588165913296562
104.79567057549251 17.60469942823791
116.58640534734029 82.04052537319279
106.60052970817796 112.63449329220559
23.941456922895096 14.066551769786988
109.9318422741534 16.24846460534235
116.06312993975041 32.26510796740884
119.92341469840079 70.31972547784845
127.5590872132852 54.34614839377773
134.93049817580012 100.76649153861422
103.6109417649994 20.972172306753176
120.95339025521656 16.716919480843426
113.39133992075462 77.21547806091269
94.94836035635454 73.72957302870188
118.59301290906852 9.293218830667811
61.62763695817614 27.940175224336855
114.93322604999068 26.066433033142797
112.14460827104917 23.900344286393324
90.42360045901412 26.892151857211967
92.88187235873328 20.578593229758773
100.2226997282384 26.779321637284983
111.24678907235561 15.655815778645952
109.2086935229415 113.05195416801595
103.09326498178012 82.3315312218253
41.187880339412374 107.9503290015463
88.72130610526744 106.16004317164129
109.35807734539978 5.911442277961831
116.22272064400268 21.686539905882753
94.09230961687467 28.771188260746847
114.62545320133906 8.370393737095332
