88.45744596558275 102.15109978563056
49.69615113122513 102.22655818740982
98.95038712675644 106.26939578504427
81.9078284857688 107.6728239867976
18.19837838065908 7.668812429266768
104.34489301990943 114.82367178221556
109.00159044265072 12.977760904272637
109.05176600446728 117.55149906953169
86.90343680795527 8.845106680165076
115.73704283983389 111.05473364103813
3.175196700374848 6.263575137660087
83.92394945749302 10.663864256373094
110.29582674585494 107.05719115067379
124.91004365417139 121.92542519167645
117.31586716811155 121.81479477148578
114.00487979483768 15.145957958255298
17.907314520458048 16.472398085249
101.48827315804253 107.90706293398793
94.79662296357739 89.84543727847759
27.426059462752683 117.89557455258802
99.9474589201912 116.33650015518042
105.92988045753395 12.379492427139118
117.17321957312413 34.67231662136754
107.35022859335614 110.53814180600541
101.47265141286162 105.312623774334
34.006560290219426 97.11559181087533
94.55347587074641 82.67249789208643
109.38809688010825 107.3239720545562
90.52866566001428 130.4358907255862
108.85287470955726 9.308347723843408
125.98661333436962 102.44476343877763
105.93910470388698 5.719927521871222
132.0940688717187 107.98646650418915
19.819874380407796 9.83448242554544
15.317568393299322 106.40631018497915
32.342860115081855 120.82509366840246
125.80880040250278 102.01756489522482
108.5817734293825 16.0851229778234
92.62416211839624 119.15321015848286
89.17729672661919 13.428151724924398
116.12005949008604 104.57158581913187
102.8999025678843 112.50149377075827
10.897920527408965 20.484523877310473
105.86217167080973 20.033501066100623
14.222987476149342 15.85712089426141
108.546620691944 119.70122617605651
6.877138816135875 4.357612770383538
112.04520377214973 84.3921738677185
101.48537565561082 103.77403123547624
135.95747750109064 122.37115910947344
11.212535264555843 5.185866895100138
102.20517519074326 80.82553033397788
110.64505482798349 127.50046468737322
28.30866893284038 119.24609682509694
90.30128015102798 113.74655809820365
27.361198024413962 115.33483873461628
99.92950398819761 107.94899847177942
12.472251188466405 11.928073054707335
98.32420534249091 24.20496416998662
109.69712895626256 111.47671428023448
113.67297066196654 110.39993679290531
125.98542639714913 120.91937347397538
107.82203936710366 31.555644601746145
100.55480350919466 111.58424585851449
103.65923438871096 12.366231786614199
117.43427186922389 17.838319186068126
20.44385614668644 19.487683166435005
102.56386241397367 11.787449461319415
109.99827698688567 19.51867965844831
95.87990919390887 119.82662134743015
101.03676190311788 97.3804839745795
3.8392983735432646 14.278008520814804
104.8066051221995 12.843566094928526
109.9034027943369 118.19706756876235
136.1460391123522 129.5691499409812
21.500371016110005 113.56099852093308
33.3003516236103 108.61309066711779
98.974689429917 109.21647671007088
106.07157613805812 119.66630023899181
106.59278151351548 110.34061135549042
105.31499767698718 93.47501249563531
94.759720185443 108.13493236661085
100.62112340681225 103.67178073652796
94.22514233397162 111.34855037660567
119.52724879409404 96.15239536960158
105.48785150817007 18.515084737621606
85.0228807992519 105.73575349075593
114.00777387521181 110.87966043224334
13.504215062838485 18.955290021255557
109.69517865070908 15.726176005013201
18.009245970135076 12.055144769606523
28.797026301282617 114.94783605561494
26.177378994969597 20.66342144492791
110.89773618407136 117.4148723197259
119.4528459117127 109.1568714646794
120.8997496313094 129.4062290696662
104.40914058156115 112.42111474855227
99.21987145023563 118.74143546145459
100.88934596275766 24.415620756224385
121.03788978238043 94.22157800159222
109.38159806634657 21.45936916016017
21.38163058246635 24.20363419960168
142.35549860073624 16.947195765326573
16.98486222398445 20.60820700751101
111.4700563918199 95.14589796699293
95.78059015514141 10.18447962363375
21.20224152242565 14.801375766599914
38.88698674398062 111.03595021281748
116.9386538460595 110.97507905998457
96.4764131931901 19.59294477439775
10.311811755327549 11.870488742785003
85.19876707631671 10.159420185216607
10.827242129888516 10.15343446833482
111.31155479374993 18.14182634465002
114.95794093851416 125.03380957534164
77.3181053657976 110.8825466136055
102.92445163569005 14.596542311403944
100.20816386686663 132.8033895850365
108.04040683733831 11.583093750923915
14.271808431772257 10.83509331659027
97.56234124760148 100.85814451601446
110.84575120771612 99.57351686368492
13.599765045302112 119.12730158654523
94.70710800723921 119.51696418782105
101.32512730308106 8.135768753023553
86.35762742619478 120.74924764622783
86.00206575605421 17.467961939279682
29.366490622292176 113.86003484656095
98.08740124714437 119.62057092213404
106.8944628455317 17.895884654409652
28.412927451265826 114.56964443230463
101.14565600645015 14.49821562453154
106.93553150662312 116.56782546510449
102.15428342777996 106.52852437241648
93.66171532354971 111.18888171816315
92.90443574913431 24.573676823883325
99.31977078163419 109.46305144284584
117.44603047643122 93.63858344992357
110.35558550155261 19.876368281902735
91.34023480513828 104.98054537360429
28.724962997707195 117.30830102764821
100.29586903609413 111.50612556372137
18.240442278304553 16.537479906775413
15.897801007141542 31.521254074729825
108.7915230386531 14.182574577091627
94.30996211263171 119.62765799890252
123.03383347555848 121.13669527080506
98.33841361673004 14.031301336091948
118.91818529337685 106.47311042294459
18.301882226023924 111.94224300745849
107.6741809133283 99.35632624932214
117.2245910922826 130.95099009445056
105.07030740797613 118.51442795338872
106.97347946366108 116.86788425943482
16.020426358236488 16.19616876174239
109.32208361092178 28.359307685848155
99.46404795303724 116.14047458286217
20.64810638710244 19.838963952527518
107.02239334704358 18.82897942859645
105.34488761728477 21.154752530155854
104.25098944594566 120.36129531234722
85.71321554660007 115.23010503354365
36.088270400905095 116.58985621509412
116.52409299719932 116.54255358683575
28.467174848049506 111.25958855316905
99.79882201789844 106.07078024761007
103.59756207856135 23.53725038891369
108.09694706458225 27.24802044694843
17.44829072396543 8.169564843133289
101.32718988604228 119.43789995319806
96.09845072973108 115.02482361196601
106.214634996493 113.35608609399904
28.495984701508192 119.22608010870988
105.33931903259676 113.1693760171506
13.582695535651187 6.192735684416278
114.26034891458512 109.20482126838107
103.32707303841991 13.236139595494512
106.19349878710851 17.530836289021444
32.17384771145902 111.3020197022357
103.19334179586936 9.45482142862295
103.84781820621141 19.588574049028775
106.25652830994088 9.761479106518504
126.6310684997063 102.77183294278436
105.29816716049282 113.85901474786617
104.95787464465258 11.802034883951835
104.75447049316938 9.651560871440104
89.51922517183952 109.71400906064082
104.25380611840947 121.61042235836409
108.7770697764931 117.17423767465537
105.12915722514539 118.35248323566375
91.15401263632462 112.39048205613908
89.84718672007571 -1.287836126139276
15.599596999306025 9.13533921921158
106.1435689429692 10.420953098971681
127.84201261042121 100.94069789705848
70.58018886466435 102.04092828067712
18.754826236087993 18.56748833446576
107.30344419087707 116.7888184185228
108.7014432373619 19.17531596441409
90.0736083122763 115.25720533745059
11.731734077110065 9.63699694581099
104.68889672810919 105.59380922456224
14.033076919939278 11.857860385898361
97.9818853724185 8.001302190313234
117.8097214576852 117.60879020147435
107.6774168502962 16.05842348247164
95.44197151243142 114.79806843398471
104.14222070993362 93.73909211030433
95.31665402856542 112.59185101163582
21.12405527008212 11.612276861772202
19.540987422736134 13.281965949502421
95.11622577419801 99.8878521183418
115.41648697864603 104.71802453499272
17.444924084043127 10.116581497527067
13.299301184793629 7.175767663704587
112.85690185280554 118.0678603168456
83.05010518499563 11.551592386716637
103.31133738669197 114.9786004891439
107.90585130312041 3.4784984025139454
110.35914523795414 28.406582948371028
124.99367090332497 117.8684094033905
120.44890578675562 99.55060367695056
110.29991737768182 2.6130803015061135
130.01738371403778 105.48666303449666
105.27671942341314 14.736932360783321
105.82759674924161 95.11494650569904
108.86586702944207 7.3867610887
26.865358964600635 18.903273898532206
22.23833047606286 113.00777206092575
110.45565012183125 117.47774380104232
107.68375446811467 14.56854290315272
11.52954749592688 4.107294660552146
113.37641701759321 109.98678664498038
110.25143718335868 118.88271548211641
126.08966661381234 111.65615161325047
13.694430580671984 30.567805763983188
101.75320647570281 18.519967742626907
109.27540143836475 115.1967859317093
134.13688422597954 106.82320398421908
110.08654103350257 23.716041613674527
21.763265297335263 39.16519431976109
104.7066169273163 24.933556446098475
107.78514442412079 117.93725131707856
15.502896065426706 11.059721331582237
117.32228887979777 121.74058067903509
123.53045494972436 102.11439832343021
81.1854765566437 104.85127920233323
82.48071786134854 9.428052247483327
112.64628913769246 10.8160373025146
9.08496443749407 4.125847736766563
31.278711879210807 120.14388332250896
108.76996362937152 8.803227164955148
93.13404092866182 118.52043690282665
120.28496838689938 121.95161188559928
14.100135361757106 17.392412428989633
108.67761946151595 13.052633269286902
20.122575748244174 119.95196173245643
17.766589503588502 115.5961681125226
107.29330105973246 110.03768527805194
88.83828500623764 13.345081661841288
108.06456675713525 92.93652832004129
24.28954995631921 111.01965255158284
5.722563187147641 7.537202740967153
112.71203888862539 94.01587115392935
118.90843735520205 98.54972445850106
25.712981781683535 112.9077459523775
105.38569159558891 115.41358625049169
34.575285001592746 83.67064479353942
99.37439769962343 12.237838644115882
110.42106660712355 9.78249561204829
121.45361026450279 12.323939608784476
93.64742507275692 12.91652690260536
110.61513446935916 14.766234396211448
30.272618904433596 106.91818233662704
109.54757851032286 129.5672721008938
107.90451716313098 115.76095222033838
109.61873338925486 14.350023194525694
17.61093702247227 16.810396061397764
7.897894061896665 7.510139137219872
36.42457682682598 92.66788351283459
88.35852402144924 5.833862369822625
15.261819755932745 13.944485453738606
112.44084127677709 128.49758880177026
116.74872320519383 117.2639895963462
100.9838090648841 101.33373508599354
97.28514074712541 14.162253809026282
110.91099241444002 19.83468117553925
14.147409055461372 18.144683468371866
116.69173759773048 133.01528607499836
50.87837443098235 120.38080973361154
13.576821667942163 15.540126758506807
89.11949162609952 22.081155906479815
99.23917946967808 112.26982865803842
118.61035875151272 108.6625713806269
18.105473798865564 25.758427012405832
106.78581549857174 115.67595293261918
91.69883465305969 7.438003580945012
102.96980798015763 119.20797461675573
101.22985142742502 121.16303954002257
102.82438576913069 117.21859900457655
12.144469613196408 17.61207584970997
106.65698205064571 15.681679321607833
33.18450655221602 124.84624593710706
18.072851467211784 113.07419674892076
16.767164353599682 25.898026891708298
13.676680204153666 15.159511782284289
100.69385736271309 15.991371546473324
111.97626388114392 120.62248191847924
8.52556010114684 8.361192887323957
-2.4582946937008563 15.213404569315063
15.609706961193526 14.030034203099236
107.62847283475388 15.459000648618204
106.38726347846502 113.24793820946375
24.909958269063292 116.76192049452052
96.60350062109087 98.62832460738267
24.979704253922655 114.76725828431955
17.71174795954991 26.879040592554187
87.04406676315689 13.029154559633715
124.18021015985845 5.579087166086616
90.34889721265756 129.77237551900447
