113.45960853414033 135.83957747279786
93.01169299024826 146.90448172304949
121.20623073828153 31.495717295902402
86.44318377374684 115.65174639871924
126.47640748324226 82.56905684331836
108.92320522437433 36.62191137540563
108.88630439592917 34.16943923154898
102.6426216968194 19.075788373843235
143.059733021621 37.58997306414084
111.00158723377213 19.767992316813192
113.71253842156136 29.334513569093524
126.78656970345553 25.83732325261401
108.5239831176364 25.5822804833149
99.69818602168714 78.87015646606896
132.46993755332142 2.7131269897264563
108.49713906271771 8.510335944036402
110.63583470733765 41.29012189939434
115.4982903715601 86.08909296735989
118.78847519776892 11.268460377885322
114.96826211516553 85.23459378120539
113.44749653258314 19.14856291820515
126.66376078359085 39.08185299086802
107.9247173552817 43.76028730082177
109.35538507111245 56.87157209350451
101.56517270114276 124.74683321810714
109.38713540675492 50.81989767604624
108.08125516918203 18.119215604413377
109.93890585243655 40.24619459002728
76.36228540522369 72.23339230756
110.36420439779967 10.580369915159322
111.54335954929898 84.85484425185435
112.45560998130257 27.511582321235657
85.50648815714536 34.46000701729518
86.54431358086178 52.371200653661646
144.6849987389481 83.06268774182561
109.63849886836874 -7.071326216391759
111.52602188920935 89.13184040313884
94.01661061281769 27.531096293501395
102.0262871147763 106.59088985119105
122.20724816240262 25.78065601178488
84.5915711214561 14.64338776694578
112.21322781063522 67.54036575602535
43.70147006871272 16.97140480041957
107.28089756921314 18.9369953926237
87.8011520439925 28.009412713910855
101.90535877396361 96.73104756411665
102.04645094656765 45.911687802522216
105.3075141353539 -0.42585847426894746
111.90074176775892 45.53245379679057
82.41819327550046 78.71779055100319
153.80215931546866 31.777514656746817
7.45752824941325 -14.56739585726024
140.6018836171206 56.68088484953237
121.67964333802813 162.7779860602154
112.83185742486593 88.82325400846506
109.36457347549513 113.63301373052374
113.97028042490449 247.03863056785826
100.82799567470504 17.023590481165762
122.17547058674653 18.330566953911088
96.96167342758572 172.69262781908384
115.73720108228504 64.75000602078603
89.40880542251527 64.9596254116885
114.87389508691251 18.241258037332955
111.0142679545939 72.46697700839111
114.07936481419522 26.303684732578102
115.42416918064973 27.509446204856786
82.2699151048824 44.78053736660435
115.90915925288903 25.502221346318084
105.7797547456173 19.839452125819136
129.19086953678254 84.02176742195154
119.09669575950393 128.5859817871303
100.59773909811663 21.424805730809858
112.32137107252665 27.891720130743202
95.41208676284363 31.214888278962288
108.90700733206438 63.894584294701886
126.08523469630774 64.3629784573332
103.59546403975688 21.749203019954816
96.47392070195994 72.94855711717432
117.05780972136611 85.45594521979372
125.24464888289211 28.320108599505364
115.28969774573264 91.9527416396825
106.04881322798519 41.19930091968503
116.67976689128089 110.87974392251827
131.1853938291504 25.94138010370536
114.49490656410984 40.78671051091469
113.99906414024642 31.08260671789896
112.96791615111844 139.94004628386634
113.05145952549265 16.01512300485749
106.52790971296037 19.18097330193934
105.51242555764297 30.82180963218755
125.76872324999114 30.895714492007034
108.53592114329453 54.20080863251073
63.194999498375815 14.285481032105011
109.08069300022333 23.105375445151463
93.68653055772242 64.23804758747796
98.1190229227136 92.35254169605577
106.76752937252674 74.30555638858063
133.12912571456758 105.16231989459241
119.9803282638879 12.023486710996709
99.96021956320229 83.18823577885402
114.905599168705 8.50602495498017
42.97025550703532 25.688831211483695
82.91226524289476 20.394374050914625
94.82144500025639 6.308709670257471
105.85982269915871 48.90601049955993
124.6691313581784 30.417904225813395
163.5899806389886 23.676799082536558
23.839544898034987 98.80289970908633
91.68587722403028 90.65280640860551
121.34024068152634 18.655003981866248
110.74733496456572 30.41265641802327
120.82337482207546 21.044639775651657
101.30025706077114 34.3749605084406
112.51321135972076 18.822653655967756
92.12051977723847 92.37745536496885
136.64724390388088 41.08674939584439
113.07944232172977 20.05288392843511
99.71260866386478 56.396040003873054
113.19030625985468 36.52320426352974
79.0352550104796 41.75579483901397
105.40728161682816 84.89575345105352
105.21687882737041 65.68018101299263
106.89378332908699 21.52134550423136
135.27134251133864 82.32803068095107
130.14611982242752 17.75389963610229
138.1313066107257 112.62419277896079
124.97725965744594 18.84303257944121
90.34535638193873 31.710985730157375
138.37146540488757 29.829182357286047
119.55427577373418 18.39827982820574
117.52439480287877 80.41100930562979
116.7664194942087 26.364059966125122
120.18321990021155 138.76896943955919
119.82975256748057 73.51604623232568
111.7497893622331 119.32230980493414
122.86010019078941 15.259108764128035
129.5456013943692 33.964683908463144
105.10789319729355 33.73826826347772
104.15272370871116 21.797891003020794
104.326988572251 -26.610751868325355
116.02301907193187 74.19825045526724
118.03565611392223 110.58777073568305
106.5515736773899 19.70122439748438
109.92700177432388 23.78889663467409
112.3742654598421 68.7968545189313
80.9214956381946 13.029967667729641
102.58251739142881 38.160441269463625
119.2329500584751 24.828919462870385
104.87915334827373 93.96884490172938
114.03578745654839 42.068578657726256
44.977775837819046 64.26961090364517
90.4604346717858 106.2258534515737
117.30285743030285 58.616859149420954
104.73120301462242 102.53593220254515
85.22455152717139 22.340241776379635
105.62827033575512 6.184158681764302
123.17977754354816 48.63584507882876
108.0434131218138 17.732786253283066
131.6647878958888 19.551045229344293
115.58966189076376 22.0738937892648
128.68341066336245 104.5181718449974
77.63116997142187 97.68243975066673
125.18629203103215 26.31537638305882
111.74350103893957 114.35413318400333
134.27021808152247 87.89676866411787
118.09766527771738 195.24168924796578
116.90265279136528 19.270594940465717
113.62021595043264 6.79274898880157
102.87302724464763 47.28775511312504
106.7019642407302 88.45315016477875
131.9523834904645 126.3322878095339
102.18273459356605 110.98738594082725
109.88138148832253 98.89797170537047
115.73649950671098 131.0038564521958
109.72884781243849 37.51273644650112
101.15128536189906 119.62270545271411
120.75348004813786 25.097166568712304
118.1590147371499 23.05695150300399
101.03956592057442 14.158133705548252
114.38896742347501 19.087263689549697
102.71953958824167 1.9323414954825684
114.81402996508997 23.20301423003843
105.0077252067331 21.760101122883167
111.14150919337376 60.01015096287312
119.36361463429976 15.83394224091331
107.70429680890732 34.87276248873237
123.8261246621595 38.11720433511633
99.2146560650927 161.15034049238005
111.83563368681362 50.2003609040756
107.97144603699843 98.00608886995143
88.33739111910118 24.973778093959684
125.10904111771984 36.05823524566831
109.69563144151638 19.313967564279185
110.45067933482814 23.82261467184346
100.7493961946118 43.057472691085145
115.10258697226683 -21.942030776120117
126.30468595304544 14.148193236726655
121.19003799257976 54.05973712568147
108.21973357036111 20.020212043136322
134.7739012112069 99.67843132426067
115.57172456694647 17.768767475069243
119.24478477217946 27.133705413187116
104.29203575142843 31.209475992484265
119.2462813952239 26.700024532749804
86.0275506691644 80.31553724444181
111.5763466277719 29.269872857157765
139.2479865507851 54.265779437788055
115.58703754361525 41.74483536993043
144.45343214417397 89.19659657012825
108.05408699434409 40.9949981358664
114.04409197622833 29.39785606010096
108.33599286286093 19.04874728684138
80.5119219476394 111.7697494333746
112.65206951703804 27.875525189796424
52.840983983058905 16.01658184781132
111.64025792577698 182.26571997299976
128.71466691359726 30.455235169565714
124.57446036235561 3.6647915805333087
108.73921085248433 33.248630280596146
110.28098179242411 23.36031123355198
108.85704662759244 91.67208526939908
112.62904511722886 99.31996293208589
109.6038087446174 31.77384334512309
82.97161731265746 113.98793980549577
110.70479616814241 24.34502832114495
110.787796022894 24.028797211488335
108.88511745690248 31.01821583043448
107.3590318775495 17.355117062803895
78.45643462216377 121.8942982184958
106.38171055016034 38.81236773392937
118.9809992216076 34.62942512315313
76.86687192983578 61.621444003229634
101.59163849722849 73.5430679420029
108.35782414310471 68.60817556866104
73.42901566496269 62.72405870288172
106.7149518896362 10.974923532166182
125.79337444493802 19.346999097494383
106.1590644099868 23.33869632937872
63.84839853829811 59.93673190044947
107.07731709206706 29.028662411434244
108.08151438391506 19.332466039041787
120.85799498638939 5.876219500036264
129.79989564565926 99.32242184521236
99.54493871407695 27.647638088089113
82.53926256025352 70.65453445067985
102.2140470677365 56.56361281960537
112.01533790953067 162.44200206181142
137.56638048050817 35.57471720450741
107.70611560620246 32.727643736098074
156.62789126810952 24.93260304997649
125.14748421597996 9.436085242662816
111.22795804149774 60.20805508565462
128.52923933740144 63.228297049488475
131.71933920064475 119.2433006185695
39.122267682010325 20.052495914775207
110.36096773794033 29.243638504357055
125.66695024528809 60.08262925799097
149.34321448904714 22.30412688587033
112.56192406158662 99.99438295772995
119.492620256029 24.227599648208898
111.60476217875645 67.53732979799713
125.78148882314774 11.790701087082642
144.76965135166932 32.62399410812717
99.0480858789723 73.7008158186434
100.19742980531369 174.88753518332672
116.33483382199255 96.82757259808463
103.57161494564276 141.78038303077244
84.809802711544 65.24966857749699
109.77958215421101 21.883203992556055
109.49385469538824 28.355603419718506
92.1740890765771 22.385664824613347
131.89617576371793 25.017390521968817
113.49357418730622 29.99352065232469
131.20755353327675 93.35463747610005
128.8501645125521 116.12891414395511
140.98421848671478 93.84229464521815
103.53753979546009 21.443889006271608
96.0345031988425 19.17373383193984
111.87204377015182 26.731169644681444
105.86808675991045 -2.400365656816503
126.09464539068394 30.154856822269586
143.66871010492838 32.49845191640561
121.63317879580778 120.85675130114949
105.78207122921651 79.76224683814564
110.3692525789362 104.8684917601921
123.86645723697325 18.099919588555263
107.61241661582362 20.113486612920987
87.90430327754207 18.77878541788576
96.30188161880398 131.2595683275142
91.61244236098945 10.943053043339637
101.60034943453125 14.286327420729243
117.62684931332825 15.241500071470632
118.93283025247237 52.650051243799176
101.67757664179454 74.58246390441253
17.766990655990035 7.795280488678132
109.98718719459501 22.4010066073835
123.80604852697887 37.00434315627104
112.50357684407565 65.05582702949319
123.59699192812775 43.496657938135954
137.6767372892402 64.92663083571223
102.41938790563422 21.168476734289523
114.11351030670613 18.350292728767766
111.34529675586239 81.92957209016512
100.60957940798603 48.37407488737098
131.35968424554267 -8.54690225955187
56.13177139657629 26.9313936232062
107.8080674924584 25.063814479620717
115.5849238522467 9.499228059110033
83.5974085484714 25.380287531640224
85.07740659796924 20.90913067038402
102.22516333814531 24.01603100789358
112.86806948270325 -1.2061765872844719
109.03339168434567 97.99188590033744
105.17038779850238 99.49762974363475
36.597221662600724 117.60188105236018
101.42811378450484 101.10516047701894
109.15951003470244 -0.2826592729705826
129.64506887934337 26.55568368950856
92.58563356301102 31.14870387252315
110.05802271193136 19.066808377280797
