114.29215751656118 131.70135338648038
94.4954654179022 148.1986900276509
121.39242346598883 21.883644105509948
87.49198831151368 109.47901124574115
124.67886028499512 71.1530812927344
107.18596158089797 27.313807505604878
109.54130886547787 31.03173893028115
103.18272387052302 21.904183230278523
144.8774604433589 38.60022031429946
109.48792486846729 18.906304310922803
114.08768601423111 29.059136312303995
127.69277198241016 26.18563428440951
108.36541609045734 28.204284160348543
96.3716387222798 73.32291886960842
128.4402038646059 8.81350226401645
105.79837826238483 9.648121401946405
109.30894702370237 39.58035743682693
115.07917826151201 89.33362317466087
118.42073336397064 3.708174549297663
115.81390530483412 89.01250762335088
111.92667280093352 21.486538093097117
125.07231163242605 35.93357433814725
105.453018500431 38.49385606982552
109.92905715213581 63.365086583128324
102.06220642427012 130.03342822179937
109.09990958591693 54.61333302203608
107.71501293226622 17.332601903103942
109.96823741605685 42.83006716827947
76.27844152649573 74.44644504804404
110.1576600240902 8.476166141030856
110.11224351095133 90.41659824752766
112.55838830747753 27.971984697003297
86.36342845727847 40.03832268456962
86.84877754132987 51.98733441468109
143.82036578903356 69.2296718356489
109.14844376674235 -5.980531803634328
108.90849402851192 91.71318264857416
95.18861404999437 28.14590673176413
105.00495718277674 101.6772391954673
124.93089314577382 25.739110192019304
82.99110231965156 15.913466044260712
115.26479012329692 63.20977255187597
41.25603171709371 16.902749348424503
104.18415961290874 18.985156959275436
88.48442004456899 27.153051153672923
100.38914731065377 101.93513541282658
102.52998348803852 45.11190994462709
105.86333213401984 -0.6972041024406822
113.0058840954564 46.31943638342031
80.5315450681552 72.46406937608509
153.5763232642259 31.76582957803524
7.375098892850836 -15.28540602886486
137.08081790264927 55.31453795262969
120.02885196028546 161.90532607425743
114.86008436106995 94.74896801920582
109.08855964012417 115.35311147363198
115.52696304797895 236.25927020694195
101.90428187673771 14.925587231617753
123.15981441290805 17.41193213673151
96.66880322753848 173.66638926128917
113.12462228298745 62.03195540438775
91.17716677505436 65.44627857556611
115.84287212509986 16.480789440488937
114.35528323563382 69.23249659307021
115.48307207727254 26.076388682684982
113.6024048887338 24.24722196224018
87.6572341075033 42.71051430590509
115.72761549857545 25.542428417796415
105.27737259128014 18.722682242082104
128.90654980451774 80.30117404525872
118.88068117860621 131.55356686826673
102.98031043090349 20.668635663714397
110.12368776034181 26.914130725961073
93.8921963604346 32.77218285330822
108.83168659762941 63.29108851929499
123.62504958976088 63.87480329592665
106.52696543204866 19.70740231519008
97.10737492861377 59.5274008639003
120.84543497994753 88.02020083578796
127.45702330184733 31.06711578567211
115.30911941143403 94.37136708925357
106.47529274791258 39.66554697291233
117.69210399781524 115.284348384958
129.7693970832097 17.778738985987594
111.28521894043806 39.32690211227031
112.99063293351716 29.30182202124356
116.89303525197867 136.30557022966315
112.59843450744022 13.772418841733934
108.04982194097076 19.174823655297434
105.75477564848157 28.4068191554485
124.24161929132994 30.749889853457407
107.13157281033027 40.03898549570691
60.511705980752225 13.950660406243847
107.86465938115784 25.493251695324858
94.0311636637008 60.85672713426735
98.69047502407538 92.25411165904407
106.09495456763557 62.59839116544002
134.654557558791 105.27426864040069
120.5700343424959 10.857058917539408
99.39848475477689 82.80892419481565
116.42900420101003 6.4279627630929355
39.720346395857035 31.513930521307877
87.3963245992176 20.355567833564095
94.15968599618733 5.269959682679363
105.45340667020758 40.359752073680454
126.25223308752733 30.266348911344643
165.15387942215247 23.92030888835446
17.15703100771646 102.4239655543043
89.00355743898116 83.76130264496125
121.96259566290422 18.62751728168858
110.68782463130314 28.937398312905586
122.9621395445931 21.760911024631366
102.9103922647338 33.468567716520056
110.24167307417316 19.25909252835353
92.77534363883966 92.29176075680158
140.29001052390632 36.90519315951554
113.73216998304606 19.852076148806887
97.74018365271156 57.7003312270073
112.4706159664857 36.86395730631672
81.03905115378998 39.87552485892472
106.90300720439076 78.86258309162703
105.10318334423286 62.06263850538087
108.61267254882753 20.054867653600276
138.96461248388042 81.33917689090315
130.08481444187092 19.45489617236202
138.13451647646377 117.063419429125
125.33490945566972 18.957892541279197
94.7266524938288 27.889359814332884
136.85998836394208 29.929891287135025
118.46100182046153 18.037704422115844
118.92412811570941 78.3413797101874
117.38839976478656 26.74166840066385
119.02290602137005 135.67917957550605
120.39217346134234 68.89787737949881
117.60121801379319 119.95230196229605
125.5567771231882 14.843662761073618
130.1300569642504 29.80670798935016
104.30842584142844 39.1481537678814
105.18097814588047 21.453677113810233
103.86068989718645 -32.793822485553136
117.10351770224496 65.72997735354043
117.543281991761 107.97634794464278
107.39136925053843 19.508574162537162
109.87867085301535 21.426230724418403
111.18338781932665 62.51834879296241
78.27737028718123 4.851944494794802
98.91035870615057 36.29860184541672
120.26557652735858 25.178630151855284
102.71635378684302 89.12445287821286
113.9634353069397 39.955410365951
46.67318563390795 64.6505222585779
91.81061023180969 107.68558493590359
122.36573821817379 62.120152431393834
107.26964404109893 101.12582950634967
86.15606427015373 22.247339235718737
104.87517903764727 -0.30604126650065133
125.06085560169 49.14531138951632
106.61882694029143 17.11255152551604
127.30695226011494 18.194042070939634
117.34130620392371 21.232390384255787
123.48210917235542 100.20057216932156
79.8634264243672 101.96792599775088
126.78960585798232 28.67936462028497
108.13334109564403 109.42039691542105
134.6951720088779 75.30845161650362
117.74596692570205 195.07129372184468
118.2347603428091 17.57115328447434
114.30179068410362 5.303713301386531
99.553715384414 43.99237663565057
109.48445299695689 92.78105202562625
128.31326162898412 116.94516426715175
103.86487183372938 111.55306955254105
109.2763076045414 93.04966334639083
115.89013150714007 127.2037811703451
109.75081182650997 36.53472425973151
99.09393334727837 120.99436620473176
120.28654091301684 25.004081849070772
118.18020896057781 21.847691630466283
98.25696335885286 11.340165461698183
117.09369988906124 19.11949210883586
102.08740280375496 -0.3093292606249314
114.31421323503868 22.674355758701022
103.84229720405554 20.199103319124365
111.48520333429896 47.23731938996117
118.0219602722519 13.881492040537744
106.98820980620927 35.15629924298887
124.31505506979167 38.41331684562599
103.10230666335039 157.21498485933927
110.45912932447766 49.49100230510729
110.63121283614576 95.61375487206895
90.79237854540688 26.148256064504203
128.8551576922422 37.09967084255156
109.49195128680134 17.679979271897245
110.49031310121738 25.605224704633194
96.79164513832593 41.8789893736073
115.12535336765512 -21.479686379718842
127.70504826520204 11.051613047399252
119.18403714083291 41.453736665073365
106.6681992676065 18.381059212007923
136.33277589126283 88.53027217320034
117.34853966750948 16.07700724725092
117.50821235972771 24.91854883293171
103.30499608866198 30.49739336885488
119.82670918170842 27.252570574578566
82.74576157630187 85.41524363395209
111.43590902982515 29.18954752484686
137.71664651839424 44.499336269942525
116.28071882555352 38.85386920482319
150.17121968207414 88.55707951373385
108.42884845490546 38.49655546064496
113.6561792245767 29.670152868549742
106.90963760166755 19.790633456074033
82.3005635247978 110.4390923000754
111.16952708582566 26.285457738100625
54.44298795897781 19.30263142479511
109.6900261974624 181.1063335125712
130.20196694479364 30.60472892174588
121.87867294422685 2.324689252234541
108.73292282710722 34.360828720324285
109.92080446818841 20.874038972255093
105.52687307288149 88.00393565167889
111.55979536926921 97.80039737578242
109.65093225627933 31.03500707410923
79.07050473032956 111.13112795741235
109.12282770523142 20.93287021406951
111.26640068839349 26.249936805986394
108.7297244462705 31.59471026610599
105.34932273844514 17.45157937845786
74.16632204621659 122.83549223972653
108.56088688475207 31.313339620609717
118.17762474932988 33.111209676020145
78.98632578641883 63.03215042511563
100.27987129719679 70.50270834624608
106.68409053468734 69.50610851854992
73.71233747006691 64.17954347796484
105.89901593178587 8.054679384986645
127.33215077049418 19.45951927713056
103.69449713679143 22.669588534847332
64.4373816818282 52.262702388750476
106.38414848392067 23.845784389833398
107.73320300946102 15.53644833021864
121.56587263668226 4.78580137660475
127.86347162860582 103.14746083148269
100.57540605616475 26.598466843416684
85.08297639159392 71.32155739328718
100.08412489553126 61.80131664401486
112.43328631097646 159.02606681058913
137.7952283227201 35.52478960597563
109.18296256444454 30.89124527978146
157.77702751624582 24.76528232994082
127.64871968425767 7.656634447077675
111.12739144593294 54.76607896549249
128.7683769764015 61.81047059745065
128.8191465346975 116.49467148235664
40.23043153578103 19.888607786763746
110.01959347301509 28.96531568039156
127.69889978262094 60.83800777228997
150.33067197301406 22.297190883210458
112.08839963824715 100.72521344807825
120.71453828500124 24.447572584012512
111.52088982961968 65.21894027377427
127.09063331888238 4.43957294532826
147.3683013514627 33.274922712379116
98.99805310170262 71.55358524821129
99.39332749231454 171.3578606265348
115.10330992384866 98.65519378975561
100.95791647438625 127.82110733365049
84.81758356153838 62.096454622528015
110.93634172538722 22.156567803942334
109.55263033787809 27.01697012830537
90.8745612151531 23.251078505395473
132.28985411336325 25.28272238868817
113.8867074415031 26.5852203512302
133.6971703426719 91.97607512543317
126.33006789874116 118.0912181414148
135.9648369297939 90.31361915384873
103.57251235703937 20.165482728287518
98.12550273749568 17.86894983528387
111.62859533041178 26.048273850120232
104.88515277782663 -4.732471656202482
124.31644518450352 30.67067423392912
150.04687310300324 32.068263519931875
117.16238105357331 114.75089544844509
103.47146099753554 80.75348177570464
111.50479843315296 101.65588146723871
124.74462056530645 19.606009320957753
106.94832105961102 20.002154026333777
88.16320103817452 18.79529208290869
96.43629089662224 136.18695718281933
89.99457737893808 10.172475258839905
106.22749233729081 14.087296412722225
120.74828334120673 14.727744879055438
119.25960392073185 45.633301095098396
100.58825186836906 65.1284349655112
16.368957556117728 6.454798029845152
110.00092482586926 23.88618965449496
125.44299586170251 37.70381360668728
110.45379040225336 63.85478135836527
122.12091276811503 39.98587285711135
137.69433111650366 55.763703780382926
102.2515262576595 21.161390190460263
112.24622977356202 18.793876979959453
110.77330324899057 82.31828270342267
102.25225919841402 42.022012517252556
134.1787555371531 -12.299891590670637
54.655886858426825 26.446344408927757
106.03132404857875 24.689018176516846
116.27724973486492 6.094630516508347
82.47929508297344 24.861222800316057
83.7210209766469 20.955519768937293
102.89133318189997 23.22218537328785
113.21809638610357 -5.127589260317711
109.0005933773286 92.88195379471252
105.85301305479618 103.63188336560869
36.35120727852576 120.18127878855738
104.86091924989921 99.08118260389134
109.12739391167703 -1.4553662041968465
132.52480885004815 27.64684701410441
92.5868234447338 31.458909967381775
108.89361522319358 21.792450922702695
