117.93686051321315 100.91747884099264
105.93098266186163 149.10947956951256
120.1497452322375 -25.14559069084841
86.05690685536923 62.939240466956335
110.98650215881507 -2.507334095373851
97.79746031385075 -18.612081464455883
113.263153149752 10.577503795328099
107.60354648044347 45.30623694776777
148.33307674020205 40.86006539191845
100.95625365577436 14.036350136680047
115.43156933783445 25.46105320968768
128.71388446748756 26.64188533930329
107.81911066871744 40.2926186235302
80.96603122571294 42.553956971638414
102.33719458266967 45.32751610472192
91.32676965472183 18.025340288571662
101.76108496298727 26.748714038325833
111.71815363746684 103.32199124337168
115.09522833908758 -23.49757351867959
119.64934667155588 107.2629297450287
102.81519348643053 34.31480793811265
112.89902292493717 14.550403218433999
92.32907214180986 4.647219372296692
113.07739492908543 90.89895458198673
106.45585783815567 154.682760223475
107.51932297366785 68.69107149657637
105.97616223108689 13.323027193324446
110.10078601699885 53.12442571033199
74.08780178642589 87.86942108738356
108.84901541184738 -1.24737429779181
102.0962120982099 120.34227055009514
112.63625689334634 28.5207052750253
97.25571927178217 74.98958824528889
92.80058286273022 43.78800505232704
129.89895810650526 -8.557253226638382
106.49040243427079 4.333753404832686
93.93250969617368 103.65898939570572
104.95887285998674 30.15554369314379
123.09646875784104 70.68157179650795
137.19196449631437 24.006934569842606
79.0929106748357 32.24307328539937
131.7598005449234 40.58056116133249
32.64308410032762 16.924478116739746
87.59532314912082 19.32814833815847
87.44305975794313 20.825673887359674
93.6341326733177 121.8634649638518
106.53327783217347 34.2057037123041
109.74665548163435 1.2036590234790117
118.53660402544044 46.474359977989785
77.93719657730806 34.755956416034934
144.43360993409723 29.39281080865554
9.772944278717151 -12.848981460898715
110.69751357145456 51.04635474399424
108.53566652877733 149.45705717762752
125.48010125134007 122.71685988748511
107.62203239735186 115.73631491961547
122.9951352789604 152.6521901390703
109.38544497395452 4.2661824499841225
126.50855574459058 12.504718191028353
97.37665547661561 168.46657507793748
97.60901705471726 46.484119812862275
105.27554909603694 67.46248356368402
120.15624089342838 7.3331237524678405
132.78313547547097 48.848456180494935
121.82363969408239 23.309067689543642
102.51555076775495 4.802008838380363
122.09270113690239 26.527741968223985
113.3779261008038 24.29281313541551
103.14708738082831 12.438662551518265
122.9460684880402 59.56865399492163
115.74827645712358 143.5685259369851
117.68947587526353 16.10516082144544
97.66396739712063 19.710652000663956
89.38525039494617 38.66296161266739
108.52929602951433 49.598427737392676
106.44970069673433 59.75339896581346
123.8351526072815 7.952306311896213
103.41905026475663 -9.853024129017589
139.48309306089328 94.97415830114953
135.8339687241187 44.57910713255798
114.23282238426167 102.6509484450281
109.4413815734097 26.684750558859506
121.72268420962405 136.426097065075
116.09925227073427 -18.571018562205012
92.63661536193497 26.379164919341417
106.5696916806708 17.127614487651933
137.60033240799723 110.84604658654071
109.41459407172097 1.730970830878371
117.00923360895301 19.139926206177726
108.16824371299182 12.869391782394363
111.54717682838572 27.848295836381503
99.78612478448368 -33.77988584487305
48.05306450987968 13.101601546533939
101.34292922807495 51.404969498618435
98.34114196409037 41.923640557656825
104.15627120016745 88.86294027232792
103.40723647330493 -3.485180297635651
137.12585429750925 102.4678496878019
121.8672021137889 5.9551751693312545
98.5068400265707 78.1423238110865
123.70155659048366 -2.615337879492193
28.211590333047074 66.038986668335
117.85128683491527 19.909883230115177
93.61039271093938 2.197186087476943
103.81654023463516 -1.0481946085110625
130.38765544163988 27.416801211768195
163.61745095851597 24.60254017270047
-18.064096976387567 127.59394649521579
79.0742516766498 42.745367711659696
123.0713532858974 18.60072549914177
110.1550723487836 19.257515352624523
132.9366250264988 25.33207090615501
113.77109446951538 25.629068622047903
97.16417658420355 21.80999726446566
99.39497565267975 88.95607782648709
153.48753463614997 19.944379344960733
116.54729781521486 18.579731761617747
88.69219720175214 72.47131964584023
107.98560777429876 35.311304617862724
85.97745433821547 24.202803549379823
115.9941468025937 41.79536960822235
105.34199252277871 33.1353381222847
118.51598322789559 15.613877815400812
152.8758655272626 75.11329403980078
123.54020338090079 28.949389150200833
131.75626793989005 137.9401717930339
124.6444444428498 19.69109400593407
122.15041870483941 11.743795350073503
122.59600892062258 28.461163948703213
109.9533141742881 16.3049345103533
124.99691444912786 65.41118300890513
119.33888343107697 27.155745600574505
110.12659873534118 112.63633219722155
121.97561063164554 38.463221665323154
149.799466178307 113.29183721982558
137.20465298144754 13.605645911329635
129.19325414823138 12.298575991684928
100.79216337356624 64.45418371253349
112.01049691020089 18.977460763138463
102.39113521509613 -58.12903715913543
122.24749798652383 18.455940206050844
113.14376220578004 83.47046816240255
112.58455739278568 18.38667251343352
109.6125132606266 7.483720757901791
104.23686498137685 17.902933128803184
60.83688883481972 -30.27180252199702
79.84996778131512 35.34219934116006
124.0273027592761 25.966886954366547
91.65548987921146 58.21163253773664
112.57491452859252 36.39487000400596
61.70291920479944 68.21151143113478
104.02638781922768 105.11446879343684
148.58030712947118 83.55376821821034
122.2207271732601 86.14836068710684
94.8697639603358 21.092463081517547
101.88203526107826 -32.99244324738367
132.55677471393847 56.794830035472415
98.92941796517222 14.250418200294277
100.19815260639953 10.9453910691812
125.66627763824908 16.071273598585115
91.77393305621794 69.53786937808496
99.03812359308061 120.13321293299401
132.12829396697967 52.72237514671155
88.22198685036675 68.13931603361765
131.4998389594022 6.39791352504635
113.46637287923868 177.79942586607729
124.6547670791398 8.299237239949218
117.24477697868741 -0.08396985857086331
82.89893773527983 20.380496511420507
125.16743003689268 110.85293655341457
104.56997659461467 55.21571464479827
114.28463163166555 104.50205323699745
105.93834867547896 55.3113661754312
115.33134167175463 100.2539465379984
109.91411085704215 27.27543499880245
90.05419472316036 127.03925250033379
115.5126536140783 23.180384731578513
115.90686476144236 14.440795862447835
84.87637785483031 -3.0632023848549053
131.06466709309876 19.400884987783034
100.10444836696516 -8.547664061823328
110.63889892868237 18.905609530007904
98.57865524062525 11.500671596077371
113.12728277710562 -19.650591835104677
108.77875706580204 3.6343267579215635
103.64841665104618 33.88284348944966
124.332922660849 35.994500069394455
126.3046348652364 126.80150087714046
102.29117679921376 47.02060080522898
125.43278250649938 77.7983478249817
108.24736747819617 31.440465605596973
145.22051050520713 40.282038053977885
108.42288876787323 8.969595572776326
110.52848418061397 34.302654362317604
77.46133700189631 39.28115660829809
114.49633940867392 -8.392719982344829
132.6221740111795 -5.056186821317418
106.01940294496077 -28.74316778021078
98.5145187122019 9.31813567247865
141.28057902029033 19.311057469291434
126.08870575583617 7.284023685519251
106.25045707666276 11.070201382416275
99.09286863736978 23.433877463070292
121.413873442995 29.068129535020287
69.23440420796193 110.24930119693317
110.41929915111776 26.856593581125725
125.81313919179155 -7.179866905062893
118.33395201925883 19.221779171601778
175.51145865583604 82.35352555412332
110.81728267445449 19.704279773365258
110.42425288099439 29.153351535578388
98.90431069349292 23.788730898816354
96.91747555819578 99.75819483335356
102.43257563519455 16.106062857610212
67.76159233486472 38.06144852656346
98.67494974292045 161.7508486124885
135.86351188075935 28.515219808420333
103.70993941932032 6.202652635955312
108.89801470790775 38.11475429478575
107.8630068987895 6.541207002926644
87.41194405834362 63.699098618236185
105.18607056059737 84.04416042791591
109.97695303695225 24.79562596053586
62.48788606592321 89.78036933878252
100.56757365493903 0.9777080407160712
113.69649351412588 37.18937676624466
108.11035396140333 32.31209709977116
95.03475366372724 18.396195957972118
50.970411466543574 127.66937687913945
121.22126992146124 -1.4921441366348596
111.80526974292817 20.67322242618005
97.3423047105173 61.93088464193221
95.00938482701937 54.74384023683886
97.6736974271797 73.30947929295314
80.74509533030114 71.59321084735937
101.68196700792905 -5.517169198271536
132.5534005652744 20.118901729778703
91.03688227978478 18.13638408141138
76.14868799019253 15.295853270490664
103.22586584517704 -6.264446972387086
106.08787955732852 -5.790758162624577
123.59306760023834 2.0804690692034784
113.57801214476741 119.97059295676743
107.94821902431606 18.985246968360833
103.37543841150728 76.01325276928763
90.17299547625761 83.74120194223127
114.23305242922073 130.16804653084984
133.55720140105106 32.34856684931375
117.7784989463373 17.805051471632552
152.49721080809027 22.65076765619461
140.51157488838533 -0.16670308679969248
110.20722250849683 19.448404250086156
125.59271440244001 55.64613068819673
109.3577515152281 91.34122762408701
50.1088217279388 18.780748253450565
108.03477823116064 25.153997607180496
135.45421989621775 66.78260032703184
148.4188352159318 21.709457990022855
108.85396477557121 101.5469530327877
125.12937376377418 24.679109606713467
110.68514724406178 43.586616604156625
130.23810743812228 -22.771631741369564
153.37244702231126 33.274148083293255
101.23259850145699 60.9240502262173
96.9802849015065 139.87409074740555
106.88453327281053 105.82519917080153
87.88023771551805 41.485222177581534
80.20571771124044 47.104895885128016
117.19608338435488 23.23489786000954
109.91228737948416 17.723483919440927
86.63699221987845 27.136812577092996
129.3812587454608 26.19603212734511
115.40537177722204 5.838662471479243
143.8507184153718 78.17761063778437
109.19332228619982 120.31124875192221
103.18842116325014 65.33800396229843
104.85977737889925 12.795566495304605
112.31150841058742 10.761116618470602
109.94981550332422 20.811123804208123
99.94948383963789 -13.741099167902721
111.42083819509804 31.368223300299217
173.842670072701 25.84135621348423
90.89099941845626 76.06023342897653
91.76991184114677 84.88267635650381
117.60005607957903 76.46688138674756
126.38837627357914 28.045695037644734
103.90262652311944 19.243643554950726
95.20701882195449 18.974437695641644
99.54760516396847 160.6416878512974
83.68591727163573 7.275300140123772
132.80733372434653 13.90622238258501
136.06660250732398 12.589583114020495
119.35604354580676 10.940470301712416
95.71377204471906 12.179990765426336
8.782020670849636 1.254385325912239
110.07184543062438 31.28566559154402
132.393835808767 38.96997812341671
98.02322898437153 58.07301006622416
110.49309943115126 14.926734231440282
129.9671908530682 8.940162694337822
102.97877877223404 20.782666027459417
101.30059987975102 21.464675182185758
107.36080372327528 84.99744483646633
113.01005011805977 9.553062631724675
143.76587987023254 -26.381252634855564
50.116578254302546 22.003776804344305
97.19137124727325 21.608856433905842
119.0147990506155 -9.356421002062476
82.40804065877678 20.659131190048512
80.54777934211297 20.832520017377476
107.96542607876901 18.038577515428955
114.34259320646237 -21.69457292526659
108.97883956926378 62.293904882239865
110.42181040085389 123.67280921119858
41.2707627467355 134.53048457293087
125.09413368246497 84.00711058929603
109.08547843610803 -4.287853788716531
145.844119314035 32.409167723450444
96.4506665818796 30.88184311530008
102.55018122469235 36.80992802748919
