118.30212239717613 93.98794201675372
108.10130074667804 148.4144249375054
119.5809020026046 -30.11919351353188
85.04331170161409 53.450751326944456
108.49740813059934 -14.82409742754361
96.5816415425594 -23.69962907051388
113.76833624236703 7.201692189859772
108.46877135125261 50.50466907737016
147.40329826829404 40.7174399502502
99.6882902131534 13.341361971314814
115.50423857045104 24.595624137426867
128.36162688775968 26.521023375804226
107.7802544840661 41.70161041588827
79.07204960159312 37.99019443823819
97.9972452299582 50.93571083027285
89.36182648933625 19.533850393699392
100.69415302844702 24.252610076840124
111.05432099083957 104.60762910881817
114.34337923394756 -24.9337662194113
119.95113271974398 109.49648018706455
101.40987123034681 36.14948041913798
110.63968875451431 10.913323320850914
90.52555383749483 -0.7254639102049198
113.50556386044144 93.50131461426282
107.32104645960962 157.39044973453662
107.30807247807421 69.22259680154262
105.81057716077649 12.87533925343917
110.10736287017666 53.86526492062255
73.5325068927453 89.8702078215677
108.64357457047711 -2.118665379591951
101.0588255682735 123.14744663095671
112.55129581978484 28.299150034709733
99.78782734591157 80.07627850455044
94.51049961690791 41.08655007236649
126.73428954906241 -18.551931751492504
106.13708331242933 6.566773287439109
91.85728217778095 104.51355025398144
106.91731777781693 30.23743460344245
125.86434900045315 65.3717502349649
138.55226473971825 23.515209822353537
79.72361046211668 36.15370012658643
133.9946943298626 37.63421638932222
33.159152458299964 16.97163317969285
85.38394350535006 19.38691603217837
86.30481389393266 19.66611791921664
92.96181692730448 123.2143438293176
107.35065479510149 31.812872875494826
110.4433808082243 2.1117630831336407
119.19976686089974 45.73717914882118
78.91809647490126 29.483723321265366
141.85850924293578 28.77941481707211
10.44359603481739 -11.39497199164908
105.96416355263153 51.58701585273539
106.54020238317398 146.23899596053695
126.73673828795512 126.21488688052263
107.44768823255684 114.01151774947378
123.70683451409663 137.1819688162416
110.72934488566291 3.0641445611582214
126.32578526370759 11.885959681318868
97.87741679707433 165.58091709048998
95.26097742037473 44.24077400293313
108.0153012638477 68.3135665313895
120.58517113295713 6.105833365774066
135.21706121806957 45.842471229152835
122.52178053347403 22.6691251977279
100.84632638411834 1.94228346854783
127.76652348863838 23.40885221724377
112.7984768084587 23.87654241577718
103.01341538757931 11.540662858760571
121.32666833361107 56.15708678735946
115.00448200177358 144.78341193746445
120.01281535166659 15.382007956084818
95.91024312109384 18.39163828002055
89.63934697172618 39.1082998718825
108.50430555441314 46.076960343341156
103.49172848512555 59.483241480793055
126.3440740961259 6.314403922240887
104.83038675539801 -18.966916449023223
141.75667651601424 94.47394725142713
136.6849139200217 45.91869753078624
113.93425787025357 102.86249295215109
109.97148945985955 24.1246459704307
122.02708299633518 138.15315383994604
113.42435266276416 -21.017314919980727
89.8307465056045 23.7891074171493
105.55940571702185 15.049285178214232
140.16721874827795 105.23335017201651
108.86726089291932 0.20496279572346787
118.34491765298208 19.135263661471395
108.6604614260989 10.317264259567683
109.15790891856678 27.051943939475045
98.85035776373618 -43.28842705344248
46.54500355729383 13.175078265830438
100.43150026664017 56.36328927366241
99.42971216462227 39.77984000963369
105.36055358317499 87.00754610260466
103.18058985633189 -12.72852803847487
136.4501346894045 100.65597171739847
121.74267188057641 5.453469649103169
98.76091344361411 76.84323415914973
124.69551830676536 -3.4654890865210963
27.601696719182215 72.42296654156193
122.97190780713747 19.79995691321783
94.03980707895684 2.299532740175119
103.6663866471079 -5.351134263727571
130.27743979717636 26.674689048801092
160.97597830275365 24.53330926406992
-22.913990356248096 131.85636076302495
78.79710528871237 36.31275330884323
122.68099950142492 18.62070850349933
110.0489442435194 17.560188187547503
133.97558060830497 25.768430966876313
115.56359359442591 24.04585276965056
95.22298596379053 22.165206116448744
100.96111174500928 87.43818955639452
154.3934693174184 18.45508913238547
116.78136923502288 18.38216073211098
87.67336060137035 75.10672878601642
107.24025088026102 34.370710854972884
85.67835121282943 21.17494850574199
117.37229056787852 36.12407206036223
105.53626215265137 27.602502937071844
119.92377310297094 14.93427858784492
153.9745202078622 73.54370052886416
121.83444380000674 30.21033904076746
130.01089650834808 140.76706213786815
123.89396656039585 19.809070981157046
126.5606377411151 10.62628059490868
119.71574928424168 27.91073692917177
108.43122626072478 16.10331029606827
125.65318559889445 63.732131858541315
119.36081865752408 26.938385207294832
108.50049502898523 107.44767577392706
121.91226836818772 33.37929906831497
154.10935465508373 111.2649049953003
138.2000132234647 13.63341949043122
128.40039518327555 11.687874024806208
100.4067045627494 67.20356697532532
113.15294014891492 18.55341115600231
102.40880671919426 -60.485147669560334
122.84716605487165 11.640509934232973
112.20405939569187 78.57719979660233
113.40747139975241 18.220409872612066
109.5769128076184 5.488646037660978
103.18420495478443 10.074238035106376
58.207822340404626 -32.60493048720405
77.49906089420169 36.287158027854616
124.23951092011686 25.869163358402037
90.39452378208892 53.17298007145904
112.2349311392931 36.863713364146996
64.36804695430969 68.79835344299681
106.35110452357709 103.34612468400888
151.57911703222135 86.95875911760233
124.43952643174863 82.94693760728704
96.79299163482338 20.82467033956449
101.67001795446797 -37.002934006817206
133.06552324510457 58.889528182286654
97.85073651779551 13.993026311597788
95.76358117642077 9.978462872553337
126.59712376226028 15.259752109433627
86.79920015898298 64.41385412895592
102.90737260186273 121.45270312522449
132.27161186773841 58.00489833082129
85.4394608156486 60.444502412950285
130.32909062182873 -2.7320316048889186
112.53772814229596 171.51447515178666
125.3013494110472 6.964850404049387
117.59202194166485 -0.3842426294395455
80.9759326860037 16.138770153864716
127.35724595308469 111.8376460398332
100.63049425739511 44.083306645947395
115.94751002192035 102.22582736928496
105.50602326526912 49.453277302291546
115.05002856802018 94.6470608870667
109.94264956997641 25.424494770275988
89.21582425166767 126.69647343440815
114.42074528248736 22.71359023970824
115.21882523368879 13.280457650129993
83.46801557366422 -4.703493764933366
133.02502532710258 19.455779654109723
100.11486473429898 -8.897679403144668
109.94764654927324 18.25973218754606
98.13623240687686 10.3225298939761
113.30154677138215 -28.1016391959473
107.20448154235228 2.341397067299595
103.2583751754703 33.04836836782903
123.82252563428835 34.80903469165848
129.76310074254292 120.74855947191976
101.102592498428 47.010279427235645
127.56512421164068 74.41638496150146
111.35304077302605 31.93863413510235
146.84437824218753 40.12974791160206
108.27464064233862 7.801063266261037
110.4976333310001 35.22506080111035
75.47597731919909 39.56412786064916
114.24200890931465 -4.735333321382525
132.68915069721976 -7.213267117365912
103.8840352808202 -37.56459743359388
97.53617823031448 8.09476927997772
141.35404533507983 8.522037000762907
127.18113371212162 6.1326188025571335
104.39637279713531 8.913868786076236
98.80282828860807 21.951298143485285
121.24866174275614 29.026119970963745
68.88760491858737 113.13596037859652
110.22470499374087 26.170609473299717
123.35067500410346 -13.6892873295769
118.22719781758816 15.715258049972526
178.26113001893455 80.85674227860184
111.2062992308489 16.407063956861847
109.80213606248557 28.793390371343197
97.72840215573034 24.310480445798465
99.87898045560672 97.03408558754947
101.06637641899489 14.375358983170477
69.88683353244582 40.764144934125476
97.05331158588618 156.61278931074725
135.98917654970128 27.827332334642783
100.70183311154025 8.735013076028714
108.95634512625702 38.05161213299318
107.55682881385414 4.444034626057098
84.94278219339463 59.507310321979496
104.2011159317396 80.96363778219998
110.03282889495158 23.529553337096534
61.024639384437336 84.95378430305836
99.42085775601016 -1.9317621187073089
114.00133865202284 38.408892446906286
108.06877864317157 31.965621342978242
93.73245386035187 18.596029411763105
47.26818575904865 128.26187450246218
123.00360211406053 -4.3606005643674655
110.6076444801462 18.371913179985462
100.97248334888607 59.802321116332976
94.46340345040801 52.45992147650585
96.46790409258509 73.92680803427474
82.71319488159979 72.13783695311346
101.12634006762379 -6.910177510440999
132.54020333689243 20.218503510584064
89.43456284080241 17.376774120860773
79.5148190637482 11.480860439422552
102.86472462558139 -10.557783253533213
105.94347761204703 -8.781053465650391
123.4227298091488 2.204882767107287
110.90882049896769 121.91043782526783
109.30036796605575 17.615713253963982
106.77620746911244 76.65849294118503
89.1946063251958 85.38860545580302
114.36468891724982 124.00020710431039
132.0560287399466 31.334633666221045
118.99543356832461 15.537013697767613
149.35018999335117 22.111931631961575
141.96243223314485 -0.8942591487867979
110.0215288858231 13.287597559999844
124.38508212258914 55.10836155657903
105.96846663172902 85.62840366597642
52.49798173071164 18.589961891502696
107.73173601162304 24.216544342017013
136.03677422487587 68.05416741482054
146.29622785795948 21.551534603172684
108.2969751379855 100.58871397858184
125.44702385252597 24.49041708376494
110.50378337474513 39.042559500114294
129.7649274421595 -24.45181291359904
152.92625455156232 32.60240095054798
101.98672372294858 59.75428671089795
96.99669337962845 133.49645824126256
105.52150188821193 106.47716485960255
86.23258631545261 27.286560261686233
78.58506375854422 45.416818179515225
117.99146547684167 23.27708487826585
109.97141753052789 16.131099903860324
86.61970038972548 27.53403046291937
128.36118140047964 26.20576866987257
115.42910131600443 2.6516749616553663
144.50261918231246 75.15602803662755
106.23433599558905 119.90132378449933
97.66412461490349 60.97342625226301
105.2362021531657 11.733922819988786
114.74154453882655 9.775640432124732
109.65679215828287 19.82555713818139
99.36898410933222 -14.127023730087107
109.10636575211795 31.06383751915351
175.6026444376248 24.38685447792038
86.97829415551855 69.58559652940997
90.44676169468758 85.32139152248403
118.29799604559346 71.35881176010915
126.28098506468251 29.181431452826136
103.58759153688365 19.11393871178353
97.11508673157452 19.01496597906496
100.43155100984501 163.40158830407907
83.16858851035872 7.198944512818644
136.6001107469387 14.096061864994136
137.79996888651308 12.440043246937508
119.0727282222207 6.757084934517272
95.17625466353667 4.564164779236417
7.732959330587675 1.0857589356551212
110.08039789745122 32.05966831483094
132.8237160301134 38.57912141704682
96.16258047947298 57.627176346800915
108.38286773000836 10.625695933495155
127.52454032017388 3.3200051110657443
103.3269852335049 20.654138454423553
99.74333419681443 21.86924228589923
106.8663924170719 84.63962250285968
114.78814537448447 4.5827641979816125
143.8224304768 -26.743726457686638
50.26462701826487 21.03541479921918
96.05343300577421 20.976783073844306
119.23467427247722 -10.99668053385814
83.43064779275143 19.835153830031583
81.10447817956184 20.743238265330437
108.90427702665664 17.173379258193467
114.34118993795728 -22.911561629460966
109.00088697828637 57.039448514921226
111.22079371629421 125.40623748580973
43.145054203764175 136.40676929530997
127.92837656791697 80.91002034451003
109.11312478812256 -3.5179973086005423
147.09949883812584 32.82162766407173
97.49856498455162 30.3556337831179
101.69585754267756 38.98009921062041
