93.21773145812354 106.58626067364165
59.81977491980706 89.20808022169871
97.40167462287256 106.76108413072762
9.189472940874843 110.0682288549595
21.00324259923482 51.772259705139376
132.4134769609797 131.61231014471835
98.97673497600267 64.60471963454405
97.86432775703311 77.15425875448744
88.2346665937269 34.51259628951289
136.6085581368484 122.26700352641122
22.82651998429469 8.503851935879096
77.51200676791275 19.0073285003259
117.40616929520048 103.10659699696104
15.701237771770064 130.59411285071863
151.75387589922866 91.19373120977008
135.9164497561279 11.247228770647558
19.17691119066687 57.698827839568395
95.28567475782377 122.20622151291592
6.282614059935356 84.83125885272742
36.09302305292651 135.60962786742277
127.41309928644888 120.61685905275401
143.314879546008 61.08543119023056
135.6780716213924 64.60487977586013
94.62165812554075 74.85485865778097
92.34228829849154 90.05227082202187
51.95610541354281 91.05604435369568
22.560694391584562 96.35693831941822
112.6538023310644 105.81021876830253
11.971538592519549 136.42692057901147
109.75792807736667 45.89734297151196
139.88429363532256 97.81212851527485
123.65678452949487 14.472653192032631
64.6732940085593 151.4886309330522
17.261410094214177 65.69567611594158
25.98197733314517 116.56305648864164
59.83727001238632 145.90335515787123
143.40498444588258 91.29805264742149
87.85681478350911 4.781153307083631
61.498077719800854 120.31138236255984
81.39244426019388 32.08150116173902
29.97484246661051 101.87419510876805
62.34052811984576 98.56365935743217
13.182953366813004 24.904734584258197
150.7333920543824 19.308094413608828
38.29199041163929 35.624509636221624
130.60063418982546 141.95811337770243
44.21649752176316 50.21680136738335
142.1726125185694 90.985511004966
99.64703134162444 86.93955691511616
59.10476492276958 149.47933264773428
8.01314546724977 23.92929889599295
16.610152972006674 81.3271880317394
9.83142828982399 139.49145536473665
63.08468325089414 153.32053837522707
84.27378061340454 133.19481215936904
40.07376083246362 152.10974013661715
84.2984330621407 82.06302966039279
47.15730342304185 59.24493502314454
95.42068748024528 35.89591710848149
127.42226697301024 121.8644127668259
139.87190973672318 109.42974693705443
62.00392524391453 91.27765853837593
99.07629284632013 54.091872737300434
92.8277323503068 90.68215439840961
98.84524987719435 45.154116309536384
132.85720709528385 60.40090464304586
26.298217364410466 47.50797257869591
101.41684429635629 29.651954588765626
116.3182217847189 35.804480482472755
13.431585191625572 124.24780102137602
104.9282798383946 96.65548011633477
58.18559120524677 9.947029678814927
121.6661686230838 18.15687349033531
9.140023960746513 147.80223070129128
53.12213812636146 100.90144560111764
42.77442162657467 149.9881275077736
39.95689216347864 105.07116584088345
80.59068678001344 85.4668501885697
68.17564671352085 94.96084005598765
92.28627260621256 75.21971741777801
107.54174715501419 86.95311501741247
15.124043417103845 106.30090063801858
95.54377012491207 89.54944472758876
149.4041564791793 137.5312586993867
32.566913861509434 98.82064496359962
127.5600537137299 53.556266652347446
72.77949986654511 115.57383428616241
121.35308015463173 103.77239621102389
25.16981529822818 19.368048186171652
112.03526369859752 51.333565208470226
21.791594638936324 38.420708201546525
32.95955077646626 131.105199848913
44.437068385859135 29.29483413835193
119.7953577187998 136.02685874395513
145.25050134962638 103.11161676590514
64.69362008524095 64.6124674204682
108.56328381986634 132.00362587660314
68.89790646124665 99.13710102172831
87.43859230643847 37.17180846426561
131.79805646648782 92.52436258067232
81.53371654265166 65.73932423708482
34.86165959426808 50.26532094733668
64.38710884191138 11.270833487532556
54.60645852083345 51.46908897205828
136.44068722648439 91.89600678020031
94.41152744675416 17.89568090490512
9.90145424627615 31.465493031634153
59.23826427345676 84.31288158250608
143.64150359898898 112.10873249318574
89.13946935100611 22.344742104971903
54.815585112789734 40.29946556010303
91.25521315601671 18.388412801922662
25.405997143593723 48.05079226607615
144.46711461041355 14.801554339928806
62.18324524609464 64.66100175959606
72.868375893503 114.52585041171106
106.47991228200405 34.93401670350364
17.7994921534246 144.77937656755049
113.53216499050284 40.855924429172816
33.00708145991672 24.147242476815425
116.29146858509402 101.61148120896573
117.72128643289432 96.27878682445335
31.35189959609206 116.29104806254017
71.38824709558244 121.98297208077393
74.00686589821618 17.702930399842742
95.38666176753976 136.5017956327492
76.83168819932706 26.26720697426691
30.666938361490843 154.12430590430324
134.22960285445257 127.51334485191309
114.90172104502335 22.51193670618804
50.56945977723964 96.4099768615668
107.6549906879638 6.441525389360162
118.01726919439614 125.47851516259313
92.60324332406515 121.4342044069827
78.55305524685724 106.68633989259669
74.00364084400047 38.740754397412225
92.48008457089679 130.19878574517512
140.55458986085878 95.4314365745056
90.11689979324731 31.81925765439501
16.30324869892679 106.00898951088533
29.09970136389162 138.22510711130312
108.96407371209273 132.4477726514051
29.2899538639635 24.394753846460187
9.537652956903631 63.09719542393452
122.2598935437292 64.42059031867322
9.79427051494044 120.93108113375554
20.812727815677647 150.44008149153674
94.78232650956654 21.46711601314369
132.45586477836903 105.54250840511101
33.765429807906095 115.60015993959249
14.47090234751301 92.96381007721509
67.1007450965667 66.10870910834417
58.40739705253079 121.75268587205429
64.70810017467147 106.22289324462153
33.46837660590833 23.303544973404033
117.80673925172128 68.60161105266268
94.31383279191452 148.47979578629494
14.095789086952232 32.556386161997985
147.25157953914004 36.60195321204461
75.91086887176074 37.426535370116774
146.95095589514796 130.0380000632316
60.7016571436265 107.18872636768653
47.745528122481005 117.65425079961234
53.285295982200935 122.70837018860504
57.22424523989931 89.65388209839148
97.62822796606123 116.1546189591677
90.61027994545707 53.88298059597585
105.83751486498878 46.07957017297329
35.014572622751196 61.73070699725179
69.73826446090558 94.29456393165941
10.891590905473768 104.43469338667882
103.32474230340651 147.58518111742583
50.92248292678149 152.14461239224957
96.68882059455208 140.86692145238928
63.31950868043439 46.88238680582666
142.17691160782925 96.86201001377997
108.6900386913973 27.43719404646327
122.02345273501912 37.8851136886503
47.49035936772139 86.1525287269527
76.49212071912748 35.03357655562887
135.7518128903328 59.51729838144208
112.58773358474114 31.582419863971833
139.91496775722447 89.45305289899082
107.57151098529337 114.86573957601351
127.90939676737247 36.732986183383744
105.76172871100756 26.444231821746907
84.3245211698206 107.59925457991362
70.26276317148204 146.63723606116386
129.0684358408966 94.10685799131942
65.88587263127913 116.49834616573571
72.49449261334338 119.36520175701358
99.18496739059702 9.24353787599093
37.79634334360712 46.647468488805956
121.97515855484116 6.100608070226206
29.456507779656206 81.27278881819889
9.95049369842058 115.36921129780293
42.67571956639485 59.173586849109874
139.51307739883416 137.05031748096388
132.10277261841318 54.4319230019403
86.29551014735952 116.05711635233583
41.02627863462787 46.12344941190787
13.696582645316251 101.19946045714279
44.29161975571673 36.052746355846104
110.03814467574028 8.87179642390732
149.3210299842846 113.22145365247742
106.50866214781992 30.18251247964818
66.20672063964803 121.58860780032822
30.45021939229773 89.76518683534397
63.353912736775555 93.39867500373884
10.168152194301427 38.09240793701401
11.434368718222839 30.745784777618127
25.684487136406748 95.47289078070942
22.584222653365494 76.84651949280067
26.313481568746937 38.85350068762763
37.4731075576784 9.541454666379416
127.6551042986275 147.48261686297303
74.05243206462042 17.470324666757307
133.17696477971498 144.09303405421647
131.81994175415585 13.159198395170147
118.78900169041668 60.26782318484909
9.96866273145576 139.56999168368964
130.41576277326186 82.76386909140295
107.78900932665623 52.521907669208765
17.598850661243212 89.31801918928805
134.91811497664216 48.28254961643825
106.26154587369481 85.07347023369041
132.92153288961916 8.296804541786962
57.74206606098487 22.01887580907996
41.61694335617543 122.20717198661933
79.44545653738862 71.63497886672918
124.49343333311819 37.00479904861973
34.05949052979792 58.057513132334606
123.69477734180622 75.46434801795917
137.00395599920537 136.56203693678813
62.70560860907874 143.94561033926942
14.737268221993384 50.74323332589263
134.5706033795721 21.86585355079104
142.72454533968593 109.91200324297645
58.60747375935122 136.11986354399812
128.78918922846387 55.915167222748664
29.967079851152718 66.20728983177874
94.12652174952603 46.44863036768333
132.78775405992826 126.87150724810937
32.098907217964566 18.501587741601586
67.37012134767802 100.49444528589781
13.792682086355311 82.8773312825056
10.736003315691471 112.33366864198551
79.20563407374625 12.546313318666634
76.39926598524706 65.96141378499756
10.287467763828921 19.264635804300614
46.23166304498031 122.7470968542867
111.16119557400431 66.90720099418385
77.8032953151803 121.24649799790103
20.28914101689945 124.6893274779531
34.183777904752795 22.1084539622481
112.63277454646946 44.9892116288329
49.56529851872959 120.84282556567977
34.87556519781943 119.6634507534466
116.52423223204059 135.64535157652404
86.93111167019269 25.59634520695282
110.37578357931439 108.0103734599493
32.75419122771766 124.70609510700216
15.301290665645682 18.12324526421344
119.75454340882386 107.41002580676704
127.11184264665143 91.68522933765772
31.05724354444697 128.7760937182614
129.10268949969299 141.34413031003368
43.60255443486201 84.38910619169022
94.54219528887133 25.471247779702324
84.32968809313577 46.427415865658006
145.83932283239028 17.194855524699022
104.5556662905186 5.348520330651422
91.34054708841902 44.98463012466089
41.76397426560047 100.88847688834413
45.25353140707907 81.7805391923817
138.87574016628935 152.01909868230004
98.06342780897825 33.68164596173541
39.711784000410354 34.15146476199996
55.127586762465086 38.51757861303815
56.537483981196495 94.05345223508805
89.92712756625217 21.826766763219485
24.33589613212834 28.39235862472454
11.902011321991074 142.99612821735752
139.42385609674838 79.57069403313798
108.46383110374626 77.15631345925408
80.51228025846999 8.509114651602767
133.7783971920418 23.70416489167614
35.58514309601369 17.00146427673452
70.7283128187225 65.5872540656283
23.78531934557316 150.14297836809106
40.721085261053524 23.401999528914704
75.53920547482718 31.411660222903116
99.30589424523215 119.1900947073535
130.78714796783157 123.62291739268838
20.067885545674887 66.14805843350415
126.11273872595258 107.30590479781628
96.96192764109956 8.434093674468793
132.75219460828876 108.64077135793136
149.29703214019491 110.69824359374488
117.56672862752224 125.34985990884931
36.51831272617542 17.223950217608618
136.91197133761784 7.573192054984663
55.456373566267054 154.8538892729297
27.103742987534094 116.73284197029793
12.64610338350324 59.95893095630904
32.807787044818106 35.612653830252626
129.23745558310515 19.962456929416877
81.57037239036742 124.39398133052794
51.03926742645217 38.21821322088316
63.1206012317522 25.90073993847941
28.021038648739136 36.91087912586973
103.79034292404639 58.014925333245834
127.7222641265562 105.24640357837829
38.14730591759259 129.5074831031124
21.53658018049852 94.9020735878731
28.681133678240773 110.66063983355905
19.18481772331612 37.98601900110448
85.22463784969362 9.529690013619293
134.5888214873286 11.728024656852906
7.064155124974407 144.65466575672116
