118.78117846181259 60.54602047402381
118.86288296945075 138.66567203539753
115.68290651740196 -37.685730743071105
77.84712298626512 1.914829460092717
96.98697970085217 -67.73868971595871
92.96232176932577 -34.99350538519241
115.86745280044502 -7.772376537112541
112.83146103948559 78.39624196313854
138.3348684208086 36.93312452551869
95.1686959247482 10.884553207874287
115.08051701815667 19.635278812329993
123.29257279515976 24.927637877674794
107.81787907242744 45.871902612091674
74.98956904421199 20.85289356853388
78.91982733602966 73.83567908458588
82.8892901979014 26.79485456198768
96.62275793132608 11.473605637194503
107.6827882789004 100.10089871255484
110.38336043660655 -18.89379568369043
119.89370303869015 117.71787793363798
96.16185694188489 42.086966949645905
99.70536161678602 -5.493089720667996
83.85332999007488 -24.547888902661562
114.8933080203077 97.08632916712763
111.75197889297664 164.86199745082965
106.69020966599537 63.69849343662203
105.82180091307966 11.942466355978675
110.08510922148223 49.889367014806744
71.13312533659538 96.30830077412813
107.76390404990516 -2.714724938467771
97.22179564850356 130.8200051750962
111.76177713495602 25.443991716176463
113.57478647876518 102.3379629623798
105.03786261682832 25.008465131286137
108.11620290961427 -56.53658115356147
105.15265996419339 18.753118112152727
84.09062166487675 105.9341966058417
116.78474796879976 28.939165805930124
136.99228613561564 39.48845202183123
140.17022451063272 20.753455956620975
87.93199518655275 59.423192888910904
140.3199736930862 30.054480481810813
38.65620956812721 17.445655604218906
78.68436054571302 19.6544173540595
76.9070061624635 13.968279566003554
93.39075123606078 121.75674516353507
111.63794343925947 18.19265142159584
113.73995507380424 9.09608898418467
120.82316718707419 38.93229143805876
89.27697368781811 8.20451822550315
126.00739184297417 24.503500310006903
15.413307593756485 0.5623851786479577
83.68178883127909 55.94937014538816
97.44613396043218 122.92911996402839
130.16482922873828 135.05849137737113
106.99481525290432 97.72154340289214
125.97802600581613 55.64625969327203
116.98790928078235 -0.030586856483536567
123.21561761085863 9.546626753518206
101.74418847102363 144.6889368297284
85.69151796710813 34.26865149076207
121.62452223820074 74.63701270640233
121.46178193785609 1.396633331435924
144.271772681097 32.13334059185029
124.15430696363589 19.163972333236078
94.34844686133916 -9.105203098495803
152.8634013317368 7.764649862736246
109.58630413816859 20.865212554006185
103.30184055147389 8.201689449547567
111.82894725441402 40.58469706295708
110.44775508367653 145.75109317574035
130.00527355572765 12.527432121340928
90.21989666194499 12.125655824373977
94.0397548118427 37.932102115761445
108.57530063259362 25.39309882218618
90.30700425798719 64.10853736573095
136.77566636824164 -0.1328193146697254
112.10748847470613 -51.60251662902498
147.5485458169991 88.71432838053477
137.3766419856948 50.80197566136442
111.84677571862841 99.76668962018975
112.44673237943687 10.875955187819285
121.61338383417389 134.90848220876723
99.98094953448341 -20.922563984138787
79.41414596586546 10.688804163727298
101.14491740813956 5.727430452562651
148.16799882075708 74.31920469518862
106.3336875453563 -4.056712541238976
123.88589689976916 19.118936246618343
111.19371812099104 -0.5175365152791083
97.79460806885552 21.99138756932779
95.97296358248683 -70.49258694186958
42.4061112770005 14.304796391912214
97.64274858441557 82.36885735360768
105.98396689143533 33.414059604249786
112.02257882737614 75.41689404074195
103.19898732239453 -43.84296591670295
129.1040324208285 87.36121818076401
119.419645515359 5.38497482364016
101.88914870307292 69.21212192271544
127.8322979095327 -4.452984313400073
29.36923268915357 104.77475300423825
145.90087886894602 19.180910959926383
98.25751749690968 5.609038339723739
104.07165946039207 -16.31160427869862
127.6851320517813 21.877892204180498
138.69861357053222 23.413358275692445
-40.66821643754242 150.86455005675617
82.59428872562773 11.00158387771728
118.13745623994396 18.798776128813433
109.4918714528925 9.716309752367243
135.31443013133918 27.000460376999577
123.16528892644953 15.807084133342647
88.45151775705364 23.328753624281493
109.85855043817612 78.56879040781337
152.93321134717988 16.2623228554759
117.15586877551152 17.566503528705134
86.34212234063615 85.28149698084599
104.13693172357512 27.69169429250005
80.43920297924913 6.18599858049362
122.9027090277648 11.938856116397815
107.2170907639661 -0.1759810070019867
124.79076466238612 12.571290936291986
151.7314024835306 66.49947170300558
111.71904125987567 34.439388970689095
118.63087577519673 146.98746275799968
117.78860897842746 20.317216658199886
145.05388767121516 15.33235568492478
104.02232418959935 23.728706058285873
101.33141952184818 15.656368544079093
126.78841191738653 57.95868652335106
118.2055004502105 24.727936063968016
100.89256196376338 77.10795435843984
119.6700300747462 15.372416519243655
168.70740604506008 93.95761605253914
138.75238686791928 14.720980611320382
121.6223918406877 20.860658939370254
99.32173912398969 74.06298498783703
118.18576953396384 16.63447875395719
103.51662846075658 -61.01376717022553
123.21560674060495 -12.448052573968617
107.34005910867272 52.96794218528672
116.90953688878862 17.52006696937428
109.4687682298169 -1.4970328051964663
99.31049765442789 -26.504409234215498
48.46179402297986 -29.447378482953315
72.18059547978045 46.76700673840439
123.7519604575405 24.15460181860152
87.17735187508846 30.40631974029503
110.27554136895483 44.063151956850874
78.53649034322773 71.45489263505941
118.06760241423144 92.25582426942917
158.66411117984123 100.0191962374271
132.58182074953058 67.93422718572903
107.89699816643056 19.344957855411227
101.87646938840305 -48.45460889226363
131.82867669980934 70.53264353326584
94.34401510316894 13.51846089506495
75.4176671655188 5.990939819879595
127.92360933535963 12.014568951440594
65.99172716464135 39.30441443111981
122.44616389717535 119.373941414927
129.59999932493488 85.80466496109746
74.82314237558131 23.830265042029605
122.00408744550865 -32.22568284135119
107.54075088669177 134.82426428074416
125.97086882735042 1.8368647206130206
118.26341664915358 0.5458422621403148
75.13976859128282 -3.776730241017289
135.44142193407356 115.43423553616438
83.32397172461344 -8.193835771494816
123.01853141564843 83.98420582337876
104.19417183251495 21.810989210804813
113.01197460307158 65.46357711088052
110.07089023468174 15.479978012321379
88.23451716478569 113.7636863701254
108.56974560223323 20.127954544573278
111.11936595074198 8.46538290662974
79.78427655396034 -8.310681478856052
138.29695599618418 19.726482439688432
101.7613777328792 -5.251107977976765
106.61684238035429 15.21925665851547
97.42794615175755 6.5184278015823605
113.7445996999928 -55.58588294075414
99.88931407691788 -1.0142729177978447
102.14252402695745 26.874592054555485
119.57077221901501 27.594836593498215
142.95407468234222 84.24563238074413
96.70167522152536 51.090219012709106
135.32940662140263 55.095277098412694
126.09929989214739 32.313301904420356
147.48676912937617 35.73430621673526
107.82587959097084 3.2155930151498486
110.22343672889559 36.45739048671098
67.98384467516702 45.06277615281178
112.34364010799204 15.95450083431829
129.12581547515524 -14.559126494879239
94.75469110040487 -66.13133168672998
94.83087563653176 3.501588026237022
135.95103370846968 -33.18408817495404
129.84791047224215 2.0064410923318907
96.26628017007859 -0.1373447873187026
98.94986085302756 14.483764105261972
119.55464002575596 27.774402324673293
71.15271690240532 118.9458331911225
109.24614422041607 21.79100127079758
109.70946533480912 -32.25054289819059
116.59885734085213 -0.6924393621917235
182.8067225908043 77.60993135195838
112.88299247996176 0.9727685369757175
106.79706786047892 25.67653520456979
93.47470923093724 26.132239419597923
115.2742222485362 82.88539138196134
95.61707657082009 6.527652278029606
79.71939176038329 49.22249280851151
90.73440880701746 126.65973970364556
132.49554458779272 23.453067905223463
88.16528213975099 30.050251559898907
109.3142624871455 35.88483380058768
106.4072647717017 -3.619276499616767
75.68939797736672 40.409358960872765
100.19145935322182 64.90148869031582
110.29146821250042 16.876623774748136
60.06818761614148 58.405122753719624
95.51207237960922 -12.4730812794865
114.98911931342528 41.40303080650124
108.14103099922961 28.57230466930079
89.88080628041199 19.670338740213392
31.703238973055644 129.4428824804667
129.60268305772993 -5.794133744301206
104.71783799560974 7.503593372062601
119.74874501991184 45.4016682204208
94.67483444380957 42.20992327826422
92.42442160458111 76.19183942606402
95.9627047859366 73.93456498227782
99.65208606048397 -9.311529120086057
129.09672791854675 20.629102443866632
85.58322563368954 13.916075390174633
100.75891350482419 4.305587738446762
101.86519362485855 -27.026835488638735
105.64148451830467 -20.22217492439826
120.98502796654452 5.263607738327681
98.01228950739818 123.96657126480369
115.79928822987074 11.264302403340604
123.56169083980268 79.31162803403282
87.33832419125261 83.37814240537772
114.12283325789424 82.96217630423419
122.36085352467177 25.121740753962992
123.61396910211577 5.347546687765869
126.78407391007539 19.079373942673225
143.8063805367492 -0.6540376736368181
109.11421794501919 -14.965746971070274
116.39458615381477 54.96672052356507
90.20213733457958 56.678410107872566
65.41360006523303 17.715086355524175
106.52945795027406 19.062171596218743
135.43016174768636 74.90184416501756
129.93870064071137 20.519855973343606
105.87070302345793 92.53093046153877
124.93225107697393 22.98768543357381
109.5555901162655 14.357232269442235
123.65624954227893 -18.749349324429044
144.65186303060784 26.85292287053653
107.01096787564552 55.53783838399476
98.78575136195431 97.82665169163748
99.53961452678656 102.69545768101811
82.7008238721536 -35.70171388294038
68.21690412514617 38.86922516261377
120.67511857825134 22.985174469880075
110.24971896676402 9.037619285014424
90.89173754763216 27.943465090693312
120.89979785813175 25.152262612428995
114.54478808064724 -9.73421550813064
143.6145046844476 57.841039341172795
92.77420399416773 109.67420724557776
72.29544451584684 41.42173270707101
107.67338038988103 7.977593468126638
125.15742014693663 5.830075841506917
108.264635817807 14.993716053052582
98.19928857790336 -11.409773871062526
98.12818228468385 27.643035530544417
173.3694911297255 16.3432125454847
71.83999863472354 37.631067502351364
87.59577455387338 83.00315480859047
120.09872882553024 46.615211460369736
123.42276531685006 32.81095560501474
102.92604332878834 18.51574265315272
108.13869387138556 19.237549136465454
105.89547971991165 168.45392334488895
84.81115750334054 7.986411919980185
151.3015178282882 15.706625179619131
141.7503182108779 12.710226688197046
116.28849069274203 -7.4391266995480745
94.4921674208198 -18.416956395795225
5.162903600075873 2.2651211871037065
110.10667524750914 33.92364437777571
131.63538074576886 33.94109589097493
88.6410254683323 57.52093035967483
98.61203669459837 -9.269654330023526
113.37780198820508 -14.14621165967071
105.95147499294544 19.81400062835973
93.996442768458 23.50020124954269
104.85603775969363 79.91775018948383
122.38999866689939 -16.940097885221167
138.7041888607095 -24.623943461082906
51.92332407280639 16.00625981184973
92.24446637621617 17.681064112997582
118.45498607857486 -13.869014845326772
93.45768642235139 15.594749406605056
88.83047536380438 20.04215240905469
113.5100510737425 13.377371073293437
113.50338915026485 -21.221816252385732
109.18808815109827 32.99685621543284
114.83899580612774 132.25237642840634
55.427619096837944 142.87396954671593
138.3791088485029 65.85866532547095
109.36646899961244 3.696239233682862
147.83618965961324 33.325521959114475
104.71405594335651 26.00487565869334
98.50795947950368 45.83731710786982
