117.38068718500811 34.67118723396967
126.13199923227398 124.67655435694232
111.7282375949687 -26.189561174998552
71.52987286790606 -37.68551827162715
90.11826354281844 -94.87181844884041
93.51720653076482 -23.816586568333733
116.77332647512972 -15.277504672425387
115.68149828653405 98.88761667289299
125.06187300512653 31.22059578789201
93.52342994884775 10.580169000923519
113.85325583226343 15.600816389565546
116.62372886766893 22.603574246737764
108.14342909996489 45.16983395403013
77.20920178852377 15.218826709394433
68.17331384962576 80.68148173626865
80.09304210080279 31.303498447693716
95.75241921761923 2.572401263678248
105.32488003454242 88.65582315874015
107.2771619911183 -2.203527764641046
118.01597407503881 116.46637437387001
93.85696681098165 43.15516124478627
92.63323680862199 -14.522553622940091
84.46720683263666 -36.51165913329216
114.84864917330586 83.55798370153707
114.8915104298271 165.223298387752
106.73500707758672 49.74498085804188
106.61370807101812 12.641874135019675
110.01397825110375 42.57413136515576
68.62768927965199 95.11156854202626
107.29146351670377 1.02961599854019
96.47252085862239 127.99652791075299
110.74530231171039 22.03279710787908
123.94610857875166 115.7764962889272
114.53882994349168 10.936195794223897
93.0262069355506 -66.8647739440076
105.3655704377427 28.591253043503382
82.29333676921148 100.46083414918084
123.76776323398381 26.218988965411363
142.23115148824414 23.13298489662611
135.82066856789606 18.213362789049338
99.08809876310815 80.43251975553491
139.92612544282684 32.71308930841516
49.0557389025588 18.091887610995897
78.28212681778798 19.785691092936744
64.71867754295184 10.2646055736292
96.55479576592528 111.20551520880466
114.8643109775368 7.386705936341222
115.75534703153858 17.091419575952784
119.87288241392548 30.564213751456055
101.58846093471382 1.0528065505805837
110.00766031845315 20.02338266231292
20.1589561345748 14.237840713202743
70.23155185622919 64.12898792322025
92.17734432674061 96.82397160141883
128.72047699469263 126.91286866177408
107.15009352469498 80.60171693967294
125.34044777146596 -7.749201587132541
121.2054798599856 0.6485320285873835
118.6905221896689 9.24198463650352
106.5063206486602 120.59206654985967
81.02817557493142 33.15608178014386
131.34675150896678 81.37362434489373
120.14104305556583 0.5269383097970701
143.7825421868362 25.786079450635704
123.20242223006595 16.33894538732005
91.14782737008342 -13.17417570147416
166.17151881221275 -2.7348811654035927
107.01647963645782 18.077060152325416
104.73726076933454 6.718522732159786
103.58796719408285 34.798215888456994
106.5426408069625 136.54099668971025
135.20222539371417 11.424778924674971
89.94205243897017 8.54978796322906
99.91748534168016 33.405657424115795
108.84538711660079 7.634723320836972
83.39851437441614 69.93196485449613
141.59309208216158 -2.489480928447212
117.61220143968526 -55.560968792895814
144.22921093423355 79.62674575743098
133.9965307122952 49.54998742225223
109.8318485450562 92.92377122425964
114.01094303134536 1.3572176621358802
119.15273355523405 115.26819909879102
91.03085871121709 -2.94724133697094
76.98818113212592 1.4623021318159144
98.99282993053497 0.8032787773115366
147.8224601057069 46.38646159370085
104.9015250348164 -3.6177858820236826
126.13076119508115 19.114523908200965
113.06388028943232 -5.454302550251838
90.77033308957898 17.34535727325335
96.24741926749411 -63.73711744000841
44.79272781547978 15.900932293505804
97.4870820619675 102.06005155201498
112.09006024212465 36.01335967814618
117.38998899067899 63.68431962574171
104.35943468459573 -40.23120910633125
119.49556618186053 74.18479683435737
115.86020056468622 8.167118090215212
105.37315386638149 64.16681196046358
127.29747900601795 -1.668777040868699
37.80061641149414 126.89599430872732
159.22747450249423 18.671784940186416
103.69234339409654 10.76042780322583
105.4194529170383 -9.530219246566487
122.97714319648533 17.557358905869194
114.78503742769513 21.768808430888658
-41.953684631984004 161.0541612931654
89.54505553579529 2.5095911153122543
112.90307961746973 18.987031531507323
109.07937962866278 4.611693168723027
131.57877444451623 26.849286590248145
127.19011371605502 9.823207422526963
86.33904232528765 23.45090998397119
117.1356145720714 68.0317082025827
143.9501854202285 24.215883141196805
116.14691586007955 17.199644089800305
88.49543339621053 89.23770534167743
102.61397017394917 20.99891871578789
72.7840114757517 -3.8012578150414815
124.9384962042906 -0.6724200106423268
109.18329071949917 -18.707961398636467
125.73533630568025 11.810555080442068
143.6683570282711 60.289831723627444
103.24308115338285 35.30213081241338
107.7217706998003 140.29822967765426
111.08742256836113 20.52107470767587
155.20360323830445 27.642091666406014
91.91334368224075 19.40018294571867
97.3280019360158 15.988313870529183
124.92665047802546 55.00430586709633
115.79809534738285 21.99263806395599
96.15473242329342 51.92486469668893
116.26249013541812 7.358351827591081
171.1888655725537 79.46921128376502
134.53970740624422 16.56911446400271
114.202080670102 33.29584963614896
100.15935148893045 70.67532384236578
121.02250155189583 15.560110781578024
105.47753042977412 -46.776414585428356
121.02645835072813 -12.040898521044136
103.77517971826157 36.56710957919124
118.66547156076018 17.204849394726953
109.47303445855825 -3.2086005035086846
97.57598085190519 -48.86960512992685
45.23371002574409 -9.30257697558233
73.91557971224427 60.127981934950455
120.89747856146404 21.75495290432742
89.32898800612833 20.369024908976222
108.62250127557854 51.76803250107431
88.20653908293535 72.32720262922685
126.51979592296782 80.5560498522101
156.6485713672307 104.44227517237884
134.5495389101483 55.92679683863833
117.23079858555934 18.149190916851072
103.19040489590375 -45.96145173584266
127.71120768419115 81.64932989342387
94.3274113506255 13.863719479986583
63.22052038431821 4.407156130768417
124.86970467792057 10.856957259155982
55.35705712127392 21.525982316735572
136.1153918862023 106.69087534165051
124.5339134053259 103.92769579510468
72.57794023432248 1.7891994015958694
113.86896418331608 -34.936227418205085
103.82523334540002 99.89338925970222
123.32301670543895 -0.13871675013296964
117.00987055489294 4.330545804484443
75.49127751931712 -15.70362335814127
136.97969396783733 114.8826785760151
72.886681567734 -31.848956700793032
126.48831046167665 65.18481656789474
104.07371387291464 5.7049891252306155
110.87574607935643 44.19072579677142
110.14409358386226 8.100692193785274
90.95094534666765 95.64408524530485
103.96701833350363 17.923048450112503
107.55667817767797 6.653440541989588
81.19700516099829 -6.291838528919481
138.2099050471668 19.906945097515475
104.7220163745629 2.5637364817945203
104.35307000279279 13.441277646339154
98.62889553433358 6.6267927240891495
113.40715531602184 -55.84114452318996
95.96020995090467 -0.4680898353805789
102.7181709016087 20.517538997150094
114.1956057519434 20.385902549438313
147.54296750962212 53.27295694190387
95.29459678774171 56.33830373250785
137.5939222295746 39.60004422308251
134.94815726511354 29.86748226706643
140.6063884330223 28.473674759163828
107.80493099180678 2.3387348672516906
109.89260338771943 33.35094630642295
67.29439153642164 51.56458257599059
110.33975713730594 33.648820667508176
122.88677972407892 -13.34044833050923
89.72941918567848 -71.48351367310974
95.73764155012557 2.824452714778948
126.26398369138255 -48.13365621564208
128.37814968233906 1.743287713257084
91.76269045334821 -4.79395716772055
101.26446732496257 9.449541486635939
116.7940993967906 25.186621647424822
80.00109756555572 113.81369988141059
108.57585431410345 17.824072687143993
98.83494426943761 -33.111716199198874
114.28445641084708 -11.118640729571448
171.69077393743177 82.92687754333981
113.74295994724596 -8.407537397001882
104.93784774788881 21.793138882180415
92.7516264775113 26.51529755342357
126.057774289393 72.06164388418505
93.26208186371221 2.3108535290589596
87.42182486063896 50.978169680497224
88.09461233662489 96.14429901487541
125.88544852710706 19.306346327664635
81.13971320189422 57.200100872734836
109.67025161537191 31.694929258441903
106.09193944073537 -5.8132192466109744
71.90459692345435 29.454854870673692
98.5166988299559 53.49118752383759
110.44126050038327 11.787039796234275
68.62441477514521 38.29397396726011
95.12644228057827 -16.36242273747811
114.83368222901316 40.37130354821218
108.49281350083616 23.955676482620202
91.07218108904071 20.489225612737926
25.41078143191207 128.84613575401272
132.16278001829727 8.13055654433581
100.65459042750511 0.6596791055271332
132.68613974207685 27.799638601432246
97.947093885413 36.86896170265917
92.86655659836843 77.47174607413612
109.95196759590668 72.05195955934126
99.96549724055193 -6.247852469674942
122.5066299101266 20.74690881110616
86.85057545154542 11.86360185143709
119.63471565680376 11.53550780755699
102.42459147626879 -31.116808319471343
106.10608800442265 -22.73964926746402
116.99741833464583 10.342816491755608
88.907173506449 116.11823689731855
119.66853456383241 7.643393186979728
135.557621476571 77.76146864324292
89.68322002220103 70.63109944147902
113.07312307810622 46.295612362464865
111.62754734290687 18.907903140263535
124.43435669918057 -0.06537012162714206
105.12776660879388 16.58682970315643
137.58040719088638 3.861090668920804
108.53025456836832 -31.01083374057746
108.74570898184142 58.29206075361879
80.47035484934709 34.28396721651824
76.11551948066656 17.219617647207276
106.10024362768043 14.936555851739477
129.33825999966615 78.4320056319296
111.72551355554671 19.5500157905721
104.69596533185263 81.9466613763305
122.2166616066051 21.054580831183657
108.84208593933188 -4.819518161252798
116.42128317113276 2.080363925902617
131.47881322384814 20.555118777080526
111.70943891177959 54.81124007064675
102.07846727926696 64.90495048496615
96.40250541774041 93.01155146632566
84.35709555410074 -60.18493181376931
60.54763902620341 37.36939894452541
120.8948902739302 22.004389376651105
110.43695855573375 5.1656536445749754
97.0626705520907 26.91973137350267
113.03378322635102 23.213468950667604
113.04262205354017 -14.379864994255676
138.72395305140614 46.38471053541491
84.79844613909351 91.45067790643341
56.22426409740369 29.18215208188563
110.06806418206487 6.6953171719982985
131.02707055986494 4.9066116618192135
107.41814997435178 11.935190360843215
100.06723875612772 -3.670647432887816
90.65346415132925 23.1771560755297
157.94798932095932 10.202425674927532
65.00267599640597 19.158694655444524
91.38218676821508 76.90935453898697
119.81708884964519 29.401515756380153
118.44869244128654 33.45089628283075
103.53954117269596 18.14074113960027
117.3842382008188 19.404417301730042
110.85790672471896 162.42154085355722
90.32157121824137 10.585998651027833
154.48332397592208 17.594667642883834
139.98991977184426 14.152319348162777
112.87802067252343 -3.1494796265090486
96.75702488264042 -13.926004109015057
5.795761796678049 5.738345801579111
110.10341493867058 32.70883473085631
127.39503344728226 27.461639548025715
84.77061645154414 59.89598714827805
93.00374632289852 -20.881147661897
101.4705143939897 -10.671585638723228
108.83230279044136 19.075436939020122
91.89754371922297 24.17195333804726
104.24937183947436 73.9250144364274
125.4940276590716 -26.789971950912786
131.43990348673483 -14.997851423240482
56.50745225206733 12.385340887705766
91.96482526085195 15.269118775890293
116.01851082568135 -11.153350577445398
105.11498035806086 12.767942813226252
98.56794644076577 19.313477016042345
116.56565777757551 11.653697317178421
112.12899754086732 -11.434253859976007
109.4281672923877 20.518232382440356
116.84351367345681 132.49603380838562
66.7458463559452 143.50221336654968
141.0715548846049 55.71136479826265
109.66198164613311 12.588153933209917
141.58193946317195 31.33989463273543
111.46670573617124 21.2224465084748
97.94248844206147 47.67617204917828
