87.53687675577609 101.56923357831684
57.267313000379616 98.99527608378384
98.01454321308248 105.02195627475852
83.37548925320074 106.04980521389577
18.502725149873303 11.99973171377179
108.00122165553402 116.77951592107118
107.80647751944478 18.345668544097908
107.52729510819243 111.58185842088112
85.0561655318413 8.55057704527854
119.38542062119477 109.92909236968481
4.152302759937765 6.833736441875988
83.38510734065792 10.24720880342169
110.55381242842978 105.94548099800592
129.8603848064811 121.82832552544747
123.01085244176332 117.25529985868981
116.98227449903403 12.992304619296116
17.836232838783392 23.329777260063345
101.43604724254755 108.18951342345248
92.09461125345354 87.0448849004846
28.548558447348285 120.38794897808103
102.10403023482168 117.25345642415982
110.11813464580214 18.670333013588913
120.805618334001 40.86449528154222
105.7129415300865 105.47500554534206
100.0130662464107 101.93106150663631
36.819403993390154 93.1749983455422
93.18690475262464 80.78916316307016
109.38359857219048 106.57102424135661
89.81134883583493 131.3983331231692
109.15872840241985 13.210040684829792
128.4523332649931 98.25204075358872
106.35148968659819 6.556041991483529
128.3676320069517 110.63262990571197
19.35690313441953 15.681735810175422
16.424862608562933 107.92879894428334
36.81106532738482 123.58962491910829
129.3001380330127 98.57576689189358
105.70403923969668 14.072931897312412
87.13206987837968 119.01573938284565
87.89624458508484 13.428633891132593
121.67023427324126 101.47017193585764
96.45146323445746 108.94318356509227
10.944082690029358 20.420681536654925
111.25486591721953 19.989126300053016
16.596211796170614 18.270699407917473
111.2437552348871 122.66580039145128
10.12782838695696 7.293922455656018
114.07227317423258 80.35962371116507
99.98979439127632 99.2753336264057
134.96649797796104 122.31635692070392
11.649195300434174 6.070869742222919
103.35958931790907 78.01915787320509
114.30862691444412 128.84962000315213
32.90690685681119 123.92357554066572
88.12224017693576 113.42598794854973
28.766056173829273 120.13274348784134
97.40603828270628 104.31191477182011
15.588568554850916 16.940109274051174
96.7657282773067 25.47219719603275
111.32711311168798 109.69785872149109
117.23066573989504 107.74900655610043
121.06180737100571 116.37047687578315
106.11013512754971 35.70514079504352
98.39048094526694 107.60932890931936
100.3025928112915 14.628507777594237
120.76094367274507 23.81970596918845
21.000483555202848 24.330566449174153
102.29636866535351 11.840626530748342
111.00209459749797 21.86226536351946
97.80978175874654 120.229895274001
100.43812701882815 95.77422295208976
7.005280249991902 15.64049277466067
107.22701347331247 15.941981712340942
114.10361336793817 120.64813148872655
133.56282983778004 125.26015506739495
23.874839693172543 117.13948186562995
36.59475745366546 106.304154696145
96.66910188364274 105.30807594362342
100.86948292593438 116.45784395903493
104.47132043264376 105.86031686566538
104.84478829875499 90.83000800823989
97.42596857367924 106.30510910722003
99.31618238891332 100.61637707867219
98.61635119590993 113.73112188082754
125.87315380730472 93.14857662375604
107.99882895646844 22.867256816693484
81.08780582988197 103.88065636357209
114.72069168842269 109.13900912839905
15.173324604486618 18.91758828144557
109.2134790865694 20.407675825747983
18.42590527179921 14.073367257043614
29.530937530918283 116.72949766627815
29.670314370842277 21.54718552298202
112.98028175825527 119.43314585358257
122.11705183397943 105.74123854050909
117.81610682360504 125.32444590022743
105.74286924198104 113.8439414134433
94.21648502098176 115.40884208537125
98.4409464815427 25.66734260680288
122.93955580727605 91.26621360612543
106.428401514225 26.19327214474846
23.296655962086284 28.537018622824025
139.67874699512632 17.422272526946053
19.884421778386585 24.447211183745072
112.59867190444128 90.62543443543643
94.94276317663154 9.368866910207993
20.369875052361625 16.678204349053065
45.08468640461497 106.40062415735784
120.29205012909753 108.32632308495381
95.02449115472113 19.651150690805174
14.614473872012786 14.65267476196389
85.75848227395254 10.338188620352708
12.475952117118611 14.382421767628403
115.32022097261837 17.562702479805896
110.40296215495901 120.17555279049742
74.01734132999874 109.70653518340433
101.81879630803566 15.750927087499113
104.24201568169468 135.85742043976052
108.8292561171592 14.568531078098479
15.93901630310246 13.720356265732178
96.92644886027274 99.0285929229479
111.25619769079385 97.61826926410339
15.448287448801112 119.25851932408452
89.61754784914645 119.39507132804529
98.247170911413 6.498810063617666
85.72196588534862 120.93498715105518
83.50980807721133 17.451725074942072
29.97484970961149 118.1536299281312
102.51485556401764 121.06161132368757
108.82923057562252 18.33808929206369
29.36728114283524 110.5867458092219
100.9563528229483 13.699079519437632
108.91615798103999 117.58927069971331
101.18897981742901 105.56919580365819
90.28841073734019 109.16564812078843
89.317098210044 25.961297991918528
97.70702720531342 108.87861730528817
118.57516483718304 92.55151858679469
107.23775280925906 20.788863598984186
89.18873167566278 104.03096096463204
28.77649587669902 119.92275455933537
101.06691427856641 111.97751464475631
19.232359926504945 17.411219954870703
14.160250289169518 37.23415930220389
110.5096958185001 20.26975726023086
94.27534788547428 119.35597090906963
128.55202327530014 123.35856810731579
97.77785383992274 13.788538589463712
120.40838892816421 104.92716070390576
20.285625573581278 113.12667903981372
108.28282643471981 97.0115613717483
112.98970886376411 126.61184066272668
98.30882345917993 118.61153202321195
101.29068188543546 114.904069068386
17.88063521735966 17.31508042227759
110.70919525316386 35.01868843990622
96.2469139750978 116.57867635605767
19.519251550994145 21.598880873138732
111.8211165065703 21.169456805875186
101.48780749137943 23.1621502861786
109.38399299986182 122.16021693311703
79.67634651401572 113.39406002266567
41.194739628328755 115.30788815072471
122.35366706851319 116.57253561493636
30.224411255201286 105.87939809409175
99.59479299791029 105.82560759228384
101.19000776113214 27.26405463105986
107.3481688692672 30.199906758108717
19.87941893834075 14.75716740960566
95.60873085657765 116.22497662723197
96.55381714517898 112.970327682142
103.65035893992729 115.89753447500277
31.24661603301962 124.02024926655092
102.88053890589079 114.64652109726666
14.895545782083662 8.22673986068229
117.35973075597155 105.2383538602356
103.83356440367092 13.857256404380996
108.30424243662026 19.78288683446472
34.842907807244565 106.81304904847435
100.05350912982541 10.47438789014828
107.0485202353148 24.56776231045559
107.66817877842267 11.327446573240254
129.8643211397983 98.92145458648803
105.21010057603611 113.88092575968965
107.21916958405542 15.824537659269637
106.63287605511631 11.612433895949978
88.06995887835257 108.15087737473033
98.13793943308598 124.32339773881542
110.7039113191733 112.6598946610816
99.1396895152323 117.78984142440032
87.31946676108502 110.79520600520982
89.2809005804945 -0.8045022812540039
18.683151078351116 12.241680600665177
106.11425971528094 8.612499465085834
132.79340836013534 95.84539961384668
68.41494650626443 101.86975221068262
22.16090583825645 24.771903660630443
111.58971537463115 119.63620406481813
112.20513325777007 23.79682082491778
87.01178118974002 114.56278968729595
14.250508505152354 13.906651350255132
104.11117613573657 102.47702829990291
18.231007626802132 14.83465809597482
98.07261628084665 8.178430598748461
122.97976773785244 116.33356337171887
108.25119156412717 17.630874905394197
90.35103148462417 113.88877827204682
104.92653215135968 91.34993721141727
88.62629346795198 109.40991809289972
20.68913404785203 15.003010119881127
19.265933153327133 15.72685963841401
94.1078503159572 97.7285875820345
120.29426061381284 98.73771763326928
18.026752661883684 12.993967486085332
13.902228025917271 6.473548700684506
115.21865963343437 121.91839177783307
81.07136817522381 10.316437602095972
106.25725279640494 118.73113525045518
108.64007492723545 2.5078643895259765
110.70723096372379 34.177619928249975
129.82439242936377 117.67266240181547
122.86062018788292 95.27133313143379
109.97580644397978 6.620541300285536
133.25831072310515 101.48321450262871
108.52305412992558 18.877012347597205
105.24570892190559 90.97520440554828
109.59937030283308 5.726636922838052
31.836275194402788 19.208896446561027
25.07768322679877 115.40597200936006
107.99399837884263 112.11347168198924
109.91528948657862 16.567662638067628
13.486459742959894 9.58581915811802
115.33797752165597 103.29679911733572
114.036072878822 121.36522945800101
120.58547423734372 113.9508426064886
12.14037094630161 34.124822921416964
104.6408243758823 18.73038987655914
113.65014231182803 112.90618250335302
131.89397453167402 108.21514212580858
111.41713350446713 28.260994482262454
22.9045386129107 45.28788998458811
102.4062396731078 28.217171759161438
111.68033749029313 119.20098477927208
17.577615450053823 13.051850000211639
111.71209110729399 119.10273734807377
127.26959059751823 97.67224313080384
78.88099618777065 104.19463812892938
78.66464054068813 8.07367892552925
110.2121105483252 15.003624243279578
9.574051423749635 5.841591035855284
34.28659964133199 120.19847228240187
108.97922927607392 15.61813999654237
89.18180295514227 118.25278094069796
125.51979261983665 121.87193749420761
15.645506485479382 17.93257570487244
109.14386199864752 16.166711665374635
21.907971042593918 119.39174289243735
19.22858729306826 116.55569017251364
107.92956636463559 111.85579225388358
87.92063711528604 12.918542160997017
108.13267928850047 94.37095114177644
25.20677267738938 112.22194899858972
5.9205151131130265 7.652835477645034
112.72353218476125 93.56294970540796
119.93264996830924 96.18143158416478
26.680108847262456 115.2407741804967
108.37609072304832 118.55387548038516
35.165387516864634 79.59624054630875
97.82080631274349 11.94663168932204
110.18336912904087 12.220099302164876
124.65770100265938 11.177009422503195
94.00142260127515 12.770653676660679
109.76726273502672 18.619150918107028
31.080500692047277 104.0707112301475
115.6338113387587 122.38201968727215
111.51975930422752 120.1818187036167
108.48366916623412 16.840424095273054
19.84196065140193 19.08969836854864
10.31051998391635 9.457607822208146
39.55108146095942 90.55947194148803
89.56680492790557 6.4140813098011895
17.547578623301334 15.622003608987134
117.99907373998195 130.81904555563932
120.49751125855377 111.89993688364503
99.68318219025184 97.39421990723588
94.19093566089721 12.3586990903195
114.03034287185487 20.067753240803295
16.34435289918118 18.38813887836589
114.29057360329561 129.01833676778202
56.845734352654155 123.80618440123786
16.894201491947683 17.16166909934038
83.73473889477958 22.819820580700124
98.52586318464768 111.82664831348461
119.98591880238244 107.59065664363668
17.58984799713271 30.991960251784956
107.41633516557586 113.04668423273846
90.95730576546812 7.059808212090927
105.31357823466693 116.75671084270003
105.760521099296 119.68774225959497
105.38515451760276 117.82465166177911
14.801924971326654 18.026780511294184
110.76551505763898 14.21206394795836
37.300048986939096 129.73092812463142
18.52749728005334 113.32258665184085
15.662896412506829 31.597546275281978
15.729643038342335 18.03148794412082
104.01718223330383 17.223453468907746
108.8195550056135 120.39773732690242
11.469616030145875 10.325766373724791
-1.7437057397472142 15.446152070743386
17.898677603266563 16.33599885504394
106.34353822819948 20.508981620466805
106.52289161350244 111.1077814432885
27.18477816890446 118.73184748146437
98.51213966765191 97.23259635197459
24.719319417505236 113.87011243864876
17.12685316354405 29.248831775966355
84.46732219101534 11.69301914107721
125.22403800443091 4.182493442220974
90.51430690064997 131.9534175225876
