114.88487795119478 14.082051139282441
130.01403720290665 105.01676505990348
107.5076342835561 3.546363501911184
65.23196207026183 -67.4007155428922
86.66609984041396 -105.66788480082852
97.35029996393202 4.37558011189297
116.03292981374027 -19.028219207559168
117.41468142981564 113.4778811519529
109.48810395517388 22.989737534034884
94.35769282896023 11.795955385896576
112.01128944701458 12.191749441805047
108.8300240265728 19.71012278029239
108.65578000524386 41.69902180079592
83.89980208512543 17.56820089830009
64.87921122927928 75.61114947615813
81.91273128761006 33.70086903981713
97.3214873027901 -4.232292850094737
103.70653193642649 73.61529486963238
104.59013547875219 27.639659186906357
114.83838741278664 109.29071620880177
93.30550916705833 40.45945713527155
87.92158710137407 -19.63739980536353
89.51801094718712 -39.182746920626414
114.04146250208966 60.87882828628949
117.33182724979714 158.47535257574157
107.24944391984701 31.74769703308883
107.76164296655794 14.605401710461832
109.9123563786495 32.94191329577248
65.16517486871746 90.00648483579684
107.25786509732826 8.890696560523772
98.15560159776881 116.47989497889257
109.54611933514309 18.09075051003108
131.65000667823438 119.3437042709914
123.20935044008878 -1.7765804124205746
81.15915533455474 -57.17707803244774
106.33621393823616 36.958468992209156
85.57101741121186 89.7660767996026
128.59218982819834 22.12746614816992
143.1765625222828 12.960553090445435
126.99384855949478 15.798586297901076
111.8165680566705 101.36396438569554
135.33437661120465 42.073499685637124
61.94929702780161 18.903566209434434
81.9120666620146 19.83545582823802
51.889600234191946 7.854132516415025
101.48597134925512 94.82504262113355
117.21811377627475 -1.0206635274449605
116.61259600310524 25.38450136633108
117.56782849579584 20.86782674751073
115.22448640822164 5.659818601806945
94.10789727704528 15.38596392037832
27.378018334892687 29.99229341802512
61.506402787378754 70.42435981147698
89.73722865447859 68.2628411538698
123.55550873320765 110.78241230516824
107.73424786510593 62.02859443946288
121.85997687197356 -59.898893677119155
123.62817141872435 4.762306733394456
112.97366480306324 10.593572734330367
111.59869705978532 87.48171162781362
81.56571242966284 39.638490656788235
137.61914400286102 84.5563598667551
117.22033619989932 2.492676667565854
137.61445378980895 26.984554094771013
119.93279110643667 13.957486965350974
91.01990231640644 -10.204376659623223
171.56331344643903 -9.851658763806505
104.85436105992079 15.43582943547969
106.81193937103329 6.935397850320046
96.43104688687694 33.652137732296936
103.1620891813078 123.07759768179261
136.41682503015136 11.431114967342715
92.19612306645034 6.632116313219099
107.01851794259667 26.463702437521167
109.25415640170826 -8.582395383875559
80.6620701816681 77.78978607602699
142.23882899057017 -0.4454784776773659
121.51469876874931 -38.41693182439695
134.40328110665286 69.59843593621379
125.78941072077598 43.12814169994162
107.8689008903826 82.59033486202925
115.0799511681853 -5.356889106072004
115.38283650432005 86.10042922269412
85.5691800742053 28.714794474732642
78.86433454314235 -5.586985892330975
98.94153818824933 -1.390061096872161
141.93492333185978 21.287229486838562
104.28116930227328 0.36383085576969676
125.3722894220024 19.120731435049187
114.43887800266965 -6.901166552192775
86.6372583048831 12.894006528323489
99.20697722921489 -39.546793377036806
52.8100775503191 17.923970753083847
98.8850530923765 112.22715151784485
117.86613205477857 43.894211635949716
121.90766199202331 52.41610065587881
106.26515120000934 -17.96140851646564
108.47779436105681 60.325346942784364
111.31376241218557 12.825000541563501
109.34738667040654 58.48715341779441
124.24661839411037 4.013628834076216
47.957831087120546 139.14641406783753
164.14124635929522 18.23505227361132
110.07511780151519 17.34739639282462
107.42713690884626 9.79428079694214
116.38731753232204 13.595730207074407
89.95009134722785 19.648404009618563
-33.90570481783333 163.33889660663817
100.11575752713678 6.803578546329408
107.1880674953986 19.198159676403527
108.76365171404774 1.7079567764163048
124.9587123607148 25.40244673967609
128.05033549013905 5.579987790569471
87.5531967455845 22.80463534692368
123.15243393328963 58.26162177157239
129.69594125260016 41.35758306188964
114.2348781952941 17.174532159370106
94.4617918430401 88.52111930202449
102.25048912363174 13.993043604105917
65.91040226833252 -9.831009762118528
124.71212707894902 -5.785766101055246
111.33594896558307 -30.90789071838286
124.02975491640201 12.24119343269129
130.2545344727295 56.08276237717322
95.91572027375425 33.808209914874446
97.18763841129275 129.52409881217358
104.17179661617732 20.528180129918354
157.99079002583238 46.12827409716754
81.85790897276146 14.923025707933778
95.16898379122665 16.930231573917343
120.99561635118302 55.75765997374937
112.46592254270435 18.810132552273014
93.36979457409262 29.975025717773676
111.75430609756566 6.941048386156646
166.24509394655004 70.04327253509662
125.94444691111565 18.925375951819362
106.26999487194392 50.01092338161219
102.80747895754016 58.71757554937349
122.55104527542638 15.18664349885863
108.06617166272204 -21.180301366013758
116.98856269310728 -2.5762773260921783
100.87184599763249 25.621136221536606
119.41278103333158 17.196673419021153
109.55734848554421 -2.0761976782044136
97.88663037203037 -63.62629266389145
46.335720326466735 22.673359724916907
81.57555038641394 76.62135160614697
116.3748560903249 19.10963208306811
94.29284494525636 18.784312193036936
107.09931316880119 63.30476130991049
96.96224010912537 71.99912139030934
131.8560681889755 67.34686454740994
150.19373669899198 102.8398126411248
131.70224649373165 43.16131121451866
125.22982611268691 17.11203251456313
105.235901887379 -29.00667033899678
121.08839897134668 90.88737460835999
97.52373552537243 14.971838503955492
56.65317723260779 4.585331350617244
119.50169543475106 11.130342114873715
53.72735443128511 8.309233329429102
145.66951102867728 89.46812743983604
116.89553123610847 115.99821878863095
75.64947722067238 -11.184927895699772
104.91882449138818 -19.786890747168428
100.88740605961544 61.366670216222346
118.22675917522785 0.9351967576083122
114.68381352950207 10.461877228694124
81.89853248227777 -22.475721381110255
133.9361673320159 108.50245457662432
67.03455947609645 -41.64129606247172
127.28000228038275 48.263641854039015
104.98679278272768 -1.532017466228129
108.54428408991177 27.4279413593377
110.18834456283662 2.4871077463124562
97.4236681992678 72.94430917285155
100.13001714832578 15.90758983088856
104.27332990132744 6.158169398089821
86.50198641438496 -0.11643340630785715
133.73489985891652 20.035039007199472
108.76118721214027 13.883883538933874
102.90971462065338 12.68780858281061
101.38839565338863 8.62197947983973
112.54195776239794 -33.10958446512817
94.5412861232924 2.6031450337981745
104.55138781076026 13.955903025894667
107.82539129609036 13.100989400782169
147.1953050393788 23.960495008647193
96.24771475999401 65.10181883923485
135.44304631396315 30.441645096055556
139.7119647652751 25.33188041804472
127.7113708390373 19.810567582118306
108.07765176173754 3.918420138866429
109.52527382685372 28.47082446759263
72.47640222110977 58.319035890111415
108.28433700566413 49.08312338100244
114.50640389331787 -6.240318709394842
87.01302236334476 -62.24743875789098
99.49190187733066 5.020770491233293
112.80469858875145 -43.59338121826884
123.69462010966066 3.8300747144209617
89.80989840874805 -5.517049540559796
104.97874366479542 6.487892132376929
113.24492060459501 21.84041597762002
94.14468279004363 102.04755731263286
108.10566293723576 14.182249912830153
89.99374579433703 -16.283060840111077
111.20745185886905 -15.347171847765708
149.40362615835107 93.30400324116202
113.90005852589995 -12.44898219984191
103.9189431389895 17.527847700100104
94.04065235758004 25.82134489955
134.43449866390318 61.55036461014271
93.22024994351418 0.20520439002044466
93.10188084663334 47.55285014270664
87.8980202455455 60.87933076476567
116.13290072398756 15.16915124914726
78.77782760934278 91.25764501106914
110.0231552621872 25.401705052558622
106.2299907022652 -3.9988097808340717
74.67223256164816 27.003456089626987
98.50908071932096 42.73755073688763
110.50589049323634 7.734872596257828
81.98788692910041 26.23619779745459
96.87612293037436 -15.781471634618065
113.96111413504303 35.85091080021819
109.11504363575936 18.44503054815941
96.06508544652809 21.120761419991748
21.02877512154287 122.40575116246973
131.47192619518955 33.479154318189984
98.00138413638327 -4.03907971756229
142.0090695407208 8.699264528626578
103.31391965967298 36.42168010748333
96.58464310960339 78.53289550321091
123.90820128343306 68.61993637783692
102.12197423059409 -0.8889371855727031
113.6435265581823 20.63912687848861
92.5251875686551 10.800533842305128
137.21196671294805 28.595793132547566
104.33207423260804 -25.130047356603548
107.10751864389441 -16.84215548917229
111.72642212212646 16.532461173477824
82.83764622457004 99.53755742516701
121.71705974064254 5.759379923339994
143.8124714621308 74.16859626422936
95.86396823257076 50.32378611518492
111.4635228673142 11.221162919598289
100.32386200097967 12.74462905573712
122.6270304020436 -2.4292958504232063
84.2450968989292 14.555865803706155
126.95177679466975 11.10377491952167
108.20652199865536 -37.47210978039536
101.35743686957393 61.06115361929
74.22803783704501 16.876863579603853
84.93675839761569 17.001389344486356
106.19282955411302 11.56631908520154
119.71601599310357 79.70086013520894
93.13752665887093 18.63833386252757
104.24709186126717 70.89771376627091
117.70236832317032 18.775074574720467
108.28745576619988 -20.394382328956123
107.96085231360034 34.31131961140315
114.41461627279382 14.014832488843254
116.15994221337189 57.37842484911013
106.74094581841388 32.60091423849179
94.90424099738124 80.47638490673346
89.68345133393224 -63.86638079274996
54.96184209724957 39.53386191531214
119.73904370026904 20.559926504782158
110.55783445780449 3.7546693369155415
105.48940358527237 25.052495048931597
104.63093958166401 20.762239192350677
110.97462603358568 -14.879241119132766
128.74684182219525 38.853275803490774
81.20913155817557 69.68489287526276
47.64212042740446 21.297235618858544
112.43337618929384 7.834465141526368
133.8923134174401 5.896777121888248
106.96979082996704 10.086360634784711
103.48636458281254 7.318786470591464
85.5821586099534 17.96018591088284
132.11202341281282 5.834159361559615
63.85110689890949 11.226503054589463
98.96236326306887 68.5250507754103
118.17961701162692 19.89950197584513
112.18563607498389 31.282082403399574
105.23763464639096 17.908546985608336
125.33776178903703 19.527556897212275
115.59461987311857 149.26875178357452
98.46654097853465 14.258876606803685
151.37450865320793 19.7912908834792
132.99223498551524 16.3261111045352
108.92018313946387 15.716472098126584
101.68921616748409 0.6720905622004278
9.455086483531229 12.995595578369887
110.08144431331202 29.263829700376448
120.46940655840923 19.625701378192865
84.34853626319784 65.12176918911896
90.13744930729759 -26.59938578257445
90.51683958249555 1.8597937896579557
111.87369731114217 18.390847623111515
93.67807018697384 24.367195728254295
104.73849913499154 67.84825166213098
125.42201293317554 -29.95163770416762
121.18303694750068 0.2777651582489957
61.54330618559577 9.680686651883791
95.31725257222057 13.55750429760745
112.42593154229843 -3.909386399328055
117.4322986823472 10.955907504503303
109.74017502752116 18.560699248766568
118.37623186198823 11.174703925222094
110.5245226371844 3.2049520459536915
109.71215779601967 12.617609248859905
117.90570051622159 127.49207994664947
78.04315717478744 140.54701383311192
138.5611244680315 47.18796772462261
109.9907082741613 22.541026281783893
130.32629965209387 27.501235162625917
118.1641656256245 16.042551802655282
98.68626147431006 44.60757658988845
