114.18150156718507 10.033962776619454
130.39719428620594 99.3555272010881
106.48873915453615 13.551642407991475
63.60007092484029 -73.62823440751038
86.50274407154758 -104.71877363452045
98.81176678918494 13.12643331622144
115.61159035306959 -19.27208652164525
117.69031511352331 115.97683208147929
105.53603931234919 20.734182229319988
94.93673245552914 12.257405827303133
111.51245398061201 11.458924562248725
106.86973225697656 18.9659094387479
108.79558384596808 40.54502290487806
86.0580028700261 19.41980040347458
65.0440573809036 73.00642520856913
83.18655423929862 33.84122987205081
98.04498718739285 -5.2913074379475615
103.43217256376319 69.43655854555504
104.05122831694001 36.47049598306813
113.9497118751895 106.9667537649414
93.59573283702248 39.02903332643973
87.22092713641806 -19.765004405090863
91.08619411723043 -38.943102624816156
113.69946415457358 54.045548648641095
117.72552301296201 155.902366694325
107.44551161910786 26.721686981929356
108.11166349758776 15.25835949233236
109.88453817591142 30.10933802284332
64.45387655068627 88.38546386841128
107.31503059488803 11.179014774001915
99.06856722236425 113.45089600847122
109.24782948259625 17.10945572276458
133.05411887597478 119.04268289277944
125.05819306978316 -4.547433366033927
78.7756765911838 -51.99357645610853
106.68875659935664 38.846657645760246
87.02942100850115 86.37588482439085
129.46041305134713 21.003098691127278
142.58322034622876 11.73788602394524
124.19855126148771 15.276920974818808
115.02038878602855 106.25517928576257
133.39075571142914 45.64596131555838
64.93319344879538 19.115233301245212
83.39675497017082 19.83389969425524
49.011837331776725 7.537041515887405
102.84911271356248 90.51439972586434
117.60836247605673 -2.574685339750846
116.66431841498712 27.355887837137722
116.78324684780254 18.360553416526958
118.61376142224088 8.383727014603235
90.54051625811272 14.278466578171468
29.572870762186625 33.62546345796977
60.46923560970146 71.89996405596604
89.71062940683899 61.40262315411465
121.84311684312533 106.2262279176967
107.92408863522041 57.14972937705116
120.60641386509218 -70.0071001927679
123.84679486194784 6.0672254359303315
111.42993839564076 11.221078198777407
112.84384041379163 78.62277638952027
82.52004733118794 41.76561963344894
138.47892672814393 85.61964623559957
116.28690033576143 3.550679213255526
135.13956164923923 28.170372892796788
118.90054041987511 13.513941317213353
91.55057724715532 -8.544432443352887
171.4766601966978 -11.105768907651491
104.42749667139981 14.842249234968756
107.43906375900949 7.290783836208689
94.87611488897645 34.3875987543108
102.46368291038527 119.50159127998907
136.02802975283333 11.613261202065116
93.10258322520534 6.45863921326159
108.90566845757962 24.474895704249857
109.3704340293629 -12.273380179390271
80.78062651529162 80.26751533340905
141.94840602540484 0.7169611685214019
122.08612409340382 -30.838137997950877
131.0766140837928 67.50799966113335
123.27435703134897 40.896602790686316
107.43239930166213 79.10857526312036
115.2321980067352 -6.4903114377629425
114.36710793991425 78.33850964433334
84.78636583938444 37.981378652921826
80.26165622519808 -6.618361280019171
99.22978902820003 -1.3240106260133755
139.62547681807052 16.070301078075122
104.19426172219451 2.029333723189426
124.73145300557992 19.123681720657338
114.65968409882608 -6.469185521441184
86.22884803888523 11.917676412805621
100.2283010934184 -31.068631913485824
55.21646634825587 18.476333554179313
99.57976517871502 113.66930406762481
119.18576228360789 46.787612154408066
122.80809319034495 49.87871787378608
106.80677535557858 -9.469386126181886
105.64342496871753 56.716199408853306
110.12937554836562 14.205793481212863
110.35732117067028 57.3301854929531
123.19883620989877 5.828434596278934
50.277954160186326 139.62930250837016
163.70684092410985 18.15059697926319
111.73046609713548 19.066340073402397
107.99343519283207 15.862715311960056
114.55422989583347 12.733781903595533
84.05321167543282 19.08756049658092
-29.86689852684259 162.80326008044963
103.0920410732226 9.81309056271224
105.7843775679299 19.251317887522397
108.71280043051969 1.4068671419862797
123.03689319995001 24.91293437284855
127.8338356278268 4.976557329792834
88.4020841615117 22.569618482374512
124.2547522506531 55.5495342869942
125.6570936812394 46.43779190962527
113.56945841049387 17.216002712807313
96.36408442014137 88.00283908108106
102.39570711169281 12.3726799370572
63.79676118385421 -10.447218460160146
124.2245669536875 -4.867954541970451
111.86376338860597 -32.65784625946254
123.19254322383719 12.502751792806635
126.02734053267187 55.35851103124588
94.35998590280055 33.06915531360994
94.70223166941378 126.53350831258555
102.50852931990595 20.51392048180925
157.57270745977831 51.10600640463293
79.95977621353269 13.869022929928407
95.01363561468462 17.238695252303934
119.58762154014205 56.231313082291265
111.52419559902731 18.01721621842293
92.9910044953587 25.55506908287564
110.51065351383329 7.7430245274193545
164.0639623964914 68.67228133667281
123.25430246317569 19.53867708194566
104.33686402464824 55.147109509210686
103.671052482534 54.81225087113071
122.71898969313625 15.204298206649595
108.75998872089149 -13.494669730832886
115.77642398287314 1.2083850074050213
100.33999725244918 23.311503220962333
119.3791018549103 17.233165403821936
109.58995376173658 -1.1205540103363096
98.3200376615903 -65.07250339105791
46.862236540661094 32.750496240873126
83.98473100426855 80.83853808551288
115.02521897422525 18.434560326745125
95.88860096439929 19.851547617493086
106.77753500455884 65.97689017544351
98.51096294455407 71.84971526174475
132.60121892073178 64.14263581580501
147.77630441886106 102.3438522077595
130.27901929317704 40.53560019872132
126.86513507853277 16.88862131448826
105.86849270767995 -23.448310461217083
119.00196425338419 92.4266916685689
98.63051061174089 15.365624573363649
56.181758595172504 5.0989279647948225
117.92782864471214 11.41637502046034
54.164283601657786 5.793518105518464
147.21180649379284 84.02487955961615
114.78241584682638 118.71152410368421
77.59738430821473 -13.348149596104017
102.72030153350818 -13.25792097507342
100.32797232543041 51.565103484167935
116.71066251268765 1.7320783556274346
113.95715045362981 12.346796907770583
84.65781133566918 -23.232995023410602
132.3023740078631 106.07290938701118
66.6802118128048 -42.41588420201486
126.87784012367072 45.00892769222729
105.33760185447585 -2.1518526184157434
107.98538732519717 23.901060035901423
110.19197337869227 1.4496372591686872
99.25936085166018 67.02844786689933
99.46014168564993 15.494091247243896
103.54608858119664 6.489085264297687
88.49239016114123 1.8304384152613786
132.03032205231122 20.058907163547484
109.83590974925593 16.92571645541369
102.7091472524329 12.690820833284937
102.35549026524434 9.521826729854642
112.25022506678022 -24.451758121106206
94.48046930866386 3.640216791919337
105.11425387439154 12.384850405994909
106.24159114240732 11.429046398838237
145.99648522213292 17.523381842076954
96.82874711083632 68.22720740621493
134.27327083941628 29.054885217241104
140.3090660331174 24.04527784507898
123.90873982346966 17.562235659220185
108.19094273368273 4.630530373321287
109.43534529300553 26.9588465380214
75.15600258665715 60.009967150405366
107.80869716732029 52.191835166871016
112.22487471663868 -3.753532009170132
86.95459656844733 -57.12355800510203
100.66670386866578 5.934125132368823
109.24037471546599 -39.125886140690305
121.96083893333903 4.684589304982259
89.81493615889408 -4.83346616423969
106.09401979310857 6.074347286774783
112.23998993492339 20.928760463735177
98.29458012957295 98.27082202031984
108.01633429994149 13.39704842420152
88.43601728361175 -9.779675694363068
110.3627931240668 -15.07538058279048
142.47655057660754 95.44815900221505
113.7865740564497 -12.699236498150421
103.74949900323911 16.476732262207324
94.85065319917793 25.453709719658036
135.8756171775877 58.84258389705807
93.58080280440986 -0.010165810599561037
93.87775921037407 45.75336308464048
88.56225314570814 52.63986244202328
113.44433952372873 14.197111633449492
79.19184231040896 100.17267309683714
110.09730212800547 23.678828169963463
106.31864688811271 -2.9652072116208883
76.15324364503638 27.480985601477954
98.84153388160358 40.75778579382927
110.50223878589482 7.031679040498531
86.42864011627553 24.269441592892576
97.71809674626913 -15.105384337841112
113.60447260942931 34.234264071376884
109.29689450513169 17.045744159987766
97.68539961105367 21.247132701234186
19.92517041916764 119.89814092468544
130.77029480100222 41.28633034863273
97.72846106399022 -4.700931807882661
143.45950789719592 3.9555528762718435
104.84510889982172 37.00438228757242
97.84354912476188 79.1853291656752
127.25036699414069 67.66914530176541
102.88924412197589 0.7883918441491375
111.27488575953058 20.570288602609704
94.40394403378802 10.715843012429595
141.17999139703517 34.15446793838914
104.9570414535377 -22.59486780019079
107.40735610401445 -14.435250545531906
110.29282098707371 18.198907274239104
81.7807694750324 94.0209775287293
121.87503800050756 5.557319534232216
145.0032623298151 72.85001937998186
97.79558410039385 44.276417944614664
110.99181019672743 4.09534203240882
97.63938878111298 11.300587336243023
121.88150732944315 -2.5146918226917254
79.57333996498974 14.210439416391191
123.74690820766426 13.152124616793476
108.1684289876658 -37.139288689822955
99.72898084364242 61.799455523920834
73.82088557754051 13.6744031490893
86.72698043915892 16.996609123445698
106.29743198594059 10.901010589899101
116.95754466765416 79.68190486888354
88.75892160645517 18.44710163676911
104.20883325518341 68.2386209104533
116.35253982370241 18.198775074644878
108.1845952714416 -23.48041338079602
105.81521831736801 43.52538439258531
109.91039087813492 12.465978339616155
117.16803848353975 58.56623767895261
108.01533252173292 25.117073158980673
94.89713745920388 76.57083252971584
91.53773077008245 -61.03962424254119
54.20784810272887 40.5480185716968
119.2265148058631 20.15768555889583
110.57421801729345 3.888310485100421
107.74942827557393 24.402164258931588
102.5885816522185 20.10257057294496
110.42271138992649 -14.291282606884128
125.54309539162922 37.47619157883881
80.9918840847179 64.28067076123818
47.257756909591514 21.147465362391724
112.97894154879005 8.415244740517814
134.2380382377921 6.471672301478137
106.93150360811678 9.875855121508273
104.52333939708531 10.599508973818363
84.9458392743321 16.665958509142726
124.93602515874929 5.05889495001179
65.00979572830279 11.361518265658175
101.17880648963015 66.12007988306715
117.57113995001389 19.137228043383324
110.51344174850654 30.36905779104608
105.83475917281625 17.88671402577468
127.006863748819 19.549851054517625
116.68115159920362 144.95511168120387
100.81194471923202 15.29273650037241
149.93061903733266 20.339061351413527
130.7385363439204 16.952236886236584
107.91839681733804 21.855292678160072
103.27676955196941 5.524159862226842
11.376044388015439 15.955400308498033
110.07331605411832 28.168829172247552
118.33273273696011 17.601742987041074
84.77904647822528 66.53823193937244
90.01720302936373 -27.32033000379364
88.26740817740776 6.169969811944223
112.60397820432348 18.24107697226051
94.57696046937868 24.31337489769822
105.00784423290604 66.57239681200753
124.98611740057738 -29.144700405645864
118.35790842134303 4.930160915633451
63.095235528724544 9.22088382675712
96.78782039826584 13.25196089914775
111.4588440080296 -1.5597654432759116
120.38111125118347 10.693950256686133
112.59554761124254 18.37982520239075
118.59534384553245 11.345581531722384
110.08561403871184 7.211175848285162
109.7832402689213 10.720275912683443
117.96328863013692 126.07735965154771
81.0259483383314 139.31393005177122
137.27212959024334 45.439837184046596
110.07471561451156 25.027228757103114
127.06070115968248 26.361304818183417
119.78224559558484 14.784410594793856
99.14870107814531 43.032355249215584
