112.6572112270806 4.036431259463719
130.90282969871564 87.51209243649379
104.58891909467445 35.41052468081992
59.8347278041271 -84.3899242094165
87.07082163873945 -99.47490833355441
102.19390582309593 33.62912160495641
114.6116182026488 -17.815092070069323
118.01547954760555 121.00967636440664
97.77707190453994 16.207776178414623
96.82782934231021 13.450122467485729
110.48448685844404 10.253464042286225
103.04411146049601 17.497169484856318
109.08988657049568 37.588432225031944
91.0012451339855 24.23731356936954
66.10328859056933 65.68194864167167
86.46216107485063 33.51818936444508
99.77062136117846 -6.862818225200059
103.0397235131156 61.50125375578753
103.2018010079171 54.92302444278385
111.97527325837456 101.33126094160905
94.79369208954917 35.36379747142131
86.70810334522966 -18.716015205159497
94.68124276388698 -37.247264255130226
112.92391322391398 38.93305766950401
118.21027140689188 150.1445652797724
107.89056392923888 16.46954013166564
108.86611221682257 16.648684643053393
109.82803629910053 24.071012690373415
63.72383566454851 84.79186019237937
107.47377139270775 16.06538344948042
101.28950770678163 107.63248995359726
108.67645782783072 15.244517486431233
135.31376819190092 118.4517649367804
128.46786034180494 -9.43722809862733
75.1178768084441 -38.18484345350926
107.53762754541583 42.401871334707096
90.91825255765977 79.31679685733376
130.38532955262357 18.700167349692443
140.8071044558382 12.104268435134541
118.1895126873628 14.344326432523271
121.18536685917469 114.91175852853928
129.1062455777169 53.63599535572305
70.85165485740151 19.537156827571255
87.44189471553605 19.8188633540215
43.10365731291735 7.092588415412057
105.80538403621223 81.56837215435404
118.1461452224048 -4.919346435327389
116.6264635343625 31.13669239641148
115.03231574677696 13.386893789639842
125.06156148765601 16.64322402081668
84.00267046062218 12.258886202828666
35.42384399345387 40.5411885680794
59.6608872991774 74.98838683226049
90.40938690743589 48.2399722363178
118.25077970461011 97.68519447486382
108.31477317978978 48.075070814085485
117.71861420415141 -85.26487881283539
124.02294145838675 9.097445636123316
108.31362430518018 12.778618564210433
115.23720981724023 59.767072014255845
85.70219758725973 47.705052094919836
139.4182204587343 87.84835261365033
114.18733561848687 6.152448876183785
129.04817508083065 32.248263413406185
116.5150011258001 12.742647592107856
93.31030143573103 -4.8865305105667645
169.3195258723478 -12.569657292123779
103.73552511954976 13.80729568559202
108.78043002674754 8.445131899463242
92.29534223870263 37.135041031383224
101.28358402206091 112.38448911373978
134.74218822055533 12.203099880111443
95.35414267110868 6.444557266233677
112.69042640630732 20.39552673370738
109.61233969800668 -19.031346574047262
81.92546637489701 84.6698979758441
140.86462085971414 3.653042979390328
122.81283795707238 -13.857142593397391
124.13779903970244 62.70428490796338
117.93229781962549 35.85192352932709
106.60400706086561 72.28008877690462
115.35317549213536 -8.003584609600743
112.20748757148145 62.91349413258369
83.92390248468143 56.923511170494535
83.50789639402475 -7.407727133562909
100.09715241426544 -0.4893071579431907
133.61117240992357 7.7511075995466605
104.22008122189786 6.180552656603966
123.22386274713246 19.131458089240972
114.98346808143019 -4.808687618550451
86.18793978086319 10.187485458227444
102.46884203344445 -10.209864889370865
60.32428205007416 19.600096804504112
101.20316101714374 116.7353259587519
121.43914041836722 52.81023435475661
124.26055397527138 45.40155623114631
107.99313863739991 9.793227439737805
100.11739516282894 50.7665068039688
107.76239354962607 17.10902512197521
112.3017501753579 55.59352541830536
120.70205166846911 10.111572643014433
54.77274800489195 137.3819065289827
161.0923569353544 18.016842813963567
114.95099511508239 22.472298893558776
109.17269444003202 28.96362847114267
110.70383861757956 11.180495535561125
72.655605991905 17.966729934927642
-19.581519915932134 160.76386701759816
109.21481504301514 18.091580801100612
103.14735799157376 19.355139609134767
108.62930187655412 1.2652541647727957
118.9117114025635 23.728459573864924
127.2675563527 4.310048796308903
90.42338980450255 21.998548641625913
125.82638576960525 50.327813916363
117.11867146530051 57.708766670850835
112.14101684472664 17.37926651074861
100.74304824937977 86.43120472447166
102.83261655495704 9.205560868878855
59.91136859255938 -10.247844702914643
122.63542842141047 -0.20746604665278756
112.83415886184682 -34.82823682711844
121.07536005649833 13.142482161457385
117.18856373034777 53.306658821010174
91.38990622038654 31.00930052446711
90.32075008634502 120.39601950907576
99.37908698608587 20.45101692320742
155.23160996438736 60.62393673839587
77.31507665239806 11.904567710815035
95.12057268295175 17.907539783615327
116.50970805241265 56.62839908629334
109.61709820848453 16.513554371498387
92.8547779363095 17.74159631986211
108.01515531761382 11.348028854912418
157.31177065106434 67.97800971963001
117.50519158487178 20.755405540259535
100.64581463983703 64.61898483176856
105.4646032936828 46.25106591993547
122.60173283770449 15.363764104621824
110.16948373694096 2.368089392315418
113.2177411679195 10.178281965465551
99.71132747063407 18.996867802351318
118.95386880334031 17.36503181930257
109.66757779150265 1.701997310684814
99.46764449869482 -65.25897803277853
47.872060027708045 53.65239017009617
89.77399447677777 88.96322275043657
112.1253220258248 17.11700323157251
99.57891550782581 22.451698170599364
106.23374008536275 71.55938743025186
100.74850860028269 71.61013540803322
133.30022372705162 58.433798484332556
141.12911931502745 101.9091380717175
126.79365554308689 36.166431195897964
129.52629791215773 16.513454726207
107.20640839710914 -10.892821467321086
114.48116551537066 94.90654306315152
101.15964588183517 16.205734455455268
56.449846665358194 6.344134828750342
114.47626128487975 12.242747648665807
57.051039448910686 2.989247189277826
149.2838180617779 71.95583466991125
110.38421413574088 124.12400669619258
82.5914130962883 -15.190938676959549
98.5150617311857 2.509752719261761
99.59016484636197 32.108557714430106
113.5152994952024 3.752252134751242
112.33736133468885 16.330093277122906
90.79226768395384 -23.677691806580295
128.29678323377453 101.63315729568968
67.39026793220371 -42.20202616301758
125.38848773931822 38.902610888464864
106.27266535846424 -0.3546624506385565
106.94502700744034 17.715823379528814
110.18888611873292 -0.07037629924935263
103.27520083918773 56.10004224477877
98.49088348575914 14.795124911013714
102.34496435229438 7.590302326904306
92.94795782108753 5.986144252656924
128.0864740451925 20.096700440414153
111.97099134061223 23.037210350426136
102.42826844833168 12.89476147348357
104.44682545938008 11.81346815725685
111.62419804575819 -4.84929575704817
94.84710884337257 6.2122518941249005
106.4334060743007 9.475496202761112
103.20176108723643 8.424703157716419
142.5063850844852 6.669281054503272
98.42656214788842 75.29839912091875
130.67772046126026 27.882279479496777
140.64827564178987 21.339902292264785
116.0363286439509 13.097659545419145
108.48095113798006 6.40595091357848
109.26106393244646 23.757464131313288
81.83803841149263 64.22287033338114
106.93018919482087 57.40148693259502
107.64961691406731 1.694826367599636
87.47999799095427 -42.87995803451298
103.12334105928768 8.281573107904638
102.15021561395778 -27.061993305612937
118.04493184916748 6.663825784710845
90.466841384563 -2.8377992461420156
108.41639824918049 5.698684318437169
110.19423445525305 19.08150774172921
106.9267660308331 90.51103872034312
107.88934204547371 12.002126094910238
86.1126188487629 3.666453879889912
108.64893548017046 -13.37915787148597
127.61241236921829 99.76911526253024
113.36184214074014 -11.404029799410925
103.7008500575932 14.460633607871307
97.2246459578003 24.574601700403175
138.38677631682955 52.56662728570545
94.94138387639909 0.16686503831658533
94.3251772342915 41.358074786058765
90.47339873578117 37.26613099638635
107.99555887398581 12.329700270247955
80.9993142234291 117.13518679105755
110.23846273849952 20.09923077260141
106.59792706312642 -0.024318422520610117
79.85179517660167 29.12492456592488
99.67399865886506 36.908773859817394
110.47877380697167 6.032732919830714
96.00339062616452 21.849132271633735
99.94071879214916 -12.746631828335284
112.79951542862081 30.639714636832885
109.6710210326378 14.310199578119237
101.29389334123115 21.483993028045116
17.87067113258912 112.50305072575658
128.42571573826854 57.42294369870952
97.5985298514898 -5.0769958518788485
145.45622836112491 -5.153805668310477
108.07220293632354 38.654289806493935
100.61005796655576 80.96653536294252
133.43074356552404 66.5206496803997
104.60232309040036 4.61491490591297
106.50451695760881 20.386982959471997
98.63053403438559 10.786762765508197
148.2566442243181 46.80491372774785
106.35083013731854 -16.435605726801327
108.0850601845693 -8.772766183656024
107.4335781502366 21.540798424361135
80.55667367941348 81.80300799902285
121.95896620284859 5.775546868669893
146.3468755827145 69.7174394096022
101.95004732321419 31.13920414698813
110.02613276084763 -7.230864388832432
92.5251990005406 8.584935606267319
119.79153847740788 -1.899202021849045
71.19565967541448 13.69734410762286
116.76288189211789 17.450246713786
108.1092738142431 -33.913049907544575
96.66396812836413 63.86615221560072
74.37852561761737 8.318539871645203
88.67942637880631 17.05623070510194
106.59100393660981 9.884271258193202
111.1370823677737 78.75082198279406
80.6096866890813 18.120636457118398
104.28325713192434 63.046422687732246
113.43968801447832 17.082199438181068
108.0174410648161 -28.150547906885866
101.66726121604309 62.44555035987677
100.92649573456083 9.620647287111415
118.99120562640141 61.03603644088032
110.59392576137682 11.010448610197178
95.36667907237018 68.06183302436695
95.87428452084116 -52.638967886386695
52.78173604296565 43.64186861726995
117.89581395624666 19.33528827333163
110.58709017890172 4.756845537568261
112.31460008612842 22.93131369043413
98.66517541846466 18.77669101465083
109.29705699949226 -12.533019104568492
118.92784426320426 35.313968309837996
81.4029941871202 53.97572924593188
48.16875534814747 21.323186319557504
113.90293716122213 9.951101136878682
134.3021047286274 8.059580955331894
106.9101656442605 9.586363879022032
106.75326494317231 17.318131421488204
83.7796937387465 14.136317097853354
110.24433724079789 3.677605198768495
68.60311527453679 14.10181286936415
105.92857176132324 61.48399388938254
116.09930957645763 19.584280350756174
107.14848717597224 28.0915589659045
107.07679039197151 17.903765683975607
129.82700028157086 19.578292177510697
118.66213494764199 135.38483634747556
105.70422062476736 17.456406001417726
145.58056982241396 21.401640892033964
125.63590707220898 18.263588631357027
105.99256810720763 36.030880378008355
106.59515563739609 16.358357140822037
17.416198387383794 21.92704043960751
110.05532071494513 25.793942636889724
113.83292161269041 13.663926089220459
86.29953774990612 69.98263287674823
90.08575270953932 -27.298426566273065
84.7538702968587 16.626226902079257
113.98486808690136 17.955947648028648
96.95900600881258 24.046272672457402
105.78159138542026 64.32597712073009
123.85617904277399 -26.67143680907531
112.57579761133098 14.616451172599518
66.12983112608359 8.620982035133816
99.96174274248838 12.79301144544872
109.48816376001591 3.9620393761559147
125.88752672881597 10.436274146101322
118.174057423944 18.048821947684356
118.80040091742612 11.928096778585335
109.1906080031962 15.46003281261476
109.92360537400474 7.069590411923298
117.69023840052957 123.02613724221963
86.4857990193029 136.42000355229263
134.06238854011036 42.008218312284505
110.23644790333243 29.779977377968553
120.17110505867348 23.959854156595622
122.62596016244544 12.395383998677909
100.3886793198312 38.73011592672716
