111.02562628256295 0.31609526471103044
130.596417980679 73.6776785127669
102.89106070476942 58.13274060031076
56.3387765304153 -93.63412940566442
88.78570126245327 -92.17992489547778
105.98809099005061 55.9891956467559
113.4170636501622 -14.234288112968777
117.88096854649511 126.03376451024704
90.23644632489099 11.755705676244316
99.34033361304895 14.794627404342048
109.45814756984505 9.556983439657483
99.43036057421163 16.117459546661433
109.42548124013892 33.826065307218634
96.91307182055185 30.110389740383486
68.45976642252162 55.98892996024615
90.81833449740164 32.6059125591016
101.9875707514502 -7.257915106028371
102.9232028998064 53.53940765454776
102.7716006590532 73.6161147290138
109.92055302507991 95.64918785884309
96.60737578579895 31.024001717215075
87.33746167235348 -16.129996398140925
98.85085864949977 -33.2970233807131
111.9713778005571 23.124316178461335
118.28276027003669 143.13091205283692
108.38648508404412 6.299023485977285
109.6403219122467 18.168676336228312
109.77277839571023 17.859991427905072
63.046945757768874 82.9558196485261
107.72554510736313 21.04663483346791
103.82958377833624 102.18963887101023
108.1551855384325 13.563951423514448
136.4203332345441 117.89564416926329
131.29054826155476 -13.008885938180722
73.69191448745266 -19.22618655113937
108.49264375235119 45.23898158240394
95.75725790896153 71.65091155941788
130.365828047033 16.419763360180806
138.10013385814867 16.081814334151687
112.03041343754036 13.559911120687346
126.85957170789884 123.62891801870043
124.15267315885565 62.43050085697027
77.36900519481878 19.940871930905743
92.26497343564618 19.778184133510063
38.143104375722785 7.14870556551468
108.95011153228775 72.54390427505673
118.315001616957 -6.546123349454126
116.35291903325204 34.546231993631615
113.06299564869344 8.727432986410525
130.86552829124034 27.14705661209147
78.92607709464639 10.523787021523356
43.15346974949752 46.7615623020654
61.26082861867076 78.15017929240666
91.97698030511138 35.73351628358714
114.46836331796025 88.06866950349456
108.73524097975275 40.28197594589329
114.53281908604325 -96.30477100373983
123.6110864364446 12.445689064186123
105.25904392085727 14.68557494984316
117.3655912905972 40.5380367795396
89.67356098329851 55.41868727361663
139.17960373346656 89.1190529171929
111.93178788235502 9.250353975065579
121.91915545201819 36.90671189841978
113.71317582359066 12.244892405555602
95.92652108578555 -0.5685430966043308
165.63005360559924 -12.808042409386815
103.31058396583784 12.93877027216629
110.18122577924201 10.1304090814115
90.70138751834374 40.82245062520987
100.3469422572904 105.5425195029541
132.42788245868917 13.043016520420217
98.26753777974257 7.025639700263366
116.31997406728024 16.248848656882288
109.85846427865563 -24.39776579935552
83.74830005510997 87.78743965971356
139.0618498317839 7.051210669957138
122.95293039444934 5.360872040337332
116.72975551837793 58.246627942234134
112.29190708825277 30.312877890310638
105.90178735642192 65.67654233514781
115.21447235712408 -8.86439353200143
109.98539719578568 47.837403369656485
84.26699151044645 76.67103252613865
87.59617659782054 -7.2661008840749925
101.37497596653321 0.8192118296341601
126.92393242235515 2.724282742464699
104.35834651160324 10.917597122222423
121.15409062627944 19.14101063898854
115.1271310600877 -2.169593807480225
86.84384060369992 8.753719754274236
104.96542832434478 13.842934788236242
65.1356606998855 20.70965576815906
103.2134282365693 119.86052966238955
123.3618541438229 58.588103588207
125.17178490814192 41.64713952961783
109.24915278704725 30.334532664131977
95.16635585731326 44.39658486929885
105.44974028207157 20.104687843002992
114.10986072802417 54.475822604553706
117.78715149691226 14.943070875692719
60.85008352944356 130.7330812237464
155.27852961939593 17.905254098494538
118.05902208251823 25.685757099430372
110.36945272310187 43.551313582809364
106.80451785374439 9.821204880801815
62.21328869000611 16.8912213304871
-7.397585153864621 156.91448748358735
115.34175577198609 27.424379302430538
100.76030079416475 19.449151890688253
108.60941139118094 1.5937434068686063
114.2406815547695 22.366251924434426
125.88254456604679 4.344102314041058
93.16976647394634 21.285974742665257
126.75894758737344 45.01106452130154
108.23282603282725 69.90785692575555
110.62273548613823 17.64506474091865
105.41285216952832 83.82384070736158
103.46670316522788 6.463817380506346
56.58173606739602 -8.901342639822474
120.41542057600292 6.441426367874732
113.71631810651874 -35.24719226200744
118.52587709969482 13.994108790173183
108.05052363091525 51.508157683291344
89.32101107618666 28.30491672431437
86.7580346958668 114.2025665437013
96.45620093480201 20.339366053921502
150.53894433170746 70.82096876636187
75.7644220353074 10.186477782012478
95.7665128232712 18.620378909239612
113.21549831499554 57.423398655613795
107.7228762127382 15.183750873564428
92.96073139769811 11.925127570062589
105.5903846045517 17.567579156050837
148.66814349403 67.66438832054337
111.49233494178098 21.91260787757444
97.31048863165631 73.78043864300396
107.4598398006723 36.463543766612595
121.71313994974577 15.630166011195952
111.54668420394076 18.76082582272538
110.53406100560763 20.381597120327857
99.65256716044051 16.89212230550325
118.273094818388 17.57373250575825
109.75642893654005 5.139038285431788
100.95505285855612 -62.79802538058107
50.47767149147513 75.63361663555412
96.18161832912197 97.10096649907744
109.14514421671086 15.903185709798949
103.59855219567088 26.083054825870555
105.83911556179548 77.1605719357516
101.44151853704504 71.85172393749257
132.90246535023994 53.52236178266113
132.70239179089194 102.12406469423756
122.60312501355276 32.929376311139855
131.52251811709615 16.22413449441006
108.6682824840276 3.052042489506877
109.746744854057 97.19575027605553
103.97839766476181 17.189046972413422
58.99902810562718 7.904400146158929
110.75660310487025 13.437138359779418
62.17690612358284 3.778068375573615
149.71923795555077 59.1147453015101
105.95091740731621 129.42763666838874
88.95638444775993 -14.320751736860215
94.64051460004418 20.98636403926246
99.20194113509048 14.345458418626373
110.1833244981549 6.45845730102264
110.59569970391381 20.417301845320726
97.88009056837686 -22.60245575052209
123.14439008306955 96.89583513009276
69.90224580282371 -37.51898439659599
123.45262994067956 33.31505341120882
107.39319938242642 5.4984488655918
106.05996067190853 14.64296145788686
110.17429586681874 -0.9428811830204906
107.57123754905734 46.17317452271187
98.15955473009966 14.29486189284957
101.48422481764027 9.35757189582202
98.26206302025051 10.579441159811417
123.61494157885426 20.113137359373173
114.01383513238211 29.008009022810107
102.50629122248391 13.401484129567779
106.7092544997518 14.487486572157628
110.88141633990793 18.044143358544986
95.48510648461226 9.238587237945211
107.96934661136714 6.916018680350788
100.49378527268888 5.853918663342338
137.46889821086535 -2.1023519492384537
100.285648978496 82.00552399850969
126.15142408031299 28.3976692279895
140.1593914089399 18.525614479694262
107.97592343114141 8.885784920601981
108.81979307697681 8.498495837323402
109.09490423436827 20.39787175857021
89.58313712322796 68.34296553290307
106.16434673237337 60.622410442176175
103.25977253643356 8.01133335629519
88.81524913496513 -26.741569760429925
105.76952492609993 11.10439544024944
95.26758583560844 -11.55408247476656
113.87770953706891 8.716214614687976
91.77274855582606 -0.10625423164418835
110.78541463679758 5.916457012576335
108.13600936364239 17.228367878259302
115.68867672852487 81.585212401067
107.85517288555764 10.932977801594822
84.5543829776085 18.795982298951714
106.96950663847034 -10.145098738768759
112.11641814581739 104.30528901717662
112.79386378998075 -8.984013792403312
103.91894844211848 12.574985837469297
100.21928381501758 23.50165016498101
139.86183496879133 45.84270774846815
96.80626454722812 1.0309719187286033
93.87218491270592 35.97501825212099
93.37409725459221 22.623720057106052
102.60986363078828 10.701726913260512
83.66525222680653 134.14453288587072
110.35011859157109 16.47211967137184
106.99508700353927 3.699071283740853
84.72467913119014 32.07706003921342
100.83424988401578 33.78137322811455
110.43969048583924 5.528349476704732
106.28794790340106 19.850496654589623
102.53480373901994 -9.363498209112095
111.83689787165488 26.576607827173895
110.04676136985722 11.859458768601469
105.18726217807486 21.630413961978213
15.974901331210464 104.17682525934674
125.04231299853475 73.89026261726615
98.04550853227445 -4.146116004770765
145.53050838008102 -13.320119879385818
111.35288994152312 41.58705530192071
103.79258971159523 83.01117243722476
138.39050767396574 65.86443256373731
106.50122528790392 9.194541161948598
101.83743720185963 20.15272701284024
103.46314675466 11.168830110278327
153.83954154591677 59.57013528122644
107.88621776234844 -9.089071546208338
108.81977975636542 -1.8258463252362191
104.6649882396789 24.796096832639893
80.55869609540676 68.55739397897958
121.72176126752285 6.541113136476266
146.25462621512165 66.70402267468894
106.41749537880993 17.395208085876263
109.0494404265638 -16.05415493968778
88.11351916200495 6.260312315766454
117.32801693245146 -0.33381726605030615
63.561209751858655 13.425848207813987
109.45927960536142 21.871096393002546
108.08993443069316 -29.162592245180726
94.10520872597567 66.15927755252524
76.2649802593888 5.573637642557621
89.62477611874311 17.193571443063494
107.00562881423477 9.209623363613968
105.26985476235457 77.85055032491049
73.66506200409256 17.840699333676405
104.59163218608195 57.851296627714426
110.43500389523689 16.052514963349985
107.88208783051083 -31.648134439635015
97.86015009435717 81.56469930089449
92.2794131269924 7.227119781833532
120.46667168010482 64.54276999127896
113.1321058803037 -2.8248207248653836
96.59431097980463 59.118864143474944
100.54801101673468 -39.218212047051246
52.07393127649592 46.87291126589294
116.31799214589032 18.518098417143396
110.5670111085734 6.157371987841426
116.78464827273513 21.288541658379295
95.09191726088333 17.49657377139814
108.18600393164702 -9.579926856166699
112.09060915702167 33.983341342563236
82.76598745078186 44.64654057187737
52.355951172867364 23.411069954169687
114.66845154184642 11.952109665608818
133.14441680450852 10.030963347954305
106.98488940269213 9.686389202003264
109.13321575596513 24.126656042501047
83.54326710872441 11.854526830847329
95.45693899751356 2.735358642059241
73.07693753949918 18.867423967921304
110.94431764305428 56.82556451747763
114.29820382465215 22.386761839075703
103.84094998826802 25.451932833077308
108.3811535019723 17.973351827137744
132.05935725515914 19.587849488483247
120.30212537605695 125.10704684166632
110.78225877249194 19.662425792615934
139.97174474773203 22.37864127024142
119.92620115530734 19.613644442775573
104.18826223556364 51.40831694114645
110.0278994607092 30.11274999888524
25.206634044038665 27.83859012733783
110.03418025801717 23.0881465312788
109.21185297562221 9.980361505018406
88.64601013410342 74.24588588049964
90.9032131713294 -25.31760633487811
82.02460058148938 28.190635587572732
115.1646424965561 17.713562445745097
99.79457383648666 23.62350595421993
106.7872364920088 61.9861643763984
122.421989449801 -21.760443297870143
106.69994378040319 24.52961059075108
68.70505997280645 8.34843912465168
103.55125511077628 12.595683803607098
107.53418461741208 10.03444462093762
130.49496066875216 10.54061273229651
123.3741372704599 17.76953672897143
118.7107437662271 12.758512720204493
108.31045967199945 23.778873951063517
110.05436199940748 3.8804775918909655
117.11987917080482 119.87013240210842
91.00022092751043 132.86724581380312
130.01204202988558 39.3240697357023
110.38486202713267 34.02536128766863
112.82271917777652 21.35738184110039
124.78644023936805 10.269903706231926
102.03653790127572 33.45461722133989
