109.33439982802294 -0.1194314629885784
129.80608938627168 60.596985294975994
101.4699863184811 81.84955360149858
53.62700980237313 -99.5980577834246
91.52785415527008 -81.4943272862768
109.90717199191825 79.25333089118175
112.04863324445563 -9.781122305634044
117.44241818034448 130.83688367408863
83.50662244418233 7.655214190122338
102.15705386269991 16.281873004189833
108.4723691000169 9.297016145828879
96.17852584384944 14.837183308253671
109.78251721086215 29.383822075675866
103.30408880338089 38.356929215806844
72.15209026322023 44.970396394845004
95.99732564417471 31.057372993421772
104.52876154072408 -6.119791477813867
103.1729477025187 45.82164489661535
102.76383644948943 92.06278660320947
107.85996523256037 89.58101989300158
98.99181681861678 26.479667442307278
88.91344181422643 -12.11063237658944
103.32364088647984 -27.715706120479958
110.9226728041289 7.190528667981613
117.97634568877278 135.3854874407193
108.93761450813442 -3.4957771808407054
110.41987681627435 19.71573907560305
109.71873648829917 11.706300645438317
62.641044075672895 81.71330472160304
108.06877589324684 25.96549963646069
106.75574319764178 95.76850909603785
107.68690062429008 12.113376389114578
136.6387316031445 117.4034862387019
133.54951897609368 -15.385076673647163
73.5504287135157 3.113780698099477
109.52764164952303 46.990444248988
101.25176174134735 64.20235726216056
129.2924217268174 14.258745060626474
134.35749154000342 22.087382646452
105.78460683219888 12.977793801509014
132.1214577700447 132.20214357991017
118.58550954283797 71.9240790779994
83.39450561749882 20.311811679897502
97.68599375069263 19.72981866707992
35.10254163844315 7.641203584936423
112.11939705538778 63.606115169286
118.09904934956634 -7.290682498109694
115.93721391109968 37.326471803666145
110.97255372983956 4.555690708492257
135.76232548287948 39.26286778297715
74.93894247267619 9.081606136556982
52.461737999830675 52.0073054077787
65.44445781634649 80.87674147924628
94.32949782643934 24.255798723131246
110.51095575810722 78.36341427185755
109.19260935262677 34.60590690847772
111.12045408652786 -98.79097980734251
122.75155034785949 15.990728247063851
102.31228460783073 16.763315332234566
119.20035826082352 21.605980700512518
94.63273105736306 63.70760172264254
137.6317334870061 89.70243947388896
109.62886296143327 12.469926666183401
114.25740412056261 42.90165094681028
110.70152639652395 12.006094518603877
99.35582277500511 4.458065484032121
159.93209455732136 -12.443544407428977
103.13834590773747 12.327105342912008
111.57422014610496 12.297928817841852
89.94997368846606 46.04239295153021
99.69187998335545 98.50923930950988
128.88424117226307 14.006513648827887
101.78805713912027 8.279658329247175
119.67159183161282 12.175732600428859
110.07928726703273 -28.749525807567906
86.87120019159589 90.5646074215533
136.1106118565283 10.904626818892266
122.50194002295719 27.885505810627375
109.10144467232264 54.06336981072827
106.48957486023153 24.333532005499883
105.39118031501758 60.41231702695947
114.88562877517263 -8.777854028465486
107.74754552026471 33.98115475460684
85.0104488163546 96.07820354762289
92.48593027937858 -6.144642319622773
102.89533964925467 2.972637886750847
119.68641107125426 1.0884209327602954
104.74199748328377 15.869039205785247
118.58642102847472 19.151545655666975
115.02733834156352 1.2582204495569307
88.46821524412364 7.71534017608135
107.660026596928 40.61857013363161
70.0041405936599 21.75650642199763
105.6112387406353 122.96648270803333
124.66250635575847 63.95937081905815
125.59551104121944 38.49039543555126
110.51791245084216 52.30859075127607
90.77011268223458 39.34759295523555
103.29000535892584 23.080455830758986
115.63122317111103 54.192643725286416
114.71607893679405 19.939540470704273
67.48183970493568 121.16291808164308
147.74551553436473 17.81846632242709
120.85410480658746 28.662541348221627
111.51158592517665 59.0979006210144
103.00237593452958 8.687471331738976
53.349024216266045 15.926910393875367
6.468605623080305 150.97985437068363
121.32092809486264 36.551892041258746
98.76068753461453 19.53122507740478
108.62805872267217 2.765346875917528
109.37739203998828 20.912191441865247
123.86689819897994 4.73085110482885
96.76195836762099 20.48302717662672
127.02226261532952 40.03279980070415
99.39764842942262 81.99972683101781
109.06804329153067 17.9803128494362
110.30001160099955 80.95693481894872
104.19592959383736 4.3798795796350785
53.82128515613676 -6.6509661726483
117.80930323880514 15.484721396969878
114.44461753648595 -33.20688071102104
115.5892514652742 15.16861627348702
98.93020298841247 50.56367728790508
87.86784188300794 25.266321478368273
84.17347257599648 108.18627927863139
93.96999563376062 20.18606069163991
143.41277347222794 81.2544372474087
75.61334908467292 8.88456088293249
96.763821972178 19.355063462996473
109.7703790059536 59.54428709895505
105.95326310358769 14.073578591821345
93.70473819763781 7.898788828896073
103.39965587029315 26.48914118643782
138.3348797588513 67.78703549795323
105.43021128376735 22.95577865494606
94.57975363304902 82.51407489128339
109.53228273599134 25.86927213726112
120.00735239203091 16.07565779234067
112.84813178436133 35.151669759105104
107.81674927469938 32.96038333528359
99.9844002815186 17.91381184572796
117.2214273502422 17.825383459839482
109.85399109977722 9.146138852381746
102.6487081056183 -55.97217490150047
53.85311038249121 98.0981764741614
103.0454461442819 104.51488419312611
106.18576434395116 14.824486904355432
107.91342205679129 31.928925109983282
105.65750307164875 82.57968253209825
101.24898855417958 72.75881476135044
131.40908149896683 48.907664098695754
123.52188236557646 102.25556319561473
117.72746141830919 31.759011400136036
132.83395792632328 16.071851524035026
110.19013576486186 17.567322161368104
105.00203831500458 97.32626855670891
106.9299581937363 18.291124545650746
63.586797377457316 10.051453975718744
106.95946801497527 14.891442625077516
70.02842049374486 7.336408636345054
148.11060175607736 46.096634310290476
101.6066980533151 134.2957421957319
96.30251070818277 -9.35207325878436
91.5892113143824 40.381904159737125
99.3788166561911 -0.34284488150677017
106.86463785897372 9.89251122631057
108.82828215701473 24.453932801441727
105.35516063936655 -19.12962348826285
117.4240958203725 90.12108452803339
73.563810518061 -28.152462727553775
121.07395921326052 29.214403847519648
108.62789260322276 15.556286844928188
105.34914600725881 14.923342761431098
110.14819722560648 -0.9516903423366526
111.92530177741054 38.06809588260104
98.34383414714823 13.95620090733182
100.97817956350535 11.645818097024378
104.04436934321694 15.57455669771295
118.4317087636635 20.111011460489426
115.79306793042261 34.43754960116039
102.94457932731852 14.05920165852187
109.1174556544615 17.412649177299237
110.11897191048854 41.775745601782056
96.70142014905186 12.634567882221054
109.60519177335976 4.918058748901878
98.15142584777543 3.953607134745704
131.018490502027 -8.21727613687371
102.62921340781007 88.05035079831276
121.05625528139633 29.859632621215802
138.0871528693366 15.759779349064123
99.94652439135083 5.054285958403035
109.18822841938608 10.861992471462752
108.95301973696128 17.01355262455234
98.18262093236203 73.0809146247211
105.52716176023137 61.909870424025954
99.23248580775294 14.557314954963834
90.65352409571894 -6.7294178439285375
108.57534588113036 14.32705771355606
88.98766215582 7.067506627870118
109.58032625866997 11.196815768203813
93.71165847875693 3.186006627134252
113.13796706020794 6.690661611657837
106.15170492106236 15.431923702639764
124.18246050983211 71.9669015239634
107.90986302370966 10.18305534418096
84.2710427878174 36.55069393112851
105.42609879568464 -5.331153723994587
96.48194252188377 107.67769496427653
112.1194805179396 -5.379138419686167
104.38665337852996 10.947458782558565
103.471845208673 22.246502745144195
139.97004655995391 39.77648866125445
99.22238672423279 2.5528117330816142
92.44690988768745 29.7709670165508
96.72575289588566 9.68377197773636
97.4924328874319 9.400861873107306
87.06850519258651 150.19266427847145
110.41871375719045 12.96498326273405
107.46732283320407 8.004967112695576
90.49452906422411 35.823449296244895
102.27289938567938 31.34685984123737
110.3793114715576 5.502988505447946
116.75293284822693 19.86312604967538
105.421237364608 -4.962616412411111
110.79080390640343 22.204860831964005
110.40823467786952 9.832164201387345
109.22865458178907 21.7118621704178
14.53815270040234 94.21640579406035
120.9320368814731 89.67355154968712
98.93798592670757 -2.0375773063065235
144.7001248492047 -20.110570301310617
114.56875654380548 45.04996001360006
107.20336018600491 85.31353746719246
142.14181065196905 65.16305014220573
108.51742839496733 14.289134187145114
97.47725177805358 19.900495677812046
108.5491970695508 11.81032289310586
157.96874468166143 73.34340921498107
109.49177662492619 -0.33382645605420436
109.5810090718199 6.106302019160998
102.06077008325929 27.795185629200155
81.50659840018024 54.41535770181325
121.14785085450328 7.729898406787628
144.45030178114715 63.48679279765267
111.02661113346727 3.71340595573594
108.09368752249725 -21.085548570958665
84.5949368814943 4.425604028817816
114.50849221980796 1.81715064057154
58.08574574382004 13.362314752626613
102.21998902886031 26.21938503968448
108.12269788654763 -21.954849897623895
92.20539425642221 69.18355650234275
78.79969487160746 4.153756052636355
90.5289367093265 17.399885975728676
107.49961549755798 8.776227269720152
99.61742082888229 77.12868099905732
67.78838465499751 17.6708418904095
105.13024772938128 53.28908116204398
107.41755265757931 15.138683766984878
107.80377939541485 -33.75143050333606
94.49397676022257 99.66748856200044
84.1518787608485 5.336249571420121
121.55999319435705 68.20874922012706
115.57458660631357 -15.583273265688865
98.2014828531593 51.77792934152379
105.52289411172868 -21.06962237254713
51.47604847730445 50.337648917983444
114.60404445689721 17.73539892455559
110.50544038915442 8.334279687157952
121.02077736968542 19.51135591409573
92.12906449308716 16.28377480919927
107.1590208108013 -5.64500150144373
105.1656357059314 34.247843915724914
85.3272433627412 35.510061381273076
59.51489956643202 27.586874093364507
115.25341875181535 14.2872078664859
130.93421492102365 12.377500349376296
107.17787670448062 10.295307548664498
111.57583669766538 30.746825342362825
84.37586808346597 9.853488164547464
81.18602124905604 2.361638616852313
78.39054985818645 25.712132032607386
115.95913513543204 53.447058583001976
112.30604691116285 28.188085084661466
100.70968375414675 22.551144381430568
109.74514050071441 18.080765250126692
133.5228317519005 19.582983418468572
121.63483666294685 114.57175736307275
115.83923653193807 21.839174336002134
133.60348422620478 23.210450403163705
113.66854009154812 20.94711275652387
102.61891125721482 67.08289211269388
113.43684043685155 44.607051095727435
33.76791340255727 33.565636246700564
110.00994532704338 20.2519044843712
104.61813315730743 6.676089501230869
92.16924714659612 78.99164232894903
92.09354443864395 -21.911606628248574
80.24233009573028 42.176748490160136
116.12418617921163 17.52141636113039
102.83766706159658 23.049890832614093
107.90285296235943 59.937650987298504
120.61813217141297 -14.639006959414962
100.94768900968253 34.113901521979926
71.49765186393265 8.413800231477849
107.44498216471865 12.79067704673097
105.67292071293686 16.52495419632835
133.96814999296683 10.981539289941532
128.09785986999592 17.5255858432282
118.19704435182466 13.753968816175975
107.48128477029066 31.947541597936144
110.17415114127212 1.2787226081611431
116.12897100561204 116.68952052922657
94.5251078439756 128.69528442206362
125.15236840910049 37.036109571287895
110.51080407459516 37.5298303761342
105.3424817227168 18.658384374856926
126.46501493605626 8.439385611570646
103.95891885575128 27.582327989386684
