108.4879676382025 0.0362638263895399
129.08263969013063 53.85366419128219
100.85265495358215 93.24062553581456
52.43827993242434 -101.27466950688306
93.32596831328438 -74.12748069946666
111.87646088265898 90.53888008681
111.33317886632436 -7.082347747628647
117.14618459567787 133.190255982418
80.39542713833545 5.792093459173772
103.65504222713484 17.083380382006105
108.00540712352351 9.340172091930642
94.70693064476234 14.235145280806819
109.96242459086902 27.013487555108675
106.6345220873367 43.19843247348089
74.21279150676503 38.85654909338144
98.84482126804656 30.002160531848865
105.88655871435759 -5.110085558592189
103.46069371276239 42.44657908215521
102.8971306741739 101.20875308260732
106.84530909024134 86.1329349493772
100.36736225104838 24.13120777156648
89.80811797968971 -9.500419286247334
105.69720275998034 -24.382232163236196
110.3860704012906 -0.6143379994398721
117.67490596349113 131.32674453809793
109.22667229903035 -8.191087713992959
110.8062850070312 20.48059330469753
109.69253926915061 8.753818220983042
62.71851371714202 81.00673933026816
108.26266516198851 28.317012924788653
108.29814836971833 92.4894000918335
107.46452639806938 11.4968380946887
136.17228010078995 117.19294622249251
134.25382903199932 -16.10172974668264
73.90570674298148 14.795386251329203
110.05847718307791 47.461859932092295
104.13584542057693 60.66535145027762
128.38692307702425 13.240568425785609
131.94998377731648 25.898338410472178
102.68712976127998 12.817202618381852
134.3802007217605 136.34508478729379
115.68563357315084 76.96072672128373
85.84257214529383 20.480647868250514
100.58103207429052 19.698196878036665
33.9836585091723 7.974790391913821
113.65336517918125 59.12178496285299
117.93132052110815 -7.2783907365251155
115.62985107963607 38.44684766801852
109.89883021056389 2.6264390016916996
137.83466810759097 45.80220687411608
73.4344244910106 8.494317661284438
57.42194122058417 54.134649972765
68.43301222371757 81.65850323035319
95.8475690996223 18.64833187528341
108.50263896734556 73.33171552359036
109.43089860295048 32.78056193487685
109.37336695373227 -96.73464026726023
122.12888221212721 17.814391240628296
100.89025716443673 17.841320394656396
119.97421741945526 12.386592784006066
97.29712843097867 67.67779881782415
136.51104167117856 89.70122468820435
108.47600731711827 14.222593110342773
110.36080509429326 45.844384164776315
109.17091377996924 11.951368140869322
101.36046188161778 7.227989417359867
156.26833693182752 -12.034471571705303
103.1500739155234 12.123586673872486
112.24895869292556 13.503495412669643
89.78737539205858 49.31981785000847
99.55658442315875 95.14414226662632
126.88785224664535 14.547274995099846
103.71396425863765 9.106136695368196
121.26627705945823 10.229443851769467
110.18286420979882 -30.201663059457456
88.88327860072697 91.62267938108299
134.19607497654405 13.06237311804437
122.07798891009239 39.84493412111643
105.28233579003258 52.27578876858077
103.60340410617572 21.24622003075293
105.20397444417068 57.88879979395806
114.60861525855371 -8.32571535394135
106.64616846921822 27.96003972136433
85.53711137214512 105.83041965366725
95.19110967887157 -5.327616383606852
103.72708393051731 4.213796318052317
115.91916050735668 1.7954404664958248
105.02976423671996 18.395001590791168
117.22354966424372 19.15725726074586
114.89338611377455 3.280534983527712
89.51030817818153 7.424520288537721
109.0446992481366 54.9565816326429
72.15303388143494 22.248892966871633
106.89673076183468 124.46704438219469
125.10128022522449 66.8835991839755
125.6299220448055 37.55870735044085
111.14072079557866 63.83532411770794
88.89501600853093 37.685521981141655
102.28462962849078 24.54571759842749
116.30572886318018 54.219841617253834
113.12310900201783 22.442984900270808
70.41358667408826 115.97044490331665
143.42212543513642 17.787616195025198
122.16440720481671 30.014360027446074
112.06093018372277 66.5425848445003
101.1914276807838 8.25074851739025
49.48273630168655 15.490122828482773
13.649242296589254 147.40195162710864
124.18563606531015 40.8286535584211
97.98094616998789 19.569043729421995
108.6487374461111 3.433593685532685
106.9362419518629 20.166354204725934
122.54456093630974 5.087123424888977
98.73185714438242 20.057329514695137
127.0450942627377 38.00002173110688
95.16191812581815 87.52635092407158
108.29923468001756 18.168509238240134
112.74033398666909 79.22449478693233
104.63825909482232 3.4740011490048377
52.78989644854134 -5.160773430465097
116.41741047285461 20.5705088949878
114.71687040309683 -31.321007335554782
114.0290605845211 15.80975695978875
94.44111473595086 50.53725851542089
87.35308046268555 23.63526369212173
83.28708448466523 105.31304585014303
92.92093036179922 20.093561515696926
139.34958940073372 86.43459998465029
76.13465503042418 8.38341281617914
97.42669518883653 19.71911726654537
108.04194118531716 60.86804782972883
105.13840001075843 13.60066237649184
94.42895299020466 6.784309107560464
102.37446709679818 31.60140564637566
132.7316516966027 68.03142487781744
102.43538308821279 23.412894224374032
93.53171908291789 87.00899943766075
110.57367515006348 20.420583702345542
118.99064498502393 16.348366465853736
113.429562213815 43.10356285966336
106.48823045905417 39.834037852263876
100.36319619975492 19.473242317602995
116.58592731662532 17.970832249960328
109.90358543088092 11.325079245504991
103.6033949678912 -50.85836135046337
55.67274230121577 109.97514519506014
106.58374879633418 107.49284820034696
104.76062011895831 14.337504381234233
110.12500579201296 35.51917396864659
105.62658670633675 85.2619183383766
100.54710479874804 73.07850075581335
130.26321095036835 46.83360579823108
118.71987286535926 101.82342122442454
115.09080367519567 31.969189308061104
132.93430149792192 16.04060035757988
110.94965494032044 24.897851180261053
102.67910566547232 96.8558745761976
108.43356617867826 18.8618385902966
66.52167549264566 11.27699615798663
105.09827602020921 15.718070477827613
74.63686173836466 10.302979869579573
146.80741192155438 39.65362379711766
99.51913482462496 136.42472531369663
100.25683427058323 -5.587943739284635
90.34599293520719 50.15202377217126
99.66748328014586 -5.952881310500308
105.25224407972506 11.813715290286387
107.94854047925753 26.428876685905788
109.1958891177864 -16.589211767801643
114.43798177134394 86.75159641073977
75.93136607936968 -22.074609999589036
119.68029651827851 27.314709428166072
109.27613514080005 21.367806863229447
105.05163669066069 16.12725713447278
110.1310484704594 -0.8083332368343201
114.0718982283047 34.36208297798289
98.6195495424685 13.828181081096423
100.84563584970752 12.899017929717703
106.9949876079539 18.141859183101815
115.73476639896944 20.098501725254124
116.56021813188494 36.88600632075874
103.30171736270088 14.467487403498321
110.33267776643598 18.91221908348386
109.73886968624006 53.265256556721454
97.43212281508404 14.412848420868036
110.43594647068774 4.188848578663184
97.0592734183111 3.1958270703980047
127.42068962250246 -10.353288077346786
103.94592133849399 90.76288700207918
118.317233109906 31.582393691576534
136.70696659744075 14.463245821237768
96.08540761719763 3.252387659785197
109.38566041307037 12.1441951937729
108.8876458302971 15.359119875301854
102.74126571346015 75.61779192170515
105.2668221743923 61.76725781158542
97.39451441945639 17.92401585652968
91.95146438292782 4.231391991400834
109.98723719143628 16.000061484991527
86.14984125743112 17.143115831633573
107.42134193496366 12.631820804274474
94.87758358755303 5.001984420935079
114.27587233883834 7.270224375913138
105.22657562193798 14.562421818849147
128.32985142217285 66.54887183317857
107.95929492256444 9.871876731742914
84.41812525664133 45.705592205071625
104.71855228671005 -2.6018150314537913
88.84853008373258 109.0635635055715
111.74300159518971 -3.3952298130149083
104.68653699259161 10.229365922067311
105.25280059156543 21.53619029726211
139.55615513747358 37.47935579432195
100.6625769834877 3.6118451843185317
90.93854579428415 26.47001953584153
98.51537425552924 4.066298721344187
95.0952416746497 8.926409171523812
89.03038990350923 157.89438315854014
110.4336524149859 11.289844939119973
107.72641612225048 10.226114906014836
93.72003988019273 38.358724335630406
103.14173550520437 30.607884010848917
110.34334537457018 5.645878262004052
121.88863513089808 20.43687697765389
106.93675179383067 -2.30698069077219
110.25168158987641 19.99375752229161
110.56895077560584 9.018833825444604
111.26797700481276 21.70629308849858
13.940740377610918 89.75292334649417
118.78241054934463 97.30862102259792
99.55471048568441 -0.6561736879324784
143.81295582707133 -23.239762782023778
116.09373390408962 47.028088532501755
108.9517324742983 86.21892703650836
143.4338497211693 64.98954148424644
109.54436604494899 16.91212313649597
95.51617827523825 19.769079762173575
111.1385335541495 12.250344627324777
158.96233969092148 80.31090485216082
110.30305497549764 4.407530977902916
109.96389496132828 10.377206221484737
100.81969760687518 29.21802983737691
82.07189602299252 47.5572125985515
120.66025325872373 8.427864883000794
142.76066939467475 61.83799213544981
113.32807949957792 -2.8474530142837295
107.63747232135523 -22.524179321369267
83.17759473505535 3.690215058734284
113.03693224906516 3.2013894079582803
56.14320911437109 13.40128558535093
98.67868498900623 28.3213480229361
108.17204618755936 -17.759536195553896
91.67287049335707 70.87510933217942
80.35741064292561 4.328663052533161
90.96131375461691 17.508070306070962
107.78733603934762 8.672992014600185
96.88229376248337 76.80163315968333
65.1630111388661 17.631347106841698
105.45782852603942 50.98988075761448
105.94636353804022 14.767274959155976
107.8113923306318 -34.003493579106724
92.89754725967397 108.27459246957602
80.50252478360925 4.514126507348419
121.9734797553463 69.60693590892335
116.7257877177479 -21.402196395885767
99.05004516991126 48.91682802068074
108.09372521936154 -9.997359002583117
51.545609534222415 51.92547712582594
113.66034890157118 17.359686274342977
110.45951500952795 9.626317401500904
123.03928786561542 18.607876617588946
90.89592797987044 15.733840303574393
106.69850931876135 -3.4424676148601696
101.78291617458333 34.73849652647637
87.00200561687973 31.34429429650872
63.624009771703626 30.58018079557746
115.4602302861593 15.53225092063166
129.49081206892177 13.66089932830772
107.31887423758957 10.729039294444387
112.77984661524631 33.924305816707715
85.28095209254329 8.967796681495141
74.58776221976859 2.391625836049006
81.81354548761126 30.10441457858644
118.41850858233238 52.15166075097591
111.25158141526008 31.721083777718544
99.32137386266035 21.05293225332232
110.4330115911917 18.159426400235677
133.8410330180659 19.574058670849173
122.0779618830436 109.36731772376201
118.29002929994094 22.902796323818905
130.09045793998408 23.562551928507048
110.47785190809914 21.588492411444218
101.97254195635173 75.00908452975818
115.07508551782938 52.661622665626844
38.56611709021683 36.23096464133386
109.99756952024546 18.81344640208842
102.38785094074905 5.157359036277391
94.28204996722656 81.28012113666082
92.94853183797792 -19.47933216444574
79.75671797011023 49.53136512483148
116.51407880801557 17.453968628584335
104.49088817783463 22.740962000699625
108.4994144881797 59.083240546527556
119.51352586345955 -10.687250729627895
98.24202321960084 38.608667904844275
72.99376659958581 8.615352329607221
109.43326144094742 12.967944858190522
104.7992040653492 19.83291183516076
135.2740149968643 11.306565544630836
130.2117985652054 17.4127778329494
117.83029446765242 14.316682048815759
107.11424754674712 35.8482023442234
110.22872942125606 0.2100364168134432
115.4980172373485 115.11979887556423
95.87835325039197 126.46152432443542
122.57089977849955 36.3443209675012
110.56091187478232 39.06921098875949
101.65686584310052 17.319371084062393
127.00218913821655 7.755424023293587
105.03305887620674 24.490261259162434
