107.65410102832881 0.4295760158653059
128.19887414721572 47.118917064553216
100.33955823198 104.54803124402225
51.51510381653224 -101.86819610813403
95.30606944331446 -65.48815212290742
113.83000607159124 101.60993134441469
110.59204609947601 -4.21418832446806
116.73297841728781 135.3693990029443
77.55104730316887 4.060718958503136
105.21567581686652 17.915418146757194
107.57891295656057 9.489297487682853
93.33979303960538 13.695601807959404
110.14065955884554 24.55190511993238
109.97955869644511 48.2179802133745
76.79372246535945 32.52532275709985
101.79553495186819 28.913118093760755
107.26609768314565 -3.671628964402061
103.84538664254872 39.645142154430914
103.09224395786876 109.66100435901889
105.86848758158986 82.3209877675582
101.86931767926357 21.726586861133796
90.9271378765433 -6.68032048040774
108.09032643979623 -20.622341151934656
109.83659447780872 -8.263930245978962
117.28029954962591 127.12107807025022
109.52278199726568 -12.573184775707954
111.18032865756895 21.225192735078526
109.66861122803601 5.926229550461887
62.845407289477805 80.2416584452571
108.45725855083865 30.568167726620253
109.86364824407782 88.95277053000895
107.27436263483986 10.930219382633155
135.36863182301494 116.98977490353948
134.75733054867104 -16.382385017078075
74.91309863494416 27.03689086746895
110.5883124950197 47.71025909919575
107.09150567448259 57.286495860362265
127.27627798350588 12.299237846511605
129.38901334880083 30.259865675501057
99.68913395562099 12.728871473213154
136.4226235067711 140.26400015849924
112.7338181709001 81.74427816690493
87.89286196154596 20.627251088284822
103.56775247850034 19.66195727527643
33.00615971614807 8.402650106919388
115.18082335359547 54.512612624200926
117.6875611424499 -7.211004718603588
115.25591878877086 39.39813586342492
108.82309761126447 0.8050966849129313
139.63540873047342 52.92096371507845
72.14049448241184 7.9611333168901925
62.38802998333367 55.88980881310975
71.74375434249949 82.45651499518019
97.51729826477452 13.288232865889757
106.51431008361912 68.1075311038291
109.66972261183354 30.921617358478798
107.62677524053697 -91.9655185226438
121.4260826075984 19.658648488165657
99.60735469914677 18.935417756393708
120.72096339665124 3.6538277630741653
99.97291997829883 71.66862590236629
135.20817397951942 89.48709682956779
107.3304817264019 16.028633377317764
106.45594747827688 49.30773640451083
107.64246531635467 11.964933867900866
103.4577650591473 10.140047404592366
151.98096570245698 -11.2967509302366
103.269482834356 11.986767056081545
112.9087407350046 14.713179053072272
89.83950467827187 52.93665399484506
99.55911583097682 91.55035586826715
124.78903393379458 15.16771580560793
105.72450394915275 9.995529779655202
122.7555271906266 8.382584099085557
110.28099648135547 -31.00165557804123
91.19504210189848 92.31094699950846
131.93531144419376 15.262644797377188
121.52263238712233 52.43652012152678
101.54432733795684 50.36700938960999
100.72835157128229 18.145479658812604
105.08019909986203 55.54335308390468
114.28265292753392 -7.644645182355305
105.59753049575704 22.793028856298946
86.30160834690821 115.1474954424186
97.95835281616313 -4.299496471940699
104.61994827658185 5.47915328749715
112.09937144467158 2.8880022102492346
105.37096925882116 20.92766797729658
115.81545252103635 19.163257883617817
114.7004480117347 5.382614806306483
90.74211484849394 7.220311297245935
110.43203030190341 69.02655242725407
73.89980805961947 22.70855669644059
108.2003692380998 125.93420960874317
125.43682967780207 69.72471637176903
125.5070132180428 36.69274220565918
111.75724380436843 75.36152848978169
87.22240475277563 36.73848160721164
101.3785759086802 25.975694661736995
116.96061689598379 54.16407598965051
111.50429153999482 24.890879882649294
73.4435600423901 110.1233312804913
138.80924559603434 17.772393956861865
123.34260235719594 31.24555391027814
112.58541494887676 74.1535471676646
99.49252512314334 7.829336513746243
46.26375863379451 15.079086113505157
20.916163447661084 143.53688961213476
126.97256541276758 44.9521504949756
97.26080728652266 19.604546508924457
108.67454403344921 4.225962730840836
104.51726938178567 19.416549450534557
120.98868137346126 5.5704959805741545
100.77192234606223 19.621946472502195
126.83988826244328 36.30344630368912
91.04334461256671 92.66944293418426
107.53970953332231 18.36837955520482
115.14604929263535 77.41969931043786
105.15976504734407 2.7111679052877014
51.73371098128352 -3.550732467296635
114.9610008434862 25.96724028000672
114.9860913870181 -28.884717918772584
112.41510686968111 16.47161499338827
90.0937083706171 50.69601408439112
87.1594071233436 21.92193384475938
82.87762897014834 102.52725507613471
91.98523116900809 19.9926922282233
135.1052337748159 91.53075133065893
77.0996179980389 8.00343646388186
98.21869310272659 20.0778493301403
106.3340125592061 62.21724229516424
104.33986610818552 13.202984162540277
95.22201693277444 6.353834688736512
101.39969734957559 37.19243375037459
126.81453680868613 68.28530234917585
99.56240607655684 23.849109232831793
92.54926045415738 91.28619412724352
111.60718550105858 14.966769075959562
117.87238263122171 16.66636857050727
113.98493364216914 50.77766550331684
105.16633514033009 47.167694044294606
100.8204873981192 21.490248743821482
115.88145854379125 18.11978944218133
109.95318610880962 13.612002247389203
104.59045772314143 -44.61697606090035
57.81425133294792 121.96516276102577
110.14693105669666 110.11953349307127
103.41459366277752 13.874691441601529
112.33464075215015 39.030496761282606
105.67217901603993 87.811425199731
99.46550370043275 73.38030835177243
128.9467764735671 45.03013686274138
113.74033865652581 101.32600894671808
112.39596130485621 32.25169266800686
132.84851246170564 16.048277328767323
111.69387931820181 32.200953380114996
100.40949488996299 95.90862890465482
109.95480596928655 19.4393452200044
70.06700490165278 12.564680510353488
103.25378252825266 16.558464106885147
79.56154573519103 13.55987305979908
145.22232064090124 33.638064588721775
97.60767033194726 138.39357879690579
104.36864965842963 -1.171636343352521
89.40005286922057 60.200602301144464
99.99650486866042 -10.260618195823115
103.70341922767727 13.790578570868188
107.09083857518108 28.31715265209099
113.04128215412474 -13.850792924103152
111.42563635324893 83.36203464172382
78.76372540235346 -14.958418312955894
118.12086194486865 26.07657410824396
109.93302189579396 27.499643822336306
104.77170362791392 17.42963431025892
110.1122375453207 -0.4613968786503683
116.12892808242522 30.933416250843493
99.02082844091653 13.775837312627022
100.80551488108149 14.21396565058809
109.9558505892727 20.71112438053893
112.96151742720127 20.0781509453165
117.24220670367625 39.27893870716353
103.75092009047927 14.93526451647526
111.5477775671978 20.414107055274517
109.37037409089955 64.24386591718914
98.18856589250478 16.211682912264152
111.26172978437407 3.6648107743479157
96.02308999206178 2.580668302088716
123.6409402767633 -11.092159232651449
105.3469309270597 93.43213703752271
115.44128757161232 33.99723035582264
135.30277520917838 13.20051283027151
92.35941633276647 1.5769294700188545
109.58649629306186 13.487304898917053
108.8242216088048 13.752147919228534
107.3386791941273 77.98359012520787
105.06829372685392 60.94567739815307
95.73943171289676 21.302540153731282
93.60258144307745 16.425035818865837
111.39428118698557 17.70603821170794
83.41656650574247 27.706370017878502
105.2901408869124 14.190575313169736
96.1762546239788 7.011221542128741
115.35838736885657 7.900365797209355
104.33362609257945 13.750013347234923
132.2921454742917 61.06518508289887
108.01581128860511 9.657206596705764
84.8580119165543 55.14969345548613
104.06242590656954 0.3462271865315656
81.46764155420561 110.41085794697581
111.32752707588787 -1.2675579579247311
105.00215344654806 9.593839083667586
107.05180799187877 20.781995108823203
138.7891776282789 35.957114417439904
102.16136323689594 4.707952674210154
89.34185032241157 23.111591781560243
100.39883842438367 -0.3878153034387406
92.82892460765994 8.50735488415889
91.36210813773152 165.30132877512688
110.43674986414794 9.682382392872288
108.00190888290373 12.5424205321019
97.09785687400966 41.12629811760213
104.08418899773822 30.47354035445565
110.30490848700819 5.934493698757643
126.8239415926983 21.940491210820483
108.47609118044883 0.6204885688617634
109.70971064460534 17.771304939536
110.72720090250944 8.321868937608244
113.29737140076038 21.69854018292789
13.469248614416134 85.40870597263154
116.53339725035477 104.60711068636752
100.29431164945713 0.8897664452870686
142.60097035661934 -26.307999864831476
117.59930562808422 49.143042490274986
110.7114161612734 86.83740449762024
144.35405234119807 64.53918702800125
110.5712110405683 19.562758570546293
93.6140213082186 19.63469825242201
113.7179870308227 12.753606372887848
159.4624229303411 87.57677388316884
111.10673042498496 9.313236284498839
110.34436372092242 14.720932817652278
99.7158334028177 30.571718662032158
82.9254823072178 41.17052753704194
119.95316446380404 9.243041889416148
140.89304222951236 60.19176304128125
115.57511447767261 -9.293919236890304
107.2013744523146 -22.738173146406346
81.88320032430083 3.0941935240464824
111.54495731184672 4.78024971941294
54.45206457148957 13.47395441768589
95.26371036481245 30.308203182880742
108.23019491155644 -13.227783534735938
91.25503447482059 72.54245802406851
81.96673703020281 5.020129820267253
91.43566890034174 17.629313478483024
108.0928159670648 8.732992559960543
94.19745480703348 76.38207106706214
62.60218680148735 17.617946256906905
105.86231001396801 48.74604127042673
104.51595460450933 14.412220354653904
107.83759863483064 -33.64615456912265
91.42869718061634 116.59774368879903
77.10111236653117 3.7906386995651724
122.27518631835547 71.17152454337102
117.80864269031606 -26.712696117369656
100.04210986689853 46.50599848145688
110.68678830096634 1.5598018129933067
51.73966423814187 53.55625131672288
112.68278771761861 17.012290407102874
110.4095750135416 11.010617076090627
124.84518407714557 17.702512551951482
89.83866961996185 15.210056487637843
106.26035664248889 -0.8919817086570427
98.47708762954693 35.71512893306986
88.84218717257508 27.248981258365497
68.3709922688488 33.84697841956205
115.56698027462252 16.822380243547464
127.87811115085694 14.996087085401841
107.46427470513251 11.256363114287709
113.93866114571435 36.89164230337252
86.53854577662759 8.170742759504357
68.31653027130375 2.615831670186078
85.63299534353506 35.331123036686286
120.79750603988248 50.968940002497234
110.16636016897002 35.527096275238485
97.99529865146742 19.540243330100054
111.11538035256375 18.253060015535507
134.02015316947168 19.56198470905852
122.48122718943755 104.35311041738524
120.62791017672379 23.946928924503545
126.41922507654857 23.87506288145373
107.2846475557715 22.208791204833197
101.37298758539548 82.86041602841655
116.70584105854293 61.13957878140289
43.87933175914916 38.68208034334131
109.98503913360038 17.377719405554977
100.23011280494586 3.757576233719827
96.52129307721538 83.5057025508075
93.81924918402531 -16.57692296869611
79.70376185723497 57.28435729914804
116.86693953608051 17.413098615464175
106.16911187969662 22.372634010155164
109.1072925429474 58.78252953137977
118.22903533195952 -6.217023633677187
95.65865044907413 42.82444802105229
74.68961568021501 8.911896391128646
111.42728655805786 13.236225908232473
103.95152874248001 23.140311661852454
136.34508393154385 11.720181536387312
132.05227640801183 17.322135743210826
117.32050762435556 14.941454866553322
106.77473633245938 39.459528844139854
110.28135782693725 -0.690291415049039
114.7986295071625 113.58179245877346
97.15717660949888 124.11729733313923
119.82452691201738 35.904370867162555
110.60408408095398 40.538860355905136
98.03072569518955 16.007090875253105
127.36446712549098 7.136431100440567
106.1225422414279 21.324398284750767
