106.8408523544937 1.3153636667243611
127.09990503792245 40.551232482728786
99.89293182771753 115.58969945155792
50.55156268815857 -101.25266684438586
97.37255816253007 -55.684296905052605
115.74243764093914 112.62778813286363
109.84604415647888 -1.0894597528677714
116.23835850242817 137.4503222458353
75.07400093807307 2.4831539939046046
106.86040791366945 18.770923839101005
107.2034259444577 9.774094100430933
92.20107211912189 13.215483016650102
110.3155821314317 22.044017127390646
113.31729116844447 53.61383487204322
79.73498349055849 26.090225401926773
104.82462776707554 27.724565460654066
108.65877411956737 -1.9455778096626288
104.27038898398126 36.85508000301794
103.37832578887675 117.63494277313096
104.94203238963095 78.26599453704148
103.4044730326513 19.2954834132068
92.24325426952888 -3.6283561535685447
110.4986785229865 -16.329487671802656
109.28462408662215 -15.613742938812246
116.84219459831675 122.82432634636167
109.82175100770372 -16.372640463433672
111.53281247764112 21.92723955484299
109.64515887240786 3.2554501171188464
62.79798822238762 79.74624703062707
108.65989647045834 32.654984053935465
111.44800066693477 85.50524547988172
107.12312457302644 10.44331968440327
134.4304986316133 116.80157872370226
134.92018576071334 -16.33546945542563
76.29823772019158 39.37653630168956
111.1084457217078 47.53467150879591
110.0554020688925 54.058235838029546
126.03097070252436 11.379728092670312
126.77291184886644 34.79058722208365
96.81130277272116 12.709119183595794
138.0329257998128 144.0062849453357
109.7504360284349 86.01268001426432
89.9199674607256 20.75769744750184
106.60619483917408 19.61960816427955
32.51363098313011 8.91962891116614
116.63752580654631 49.73185292471577
117.33681513435496 -6.6946658132723424
114.8094622107526 40.05293113110075
107.7559459042992 -0.8236100250355094
141.03818306240902 60.10937558988198
71.03323084799739 7.578805205498332
67.46369550076298 57.448265911426034
75.29765146270908 82.99396988187505
99.37050701071858 8.590716128530701
104.57137196683396 63.07560941525428
109.90820070045211 29.400927239368976
105.88435679809473 -84.76480836177991
120.52097125404171 21.502349109149588
98.48994156168634 20.030229853175438
121.34782895658122 -3.9966851097082436
102.75589439503304 75.83899614097612
133.6101784811921 89.18804612431026
106.22148437429472 17.883151507816734
102.58305033679696 53.10126347342974
106.14323300757744 12.094237829778494
105.61444925471936 13.187826952992635
147.3051970909681 -10.382017332203892
103.45110114064923 11.911366623600216
113.560778742326 15.939997887408747
89.90868482517264 57.12039684831655
99.67584367402505 87.35185359527509
122.50002316688037 15.858225147730352
107.80164573033703 11.019016760609746
124.06500780148247 6.604838626181826
110.37225779434313 -31.62416736091401
93.75971167116323 92.60826845768402
129.5785747323604 17.534628929753683
120.79836272862484 64.74313213027406
97.87472737250405 48.8560835087619
97.98269862143545 15.054259950347525
104.96290834939708 53.57879424460798
113.9382973323253 -6.8417793177957265
104.61277636602954 17.699527259865892
87.46578845449804 123.58742578718436
100.81663594831811 -3.0691251556985923
105.56288882042129 6.909945728832151
108.26261273375802 4.382154175203363
105.74965601482988 23.43743922380722
114.31922209289104 19.16934377887002
114.45678953842193 7.647184321999747
92.25175473961046 7.163759027570697
111.81447945280273 82.66304071361014
75.98222904118654 23.1217379872311
109.52634028452464 127.38252217540321
125.61631170382275 72.57183114297803
125.24619641169618 35.88201308035419
112.34589694135715 86.50594006271886
85.86200962462539 35.79400283930763
100.55146820732247 27.308355774797395
117.52598428626102 54.46670416264582
109.8699133794617 27.29408518427093
76.54987622857352 104.0820338924364
133.96900713003262 17.769475284611026
124.4417418746284 32.27570729619437
113.10144641882796 81.59798244526345
97.87623740687782 7.527544775141059
43.64144282275626 14.707619784651895
28.30807510952868 139.45549020367218
129.4887954938718 48.79375631991577
96.6307607393306 19.632158710014178
108.7131973780038 5.168009992741499
102.12680333295056 18.663637098715427
119.37140989875354 6.169300120168756
102.89697999192892 19.18547661440448
126.52020704520693 34.555385815831954
87.18558751233392 97.4779851534994
106.80458752663787 18.57138639821565
117.47281099275429 75.35816918964278
105.73326923879719 2.162795818117768
51.09590137844654 -1.6681181699310559
113.49400050877097 31.728614719618058
115.1760862446234 -25.751236079574287
110.7785475012632 17.17134124688396
86.08262375251043 51.19286060333397
87.23053491850787 20.201001864106505
82.9229780031337 99.46077254203624
91.14506101239907 19.884249380544848
130.68096293732117 96.18736074216613
78.46432734802555 7.766494545359767
99.1482016315806 20.426046548159192
104.69107993777055 63.832068686373304
103.62119221480687 12.876414687789616
96.26630068721632 6.880272279576012
100.50670769767952 43.484902886514824
120.72085395179386 68.40535954311282
96.75142746125545 24.220456718512466
91.83984859503691 95.19189871187521
112.62473057401115 9.554879064291118
116.71448267078009 16.997503153733707
114.51219007201624 58.17089463008168
103.8720760139103 54.955539613937525
101.30491038784943 24.326431286870076
115.11124885016781 18.277306374709713
110.00242486453314 15.937814627749976
105.65112904948703 -38.14638298531288
60.46797162384868 133.94852153153383
113.70386824274019 112.42759609328719
102.18908092001674 13.47145203591629
114.52300447497811 42.786861555183556
105.78558034830854 90.55740883910785
98.29657507693527 73.59855199923416
127.34268536902528 43.32397304546045
108.70196832697906 100.67804025452557
109.65902953217005 32.95069902732333
132.48544551112346 16.096546709716378
112.42475921275313 39.39316194267265
98.19829146964126 94.52767027007422
111.47610465680143 20.014295033382886
73.75144485323854 13.921089959189462
101.46784574947439 17.41767822514425
84.59617561293979 17.373725748606354
143.36632171860833 27.572595914535288
95.85823531201817 140.05253892669745
108.49076841740388 3.5763934169731844
88.64476176710865 70.13208826787452
100.47566922388513 -13.689189808920334
102.24300189304138 15.792749094414631
106.26828278082486 30.093642245994758
116.8557883496845 -10.517645893370354
108.3885391032027 79.68718514381669
82.07417296383242 -7.486109629527142
116.46581657389768 25.478352536828737
110.59144106255755 34.384685230058544
104.52701663340636 19.348727461235026
110.09149821892868 0.09841446420231575
118.04444759278103 28.274982596844914
99.56889546669055 13.759766639221478
100.84975656264659 15.580611994985482
112.91676644675016 23.272501467934863
110.15982075782306 20.055275091074506
117.81047199638932 41.347499846481064
104.25149151617208 15.466792647311946
112.73755499393712 21.90313038444605
109.00640851958795 74.66357412097057
99.05093529613164 18.05341817260315
112.06554227326166 3.297211422617058
95.1214692467375 2.0898435130044883
119.69181641485554 -10.610023748047398
106.78235412596594 95.97551086337518
112.50347391213474 36.57256400579363
133.53349221736391 12.000759666918658
88.85893287676662 0.0952119673671088
109.78897726806645 14.847214014033097
108.76570081431457 12.235784105782967
111.96047698344074 80.27071614748898
104.9306670771146 59.72473422084982
94.16191066920156 24.66287601469644
95.50849323912024 28.90874857948254
112.78123621510359 19.426679796980903
81.11218050980577 38.9090601548092
103.21771550703158 15.814748450713504
97.65136678821752 9.167703648493566
116.377801360126 8.72774212140723
103.45982652491553 12.969923313556578
136.09584468704526 55.723308772840326
108.0871992464543 9.541190484144508
85.58009068627472 64.60778079767674
103.4943132573714 3.6338964842990324
74.31208460727805 111.83023287976464
110.89180931262213 1.0601902791398317
105.36045797492694 8.967783973363558
108.87414439619948 20.01026437219145
137.51840116769452 34.865295451283586
103.74626824391875 5.929714318688311
87.75224106556989 19.702253010875733
102.37243696585989 -4.115921023023452
90.66044480482337 8.203597809918659
93.96886285512869 172.50407218088762
110.43719657099568 8.14064070113222
108.29294320469667 14.966986183856115
100.59538960742206 44.34655712533006
105.05408388489137 30.595153811731652
110.26319718707768 6.3750605477393725
131.62871863321155 24.22538246305252
110.02020413403494 3.8927150180061902
109.17012832151369 15.575681561197346
110.87907871751874 7.731871803854811
115.28296355031675 21.667981061584413
13.206489091407137 81.42766574541425
114.23533525039133 111.27369188764047
101.13464880680165 2.5673844715124656
141.03517450898997 -29.088702845749953
119.05489021472368 50.981280895743346
112.46478417608833 87.58963030736832
145.03256342961788 63.89919694583342
111.59100348482973 22.209255500744582
91.86913336354114 19.500036665319453
116.2778372788281 13.334262549928294
159.5475711162817 95.23317428104328
111.8834938993184 14.32681030610539
110.71315150489295 19.1489957791972
98.74139236348908 31.770378423474376
83.99902372006153 34.78665517222945
119.21458810662148 10.114191877337873
138.6109069127023 58.41563586761873
117.77407140212274 -15.511158969247774
106.78883389757634 -21.690791556295927
80.81253382571741 2.7474411059834147
110.05229054288758 6.599810628271775
53.04718078272917 13.608665895311724
92.10758403645465 32.13793382906014
108.30664677374635 -8.406421926852602
90.98893876734111 74.19053120664185
83.93892035483766 6.203197167792121
91.95079594585714 17.757975295053885
108.41597293710228 8.905273510646678
91.71726228644596 76.26962975072861
60.537921585022175 17.62572846602884
106.3015420726471 46.50312377117304
103.09369461753136 14.129891131548932
107.87957839494798 -32.998060596772156
90.17248232606626 124.21571903535481
74.0465316444028 3.2667203693084925
122.3396493038031 72.73879302802001
118.80338921049031 -31.553095550951454
101.20716912889965 44.115137216566005
113.26475607505766 13.756812744056871
51.98992182145297 55.29870793739499
111.66968786848159 16.67752629204822
110.35425223653644 12.482667896689927
126.62799425414742 16.810729313280028
89.05730901479899 14.716807299588499
105.86907968123124 1.811593362868019
95.23169508704505 36.83115293368244
90.83083606782719 23.336303962674712
73.68894281936441 37.31583592367924
115.59306058467722 18.120505738689836
126.10789922166295 16.406635422318644
107.64665567395141 11.842069671526767
115.05998963578672 39.750553189178206
87.93332870809952 7.416178648024962
62.447731792546136 3.020302616264094
89.67713065737014 40.52958238234465
123.10080823822084 50.06435219484509
109.07752164484792 39.726325676287466
96.75753902221034 18.028494349345554
111.78926737051685 18.34897543527548
133.90159879489033 19.547748864013045
122.6690741258029 99.4111379755764
122.8555843267566 24.954821126466307
122.5966386627404 24.165175107233203
104.11207382915644 22.79307428139119
100.90760035877183 90.42050143105699
118.2080614493524 69.78625008365579
49.272019659004016 40.90516670121647
109.97234121723038 15.971168024466957
98.17787403626235 2.444324699642851
98.88705848230272 85.72412547389436
94.7666630459624 -13.429836546305225
79.88224785576355 64.82166744761591
117.14345446373403 17.39668537611821
107.88370346678964 21.978646035227914
109.72189127135624 58.45711841034909
116.90741787732048 -1.6280922031990777
93.24321351075133 46.822120361734115
76.39642169565151 9.315592256093703
113.40865832777071 13.589640038777356
103.16558521127126 26.410801854910783
137.1427021074583 12.217161007507407
133.67869035236768 17.25058001559639
116.7488102882631 15.642233430103715
106.48196718593037 42.94273977077618
110.33263274995325 -1.4242663250390275
114.06176495047201 112.0748524294379
98.29461528536709 121.73844992335802
116.88756773544652 35.40721458553766
110.64176405512623 41.65325414888741
94.42490733453407 14.73966181949469
127.49106379478629 6.630395546545197
107.24507805792864 18.125426340455203
