103.88985172137185 14.484959037087197
121.13431300927186 17.702404507274288
99.22941568098837 154.20525818371334
43.68656729186904 -87.6323751026716
106.1613736621683 -12.625893197400172
122.63185984761898 150.74898481848126
106.93177213836114 13.22105979882473
113.63182466080546 142.93654958505593
68.91096084633078 -1.8507092953073623
113.54342459221282 22.159539565815876
106.18958696944098 11.736669218888785
89.68254791840057 11.707841033923092
110.9620349928442 12.058954084693209
126.01733024555244 75.97257250776269
93.85756401495593 0.4464580083180909
116.97621458502337 22.448962827474002
114.14050803542058 7.608694034497059
106.42545021194707 27.627403799746492
105.0906090272453 141.38987575496196
101.66990067151104 61.73283332229509
109.94271402439661 9.832892610054598
99.02050198765544 11.113409818849867
119.79395867406377 4.292716124495468
107.15930665980073 -40.17914051094143
114.118806731171 102.24509100554849
110.94173314516813 -27.59629619939693
112.7929073481061 24.238682961422985
109.57068583661325 -5.731560782362406
62.202874276978825 77.53212519450241
109.51681700240263 40.27574764502938
117.68911947887091 69.12434781749893
106.89029637840724 9.452658987758797
128.61912137919072 113.18064468129451
132.34507811986126 -12.95346759374813
85.78676042445724 89.89311831014307
112.97419538756208 43.39403793510672
121.45844014898117 42.59784527010404
119.65135746295233 8.563836038638438
115.06487569327732 57.80513219233485
86.17233322797897 13.284676708590185
141.6372526998173 156.51839795908168
98.05318128651474 101.78806375642672
97.54607206792488 21.074942259309687
118.77435073557687 19.434304745818086
34.5855952982218 12.249128445073822
121.83787817014287 30.860910992279006
115.19257385862687 -1.653545986235132
112.60878332273063 41.342117127360865
103.84318309966203 -5.32168632078249
142.5578751327232 87.64630555222249
71.6619213472908 7.111260383460699
87.81528030219664 59.639739592847064
92.9085004998983 85.13048265246891
107.55917790691741 -4.242205763337294
97.75993347513034 42.392099518169864
110.80496906769538 25.404859661547828
99.45430176767046 -40.05456262622384
115.71080336967155 28.464812175638652
95.07518692477917 24.14138148224236
122.60881050751124 -26.222712914730046
114.27813588649865 91.42808243786698
124.5079556185423 84.22706732262873
102.30803102722261 25.342371390782006
88.1208747629322 69.71127053673423
100.73712842452622 13.492693593040816
114.54347120231846 25.560165502496087
126.2114623832342 -3.3424606100619547
104.58734067074604 12.302738243807351
115.70558763767018 21.01937171963889
91.47668107809999 73.8067370942951
100.94783823442766 69.36683931177413
112.65201254418095 18.924191746215232
116.08987281384374 15.873184179242774
127.85520533306705 0.888303444783966
110.67783661240115 -27.089801410143977
105.09667457106526 90.9236673445885
118.63272729187047 26.596304679493727
116.61011221851611 111.73653186572291
84.78155497006136 44.47044492865259
88.4000349868524 3.671015001326346
105.07862126638565 49.515230365670185
112.25116412612562 -1.7124119577782881
101.19325184582868 4.1313103449196795
93.84203060293974 156.00954022100203
112.67041628599915 3.9874830270753314
109.5662904514233 13.669539979528087
93.3655929412791 17.28864566723116
107.67531183040279 32.78172538530771
107.99810461662882 19.193906958003765
113.08659200173565 17.954377064624193
99.93157037116983 8.20321988995233
116.97712330449721 133.2817036444946
84.47775250720605 24.532527692853428
114.72753761198469 129.34681499873633
124.3284534703912 84.00764157384202
122.70708707972322 36.99110993723621
114.47527839102887 128.1474995800852
82.81920123991227 36.673608021201396
98.15617781310775 31.560950624583832
118.5414461148617 58.52521782737402
103.59492430143578 35.566619828173124
87.89803821839594 72.70064650864694
112.40082373834818 17.85551845643365
127.98650677757448 35.36165312569377
114.74766851560143 107.27718711055942
92.62424120573091 7.384752044584274
39.98198033394826 13.493912249595386
59.28207434745605 121.63700839095638
137.0428635972149 61.0431171455439
94.82580244259557 19.677514074907204
108.96089542176995 10.663540667454587
93.79827089739734 15.744162976335854
112.03392147809387 9.945337752513126
111.83067488045518 17.509144131933887
123.26740626892938 29.758847680575133
74.24937530426568 115.64612850609059
104.25643092785853 19.416035403689765
126.13304024988776 67.76536500989391
108.36201086433108 1.449674017001263
49.15652222554058 8.622729770662561
107.41195430726926 56.82805803141312
115.45301706652884 -8.478171081436379
104.34761568402178 20.11555603844011
73.07430678272685 55.366873949164045
89.68686145975524 13.367980598979257
85.51875887796001 86.22125327330805
89.73638947531732 19.380417575421614
111.38378582507202 111.49489798336799
87.51619161877495 8.089826942405583
103.52629462296193 21.619196580024923
98.88971492905652 70.08170329715259
101.38659482656526 12.324106404119345
101.67215588212437 15.951797050232702
98.13877066866044 71.09778752721496
96.16534279038436 71.06062916555503
86.9283463475263 25.21108547587672
91.18351695524468 107.41687057550378
116.32605544260801 -10.339813661916377
111.44694204245641 18.564619972460903
116.0776493995794 82.56466471855906
99.32908560747009 85.07141233415439
104.06536377158905 39.0378786161271
111.5044312931624 18.97363336522088
110.18956048701233 25.368639180666385
110.35001780832992 -7.048768374275262
71.7370468635043 180.01776533027362
127.38779676280426 118.8553425166419
98.32827657557417 12.413142651925325
122.70048839991215 57.70346376782306
106.55218914663239 100.59907037173069
90.16587667596889 73.09215306847759
119.16514169532086 37.65135582875418
89.26780300874258 95.84396787519418
98.98358127285158 41.114719025479474
130.13493365450705 16.72005213007047
115.07673849915791 65.3595557043785
90.60585748491185 84.21446964036791
117.40013227996002 22.184724328109766
92.12620834237757 19.871384004967396
95.76596547629167 20.889883839468776
106.92031849530466 34.3182818475085
133.93105619328918 9.469752988336392
90.67806201495141 144.540039408241
124.76216303967543 27.620031619081665
87.33550805530444 108.01871685153358
103.06741955759843 -17.534955414840226
97.38566141159635 23.866796267291832
103.49849050215921 35.64097313190356
131.0109326284916 5.718526217726832
96.51830066381147 63.70023845839435
97.16160540569156 33.38857394526866
109.39013884758708 25.810904602940337
113.11957602672202 64.58246540860968
104.09324564180362 30.651849871961478
109.99727272288395 4.879367775402686
125.20285767837713 21.31990560911151
102.79655334069624 14.29839345772316
102.20392337045801 21.198388469912736
124.23954216205571 33.156112818753385
99.21131374091618 19.928543123423466
119.13517717075985 47.308356848493794
106.68482255961685 17.991429009682776
117.02633414885126 27.330868755725255
107.73365574094295 109.82074963652616
103.66686403067635 25.3265692543542
115.02077233504318 3.079279319971782
92.9152645937957 2.6752829720072855
103.61680630037199 -0.07523314652064617
112.56523985682637 102.38525698166228
100.67766123455006 51.404560274429684
123.57241828322377 8.364841872116921
77.66818572185942 -3.6454794065864182
110.58941506690616 20.71333096059239
108.63826094897748 7.144324485256885
129.72420979980205 87.5047708529458
104.79527291964577 51.783885420275546
88.47733367287564 37.55071514705121
104.19167868799025 80.33360607136053
117.92987299760541 26.174096190834753
74.16167037004111 85.25969107197923
95.98247429612744 22.49787028686361
104.52126989358585 18.663975459750006
119.88683735228769 13.151501956202333
100.77905503780613 10.25456564546128
147.88776234487722 35.503282077766094
108.58300554465562 9.908919672949258
91.18132097781177 101.19967482929775
102.22121109049485 17.725746073682046
49.93983438735898 118.0831624469789
109.06212635462943 12.016136039831963
107.18319716293485 7.455863668201031
116.07749617661987 16.895806068976487
129.1389056408892 35.275000343527324
110.4764849044187 12.300827210476175
80.87183592488168 6.315304807219375
110.81906468066998 -7.746698192515734
84.01434595000187 8.100337447613096
105.95028160595005 196.0447362730893
110.33888250033421 3.3666853244313697
109.59655566671209 24.837108081115527
115.13308068802807 58.07412522474493
109.26660333713613 35.112486822164904
110.06898658656343 9.518994439893126
148.23454272085098 37.88908083816985
116.01129663529633 17.472096718787597
107.10565907202665 7.2622279419690905
111.38736554631447 6.430907552785583
122.45433565871234 21.37204820091647
13.672567253735135 69.9318935314365
104.86796387599779 133.70518759383916
105.51605009222766 10.849563541863812
131.12957082060055 -34.0501998451493
123.40697485979707 59.420843166780614
118.95657441262753 88.77541048501907
144.09902474603305 61.66764576819858
115.41133711584827 32.08759375842967
86.839479386871 18.97229888415818
125.6881437311637 15.990018613355481
156.5482076933593 127.96743560873868
114.720119262758 34.18889274154724
112.04622226646995 36.53067805715242
96.06509507348741 35.157251084932724
89.4282074965346 12.18415503233269
115.27774305929488 14.425553101836377
126.76888898394351 52.52478751912007
125.49618886271638 -36.94071751056926
105.54419025517439 -8.30764329134935
79.90600069060135 2.55196680409386
104.24104344867844 14.569320202490738
52.25218922456033 14.796759268441175
81.52909566819355 37.73597020004574
108.77218443121842 13.673702483076825
92.28367764543674 77.48820289087284
94.91922876456874 18.95878081698927
90.32154366314748 18.36071221333199
109.74770697954892 10.692669561267614
84.65097923623615 76.53306628836204
57.21400696600431 17.86153193120813
108.39079661227868 41.16218526034995
98.16096567469074 13.648328828231053
108.24841874912981 -25.517472743156475
86.16879453342045 153.45789886848644
65.5370421011104 2.348267139947045
121.530275954608 77.67237507001674
121.36741184373385 -46.91269097033513
106.50081877234426 38.52058576839039
123.25457123018485 66.62481321961451
55.77751912212927 62.35707929646452
107.57244308084935 15.69128160644556
110.0988791996163 18.920109035743344
131.83793792509968 13.493640825536302
88.5435598391374 13.37620661583202
104.58191207526029 13.725671660541403
84.08579895640068 45.68399396134706
100.28410270648186 14.34580407835615
97.95302321487311 56.636917587353736
115.27378632821444 23.31348041427945
117.74584197312109 22.12170540652952
108.50876500260563 14.755261795580354
118.89967770826779 48.42432264012641
95.80088588635037 6.40545535641121
43.07190341899797 5.445297464824894
107.6990716074061 62.838683240065414
130.6568142042677 47.490947391583184
104.87247624839308 58.05280773721927
93.18544655500563 12.39881191237148
114.21579797733278 18.818382760925175
131.56369440376156 19.4526180407518
122.1868289510688 78.67885744098733
129.685472500336 28.242546484790505
106.48816559591855 24.896889770379545
92.33538147636511 24.733379816368654
99.83907093143748 117.25782818518304
123.35965780084626 103.42537763698923
71.89704233110639 47.02503930535786
109.92224480998131 10.743372093192146
91.47440942917207 -1.6114614938378324
108.72520273776604 92.93952332806823
100.12184304651252 2.3424732404374105
83.32777627633632 95.93797561085232
117.38452041923043 17.52699227695593
114.7686009126016 20.299223415505892
112.15198356284273 57.41137017115551
111.05986226255455 18.307508147776883
85.6301332188346 60.42494775454282
83.11723297307243 11.586657432722872
120.85690243964967 15.749583458844132
100.7414605382667 38.35895444448408
137.88345513215558 14.807039005538412
138.5638092957082 17.237693820937444
113.75218075611807 18.69468017593955
105.64066370203084 53.48514948364508
110.466521066199 -1.9285642710624715
110.62541926794987 99.90036071610805
100.02512856658295 109.00218483823602
104.70517095324769 36.72055825497404
110.68494410934731 43.53931507638043
81.94989780300466 10.293943672189934
126.64086804562989 6.217019132619652
111.95474033090045 5.758374903990271
