87.66209186246166 101.68204794571393
65.110286889694 96.21589067172424
97.59465707838721 104.5368674513792
84.28310928217336 105.39785629992033
18.89161428442292 16.454508152615674
111.75436008423192 118.85131860447882
106.63908960837287 23.710283951770776
106.0563923061183 105.9015147616434
84.29161107747481 8.598172828460827
122.77311167826163 109.09985731790167
5.636050260081614 8.015964294309056
83.62575884190268 10.124061410169862
110.75695916198974 105.23919048651987
133.80838900636462 121.68657404001887
128.28893387535197 112.81403657077756
119.69385167640263 11.172951444150906
17.801289001484257 29.95898422835704
101.65394600922129 108.89010596248669
87.79563214624312 85.96812123203289
31.34323501789837 122.93324878416252
104.49404716094428 118.4813900565051
114.27555732739008 24.961433236705734
123.94287212374095 46.48551309830566
104.2651288652324 101.2641495109457
98.96127513184774 99.04282811139554
41.2319326494306 90.18034392361595
90.15770762359395 79.44407478500779
109.40173071658862 106.3419149181911
88.12895974027235 132.06229523782494
109.46420203812818 17.324094503835326
130.46623491200103 95.25391233803019
106.79375855014177 7.863349238906001
123.99211469556971 113.76215251902931
18.903089864764112 21.586411178905305
17.852762157941612 109.97091161441284
42.046608144335465 126.1996861223343
132.10166680948248 95.83028752504471
103.01829962773702 12.231871004517615
82.03493088537533 118.90709103508881
87.24112392569108 13.692284130484724
126.64480156783394 98.87940147789708
90.8169393648723 105.76248637890212
11.417360876198172 20.297882403018477
116.60262767609936 19.9387356430254
19.090641734204844 20.683686307026193
113.85749782908779 125.51931539330543
13.824916962494553 10.529089176961797
115.64442172949774 77.22192777284324
98.86942999613112 95.16249844794424
133.02622803713697 122.13510607012441
12.452068804491343 7.355288399814169
103.67132648727929 75.39590006356335
117.77419420630403 130.02829479045076
39.371854446889806 128.44799582302448
86.91093417899059 113.41382230405902
30.75898694212479 124.9632501866745
95.38716720640969 101.43288597371244
18.759821009281676 21.991670046061262
95.68811535007993 26.406627701462224
112.75299140675475 108.284064511408
120.4997332627767 105.51368239650472
116.04840352355274 111.88583761229724
104.5569994153777 39.03018008283529
96.45394143978885 103.9531665753016
97.23640776437512 16.9144527394329
123.70947992292231 29.57292117665531
21.537631130923494 29.079124643232028
102.19782704257123 12.15886521471513
111.95531150176122 24.122796605857264
99.85179723971815 120.70705929981608
100.3045569282432 95.1555831630572
10.608387399087501 17.074636565346808
109.70139506991191 19.13552468360434
118.12817324250396 123.07596070762258
130.61302849560943 121.12808759668675
26.514883367989018 120.85085404602768
41.47721737675744 104.81987297813842
94.92027928116919 101.89704800610758
96.00552303609486 113.42370998817249
102.60369177882995 101.98354158082508
104.6438100115256 89.80344002961542
99.319923692608 104.92057945066254
98.53528988479827 98.18046041138052
103.55299406864609 116.38896613056554
131.35620638515007 91.08811966077504
110.50086644565991 27.163483129616658
78.66189450231307 102.59472707090649
115.24983894071892 107.82946468381866
17.039997101758555 18.871812581630408
108.74149235407256 25.004520558207044
18.871241602857452 16.210099057733615
32.203781352524665 118.7782795809693
32.83608902541157 22.30643761708717
114.95422769198619 121.42914304474574
124.24023846584016 102.84238109272431
114.5072749262932 120.96268548672307
107.29621419552805 115.47606929746068
89.84447130287 112.27415049011569
96.3376083941862 26.671457574925387
124.21372330287636 89.21256938241106
103.63635519860371 30.678546844765716
25.092996149191805 32.54231464264182
135.2282823962789 17.93314126298954
22.721279761106473 28.167178306341
113.5277159562176 87.11189262546101
94.77544150082991 8.874860439729614
19.52300338797643 18.604425207659116
51.968128614032835 102.3168673819472
123.31469488702297 105.97048237438385
94.23658795065398 19.700918327299267
19.106168791761895 17.517330863813317
87.61591212854722 10.848503457402106
14.453503697286846 18.770443940531866
119.00634359115524 17.04878625872318
105.83766378010277 115.31734560885097
71.37338895512903 109.13241413048853
100.89407435555316 16.93710210013995
107.20691566218127 138.35398569869426
109.68530034290814 17.685269650132295
17.74025295857173 16.822300865439676
96.82443140247914 97.82084303925971
111.6212817631666 96.39870869496495
17.635392127320788 119.44754411942914
85.21702214086852 119.29527050291327
95.58518611499419 5.272586541180271
86.12441738491282 121.04574575078102
82.17154630608276 17.478039852583326
31.761580377457474 122.60128742628999
107.11157069097072 122.51229201324287
110.77759529713464 18.827733278182954
32.27321438629377 106.7936967740564
101.1701654038475 13.168969137508743
110.92493050066601 118.74228115984714
100.67817080981953 105.08089615906762
87.74757592613646 107.62776806377306
86.53614154140689 27.186069562790763
96.5028907795775 108.64040814738256
119.25681647247394 92.7028354801488
104.2271187120752 21.652977718698303
86.04692917648894 103.68596159791814
29.7101691308876 122.57713654221145
102.14784836243386 112.64178331127698
20.24473224706564 18.303440738750325
12.619276154798209 42.37669633074809
112.21052224218388 26.27087894843453
93.05026268143166 119.14890843923295
133.21193082697266 125.3811914378369
97.6231480935801 13.812469403076356
121.59754107578955 103.76634036958177
22.4388480056281 114.63262633177834
106.91206223798007 95.49173198529547
108.62130095202937 122.18524097207535
91.96485037759336 118.73325751216993
95.88972948702839 113.13100210203685
19.79962824497316 18.462669632076143
112.00834780827684 40.776967755183456
93.74629565471498 117.04954439367735
18.405975151864105 23.306037595428947
116.53351943916232 23.470511144859834
97.94023810406256 24.966150600598912
114.51950029739228 123.90397109058418
74.32190975263816 111.83868917116484
47.6228170411772 114.22367883014186
127.53478066786785 116.66521154327683
33.20679748062483 101.13464782990991
99.82591588458028 106.23510056937943
99.06235747053155 30.55925724617924
106.71485951294912 32.76655797146971
22.315470711666954 21.53799931198758
90.60328138804599 113.27709069801593
95.99076876631712 111.11670397742249
101.2582884202103 118.45326787139157
35.63598057920364 128.68099090019052
100.70562578833142 116.17235434794168
16.275742504087546 10.789161238567205
120.0922195026779 101.52863396890477
104.6624964404954 14.719615873869378
110.41955857332663 22.032136512712533
38.76661690922713 102.87538321668983
97.39760288909639 11.581223530023454
110.23115654741426 29.392075592541495
109.13462322562081 13.143501492509863
132.3079640647613 95.71296657115761
105.36978486453273 114.07819911373572
109.53023538831464 19.937414449104384
108.61700836437349 13.926303462225762
87.41437207893154 106.88608311295562
92.47024685310011 126.85471882931846
112.56409919770869 108.41771831529002
93.46589748453395 117.2828438633159
84.02716931730585 109.42061304135589
89.10955544647713 0.3999814452881155
21.85522654194396 15.619571146611383
106.18413291780564 7.339424475490319
137.31051727421251 91.85450449519105
66.36297176513865 102.94370567817587
25.44371551393574 30.651338985325157
115.7738930358007 122.4600529491945
115.60903855619266 28.2456134430664
85.0564190325114 114.03027530346574
16.882694551693433 18.22541036603221
102.14123315952284 99.66720614258901
22.46032656736366 17.993723218686174
98.60695070051105 8.853796459530683
127.6649146370401 115.14592499811621
108.88465516251625 19.25207970125818
85.75324913801188 113.17336292846396
104.51137085969464 89.93668414633353
82.53545662591705 106.43469918586956
20.258177732095533 18.5350534138371
19.008435076658184 18.20394478194284
92.51189392426599 96.18501777070496
122.9190363001437 93.66603059398021
18.684665919495846 16.096751019141625
14.556276516371122 6.471136352307426
117.52652855176609 125.58046206695403
80.43971602331759 9.517951456426598
109.35342504948889 122.51618045148594
109.2726844136084 2.060084285147351
111.03274151070995 39.088764386207224
133.64574313798093 117.5550527589893
124.8761633156001 92.10076845121125
109.78890222707973 10.949774415697997
135.54519069273158 98.32014543071075
111.76554004398665 23.031956040229424
104.83432375638994 87.89957129217204
110.21963787816243 4.906887469305691
36.85807912378121 19.479824934925983
28.719951367459892 118.02269321228992
105.65834247358862 107.14082590219834
112.11978350973085 18.6303410575022
15.839336664411556 15.387313352520277
117.07705873059243 97.4090011651525
117.66344664262638 123.81360426864171
114.75392949345652 116.39583668158505
10.891732508776057 36.71115292258238
107.56634032132247 18.95472901618514
117.8377149357028 110.78737038248566
128.7964931432922 110.00380875693321
112.61508727260036 32.431194775110555
23.936178952290874 50.318629794563655
100.33584620841481 31.196147224008097
115.5001373422865 120.47491985210583
19.706157360466758 15.269492735533309
106.09073787979597 116.48298034405248
130.05415262278518 94.21055713311567
75.51345912718365 104.31083988396671
75.93192327259531 7.124078992834514
107.78076082148971 19.300893730588264
10.654321130430697 8.024234066296799
39.34076824792356 120.29111997195326
109.19473825542403 22.480283397077294
85.74693594648068 118.06902040967584
129.88481570842274 121.76388762803953
17.423716346024214 18.49194830301408
109.61472916193226 19.384070211686765
23.93135033898606 118.83915474368544
21.21918796200096 117.63828536445553
108.61094403839962 113.95477891916894
87.84392273397582 12.799997971714808
108.26377170040452 96.51149018016304
26.367679354029246 113.72631780562969
6.659934202366779 8.328491310757613
112.56800226737107 94.43625605939681
120.68534026745199 94.99303230066786
29.42749607387329 117.78934655807105
111.43481502846336 121.72907617154672
37.03433502051536 77.29955733357644
96.5951433732251 11.96563909799217
109.94284514492855 14.880126984412632
127.19460959532148 10.216137190217529
94.650733972127 12.916280786037124
108.90898361270234 22.487644988216246
32.301013502689585 102.23098034018857
121.62032631874068 115.18690473325222
115.06264404592746 124.58784361800149
107.35015117396057 19.429765328155142
22.067761476020372 21.343094489987042
13.127417641847543 11.73622207635993
43.0353122561426 89.69201706882036
91.30199173054142 7.424626997298824
19.886735751565237 17.392791255674663
123.05892799601011 132.94575277813533
124.00176931394628 107.06102470986858
98.87496032372137 94.84187240612926
91.42805722824892 10.76228738469414
116.89215959330093 20.285450384785523
18.660974101434554 18.663046523158094
111.7769006440397 124.84224775285189
62.948948322758774 127.10180485128797
20.270864554151665 18.81661172504257
79.0779473788505 23.403795183038486
98.29589288069143 111.68765504490416
120.7409250746186 107.10270420380874
17.14775770421538 35.69398301118508
108.0460567664479 110.54940054011158
90.77292007251266 7.13120243985927
107.76293511641225 114.3898324874277
110.38043754176853 118.21420605301297
108.17606991982908 118.5319624143114
17.651963687137965 18.472608884777088
114.84260050564328 12.888522480406301
43.83153420204487 134.39275968710945
19.331746430068442 113.78489884072187
14.70014744170868 36.680681449453026
17.888670308385493 20.91749264521332
107.55371163877581 18.590647306575523
105.71789245721328 120.16014211897463
14.66512009707982 12.65655713335567
-0.015875096646286613 15.766935425083565
20.247654011256163 18.663560192302317
105.10969497909005 25.474810761996977
106.71237499948087 109.33412828983302
29.88763593393848 120.76715088243864
99.1801406734485 96.73960783625647
25.37222526609442 113.29785464962406
16.65040646675931 31.185859510142222
82.98167214113269 10.644915250017885
125.71949367019239 3.4192583855549885
90.28286928449018 134.02578131349367
