102.4801871162014 115.27562246674212
93.05211711054291 36.24267886460169
112.24751854406911 158.40182611958244
9.054495441139267 69.98924859822245
133.19022834650434 134.66288602001686
127.14361674802328 153.14810630810246
102.11119120885833 56.098545065538445
102.65070179818416 85.86963669663658
100.89315247965406 9.862294267904517
127.54282143745613 27.831405452770305
108.76222950738484 24.568098212965133
103.40565044062349 13.672695672520993
111.3277203704314 -7.477193870133829
142.98067480185287 133.46307391980594
146.6568347890349 -37.45775967305304
140.5021260220288 4.966149340198329
120.07831758738419 45.77115206223153
115.28161584147057 47.09526961800045
116.1301199306565 111.77015449035954
102.69450515465535 32.26258162040958
127.12555577675803 -6.533681991562844
127.08780927168847 58.9701695871319
131.92188142980905 70.67574345914429
103.84266997036138 -22.229086149334016
101.26362721580423 8.88562769572422
112.33958724781225 -11.49155048378175
112.02540288263796 24.16523286342995
109.68101900103512 7.90341623074584
68.80221956605489 65.4489732531967
111.73315033534217 32.741479179339194
124.50217611419589 32.39729803842744
109.81847190084622 17.19958309242975
91.53607291146452 57.6975399501862
99.01522273972657 34.57270993462066
140.01094186054118 202.56107014894798
114.9495141896412 1.743488455235493
141.9334175475544 39.87877093031742
93.47333583508303 15.59331999561677
81.79349103826644 128.77461580431475
88.6650919358764 21.183827257160466
112.23959264048445 108.45487635052726
81.03780493324034 109.22404085915937
79.23562815141206 19.120886857074147
137.35717977841762 18.900646628193975
68.31771393794209 29.04768038511139
119.49856704805265 16.96557296442431
103.58921337012974 31.761544304336574
104.31818688548198 20.31124131582543
99.77840640903702 9.880513863906785
111.93908937567268 135.00843174944498
118.82562846452568 17.300884369889243
115.08139208599955 24.090149208949818
158.6165168836768 78.8346933776109
130.69438897161257 39.18002281692874
96.7018737811349 7.3856408793239785
111.83404655342859 82.17517055807515
93.67410690580581 201.28832476466533
96.47062057727932 34.220259768094934
104.4568069374996 28.270557698889842
109.73469022117219 29.849160333612275
138.4661096718548 97.26866361759541
85.41419138023811 52.12357669212173
102.8369413347643 37.906745760165514
74.90525727580966 109.98822908082192
95.80727137920034 23.89319201391376
132.87570338825765 52.734516893212906
58.47965133621494 43.47536363696732
113.02281682398875 20.177190216285886
113.59353607749169 31.598966548734218
114.739113472347 114.66605437025892
114.90987820850914 33.594982830159616
84.66820458766058 27.51344495554062
129.76306421245351 32.17510059575371
114.03325195027583 5.273253501977893
110.15849994992878 38.10735535512106
140.61066932675934 67.61050557272098
81.51370461241306 39.49281164215181
98.49040007909036 180.36599136975033
83.17843872666863 61.44260463799791
85.697340043377 -4.409188873550912
110.33503787529403 71.04633602672313
106.13952774128455 35.84900672235119
102.78731825304757 37.10036111459017
127.20877524826908 153.03912906398645
140.6178708877807 36.01904446825905
120.31535654431751 37.72351555198591
71.77498175174551 111.17652875164909
115.13569688810125 40.05026702430536
93.40558919491833 19.24258804664697
105.3194691293231 44.89803473020124
132.58781024927669 23.816300158125802
121.80679186263944 208.39245450258693
81.01404394500379 21.32886062907963
123.1821795083694 53.32646430297827
101.7006715376553 91.47197952077002
103.49746210493882 67.66240778903692
115.18632872873971 183.56474613939497
106.40694954046435 62.470262208497424
106.08376995277554 31.881423721107883
107.88557127439122 81.18179318797988
95.0085086116795 36.36892598599033
83.6093969503869 -66.15006356702371
53.66538488940181 19.354001125564118
117.58897926821967 24.702004616233456
112.21812348319548 125.4937038732024
99.62202870088645 19.347618885979834
101.05713396768496 16.905243721176166
146.75820242470468 26.158408961699763
121.21476701917754 50.54118998962612
107.08708548776559 19.110965574612106
110.52213996030513 34.09558950490863
90.28981546584912 12.023101665024683
90.7894996596559 30.28413117364326
132.81791578866967 15.787869460643803
98.80927629598632 66.96879200031891
83.00413755551342 117.20472185671667
103.2687077593577 21.661482315246065
126.63673444520613 54.65422498122576
117.08419213190611 21.114437495439404
63.914951165355085 46.09050280849018
92.98248881327322 144.02225617173565
110.55085440093733 68.42711256320071
95.07953356000017 26.817510201524684
89.94066069340636 89.6739791734043
117.82472411553353 2.2651318408641066
115.1397543354695 38.70884241898811
109.4562792856954 17.96636297088672
61.28990959177304 99.62314010417606
135.76773445351577 20.56565834292236
121.3854434537223 21.87014629205632
94.42705698658058 85.77968079577303
106.59965235481998 19.767948146194687
123.97614203295822 107.61362319526711
105.61329409956689 133.3582083330806
49.181599771424594 88.91500139192375
89.40622264623833 20.34455432042721
112.58421032110618 114.47895150612246
118.05810496890615 -34.11970739317759
95.55069858385507 23.865249828775138
112.9302583892355 60.630408690389906
99.45921553408564 139.94116942823726
117.32874756021991 111.13427138027804
100.2591076691217 21.05324064236738
110.41248017179741 39.298974004568045
121.95656956193949 103.38650668507421
101.15878022206641 226.41315701399458
140.3899718107288 74.69589716412598
101.1683468627237 17.859381003572306
128.08117176002656 106.0882631417632
111.83204914445083 95.06524912426606
50.822147193642856 64.5590637592836
87.94203699868893 61.144305929906686
65.84812604121583 52.939366698403475
83.70195580877083 82.76061529153749
100.9358243137468 21.33815332795114
114.99515111917853 80.76720602004855
88.95768722178623 37.72995574769358
123.93697541682897 24.288386995396063
156.4663228384339 36.09373253485719
96.47812463128587 27.013637186970833
170.30264384792352 115.43869206303431
83.94169595333938 24.114921507040922
99.63292334995758 79.47227536850698
150.07062797436342 133.16582092953232
109.62991593545256 168.97919081646688
117.48647587635296 56.910611811500374
97.08183469550227 38.750429867488975
104.22448794434007 34.12948534638845
145.9006235717442 61.83484319876365
79.9659645506957 21.598774523543995
150.19219316062257 187.38232359565706
90.59914877164816 67.86946401588574
117.31910933075125 145.55035273558363
108.96897823392364 101.43480067236291
109.65790631447821 33.95401469479468
125.2703577242299 56.667621430629744
119.224882104925 21.515887077723185
114.43161122020042 32.98495558533874
134.44059613981875 46.97564548795287
85.02122275654959 19.15405109705612
111.36462642864865 33.32845960324589
115.98679693141482 26.36678863589175
119.90424657180762 32.109984517266795
107.00506281183421 111.11758076385179
124.5559384623456 37.55834496698721
117.69720219653408 24.000922501970333
105.1141471152342 25.12279125495864
70.73046972828199 107.60719881276815
119.85447466362257 79.72143453692199
83.3661001743376 109.81421930734855
82.47812644392579 10.617477882755942
86.62512892657224 10.970680425498266
111.7320966769748 34.72361892604475
109.57325328290868 5.337834955104829
150.18904347463234 93.19151928585096
109.69797734757452 -4.739486361813986
94.51040663745347 49.57356212089657
134.98258778041642 196.11059953231847
121.36727131570453 37.41244281540204
94.85451175616012 180.10238011520642
88.17889702758623 35.79647080601658
128.17216170749526 43.89869757900393
120.42703947148037 31.114260890774172
102.781984284757 13.090191752282045
131.24154022992846 24.72286199358648
111.2431064850886 21.686981885802105
130.03637114474452 152.19779230393164
106.39429538509017 54.936914523071415
59.52440376411974 135.83365056891822
104.69744622887868 47.445081998531414
114.95610450168998 16.472376904127948
125.86901314818722 10.92258166363278
81.65886345901107 73.34745413393836
127.01414497276096 34.137800616896016
56.633625526021454 -10.787790465957073
130.60231079678198 95.05136384137253
95.49908283037229 21.066946588031314
141.4641113501132 175.3602484519343
109.25585285783575 10.826544263182356
113.03489759202796 44.160754695082126
145.32591108945113 87.81766674413868
121.66315286464986 88.12122035514847
109.36991435048301 28.753668860400907
142.2348703409017 109.89775191495275
126.19729380146357 52.46069555638504
105.01986011072125 -0.09267065337834368
110.62725569924136 16.088031178393805
128.5509467300353 18.209823906211298
45.42502033405959 87.39942987690821
84.63031651172709 113.1122520842862
120.63449778420427 40.91187363824702
78.11138964647526 5.817879173521483
118.10261845611086 92.74737562473655
126.9224088618716 58.935640113589244
106.34787931690761 60.751189240060505
118.31150403417847 42.752485901071644
100.73966267207891 18.314135691496446
128.41333906741053 26.317606072504113
105.5291468258319 163.94650595969978
115.81652506718335 63.485875395156185
112.24348221410536 64.43748008209857
107.3542743458595 23.137122275715022
124.29069856469755 27.229710281513523
98.85058256935454 30.784637862180148
76.97391822155218 59.501124201280135
128.3265822841718 -26.249189467330062
107.38691658464437 119.72860451020406
111.77099357619363 19.943298244884616
95.27843536233513 41.00455585653175
116.87543454494546 22.53056118560395
89.5894838146878 32.99052404944431
111.29171487714524 78.65724126159098
118.1758281719989 67.72429434242342
141.7197139213681 110.39266789666718
63.8715955085687 20.50658596946095
113.16924518637973 24.42491547558173
90.42408979903315 71.51419157923903
108.61291721634588 21.366824701418892
115.0389052939747 78.28389920310921
101.76929889569263 18.152856868858084
110.93682044578186 45.22146391408763
105.65688802673063 135.62773517313974
87.00315929918833 16.94055547493571
105.24212066212645 84.26955693533846
112.36348101970634 -2.0745656543501347
124.24780461559183 54.803020671628126
134.7350462436157 206.86436304693055
83.12327180643469 92.6002836882394
101.10445835492912 17.402368525549818
109.24210336709547 37.159409039003094
124.8007365482358 10.98911113081627
113.79131369383329 17.415391438609856
106.186638506696 51.01380635101154
84.9811264100816 104.51904583828065
133.89187385620926 51.9576804744009
178.48831296029545 124.82352275659292
107.62573062881607 30.72784017465474
88.08772841676986 33.722868162926346
112.1642587927413 27.502376417568264
117.03204773226878 36.78518999162074
132.43728692407726 21.107931394790757
70.15502078339708 28.064546791602815
155.47905847206775 134.68059339587728
131.414267004459 69.70740819826842
100.28384750572891 123.12942706741045
105.42398978650252 3.905550166589453
114.26963860933486 20.729858621702274
102.2490867022559 18.90967875716397
107.5086116515614 7.591515328642519
121.93182485763977 25.65166647807542
68.17179445485989 20.450383972436978
86.84740910745481 25.181384871034343
107.85862906699612 120.74933096376581
120.69529942307321 155.02200818296083
114.83463128469357 30.829557038382813
109.8325421290078 6.0214750461809725
92.91683283887357 11.853918558326628
132.69625127163573 89.56998314849659
124.81306889578035 64.06755985900105
120.5617249031511 145.99234972560134
108.78681322947229 19.952979657036597
125.70430562351933 15.334606528273829
116.1721962769456 72.02744056435644
93.31227081793455 73.0962732477145
98.7384608182049 48.452502564538825
89.17055125047273 24.04521846502424
128.25115346600404 25.54929025379571
105.00876847461424 42.39974075407811
108.88636958146064 26.39301033157134
123.59561824789357 19.668408701090293
101.67675922364194 27.05937682234433
108.23690934359712 42.029093411988605
109.98783173127359 20.7665450728761
100.36171316774436 40.121480580349136
78.07988314630171 40.35012951959033
80.27256747586428 70.26847427542594
109.88378196116818 21.84696482853107
88.48858265730658 8.374990573432152
104.29997883430907 20.548047520046396
122.04203116736298 -14.668501717232347
