103.73757561442385 127.53980298193605
90.80764942360284 49.684066030029854
114.73775515686341 144.07545724902224
10.575055647541166 92.8155174555628
133.69203329104326 138.7981124573604
124.78263958284283 136.07974038943826
102.58986665751614 56.88611829390363
101.90461968536256 72.94830479702541
109.0485113949764 13.97362885618563
127.44531758051544 27.198841043986572
109.55053319744447 26.036315032183715
107.25343426228851 14.842586308839481
111.10395390242957 -6.2762076147234716
139.4570295507394 134.39111990029028
149.3661278108582 -30.610296010048007
139.7877754008624 3.8582088015690674
118.65197459010123 47.24521015363826
115.67622562703417 55.11346164267922
117.10763386673946 97.20147901811855
104.43461275077124 32.46404827174052
127.33256003010763 -5.752990265039681
129.11591025695282 60.544630683945975
129.93715323869094 72.034323150452
104.22783613001775 -7.8972715261471755
100.30048494295637 1.001722584979087
112.05990895770292 -2.18289334868194
111.30834708101675 23.070110163342108
109.73476657695593 13.745293104484904
71.18812758018855 63.72750723007291
111.74314598191897 28.183740224524627
123.04364771567778 31.064213190327546
110.43758819452492 19.062197136187635
87.91052726818026 48.387660336447084
94.79819303076754 41.3063721521742
144.4633426333856 203.33966949132775
114.32635076832705 -3.1218121487812094
139.99890765957582 43.72732408371534
91.2515554387025 17.773252164463816
80.99610727854446 130.126075325098
94.08988914979649 22.32660986396547
105.4402096657031 89.8740055675123
83.24918581319461 102.10757944962222
73.25148642673408 18.653561695190398
134.88314546744806 18.895725390839523
73.95194262830208 30.39912959615444
116.88155494721886 25.597229130364234
102.68872047160093 35.55858384839579
103.81288408256613 15.917208249273344
100.9364350145029 14.935668560512681
105.66896764236658 133.32328466789576
126.46381549501356 19.400858922603316
108.93993001646808 15.787362645289303
161.63108552625778 76.21682509810582
131.24267738012793 53.10091867285607
99.58801983327136 12.068312985666648
111.50487226471209 92.5240607972405
95.65286008967364 226.58427012211655
95.42568197108889 32.266301272937
107.50259780867455 27.283755152940223
106.82458008408359 48.70518958672573
138.0596794102655 92.06931159982321
83.05439833835106 51.418174564348284
104.58403057227974 36.89593876328637
78.86739579841655 110.73088794924418
96.94309032753354 25.160226081793386
132.53581623670738 52.0964649408315
56.64496028723553 48.207351874596775
114.00274711312639 21.473965584511642
112.38151463393459 31.410428090978492
118.27559167365145 115.00215464614412
116.67669770267223 36.166775525063585
84.42480089937972 27.483283978656356
128.35389871820453 32.75707264316486
110.33900383521595 9.451497092335151
109.91696480731864 46.913214118181955
141.393186865264 64.87625536645996
80.94067641527072 37.81900783531112
97.12553885205735 174.8168181856896
89.12011447142328 66.20233066822243
89.95985653761542 -0.4953839123280379
111.28363475045971 75.85417892545212
105.72586520707642 40.164827598436595
104.86327182639049 51.492448352528434
129.95652039133967 135.99775969915672
139.67649801316946 38.88263398572305
120.46089235930667 39.480743362221645
75.72995451913768 119.00186906944907
115.58228576540854 36.96923722564139
93.80195000140306 19.238235866863977
104.54280479597556 45.10079392753565
134.43045915528265 25.993046390016335
120.63566114896042 203.9716372088627
74.65729707718066 20.111427135064346
122.30219254112161 40.11558966752435
98.69037857078777 88.26770847416421
101.43894808484099 71.45151693339936
114.3127273030412 178.06287985747315
111.94482893837754 67.42292017921285
108.30761771045593 29.545254344163645
105.67353177567928 83.18453608037397
96.3901938736961 32.76975754992092
78.28091928319733 -75.74939497503429
52.65020445150288 19.600479646845013
113.91141616100943 21.08839036645807
110.94820269718119 117.81747870328913
103.19062689728072 21.684799171629194
114.21410893069293 17.979370976184022
147.62054712114514 15.798204456706689
115.4319375139463 42.682258342766
109.98082678708747 19.007109154595916
110.68063779258063 35.716032421180316
93.1292268137825 12.884336614560294
90.34006156203685 32.17340167807452
132.27052400607715 16.24318440003019
96.21567944376834 77.02085692610919
91.38307947421606 107.3397549258612
104.18901526934368 21.665964678287075
122.02289005863972 56.36253124520111
117.49012647913852 24.77562147657846
67.66772653942913 47.59707122448476
93.36061077113263 145.23620383097125
109.54409125699554 73.69964759562059
96.64734526767076 26.537579491208433
98.17954673508171 93.17407856415862
121.91776270892426 3.7173941725364834
119.58272560883901 36.35806913319818
113.2681002862515 17.94856208608931
60.90708636928682 89.71974415698202
140.3384298871069 22.62188364063179
122.6670999392505 21.309113895694438
96.84744489618363 84.3197327831221
108.4494698150617 21.312210313843774
125.08090789448691 119.09095802685684
107.89605319228093 131.1430288769098
51.1128107507762 89.84428343078422
94.31333051345372 19.150840501377715
116.35898481537512 108.98215903873852
116.81436452927862 -30.4351908679679
94.81565273002701 24.09102049986959
111.54495395740636 47.40632302566074
101.53704140472638 136.03942142971894
118.16239583363036 117.91299430000345
100.08624922243754 21.107189900234474
110.33844863298539 37.56619829631159
122.12907209064359 107.96700303113684
101.65397398990464 212.5479087133889
134.49041767652534 65.11725461453348
103.9388316957992 19.31205205152154
125.10222070328842 107.42280384988817
112.37845822804242 89.7595347980383
45.45958805177324 63.3479727656208
86.20192038407703 67.46693129818321
70.4801463740169 46.58544801384899
85.46846216089715 86.5583273668672
96.88410975807685 21.80557641740069
113.89381756571713 69.81561909548935
92.27636403287653 35.71334972841061
122.1816249090058 23.621842003219832
158.39754809569845 36.25580896060843
99.29347064905731 26.481234841813716
169.04922945855645 120.72224071633147
78.87347525300619 36.76587830376038
103.58501887735206 63.55104860641366
147.68837402929336 142.80856035387004
114.27189573981866 164.4712871202585
118.77114797686428 73.35863995388605
99.09873427948828 37.50210501087489
105.4203127242024 30.442920506413945
143.29849180634528 64.27686877189485
82.88821305797642 23.468090345966193
152.45460328211107 198.19027055734148
90.79306334688332 74.56400125144906
116.79155161503901 144.6163218274881
110.17202508074448 108.56919829507594
109.63541465870311 36.981277850827965
122.14545673322003 65.55417714297984
120.65488823414962 22.506267857414255
115.79046352598978 32.601990031318074
129.93068729208173 43.918435857372074
86.77862457795302 19.08207084159262
109.29998336224378 27.997861316001433
116.58889383761796 26.699747296592086
118.65101533828462 30.453641769063367
107.56225389581888 91.62671993869084
126.05988551731105 36.20498362083029
116.76590699922536 27.297183963461556
108.59603345972069 28.588280446680596
73.46480758284774 122.06390232996968
118.39931347968158 73.31681725702018
85.91729596825728 113.66706545330251
80.80663722290468 12.672119536645525
93.40014662627287 15.611815316862122
111.5938858704804 34.74814005217903
109.76716138181325 7.172017167582987
145.05819452870898 89.98126327433482
110.73961623658073 -11.124744636663234
99.00551033234666 45.802130113370566
136.45799714616535 197.9649541257968
119.9095954657881 36.416896938475645
101.62616889497814 178.55841698229273
90.74688411502902 34.911500742789165
129.4316606536917 43.694649067842974
118.89696429002186 32.35583182716382
104.66821758073351 14.987328039641092
123.77364232328209 34.08394713289991
111.476914506752 23.4935404000054
134.14792319068297 144.37457684130268
107.80032762116808 54.836714152779564
73.41538161829646 136.45008534324825
104.77071188174978 48.221854856054456
115.50803315081528 18.695675855236416
124.20147057963491 11.400999384133481
78.07963062522128 79.16472157669249
126.73514615498894 34.59840503470186
55.402932526563994 -6.956842868519823
129.88011149839852 112.79939704818169
100.57126068601673 23.44691505075424
142.58158145997731 159.29995208135261
109.11508800770385 14.276559261046325
113.10097267249952 42.99605632682669
143.08443873037734 88.01126147689871
121.97376724565504 94.53209957117468
109.32712784802368 30.74412937427085
134.16301935214238 116.19687976823553
125.68284749634726 51.935453431124785
105.70103662860828 2.7845201479408273
110.22389475069392 18.67953192105621
126.17635626024074 17.836121403278263
53.53283506825418 96.04737056584534
85.72648201817172 100.04169830877917
121.2929396334575 42.335992673835186
73.33432852542718 15.36654985793082
115.10253254414543 95.05495461811637
125.45362530542516 52.32038695357497
99.66907754763346 61.90469739655554
117.13487562749839 40.063207207294354
105.57617277896253 18.438379006075902
124.38877722135683 27.010512689764354
96.93392509327225 151.8385219084213
114.67978672140441 58.84213515282066
111.85169609628414 60.027208983767736
110.2673258159453 19.85859861973323
128.4177705171716 39.888933587129195
97.93776788934431 31.805078369549538
74.34287407200625 64.86709092145179
125.54414539751451 -14.321943893563303
108.17120315221267 134.86486949912953
117.66947504650902 23.252887396235074
96.53117771255307 42.302382941303904
128.27897343135308 23.27998326941074
95.07887131333435 29.421628853089462
111.50890770174183 79.75506566328343
121.95404764305135 64.77653812909784
144.84722323411006 118.39091107774621
59.09293406191949 20.60309222195462
113.17443157849321 26.004691391116303
94.78006727870334 70.37322599413959
119.22522427995393 21.832395268337716
115.1544085777003 84.30331933180581
104.71461041512408 19.227856004859873
111.23157321206047 54.20404463571495
110.58653313041559 118.39933750400729
95.54204334027304 20.13016353775735
102.8405159965705 84.37988618920058
109.75646217710658 11.346623854288264
124.726315405641 61.16775391192152
131.88857451097826 211.40882163437212
86.18575925861725 95.63525432746579
102.07765069202541 18.153099066719584
109.2058519341181 37.34314341118943
120.93255779136359 11.89211847593729
118.07999228819794 18.581760336178462
107.05544026598162 51.55800672623386
91.12077894718176 109.04249900999982
135.21582871470594 62.527464514292085
180.72190331380182 125.86158358416697
106.50417817410455 29.440722669576154
87.19581555112649 32.719292207332074
112.42194317029998 28.22442123125291
114.87219583996425 31.293994223105546
135.21281837260693 23.70283466589384
84.89932551274607 30.746430819472323
154.84753382332482 138.00429035187096
128.15158988483628 74.75715737079821
101.10237761358998 128.1371152607422
108.84520000612687 4.968427908370863
113.14045384539716 20.78631257115208
98.04631863785481 18.852399603094153
105.0816645364884 3.5472110086567286
117.41908984184616 23.88564511981477
68.93245221039764 19.382233547863304
90.9275715029876 24.291713987960794
109.63374994064624 110.48583366306033
117.5323441028551 148.18183699078745
112.97015416014328 24.688824819407145
109.83956703954235 7.480422764584934
96.76097475154265 16.506038293544087
132.50020100483312 85.30755083760938
126.92791720844768 66.95662739230474
125.57926994690396 141.66511131073025
107.28959805791598 20.31993104151318
124.54492921147471 15.224273973604236
115.80440600764737 76.4406626481342
93.10156599254304 72.56733844180687
104.37234640273026 40.451111874448074
86.10264673257517 25.278928222354967
126.28218146103546 26.203221251812977
107.10296358531133 37.55835640060717
103.4866228895333 27.295202225008623
117.6004589083096 20.09341537842096
100.80191964772251 27.24865312627068
109.05801959715288 34.80853066996865
109.85215784078336 24.94370203833335
100.18939490862752 33.82072875224238
72.22105964999145 34.94265652425265
81.43195699015591 76.24291276456924
109.73995683100367 17.085803578627242
95.29610362097992 10.120513507830692
101.1469600523742 23.15414622389273
121.69947217774818 -12.463307136904781
