104.4748456179329 132.85294854612678
89.8784096938904 56.44135808031922
115.94532158892007 135.98756938965028
12.178397530382796 103.94708514134034
133.48917957673805 139.27847393548763
123.33322108553739 127.05328393356989
102.96429525509447 57.08025582118397
101.59100898340702 66.7743322926231
113.1556550021632 16.13705884692212
127.01203737856858 26.725284389636215
109.9590419866295 26.65823176363343
109.22596297711371 15.484212890288715
110.98594585416308 -5.287459339502288
137.2365959059901 134.42405358907294
150.19774535615522 -26.45529183462245
138.99826164118284 3.480674542828952
117.7248639437162 47.61237626974527
115.79184652312868 59.82925970267708
117.49453972235983 89.35294813780011
105.35997229517083 33.222992078834714
127.23268370339932 -5.126852274032277
129.7760594326904 60.36171429392994
128.6487390968671 71.5969470655253
104.50903461556281 -0.1375061845806682
99.91993833399152 -1.7343641135211185
111.86993942183808 2.866079699555966
110.91958035551386 22.465763581630952
109.76226081215262 16.822480675174955
72.7430197050734 62.90981159338651
111.7033165355344 25.775617816993176
122.0562792034929 30.856860957812682
110.73913466808567 20.003591641367045
86.48152249462724 43.661724071475426
93.02269868257895 44.43616671894399
146.1512549456495 202.85560811408362
113.97653578457452 -5.23587419274782
138.44426973011062 45.96351756322725
90.54981056799585 18.89701875036902
81.27167015634146 130.32075567580227
97.05203133026232 22.851018010137885
102.0693669771262 80.00909586665263
84.88353650028729 97.49046172524888
70.04871663381407 18.42490070763773
133.2278720248948 18.903470507992118
76.52195932536857 30.974182949610462
115.46090423931817 30.343353206152596
102.37452817057442 37.24567715086509
103.64749937500606 13.744044751774764
101.6859980743109 17.558087521743445
102.57343298072163 131.69677713055603
130.1342770936398 20.454213183746766
105.88909842704903 11.692599027637922
162.49863410885138 74.5758719713106
131.2065668586414 60.08650820863576
101.12474416697322 14.790549649232458
111.28276086110631 97.16489307942783
96.90217100880423 237.9612846953002
95.18908607065786 31.137691311163152
109.07020202375267 26.646566715182203
105.39101051688935 58.151057783744335
137.67510736745905 89.14726242613744
82.32125965222168 50.90480948863978
105.53751197023031 36.16260544143449
81.14232087762062 110.71087908302385
97.61942605887229 25.69114611124972
132.1403332100938 51.131895875850624
56.28067102439701 50.39100848540698
114.41532015008187 22.109849632458893
111.758123830236 31.114112656201364
119.91674358812298 114.94581746125218
117.44538499360019 37.80685787209617
84.78393696295888 27.340533672750528
127.45679368440629 32.76969260269197
108.46652866877739 11.667839271181162
109.78947540395848 51.01160162411694
141.50863967637056 63.712821649318066
81.07026837674688 36.73150149812881
96.6391187988379 171.35573098868252
92.39393582880781 68.25821657548933
92.33154582194878 1.7628130836064182
111.72611070351373 78.12050737193555
105.62841833712383 42.169777481541075
105.99499214545219 58.972855073188626
130.9369797827323 126.22679223633824
138.68261959580624 39.9065644712325
120.38468638984321 40.22551522569791
78.38966521229388 122.15431858805269
115.72108947046416 35.12737805150168
94.22117830765136 19.237170556080482
104.20964827215462 44.79818352042942
134.90066479838305 27.015451321369717
119.97901745234412 200.4395135558148
71.36158112999865 19.483577368550506
121.76144659874218 33.63619659504978
97.32327218924254 86.30119749182684
100.59663490644046 73.461406550567
113.82156329984502 174.47115206416495
114.67984004077363 69.85625536515164
109.45191225939053 28.267290099263217
104.58800420002505 84.14144255294872
97.25586448528176 30.831812800440826
74.87565931576734 -79.64685641778355
52.84001982771307 19.718934286565073
111.97449611101001 19.238403733337186
110.2736761627173 113.44063711622313
105.05943771476898 22.825153580551017
120.76020176089564 18.539774394283768
147.5534571226085 11.034033666465143
112.43281796910165 38.39184311518162
111.43432966773007 18.956761795794332
110.73675079032228 36.24597595033565
94.8484701595298 13.407656521060566
90.23675519532993 32.93684004832885
131.6872656908357 16.553588191610515
95.03179815018925 82.2377815020958
95.97550869552056 101.94029853455464
104.72719503099627 21.640299574655202
119.41770295022334 57.620568750617075
117.5669431099435 26.55648037853131
69.54382711839078 48.11782438401249
93.78234525932403 144.18937126865822
109.04137147458013 75.65038421145388
97.63845733486345 26.29447026446474
102.52162136201025 94.63508148998629
123.8459937225835 4.779842915615834
121.62300808104708 35.30597613696013
115.12175204790715 17.96171598645512
61.83469108976863 84.92273619389232
142.14804700496657 23.600180068563787
123.13627869219509 20.972083081587318
98.15624784537592 83.06958425481103
109.38592396625606 22.066381078130615
125.3262318148428 124.03343186841542
109.06652836967967 128.48908156780797
53.23347948230337 90.0524661629175
97.09632287648607 18.561039117605716
118.14906265302068 105.73282927609964
116.06295999009515 -27.770221224219057
94.67520457492652 24.096291357085683
110.81816520096466 40.18623841553986
102.75827331676861 132.9805918956157
118.45675607723776 120.58924554346413
100.08321351722542 21.10162402331198
110.29292166776504 36.42176998035992
122.12004980690433 109.38842159716577
101.49582736084977 205.10410356151067
131.2883809410002 60.62108890112995
105.41996995037626 20.044588491812547
123.33919063277953 107.07164071459427
112.60104807615856 86.95548171337109
43.29316866420603 62.40013649717376
85.7007983975527 70.6082611334924
73.27322957024366 43.64650393136136
86.63645877834199 88.39185890335946
95.15955299954224 21.99281620885781
113.28287909337989 63.343282889946956
94.2235712102147 35.699870103279615
121.12748327501455 23.18260569289219
158.6318078739444 36.052932383639565
100.81357387341227 26.132217220246154
167.6729601428122 122.32381121866986
76.85139767617208 43.9206182629845
105.68170954931928 56.09146961089147
145.9231931129484 146.67606511723298
116.54933764109842 161.2789183687899
119.25315260320006 81.25571594163993
100.25110710256678 36.60061045692234
106.11361103426779 28.42606619873905
141.49890528437317 64.60116850588132
84.71185931549799 25.370521942405738
153.01064634670496 202.0056503692822
91.12065681234314 77.64025943406314
116.38286706679393 142.1588489812681
110.76540466802206 111.36166653351755
109.62715723587034 38.430345922246595
120.38700177379164 69.75873868815492
121.30224663845186 22.943899765371313
116.3339920404154 32.07170524387776
127.51274242910134 42.18599445007882
87.94978805542297 19.051934331186043
108.26898736092134 25.134635105949442
116.78682401316 26.78094588883654
117.931914058087 29.470365012740483
107.87311989829335 80.7818129734542
126.60185923238292 35.13586977139619
116.1952858513416 28.84068408164297
110.37133954944765 30.240809821898406
75.51574631500232 129.06470778810944
117.47086107790052 70.16204758810066
87.58082395507441 114.76108508073808
80.53576874840006 13.757758727998732
96.92230279575476 17.99225521385945
111.49568800433666 34.59714587235905
109.86261941154147 8.206493318387707
141.75012552281257 88.36832184712544
111.25218738437745 -13.709258059937092
101.43892742150999 43.62672829856468
136.9207238220432 198.1604126995252
118.90069132803099 35.51533605416623
105.1074658566002 176.64137585294375
92.36552330790089 34.306279078329375
129.828864606489 43.33939836467413
117.98970821903345 32.78247882913378
105.71351822243436 16.02894555275093
119.82317240537381 39.55881629420584
111.5616391261059 24.347194799609497
135.94190345694756 139.2674764119173
108.52393414885177 54.305183651332605
80.8395383098323 136.43396066565674
104.89810378539684 48.157775465530904
115.6943531649802 19.813772572840126
123.08056807277795 11.696913251579575
76.65749955531777 81.81336013134155
126.3552046516018 34.505515399159464
55.006625851665106 -4.525604310414922
129.24305488416846 121.51899804238869
103.31228925397168 24.59100262589091
142.8785578289981 149.82367056058195
109.05283083744843 16.071666534036773
113.10713366719116 42.02383238988295
141.0781379256434 88.28479185867974
121.90687864152102 97.49451058795603
109.31120339899714 31.5625518193195
129.5515696651085 118.48202636893232
125.18112145263137 51.182560428332295
106.10887191262744 4.408829017431539
110.00540090135785 19.98527815245765
124.6481255558188 17.6765533089439
57.55001079575971 99.92533209209303
86.57627352138262 92.99015589624646
121.40572191792174 42.718626646191666
71.42389095679994 20.2205929209
113.53523487327443 95.76359758542799
124.63408210580421 49.0662638534858
96.42348526262009 62.90616659678911
116.47620566386671 38.60557716263609
108.07952847115335 18.50767991558806
122.10101679817753 27.195931107668372
92.8377677204589 144.2842030817358
114.03681859915203 55.65329769670042
111.62395577980038 57.36566823485255
111.72556515091874 18.202923096947043
130.1380885568301 46.39565276829834
97.62973899848066 32.14868440419781
73.57463418437294 67.79077712780328
123.89725383830103 -7.7842665160480715
108.58180620482013 141.1369425183828
120.4891697862825 24.854106664368455
97.33437246074564 42.71232632412389
133.69744906152388 23.612761840881387
98.03784812495755 27.537719231793382
111.58737667836161 79.47204767527874
123.65246651647975 63.35317615748421
145.80343813635722 122.19708726674281
56.99246661518705 20.629219795978976
113.11434472207831 26.694443956436903
97.21451844590428 69.79729904009264
124.41845957764292 22.050048790284485
115.10220523685122 86.68878207262593
106.26604247608434 19.7690129284167
111.36116907022789 57.87773677158062
113.0475104299381 108.50514620100962
99.9622208694559 21.717544276099282
101.73322156373533 84.55886684689398
108.44110314039418 18.18431519482992
124.74920870838119 64.24741754794036
130.12070672706778 212.7641578447358
87.21324579376072 97.21936404895438
102.65774539376845 18.55594544500051
109.19414160491498 37.215988898981095
118.80704610042514 12.40661111008656
120.04828965396543 19.181091743874735
107.54349371231913 51.21731944847013
94.39657158557404 110.54690446561835
135.45754176717665 67.95156042424712
180.551058571564 125.32419359644472
105.98148538633002 28.636988896326887
87.05316559615568 32.040085378589964
112.52457307748308 28.447009641535153
113.71457670819333 28.359465167457966
136.06075698722182 24.949425864274197
92.86806758673443 32.01761164545413
153.61248955722527 139.0531903351156
126.27188625567808 77.32186015107243
101.61268878661157 129.40769708521321
110.56963210607691 5.690201013736779
112.53099280965132 20.7895602049964
96.11257927177387 18.829956182181615
103.91995675690468 2.284893300189693
114.99212159979935 22.88062168286626
69.48925358853772 18.844195908067185
93.42288496656002 23.771262304502198
110.51994792075489 104.38688198692383
115.81958109544667 144.22314860217634
111.6803066539246 21.577847387113362
109.84350623786779 8.443981354344194
98.83425995876537 18.896614193176912
132.01007525508257 83.02858136233459
127.81516873671852 67.40061618007381
127.8767464822746 138.8951387277531
106.57355240666692 20.49051858236827
123.84900348009299 15.26237791159861
115.52472643416215 78.35803221338017
93.22750833604874 71.35853048052586
107.32480314255066 36.11064780443017
83.99867932942588 25.796068963693354
125.03125368563524 26.393180990701268
108.18622733953995 35.008016612229625
100.899642045845 27.677418771151043
114.45645690097915 20.297218846615646
100.50546405361146 27.249117052600926
109.48031789081881 30.957672386199633
109.7833829990519 26.979375207014897
100.15375209619522 30.723391152780593
69.00118724734907 32.535745778895894
82.41859476693458 78.76226053130715
109.66878811675197 14.716940139882972
98.79269877696547 11.125853210060425
99.66417970957178 24.409874505100262
121.26428662538534 -10.69900250346109
