105.265720581959 137.91591031906714
89.11525350518411 63.702970429285
117.08083818041088 127.19552276160553
14.106717619498806 115.12938780653666
133.1467842413391 138.2718133357059
121.74633803571362 117.86108009008652
103.41040446637582 56.9544552142464
101.36565605479825 60.34031924450488
117.24127576920958 18.315483553155282
126.33558312161868 26.208295527545935
110.37220816124764 27.15376524587404
111.20393194974842 16.137374420606225
110.85980808384323 -4.142746283186716
134.81045067942625 134.27019061482827
150.7837177880993 -21.8060246666804
137.7868474258918 3.230879170456781
116.7482371485354 47.604694103212246
115.88090662912664 64.74374771046084
117.77290906897954 81.5942157644217
106.31235229039557 34.48855238489472
127.00043775881899 -4.20995362097549
130.34874035117645 59.6273196222685
127.18805207183148 70.76203243609017
104.8434003857606 7.90962748253044
99.62955808142294 -4.302522856708096
111.66055407719585 8.072148437549876
110.52170078253049 21.824842761669444
109.790214477522 19.94572395556223
74.18150923671328 62.56955663894582
111.62773602816391 23.272852973662413
121.02254211086326 30.956503888478277
111.0286877318837 20.937012743845454
85.17110706940244 39.25130211401322
91.48167976544134 47.13533266339427
147.32941180228102 201.6097612634974
113.57192679104058 -7.200740277435127
136.6772001418969 48.22435431723711
90.16956044030064 20.026177120268507
81.78891797385428 130.30332324037897
100.17698941673568 23.327224492365158
98.76773529919191 70.12848282397637
86.62294029303212 92.87417486390284
66.3995815731304 18.204639863747193
131.381301153363 18.919069734602125
79.0506415986092 31.50965598238075
113.9450357636526 35.2986327761635
102.13408200614347 38.676233376439974
103.56772499436399 11.631403303914665
102.51543715014867 20.19342294516092
99.59154491518672 129.9384096393676
133.56549737348368 21.49410533594001
102.91246088064405 7.679680674710969
163.17395450512763 72.56171797407491
131.01794317314264 67.27471060997605
102.70203899963809 17.578355929960896
111.02710905721412 101.9174155449254
98.32182225467454 247.9813923578744
95.019576087387 29.94231945596785
110.64804713980513 25.894201617145576
103.98387517414075 67.80567550444918
136.83904550373418 86.17413596468722
81.7727804630239 50.1688624473132
106.52593701180703 35.33640661885427
83.69877230987612 110.614947866403
98.37999362455032 26.187052682365135
131.54958959162065 49.89717626153873
56.37443173220141 52.28268604783822
114.79110953064296 22.738853009256292
111.11376423093229 30.71229960920413
121.47494342739985 114.1026109399241
118.1328939889973 39.98681977323501
85.37712782050119 27.132928974171694
126.38485269508831 32.70452972783106
106.60379479168843 13.961287819253375
109.65988536647927 54.880506938330456
141.2799687799325 62.65743866991069
81.46951987951374 35.45815465436142
96.23565496144431 167.3899957845014
95.92940874263988 70.65060852302419
94.84230500358653 4.170230852716533
112.16250776205881 80.60793768635585
105.59531005626239 43.735189111075485
107.1666845109274 66.76554201011658
131.62125038071824 115.61326033096583
137.38407755991466 40.74519422449205
120.13618153635747 40.84191574645871
81.65292364025872 124.77471478711163
115.81131001046766 33.03530720137579
94.81728778070745 19.236982551695558
103.94394530400866 44.16886236906203
135.24952393046635 27.969042630860752
119.2047384581431 196.07213540849713
68.16900711743048 18.853006814080132
121.11106559126604 27.765383654848083
96.08636540958645 84.41658957869149
99.82584238852202 75.43237397035719
113.26335556459607 170.25759182844507
117.31637492114311 72.44842589625019
110.60116055592566 26.892819707047362
103.5370054077335 84.84082178915088
98.17049254301821 28.794536682349204
70.97515969554777 -82.6338725470561
53.1305107784165 19.835363610360908
110.02664423844993 17.38492014499882
109.58100278438938 108.76347566110826
106.97394329165061 23.934555735412808
127.18944250493576 19.10466425563505
146.69463495704366 6.825381853280811
109.40691310985636 33.85106052662826
112.88479150664617 18.908982815538447
110.7852759282193 36.6919437407626
96.73143822035465 13.980663579213708
90.31275824533317 33.51448300346346
130.98737905457156 16.884361756397453
93.9392877247958 87.40805476648583
100.67987573139554 96.13703838940255
105.28433136624172 21.59644443787427
116.64029377246467 59.147741365992935
117.54312428129904 28.226383430741553
71.51410924668428 48.12011637399335
94.49336796844402 141.86803330121552
108.5510672927665 77.55031788785405
98.69178544130435 25.95637787648875
106.91802693168158 95.48938623024506
125.57294517744805 5.89059504652216
123.55682707485892 34.74151986447502
116.9133879641889 17.985186875676614
63.263726161803426 80.29967100885558
143.48981239768582 24.525611086949116
123.39121533759199 20.610827001765436
99.6500730683209 81.42467271319885
110.32666614366752 22.79843104440014
125.44091874890199 128.11153510990138
110.23900461622907 125.10219361036414
55.548977371654196 90.3661053170035
100.04331668055558 17.98561963384201
119.87700406504327 102.12195475494019
115.2192923282704 -24.769291956010377
94.62077474320989 24.06681202738859
110.08529364561551 32.78341554217029
104.0901815014298 128.9995443375742
118.6606622813739 122.4979294009905
100.198809012809 21.091623930749666
110.24280017977567 35.154610003304185
122.05372724329611 109.63017575463645
100.85283765874496 197.33073979714595
127.95929725717491 56.38917044551165
106.906188370886 20.76725456468285
121.42796359381506 106.24002783564792
112.76902846013324 83.91025799123948
41.59836937055951 61.36320315312009
85.4189945572973 73.54575346729501
76.24148021582698 41.02807550520731
88.02302446808032 90.17494011709283
93.58798629296604 22.17524174188861
112.6327036056418 56.445740224466526
96.35753636777854 36.03942428651408
119.89103601571748 22.70889281019985
158.1541331268977 35.64447624483654
102.46438925326896 25.720719694148237
165.9713551364454 123.74341393092728
75.31753986746769 51.25633488522531
107.81795814543747 48.74905798623914
143.73620380795384 150.02837062651608
118.78849207801343 157.21342689334014
119.58334567672212 88.70934349783903
101.49217870291734 35.406912404979664
106.86999762314647 26.381106539904454
139.3016349336768 64.52931021496661
86.7582677133729 27.856747396165876
153.32113251168116 204.48158424911435
91.65990532553663 80.73727469549702
115.88007701701486 139.5526585021534
111.35359166607088 113.6133889803624
109.62112858617968 39.68111978538157
118.50600495178108 73.98739236818211
121.84276111603602 23.338521241845594
116.8312792018757 31.36244165000667
124.96158120679956 40.21724733899562
89.37671922987472 19.030069755105316
107.25932455000101 22.198659585424572
116.91303004747071 26.766482282448454
117.14679759842217 28.362578900062974
108.21314573958507 69.1313869731009
126.99015696886852 33.97967056167451
115.51776329179371 30.31835234514054
112.14608617421767 31.81502252877835
78.09498903483754 135.74999753959602
116.39097752729269 67.19184230800866
89.46109215707298 115.38033007960664
80.61244540976602 14.88436080225579
100.56543142064947 20.383711113448694
111.37382532295533 34.313282283404334
109.95336785682727 9.386690977542955
137.9277993244207 86.99401386482394
111.7521266970636 -15.978661408350916
103.97109022547085 41.33859580243896
137.18221475180923 197.51821008883437
117.81434161868918 34.396732203188215
108.6338164420246 174.66842745821262
94.18767217240317 33.626759159525356
130.0569033815615 42.85521302531583
117.02412415948591 32.979965259652246
106.78838999561084 17.10574113617004
115.78831558804355 45.013911440556555
111.6412340283527 25.1656162746292
137.6167454978535 133.98387908005776
109.2543134998756 53.5116810453239
88.38573413074401 136.1972389349902
105.08043786293157 47.81431835554694
115.79259557072677 20.922302177385802
121.91734019825587 12.047510979427182
75.30937856308508 84.04453595015062
125.79864046248201 34.1700314917963
54.530729061593846 -1.856525130095012
128.50990915914767 130.17689660818553
106.13336476385766 25.688820551803634
142.80738120001413 139.22944911446535
108.99394105232268 17.901750112723366
113.0692514858991 40.693441070722244
138.83374959299712 88.28268336585013
121.67543637885012 100.37132657886976
109.29869019328795 32.24456847226744
124.746576154865 120.63336455654928
124.6024583785565 50.12692569888706
106.54177179185467 6.154808757702925
109.78341555146814 21.281082033254343
123.05899995626235 17.51907213650183
61.78215234833729 103.73413747202035
87.70540085732264 85.86848614822794
121.39023625907583 43.0452950205301
69.66783495295519 25.050103276282655
111.89962777228087 96.37816453940503
123.58377692850756 46.26038747684249
93.32596800698687 63.84008743576159
115.71854643482156 37.108767045712064
110.59889123519244 18.59604457964105
119.63592094011983 27.25796900946181
88.88155914671688 135.4577225003608
113.342054261873 51.85178406174418
111.37127282692812 54.618849594516945
113.16637638281726 16.556453424332222
131.52155401087074 53.11330493853541
97.50849017873247 32.371962304803155
73.22935038244917 70.45020859936334
122.12918946338243 -1.1656478120126446
108.99543410622265 147.24263991571257
123.23634259378174 26.40383105902191
98.27720485744517 42.783815395416376
138.7709409874364 23.927596166425204
101.06532743476205 25.537961279849913
111.64250954497481 78.59320782003861
125.11606123696757 62.04454102018927
146.4862703712559 125.8492444285199
55.00864416756541 20.644800472261828
113.03585157422472 27.324671696711185
99.68373071576428 69.34490424157752
129.4016736128265 22.23941929314364
114.99344332861268 89.15732238432064
107.86871895838209 20.306717513669994
111.46391877661826 61.032707223276034
115.45964651978042 98.36712678135567
104.51683267885252 23.272975509771417
100.7352879242101 84.6380342983675
107.13974493504186 25.029683841243973
124.57028269099847 66.99701744384626
128.1803993078239 213.68073531980235
87.74504462396888 98.19281768587392
103.30643061869232 18.96583249037173
109.18987627798997 36.879138127667034
116.62386096780152 12.96544433891355
121.97614235112822 19.783043387567055
108.05345218196452 50.655451342097514
97.74917022323635 111.66324652724279
135.47043992261683 73.09417950671647
179.58690719278982 124.47876580667099
105.50304670124522 27.77901770046762
87.19696562675057 31.232265210690326
112.58573715924413 28.540940778456495
112.50856303317231 25.366540717099802
136.75286697236209 26.14098667260733
101.00288644578875 33.17830305394472
152.16345671114226 139.6321541065301
124.20413061859519 79.60075634773372
102.24108976860332 130.0606289132574
112.28535143209237 6.443036110177231
111.89119718282697 20.772961251263204
94.33881582865605 18.80855984905542
102.86453856031454 1.212390674979931
112.53297824687272 21.83017509407397
70.41043780139842 18.31249094192964
96.1113636740494 23.199480627459454
111.38767553730109 98.20843508797978
114.02575824321151 139.69948087746243
110.3867300771495 18.454382405560615
109.84757544624968 9.459277679489864
101.0449146311628 21.29404344363349
131.39898087823266 80.9559016425122
128.467428712305 67.5358085209979
129.8449982017991 135.5149045394043
105.91091865576249 20.6536482268883
123.00013602627592 15.307710913868826
115.20543775030531 80.24711981875008
93.4644277207052 69.7347640162209
110.31014809201538 31.64654714463172
81.53663952005783 26.236894775631804
123.595149671502 26.519554600526476
109.27940160794253 32.29891369796621
98.37369265977492 28.012347210710107
111.27733145010315 20.49609510275001
100.35059411699437 27.147860938208037
109.89956351845187 27.03444800551646
109.7121553473844 28.907343758424016
100.24207955000716 27.767188542510773
65.5621771404636 30.815569235081078
83.769195078096 81.24316173257291
109.59853518217314 12.413228464219783
102.39328384907469 12.18781474529399
98.3142663329318 25.61467450719856
120.6722687383504 -8.581269215263742
