108.78486448770856 150.5962559489091
88.08202048699485 91.31057345582403
121.15326385876953 88.67255504957541
23.513670795851485 152.2998776409777
129.24592333693107 129.98111831687805
114.0143052617954 75.6579137225811
105.86986589319525 51.97568488834803
101.56332879190342 37.72138662005747
132.20091207191464 26.925733417168004
122.14731337366686 23.45174315879432
111.9674908322737 28.303861943610855
118.81700251625163 19.092288162395015
110.26534780940888 3.15088262360453
121.98091549614507 128.16506547826197
151.06524819690057 -0.0641792777687602
129.77608904244818 3.95549395052606
112.33053378888366 46.05188375616642
115.3189675059729 84.2119719099424
118.23840021987365 51.03914248082745
110.40972790730342 43.35060797736839
124.12632584908752 1.680051396670983
130.59827816295177 51.86580670072833
119.99141011747429 63.34741047229963
106.59600196395662 40.540000088205446
99.54824956357747 -9.090582432673358
110.6184218344398 29.55316935838188
108.89961478391521 19.10889615961581
109.90086932817402 32.10281533497782
79.05303893869203 60.28370065414642
111.13292210077451 13.071635202160984
116.05930264801616 33.32646282640805
112.08373030295598 24.401103239354835
82.17651806622173 24.722324995758417
87.17800580523338 55.68586471741744
147.19796697917226 185.51051374031732
111.76023495814798 -12.346572072355434
126.22925763449375 58.55189314204594
91.22335492021057 24.339943151299433
85.7317196426266 124.3313649177656
113.261701758616 24.811698063408805
87.35401857202966 29.59489989933531
96.08850314878923 71.35499238876848
51.84611757098741 17.46023791551175
122.82376002122088 19.049033115781572
85.33120542640357 32.25234571349767
107.55785468856634 60.00590375627984
101.95825714244722 42.52702889272478
103.69730940530614 4.087332074928914
106.67711435003258 30.417218291880943
89.47010468229871 119.32624834504445
144.9376595098231 25.29015532232012
91.86521449587894 -6.839609410441217
161.17830843353238 65.711664238334
127.90416285068532 95.6225746063131
109.50536411744736 35.41037900763672
109.88777578063667 118.46674934190632
105.27703144357591 275.79043480346115
95.68187843416123 23.97963417790575
116.6437614301772 22.32058174264237
98.89751386445701 105.00803383959799
131.08978038883143 73.41184092598283
82.41812117874089 48.32605973904359
110.69266567255237 30.28105332479594
95.67000845675778 107.80011165631569
102.58826094768776 27.691681856096892
127.18581509908091 41.96653133018971
58.80229607347049 56.083302880803245
115.7705400025932 24.918476333644538
108.47990356352346 27.768510865330924
125.81323008814354 105.10548878290037
119.931821651064 52.590414130275725
89.53936826492686 25.632698075645376
120.59007818028068 31.029242288796162
99.52121563619912 23.351441434233017
109.1578059348065 66.57763257239834
136.55230291647757 59.29940600775797
85.4895578655908 28.834393506663144
95.65454251838325 143.1706346365695
111.13899707619422 80.42952672385407
106.00052472826917 15.144482712032925
113.5737732667516 87.82798486906665
106.10384206649663 47.089722351589046
111.92954525163941 98.68753607172879
131.1761369101399 67.8891881166457
129.00080664457406 42.53607788843146
118.14291741598637 40.93207324143873
97.56003331026146 130.86645536719266
115.58799059348915 23.538660138278754
98.595190012762 19.249564328041377
103.6086029128105 39.66601706921859
133.78402752444293 30.700079789437183
115.28111330088639 171.3727904314328
55.96993157721164 16.438790891689926
117.39797482813809 12.081226326059372
93.01178952311831 75.25232590799368
98.02689140782844 82.5016089930857
110.55953960823913 142.58416404805484
126.61801319938122 82.04599133064221
114.98651945635562 20.854950451573906
99.92033643181672 86.6657326632152
103.2571731854669 19.977973775286962
50.812522751347885 -84.40688473750653
58.73842465448263 20.245716916436503
102.36104291513705 10.284184770949926
106.81916202979626 89.25305112163764
114.62063371503596 27.62732732334967
151.47115662392912 21.322889472645336
135.74448963955936 -4.096025727421043
97.50678560296616 14.786887497984985
118.354687507926 18.770985071494707
110.79598088381644 36.348703678636134
105.41511423178433 16.647759035465562
92.06362858138702 33.70010923764433
126.07136417398516 18.520036624875562
90.88758829104566 104.8266346061421
119.80230702065667 71.48320248848033
107.9684478404495 21.18614274135742
104.9597764772915 65.75930757074522
116.61395530371603 33.929546320041496
77.89794070881405 46.3345763316953
99.33576669484603 125.33236738213974
106.77082641131302 80.21146069989356
103.85954987264977 23.74800601105188
124.29390433429606 97.46870555504368
130.85911971352226 11.458592129966096
129.9494454295627 36.71988824816303
122.96895088382988 18.187677161079254
73.23949010560382 61.86356535262488
146.2130892438615 27.235533598543515
123.3433864914689 19.07458492313657
106.52869541864463 76.14056934493756
113.96678334238204 25.308837348041937
124.80417401086497 138.65589789798543
114.71208696552223 106.94887780843436
69.69273477634874 89.9609515898273
112.23292833779688 15.926907653580505
126.06485856227297 87.37873008198893
111.26191182062429 -7.603884693990644
96.2129629800422 23.395523245549363
107.2011354641508 2.5296962509490966
109.80015905378347 105.77711901864043
119.02535829689764 122.19503600384236
101.64421460018877 20.894009467128207
110.00267664541333 28.500296759074775
120.94635988157323 101.00580443519009
96.67780457587091 160.24472612952854
113.89350478768577 41.28474836056095
112.98779884614271 23.49784501374625
112.59002658733615 100.7225963754349
113.1012008826767 70.38548351397068
38.363882369981084 60.623934981561575
86.95603384324897 82.9551338907103
90.92873360162552 31.341593505372735
95.89040411198658 94.51821863202441
89.67888982201099 22.64197583973331
109.75391858673153 25.89186944071597
105.95791420402914 41.630714001074864
114.6295719467761 20.455606001778712
152.345946701109 32.69727333196315
109.78998924554875 23.492206468098804
154.58383259698348 123.94545312694561
73.50826584562468 83.45390675467526
116.35173724279646 23.97897598123573
132.07303981603613 151.95131352460217
126.44630373304267 131.42055717168876
119.7794176863648 116.17132790495657
107.10459234211702 29.005229144706426
110.05225427489925 17.511740197592378
127.23326957379655 59.21038399673702
97.35586984200215 42.78010112687594
148.9887163534506 207.44844768762601
96.19815324591353 93.22587152808245
113.23780403599694 120.94277156948462
113.57083727102705 117.01009189919074
109.61686347381938 43.300684482157756
109.90854501974235 89.50710640024144
122.53517876091168 24.396280233989856
118.3785808131596 26.829937973783604
113.35398722607528 30.390561685255786
96.9991096386464 19.007342010989625
103.55520997911151 10.535919909078318
116.72159287190779 26.27309534438069
113.61504381269043 22.830841587514325
109.72228529827757 20.429010414224564
126.76911608868586 28.765541444206043
112.44843262698204 34.98006283070322
118.7267679782176 36.763171120241324
91.70164386918269 159.87002658513035
111.39972852620566 57.77421175774396
99.18501688097483 114.8108581748024
82.98176789707082 19.88790495328237
115.58633904862039 29.572253804265824
110.75372507383987 31.907251153251813
110.2615368252995 14.90216239025312
120.10380964737553 79.39914461770245
113.55878089636553 -21.235873364370804
114.63216516660876 30.987262448101955
136.2757983858736 188.4385746200648
112.48196502297738 28.373757399111234
122.46640098333776 154.11900700561688
103.16772391151964 29.391792688583294
130.05766176432473 39.09993357247232
112.63082370379244 32.660527226294114
111.24146155972642 21.53995937876853
99.36790023715774 66.7058381081158
111.79569967668648 27.68009913053204
141.73002017025073 107.41771560541082
112.13084453707141 47.809446185278794
120.1862988480838 127.96172199644165
106.2862152392419 43.47993437134158
115.55265418356112 25.064601732733937
116.41464665866428 13.917529544808584
71.66207463751205 92.36614529499178
122.29623316387453 31.330542564349887
53.839322302610825 10.237865093489292
123.65691552156954 159.13496660750968
117.55012084871356 29.168519948959883
140.70600874353434 93.50005803367898
108.8158708805064 25.202239303903628
112.52648886112122 33.1556906532888
127.74374151779851 84.09236538957327
119.91881670451683 111.15024859968744
109.307000345164 33.72350583461819
104.80344019542787 122.05854121063727
121.0927324540681 41.8598039602576
108.55751701473194 14.372846932195031
108.87723857354962 26.208459728616837
115.1034517079107 17.11269421994668
80.0661423163886 113.91974433328514
93.94632255871679 56.41272592614939
119.68796390914522 42.02464841989004
65.23834589227582 42.894253300438024
105.34549597829208 94.58530259352064
117.72590411238508 35.97785492655564
82.62863223734276 68.7474100679717
112.1816585190941 29.527606081098398
120.35107826173379 19.086751314317493
108.88324309361451 26.72943205252128
75.9243505177066 96.2181826110945
110.39434966091974 34.288141527999095
110.18123687920135 40.012398966154336
118.50221677748263 10.332506321589454
134.3837585754642 81.34227687499943
97.96560232764911 32.13922868218574
76.397522537975 80.09063266963258
114.36629031724449 26.76436496347558
110.65094564520673 164.97529420759136
132.5117717246869 31.865077360592704
103.69177375691422 40.653457923779875
155.368746568036 24.539326890017875
113.86092899849785 17.169004018038933
111.73597087266266 71.3352793439116
129.54685454039256 59.05812722784125
146.08837244117927 132.35043877581342
49.61162337883587 20.53947187183321
112.34365608931535 28.93908134129298
110.19196267073495 69.11504884359277
147.07828051722453 22.731909988107336
113.86093797664248 98.18373210014634
114.26480892236401 22.33561635484193
111.63517648049314 69.62407291406299
124.38964639222397 58.74463261093405
122.71886661963615 29.098375663214266
97.72642662700757 82.66390027474222
102.30849862051217 50.880321862947355
122.37593005011702 78.96247283386681
118.57243511162119 208.418689127901
89.66544021498947 99.44620230099291
106.4716463844646 20.6185620328692
109.23542919393027 33.877178047583556
107.370791857406 15.792863405511174
127.54899559905908 22.117555960018343
110.16067928590324 44.0731764586158
112.09416172586357 111.31316313408773
132.31652471439182 92.65681820672097
169.58104552116944 116.32357903912653
103.97307912015086 23.65238790995127
89.71327299122616 26.999886713060675
112.60833412612931 28.09203925758123
107.52595991379276 13.06086876454766
136.30909203106702 30.449175017635373
133.4519029045217 36.496855035162376
144.9515647901383 134.61244559699327
114.78689514924305 86.7861943383622
105.06954711164687 127.84229428800985
118.82556292456728 11.027344234083685
109.23867206041743 20.56439592630643
89.3051536398037 18.78057481382764
99.6148633642791 2.5900221679827773
102.67301909887043 17.441092391374433
78.10807729752688 16.39944954678035
107.48013870613757 20.62615126971146
114.5716389382071 70.20848240367798
106.60868266350354 113.16261470088824
105.3229565464086 6.414975278648974
109.86804891866015 14.65333289836969
110.45047431167512 30.593048637948343
127.41742089659114 69.49277840942271
128.4789678543031 62.1162336504421
135.7151720934115 113.89220350682005
103.64713014201544 21.23742952100963
118.51198123952155 16.06012881624866
113.59695321765834 87.07233598635922
96.13737054512679 58.65104142484051
121.89834333540414 13.207092283880232
72.57480446713507 27.128901384681413
116.51907236238647 26.250341106313847
113.58392938717076 20.602963232423793
89.78969990290274 28.420767581663302
98.65968398891708 21.162448667628567
100.55852815852697 25.965146567565174
111.51328192293383 10.697695467443193
109.42838250616194 35.12531238473444
101.8434280053604 20.69330602083659
52.20608611659178 25.49869951769156
92.24370217808949 89.28587970210066
109.33832744664473 4.037952760213858
117.31713527737776 16.9339016205392
94.22777498370536 29.81048308832336
117.10345718548008 2.956694387529456
