112.45840050190621 148.50747223713344
90.29301320420501 114.54490105007771
123.60683608428188 46.199703224856506
33.248692205881305 168.084256330749
121.9668512568737 106.88725279950636
105.63391930439992 33.538056037730115
108.91948305611778 41.25539135713643
103.390860171409 23.331584459621844
143.4799166520664 34.16918198819218
115.42822090980455 20.109306610438303
113.26230128382703 27.772970764739178
125.34564453930419 22.11203248095653
109.58490228311469 12.636338423046675
107.56740744443604 110.45792612820887
145.89926815326618 24.81709332290962
118.52669854584911 7.117884850387348
107.41902429240132 40.355423815668644
113.48658894774499 100.07749840563733
117.82372658636965 24.31458775782836
114.40106198096781 55.81725384584287
119.24409753926531 10.570611749763255
126.95839131791247 38.609545380363976
111.14944035211018 48.979704944182785
108.86979796294752 68.97433328207163
101.1564396823155 -4.21343027760242
109.38526119345285 49.071303962474644
107.3967134098352 16.471080726666788
109.99999131297278 41.920425521492575
81.81210497098724 58.81541769250463
110.2938299229791 3.9147228215158094
110.38860811865591 40.65593034224909
112.75227238826679 26.82742308599405
84.15813870836867 13.612889824919025
86.29250576549833 59.128745156561926
142.05437830208626 157.69051406694484
109.7181373844304 -12.589355724101218
113.29252181611167 69.68369158840744
95.31786585749032 27.880256179849912
93.02203028507562 108.33514028125727
125.69909308324421 25.43078479737269
79.55524325780615 -6.46660287160053
108.3121110779975 46.58469425416233
39.453480538248876 17.00351774855142
112.15747429720493 19.256238507388215
88.0520367217163 31.033342279590027
101.44813566481577 86.46203625276442
103.3143074383983 42.273229094611416
104.6774792939521 -1.631490105146458
111.4271629540582 38.89109037595174
82.89471362468976 102.81486722790588
151.26427623660896 28.25472949122503
83.25484277761413 -17.043596983059373
152.395592060625 58.41276392275537
121.6552890331804 120.03699324447295
116.30861857214093 59.39284585449789
108.70962362909223 126.30143906439493
113.03685759922693 279.326250417539
98.63445414654066 17.31251855329861
121.46017452967675 18.162396565693637
95.15935809775598 134.65561719416098
121.79206859936865 60.564971039980996
88.5941744306807 52.73151229709341
114.72198210679016 23.799658869576213
109.38562087548254 99.07925699901402
107.97329490136882 27.88983790475475
119.22870672970016 31.118705301991287
68.91207964647369 52.74545603593078
115.74229736805732 26.009560344737444
106.08548653772404 22.89806647713275
127.22902010473933 90.13929278020255
119.79605888514973 66.85030331709518
97.18805462166448 23.095497511645192
113.1473449688331 27.57644445679141
93.9941133454148 32.06426596651287
108.71675793731362 71.51993853426492
127.05423669813142 58.637945651099805
93.56407351383905 20.602958653817154
97.05299529869413 110.28525090836035
125.9002395335703 88.10176148632475
117.76037834649777 27.10448628355966
114.37106327580463 90.7926547341679
107.56133739785075 46.299829472376196
116.32016413396437 126.04278462887484
126.93830729634048 21.155977650144628
117.07172362405623 40.9935107357261
114.73401296820249 37.338659626054586
114.8977014254717 125.1731939359419
114.51785280069865 13.474750192497766
103.55900171718132 19.27698112161032
103.99765876886053 31.547377422270095
128.39099589277473 31.27530588953334
110.47467490104184 132.2752200963511
45.19877188095297 14.595988790641321
112.35553147042643 7.679374779251329
92.74464069257095 67.34684710018489
98.11389753424925 88.26213103316687
107.67085788862678 100.93974113859016
132.75269213747504 88.75872376919585
118.27312260061831 14.555266941995532
97.75108650727056 86.72873407769092
109.49332215848911 11.141894125478666
24.72250294159234 -72.99799696111786
70.53053952286633 20.53083723411039
95.90260519590454 4.518989156242602
104.30984472050677 65.76330152852653
121.24104426639971 29.957726027978023
169.11137952348165 23.193409324388913
115.32190877735187 -3.0505878792661756
87.43329888566706 -3.4075007190128357
122.37665037743574 18.71255502391603
110.58311636751583 33.09572450075803
114.92642474917741 19.846446756168874
96.60309778154674 31.581297836209213
119.08275686911142 20.368906714371974
90.73880204734911 117.41877382697643
137.20082851232777 46.198721183154476
110.88533935778463 20.511982803228307
93.84985360591543 74.47523125172624
114.6723251228306 37.05235961596261
81.37537094597917 40.807390420975786
105.9967294536923 103.1282184348949
105.58250856849587 71.10135026621867
110.04634288471466 20.83213274240307
138.9484951812082 95.9701534565946
133.26635863346556 17.553249114941032
133.84745132518108 44.81163205987979
127.05956020435111 18.566830389441726
88.58010962202567 44.57050108011643
143.38665436968608 28.887743950922694
121.75604539142937 17.56627136682305
113.89395131979406 69.52411680908382
117.074496037546 27.050658527468297
121.48746894045614 141.10593300945897
118.46001461441818 79.36349674902164
90.096611992406 84.5412574239826
123.91299909090368 14.365594571779972
128.95076616133662 71.39594346089025
106.9929321950881 14.56325413121677
99.76326788723598 22.184112877250026
104.73882448031621 -25.18261431773604
115.55645377707047 77.86649531113227
117.85798699460557 111.87204285418545
104.70453183933846 20.468718809807925
109.73326623488855 20.482138645966547
118.58990825823109 77.76164398926153
90.03988773016795 114.45093584461169
99.54183213048158 28.924754427868177
118.6196986231443 25.664745487874235
103.27069742105503 91.00458115940788
112.98714724268055 57.17773894221913
39.99100042359927 60.51852158359671
91.72597313341332 86.7240635789668
108.2550076810181 27.96926982871142
106.77932922079066 94.92367967314053
89.26505846719219 22.65682649778411
106.81969408944146 -5.764640484155807
116.1387203257278 51.83744869003867
108.84787885302553 18.06037441427294
138.45894055073302 27.923494980671435
117.03963397529978 20.577252221120602
134.7472161072484 114.88891270804845
78.30196683060016 114.99268784126794
123.97540207616571 9.17435141077284
116.56233270493207 142.9233941219986
131.26537131128995 92.26136932619465
118.525426444537 136.6001333437623
113.10310005934541 20.874905092103134
113.18492639918362 8.902101661403908
112.39882676325468 46.753367108862925
109.93456937063853 62.89527151619278
138.4798369964671 199.01883709335857
103.15022981939602 103.44206560754643
110.17920344604354 94.73212298510737
115.23392802208973 114.44462568328447
109.65352821227582 43.371255749436564
101.0268356251704 101.41746701720639
120.69200096360369 24.77304887121019
118.66535608600155 20.676724209581977
101.10067687480134 19.376310170051845
106.7258391701062 19.09410768117552
100.8655604512309 0.646687271165681
115.39102135765029 24.773110928657296
109.48370501270655 16.619667622219136
111.35599270066385 -27.99107486100545
123.39261796606812 22.459395024431224
108.94752059669452 36.65573736590703
123.93231646481877 39.31037875578969
108.40401494275699 175.46189128659051
105.96974688114955 51.596814698596745
110.6660438138728 107.03647931506782
89.0590079891772 24.847134718042422
129.3309177926429 36.78443012323881
109.97736802375641 27.98587640128376
110.46140306968658 21.32833299662034
100.94009607643858 71.19961998328698
114.8051472754643 -22.076993524520994
124.70336369462966 19.19810059481717
131.43828194056803 168.72877769781502
106.77140205981546 21.128156122417938
133.99021562261484 120.50073573483729
113.19544071286413 23.601899722470012
126.89570284343627 31.881850484115866
107.84870832741805 29.843492284742382
115.3444815240657 25.594594454562326
84.90184472530903 88.18457690850087
111.6618096583224 28.86389008260998
140.16033755468243 75.60106729113973
114.73915646184172 38.424115030613976
150.1975369877481 108.68052715775569
107.85315985216488 35.299175218686116
114.39667971587397 28.36477975664465
110.1021260395743 16.438328735292096
72.46945436104566 100.00398631963411
117.4965892365682 26.905942605635925
54.455111246814496 23.685025894530753
116.02606595786885 172.17107406637854
127.81843778253246 31.330665580398694
134.52193468668398 44.26783638140271
108.73707650207695 31.443612743181504
111.53659288082953 24.01063910575364
113.56249842166848 75.2727515097874
116.92592759977025 116.84818044935548
109.37603012967651 33.15024961041369
85.25858326104984 118.24731150518943
115.7162459986707 29.31721005090826
110.78130980254375 23.436258780508247
108.05788778465408 30.022931154884517
106.24812057290865 17.139913160428232
97.7729643509062 117.91337430949378
102.11033556553386 28.383049000764647
116.23209394015706 38.12827267423795
66.86871244421714 56.66598337549604
99.6271349104151 90.98691688019592
110.4007518308081 30.96536219126016
76.43414556669015 73.51538398241271
108.27929366814544 20.348955298950525
128.34295377456718 19.676707009852127
98.20208671536403 25.288559721943933
68.02582004367198 55.71958064878917
107.36069873109373 13.878210625445243
108.90039004563147 21.519711080714497
122.56476103286072 5.450268605420555
134.15374777426482 107.182238806876
100.0938102457967 29.85186435816137
85.85101962603802 87.32357699228825
106.0974193616649 53.42807085264014
112.07948897158708 163.9384627936122
137.71061719584392 35.49208022290068
110.4027557000572 35.362041716244775
164.4821238713481 24.41445381627094
126.04971101175157 9.052322336272898
111.59911546203455 56.743457977731474
130.7010210745641 58.678392407213764
140.82681354811922 127.69104104890863
48.532883204205135 20.212643530334418
111.13067329739879 29.002999388339983
120.58269639830382 69.3385815969548
159.27085484763924 22.58591152256541
112.0447426966952 104.69123804481956
120.01727131148176 23.989658729542363
111.52304258849955 69.48772023564406
131.1416078639947 21.725327915754008
138.4582049075892 33.784219080285744
96.84214581584753 78.5268768884443
98.709025858821 70.97380996878944
118.12558735511466 87.23780572187648
107.54065391369983 188.44342995072387
89.54261097829912 95.02100252300322
110.17041496995954 22.14417935198303
109.37064018811536 28.985666195197094
98.71517804329147 19.122880558988523
129.56105651230936 24.174903597382013
112.1944744761643 32.17714282570772
126.206171446639 104.09859363029904
125.59350321046853 106.3338748826504
148.48905162303865 99.54099349360372
103.16703010921594 18.875180141471272
95.26475949258271 21.567501987980876
112.24524352255908 26.693479744801607
102.86322339577492 1.9562190404027353
131.79577979582535 32.792866200088035
161.2221752373825 36.4164105120643
133.73152012994967 118.58078791336364
104.87009881873766 89.7070025999239
108.57064715531276 116.9279798332547
123.9231375699571 16.949679337269462
106.67660634586535 20.139093680693552
87.22856177368897 18.82439864777992
97.83260982060054 13.735378204678264
94.03401275213879 13.212838320939564
90.78190452468027 14.973483698540909
119.06050023849771 17.828965503807613
116.77049286547923 40.89750329274912
99.79494053465368 76.42043322820874
100.95241015101236 -3.4705285372773456
109.88989536949761 20.66901704850682
119.76222118150814 38.27637039886763
121.0985139686696 56.00693518650427
124.70796047258499 51.319750924145
137.91185155673998 83.91473849972101
102.21468589660098 21.632679831128115
112.60072017936444 17.245091174222512
111.42222478001376 91.1297444770325
100.67140829411737 40.4321035561809
132.6559958678563 -4.528955866302674
63.141279741335936 26.515082690323077
108.20019395543714 24.82438028192489
117.2526625261237 8.896680897661575
83.80028872212021 27.43786014361023
88.21931002230106 21.592822361208302
102.31848451026714 23.576733703600333
112.78642231733659 -4.715779839168274
109.18284289848421 39.44516375094038
104.95555231596184 20.834165137935535
40.935281464498296 28.8326863074229
103.58528018004678 91.76228798808137
109.1471203271111 -1.1312767777033301
131.0545234438126 22.05516716274396
92.52756950479073 32.623761095154805
112.51518704703258 17.36734436034689
