113.33362896950607 145.87335453044903
91.34832643374311 118.87781023267235
124.0279216594684 35.70025711457304
35.46041099359108 168.01909137462363
119.76347424450861 98.19177228722697
103.56834217764758 23.641404027009497
109.7192779384867 38.005355338403014
104.01504230529846 21.238849688934472
145.63070352238447 35.5275332524935
113.51487141079468 19.230452054760573
113.50480120973815 27.383375207125496
126.64425273132734 22.819827870370272
109.4157408636419 15.143554643347612
103.92453332007132 104.97868427807398
144.20844584736392 31.008890362133535
115.38827781913602 8.303290894037165
106.21008262567227 38.218317544250375
112.92910709656292 102.883416775349
117.54002094448306 18.53539659246178
115.34816048310337 59.08303884449811
117.70405356206378 13.16931750425363
125.57541007262732 34.87215138279239
108.83946799992448 44.54630213745701
109.47051163464286 74.69891454666724
101.82381716952362 -1.9509394066480223
109.07222067233194 53.47067219272038
107.06730795977953 15.886375784704855
110.01993715813974 43.88693661641247
82.26377812020179 59.10206350307071
110.0550021734885 1.9607261965139755
108.95148890836684 43.838427672173545
112.83409968366124 27.26485245975217
85.51120473176131 11.28904724509587
86.92417500481403 59.383822568189196
139.83547624037823 149.9821650671525
109.19726335143432 -12.06543571468607
109.81884662222097 72.60948443165807
96.8828133767776 28.514524804352178
95.33239654195465 103.34638133431939
128.5803622361466 25.483400307786898
78.15412582916758 -14.213059527430879
111.47754874250008 40.85834163659289
37.43928050551858 16.937280894407298
109.38401747172776 19.315641660023392
88.20344723594586 30.398204306572094
100.08351893651492 92.97677174575317
103.89054225173496 41.399683497387066
105.0560127708117 -2.681986440674883
112.60997212346057 40.63815573099925
82.04923694083297 97.26462770340434
151.89908972003258 28.795097875668947
81.4015966744652 -18.77253417907617
148.97277951113722 56.62500451023301
119.75325702025903 125.1731312515974
117.81988011989932 66.0647562436923
108.42989697217902 126.39635758498959
114.90689355515701 277.8676567364832
99.73630896911554 15.646328883328218
122.40625656211165 17.127804216171786
94.3944723007518 140.73704088671906
119.05822052395007 57.682632005068584
90.96486738799815 54.58240365917165
115.63241876597174 22.01147015742299
112.87896498671493 96.21821054132967
109.39357677472404 27.73063612106213
116.91609649651826 28.10464172239222
72.52923600687006 51.256858817816166
115.57360841587878 26.14137349305691
105.54454930660471 21.56838795664509
127.15999859409715 85.36257828036013
119.44514893045175 70.31715759483923
99.47887251833097 22.358134076747557
111.17294323776315 26.5461192262037
92.91882082190924 34.03671759095112
108.62442925209645 71.38232572428358
124.14085870224507 58.924295943741626
96.20497652280444 18.43797135630167
97.71995393926606 101.46882231758366
129.23721401732476 88.84094071340378
120.56385842073628 29.940438287287083
114.43952353921836 91.09595051475819
107.9995795199846 45.48795327683407
117.31286670574384 131.3840903692338
125.46932651095302 10.622093834438854
113.83640849688044 40.15355482564035
113.74923053210618 36.0102441720121
119.22942342864573 121.844163702023
114.15858115800886 11.044060280744304
104.96177856763902 19.28486785766471
104.23267472475285 29.155098753327618
126.6510803470754 31.15363402572749
109.21201522089909 120.61872486158167
42.70340693902047 14.267039785334727
110.999753556902 8.269628907836509
93.04533431041745 65.74056198699837
98.49617863584233 89.24959173648001
106.97113472773809 89.324049419778
133.70012469858253 89.75655238801036
118.87328160539738 13.059774091163291
97.47673492699359 85.78781347716638
111.1144772624164 9.109883701380484
17.87842038669058 -67.49699885823941
74.6785801474546 20.56961258689607
94.61375141633584 3.4619656323312324
103.73868259434464 59.35721614586795
122.64022440234987 30.274936900104386
171.84562737110332 23.590577543507717
109.65190526387892 -0.9846339477660409
85.4365991008599 -7.491069548042785
123.03451337844723 18.713433252594438
110.50698247461635 31.85391597952964
117.24735626800569 20.658167533971692
98.29441650604673 30.75011280474891
117.09490953403579 20.826844679096464
91.19384028515009 119.52970350596388
141.13309271028646 40.15622099622559
111.6049407658459 20.322572331763315
91.45904471988588 77.01352049709345
114.00738476355642 37.54116091249555
81.89431487174102 38.97417657020672
107.76335348545925 96.89505024460632
105.34375531846145 67.6262764547449
111.62878117763029 20.05550297421725
141.89644670932705 95.12492555585231
133.42604677618704 19.14006266286062
134.1964685236123 47.514737322823706
127.68829829044631 18.681395709937636
92.75343765012906 40.92003957714106
141.98000642288437 29.134319814451533
121.07343846586382 17.228806738194486
115.66283327105644 67.81979501494617
117.69591550868793 27.265307333207485
120.47324257999459 140.9131267647312
119.19964718661379 71.62005874893039
95.93259880003428 82.25857745010538
126.40179238960853 14.024745408551139
129.0529738922004 67.63474171854732
105.9644680672186 20.442157499093312
100.82832538212394 21.8001563834301
104.22454463173908 -30.71660874185151
116.882658511675 70.25183279076498
117.36065645646191 108.54331011030472
105.64345290024747 20.328040873261894
109.66653983797424 18.414846491677753
117.73604166552603 70.04082577951337
88.3097721166757 102.27522964471888
96.19737573604183 26.080791725032444
119.86543034442812 26.04572783682547
101.00516672049707 87.83655168356051
112.89776865275188 53.84735601742413
41.29882470491817 60.90690297061643
93.31768447907314 87.27733990421527
112.7579483261425 27.869089691855912
109.69855108400003 93.92401824985588
89.59420805124996 22.60882286492725
106.12835904316297 -13.216611721416033
118.59004463870727 54.5646252260324
107.39555235566657 17.48935141658155
133.94249611347678 26.458727831379502
118.6764581997516 19.814444442585266
128.85566829148357 111.58258636038371
80.19502707225323 121.4788188500138
125.62244969990988 7.181148737253276
112.40931161614708 139.6766932652883
132.06465574471483 81.41637177843474
118.01026174170973 140.3174523944493
114.56529068479051 18.76660237938957
113.92319501800277 6.972848177116264
108.5820703515864 42.836128888974805
113.11954772781435 68.66199489198945
135.12945639798184 195.34780291828568
105.14217870309781 105.23679628845515
109.37641182232785 87.46520275181678
115.51651446525881 112.41680077229371
109.66853077577272 42.76274466294211
98.8692929422768 103.33774536885205
119.86072612507532 24.739062365845555
118.46244011021757 19.067627952137954
98.2066154928946 16.567629692888108
109.30166027310597 19.12688129865859
100.42650973985435 -1.3977490550907379
114.90688932748502 24.20950349359744
108.4359518052028 15.098854828163628
111.74348129212359 -39.06910214408302
122.12224997108369 20.785329816262283
108.0778082024673 36.526331378005366
124.79659848523889 39.26265153476181
112.69239934127982 178.23585834111014
104.66223403534984 50.13328023061355
113.6062567611585 103.7919727343426
91.29652699005652 25.977642578565394
132.22031849789724 38.22977095599432
109.77119979552597 26.757373054072932
110.48754359470766 22.944607654502747
96.20568233238382 69.53757719121714
114.95760963712529 -21.574404565202883
126.94891981419144 16.182721187035686
129.77010272818555 162.83002597085104
105.35025096609341 19.234381818848824
136.4527618151558 110.15580726144047
115.70112473493539 22.019350004156696
125.44390497579002 29.821414646568485
106.68776321818264 28.77039346960789
116.21393170745336 26.509371514508118
81.88507113377202 93.08364352405087
111.58537790919134 28.980829942328153
138.65011422789792 67.28312801014235
115.30010182421904 35.44677151180581
156.70183546593069 102.91918356527802
108.28384811662937 32.64726278668999
114.02376250448472 29.01476554520817
108.48653551509418 17.122621131005502
73.33851313562138 101.46361130637473
116.02445229525793 25.539687663797643
54.7461472275797 27.00936411953767
113.88003997112321 172.9760673360612
129.9043207121647 31.6493123088912
132.21273075289906 31.936369926827467
108.72895244516636 32.77523672062523
111.23512881222901 21.540021925729572
109.84094966049476 72.71337221377478
115.99709021007155 117.18398324860729
109.39767212311597 32.68189530884727
80.72296232799044 116.94099876687915
114.21197372193161 25.806539718545384
111.32854301537708 25.665195208760178
107.88117465668654 30.72361660520961
104.07206213305177 17.21661447298322
102.10946685224206 118.21802700592363
104.42640771155142 21.611619651706537
115.20111116130929 36.73230117198385
68.54278911691956 58.89079444017957
98.47394913501 89.92034281817179
108.50122909396777 30.879277242273748
75.71198504452826 74.48935491796159
107.3101619424631 17.96931532880962
130.0085050552914 19.829494510743668
95.83167950254693 24.79953634596848
67.00815050278632 45.87201813983866
106.64479234663986 8.77854225464531
108.58332556350099 16.667811045640285
123.26683432881741 4.504174841692053
133.63611155864322 112.76824652461623
100.88040068776131 28.92677532135871
88.77149604247927 89.13994367783857
104.09067598013903 59.41343633063287
112.36091480159256 162.03351348757667
138.54774546799436 36.05999546208154
112.10068848236811 33.70789958263491
165.68207073211082 24.25658287225733
128.73865360247416 7.27420426625937
111.52659658854502 51.93201885290788
130.57926327413645 58.862435902043984
138.72006086639956 125.47880079737243
48.681018813725615 20.085268964609355
110.75315987673606 28.801359425005206
122.96415749970151 69.67224419070884
161.72399030822805 22.465864865386678
111.51513505681685 106.25157728149836
121.30670728261597 24.30987834848735
111.46312462280478 68.46615148385838
132.23437329774754 13.107426644477652
141.92225364255927 34.66720691967328
96.92602846192243 77.49577805728698
98.11658952859061 74.82029021207538
116.84634477314823 88.76460719723138
104.77424713242502 181.37131914871958
89.31319637109013 93.02564047385515
111.1065235953772 22.485580883116874
109.41276583062918 27.471502470733007
96.89271593291939 19.977872520697083
129.66122768144217 24.58916286264915
112.66775705763149 28.69956007655923
129.43438796019717 101.62589804580135
123.51057792508588 108.87010248793668
142.00621136608268 94.08985305140865
103.1316678640583 17.676425726496042
97.04252402860891 20.13142835725314
112.1007449627782 26.167910502051537
101.85007995500625 -0.48435352959418543
130.1326340939643 33.03365768202016
166.95484479028107 35.9219386702915
130.26595035777663 113.79885475408683
102.47045319553408 89.72826637372054
109.48597072485413 113.46436426200312
124.78540515322146 18.528039477756263
106.0893345666554 20.01287670746427
87.16391102077553 18.850294399177866
97.66135743803025 18.343220551799995
92.27008206440082 12.20264635169985
94.1353125262184 14.695657176576468
121.77421980066045 17.157032835493343
117.07045975611231 33.35377318907456
98.40824643958064 66.622234839355
100.04888459471263 -5.329684861528006
109.8944154350358 22.183898032143617
121.83203316053144 39.921261617288295
119.19357293056979 52.46966416884677
123.31854626114726 47.97107218401688
137.81697186790063 75.58956893369124
102.00930370895314 21.692593446451568
110.98856036617606 17.625454054274147
110.81953589750776 91.92842462452465
101.98105618442412 35.38185245468769
134.81441103293395 -8.37768203129895
60.381152280568536 26.152653988995855
106.11957084112638 24.334081839041215
118.00342788686766 6.2008966505065715
82.72785323821476 27.04002592988328
86.17600147200997 21.66736037796808
102.96832725638808 22.845115243235554
113.0152608767038 -8.132059592523852
109.12961613127455 40.241843517311196
105.87975417125149 22.490759659827802
38.901938136579034 30.808146031006032
106.68729480472297 91.90950384179104
109.1096715660027 -2.0530373999305227
134.2771485784434 23.310796031614178
92.4028527016902 33.120600761180015
111.29600126932888 21.136231822705383
