114.17335082346784 142.22770161180077
92.6741537103885 122.69551116644263
124.33021808322977 25.312619727643188
37.57325820717817 166.28294342683947
117.43536710958989 88.79854070928401
101.58271607337784 14.356712381027476
110.519252743912 34.572848264439756
104.7274811786288 19.530908915801792
147.47313609419874 36.82603550727011
111.55687799092682 18.35357741751996
113.72290842888457 26.933906550737362
127.7666115219661 23.48442240959919
109.24945418278328 17.685357617627012
100.31805419536035 98.73562595616323
142.22477091173673 37.08212504262477
112.18373851032983 9.619030750837117
105.03039251461587 35.75801676325103
112.3571029364299 105.51376802029147
117.16912255799949 13.56467630053255
116.27691102001975 62.103725404793
116.10497430638762 15.797872009185923
124.03694592119928 30.84331944185057
106.53903473498983 39.85928881604076
110.07017661503687 79.87687367136475
102.57272690610375 0.5432713220470755
108.76680693894485 57.25800625172772
106.75531963428055 15.33823570028445
110.03694605098406 45.74993347724693
82.69386914654916 59.80035359683352
109.80958810046158 0.10440506386884962
107.52383138437548 47.601938302197794
112.90562427411417 27.60583549165932
87.23660155361175 9.676981248226411
87.94963684924647 59.240204940386235
137.36701164683066 142.0458415680229
108.68242437679574 -11.09713290706406
106.3191903084493 75.67183743000834
98.57920639756979 29.047551395779845
97.81644368997222 97.76999351697819
131.37327667751833 25.45275573534455
77.2972907877431 -21.12170846155097
114.62334542326641 35.84579587708029
35.7785283500921 16.886519213158753
106.61332301660849 19.375331317415878
88.45423659261361 29.635273840930516
98.85448781138253 99.64936136843507
104.58726759449875 40.45347898069692
105.52431627845404 -3.493396787170023
113.75931620458485 42.14468357415674
81.63521487218131 91.76948283884879
152.14537361776686 29.220952640652275
79.87444023307586 -20.37290709708934
145.11696085353552 54.99264756405853
117.74693014077359 130.2160730068533
119.22922397046628 72.52684417191989
108.1641511201019 126.12427650487679
116.75466454864022 274.46479031097346
100.939517808991 14.027580190066335
123.16498225855834 16.12125480618318
93.8057520679005 146.47601430053692
116.24179816265674 54.57699061299026
93.50960837318698 56.37760298956442
116.45895531802793 20.20075821579668
116.33672458674904 93.17271852342031
110.81364746670258 27.45967084054017
114.52925317006071 25.032309484790613
76.6561698571248 49.242967395463616
115.3374691491797 26.196546860666583
105.05748773495142 20.203818764665307
126.975179698675 80.36104732529262
119.00364424516519 73.8056133568481
101.8241870629727 21.590315860917894
109.17858449583845 25.466891439710473
92.09437214419113 35.84061240893192
108.54631243837696 70.43127338631912
121.12681122648185 59.34606602930546
98.87821177672846 16.289645685685436
98.48938825343483 92.19358982400811
132.26185821694216 89.40986931386513
123.27448227804678 32.60349954649957
114.4777603780928 91.52702020726791
108.46044657079264 44.53469809298427
118.25895346275858 135.60268561831242
123.79817031754003 0.666766834585335
110.58006908010898 39.01825298845557
112.73128260995684 34.64756749522178
123.4104517928893 117.99816653966211
113.74616115401903 8.621641187026096
106.41761683699316 19.293667481643464
104.54681555476694 26.586272618198112
124.76417409546757 30.948467468364573
107.95264550151975 108.84270792645081
40.326331506048284 13.978922081668074
109.63772699969245 9.345912186425126
93.42573976895204 64.18740896293905
99.06222129443378 89.97938169201011
106.29255645371065 77.30136393592873
134.1939456401674 90.65226085379898
119.41580803341108 11.666995910566953
97.32362489390817 84.5195126501704
112.72648837243717 7.180396477954721
11.05216291494682 -61.32484304729586
79.2594593635468 20.59163358321503
93.43853337054765 2.6546553965750643
103.23047315516285 52.9467267697385
123.91430365252211 30.503279033042517
173.62099841648418 23.951060455032806
103.29331854884 2.4477953624385
83.66913049129218 -11.402772791811838
123.47846936093758 18.71571855244121
110.4213136193535 30.554253296963758
119.50739864465247 21.45141262033584
100.1703781195459 29.81063230731764
115.06423561376825 21.267147191158163
91.8435225486569 121.45610914190233
144.61533983529077 34.13290071313064
112.29677178628505 20.121723035850817
89.1265727992426 79.66060987841787
113.33184547551129 37.783968174102654
82.05811082851216 36.8520064728905
109.54181365093316 90.85664820881392
105.14678531090071 63.68282502270093
113.19567109884531 19.27518283109224
144.47279466812546 93.83013622058971
133.44991533569083 20.72603211072007
134.10908272578118 50.08411559381309
128.13736803315655 18.808585450613982
97.10645226994981 37.274863482342475
140.39048172782444 29.21346045514809
120.2964121284653 16.90451048080221
117.3365484728263 66.0056612744606
118.24620281573006 27.45340357075267
119.2774631262253 140.36466851575972
119.78911769637234 63.672930788345845
101.85801253622934 79.63928088501673
128.6248392244704 13.695209414031599
128.89417162257473 64.12445478093595
104.9713481657258 26.311409599518456
102.02658046102742 21.403154749542555
103.73840922269257 -35.37125822571896
118.1260763677405 62.78013872969338
116.81061607602174 104.77941617102817
106.63167748939043 20.174403315238894
109.60080241392744 16.35054286608915
116.77889819871335 61.383149988585124
86.22478733724735 89.4224079574473
93.04969435886863 23.82646139977153
120.97807658862803 26.363741604189144
98.87499287123373 84.45744397003534
112.75590354881184 50.26214986886654
42.79889657705933 61.53137183335506
95.021933156465 87.58186276346319
117.20963681669508 27.79901522227401
112.61574812203304 92.84358187068378
90.09515771478723 22.535537201022546
105.4520131145356 -20.208060432867264
120.98503208414155 57.720755344155556
105.96438252545884 16.929505940916997
129.22514845115649 24.97891430259335
120.25860408819591 19.04733797283375
122.77578430069984 107.83453431455945
82.42876102058449 127.33215071930337
127.11328942602466 5.995616252165291
108.24199013385092 135.2871133088234
132.54609999902866 70.3048150354348
117.41251170029813 143.57908488950156
115.99775259021642 16.66599412187823
114.63921741052964 5.205435110443449
104.7858659582599 38.69881034599044
116.25764769536184 74.52508851072363
131.51819538067102 190.33929422876622
107.18466705648927 106.68081905410902
108.58141789804411 79.7671701168982
115.77869334916616 109.59139944924522
109.6838043212252 41.836058757369734
96.78863993686765 104.50170788279726
118.92861976171223 24.66311119074264
118.21620711192102 17.460704488813942
95.39438171359603 13.79183042043716
111.8815359563353 19.161477075741747
100.1046009846927 -3.17985106137378
114.3506738802798 23.588822582133105
107.39526199638695 13.603626633675422
112.12309692220666 -49.95167807951762
120.74145461126079 19.1065112932344
107.21679037750849 36.124295010871684
125.47654002014092 38.965294781182386
116.96923605825674 180.4080116149888
103.39752029223176 48.675526130988594
116.53100212468287 99.7665303623257
93.71677073770597 27.00536292131972
134.91855876611302 39.52997970973954
109.56479365146753 25.448884150598357
110.51150501622544 24.53534788955212
91.48726839661289 67.62051170961853
115.04499465069676 -20.644529886962577
129.01736877535944 13.210073597972308
127.77375707365643 156.61777716636425
103.97656413562665 17.346549534771416
138.5371262969632 99.2163499124855
118.15846391231672 20.411902830488675
123.81400547200678 27.65393638781055
105.58618848298833 27.56875523648848
116.98400877364888 27.329605554741555
78.95676724291467 97.76946727602223
111.49354723999491 29.04863422460476
136.88561209281164 59.047501928464634
115.81227525428449 32.2873681136081
162.75914070442695 97.11829954498717
108.72591094597045 29.875530019726114
113.61105384999104 29.59172323655197
106.88312011020479 17.825148844878193
74.51814361947697 102.41504614864778
114.47984689097662 24.053517380346964
55.14972703133074 30.193837442205453
111.71190731974217 172.8817914633674
131.83852396075585 31.883910774687287
129.76654148456822 20.2132169891376
108.73297834699962 34.06682452024763
110.92270607996635 19.04365052076117
106.11742321179818 69.9794944424986
114.995171025473 117.32829467608008
109.424949661829 32.133429761729204
76.62904087163963 114.93186699243631
112.63908294691066 22.279442687997786
111.85286670586315 27.831325789017917
107.7083872901639 31.238695102228313
101.96403727848137 17.336650236042974
106.49600116358701 117.94144312233622
106.7915853034282 15.230524512795203
114.118056027222 35.195968954153834
70.5541850039379 60.84763959795319
97.46795303891564 88.20284084616539
106.61947507047863 31.107968561717698
75.42025023381228 75.15476490384519
106.35591974276734 15.594385243543416
131.47285301240012 19.98049546510588
93.57256032679521 24.21520689642072
66.24929305678248 35.98447685924958
105.94154783025586 3.822350746226453
108.27470810149842 11.848600006942426
123.92839867862915 3.6902014902656086
132.74741091385857 118.37751016305845
101.74774430223248 27.95450722676271
91.92390825195304 90.77433721368318
102.14877439074691 65.11863574954434
112.59925021635594 159.51257218531723
138.9794887318587 36.38784122748394
113.75977550719632 31.857019754093333
166.08390665969245 24.0271151861378
131.36592611233615 5.622680559396949
111.42815626338226 47.03083068951122
130.18225481163347 59.34294077248509
136.39670639644794 123.12891932974419
49.06476263186979 19.948121591654036
110.35966152861737 28.547587971370948
125.1716868565675 70.12538294505688
163.81634294779656 22.333362853173917
110.96920340637217 107.45647731877338
122.48068415809581 24.60877537618033
111.38437049977003 66.76451732506618
133.17715984244435 5.041697780395335
145.09882681044166 35.33419012456229
97.10745220409264 76.65963579395819
97.66236504686601 78.06218322289348
115.53055673346456 90.19810378732157
102.01451432941879 173.78232352053632
88.71629062905797 90.99445652950581
112.03942627673298 22.779675449601783
109.45704598925137 25.83803322395556
95.2067409264214 20.821815331816307
129.6737927001445 24.922669077593124
113.10761487892506 25.156043893079733
132.3217874751068 99.11947017567351
121.21000163350647 111.4938816961589
135.4425481304051 88.51994931028092
103.18938559157259 16.49987467720508
98.98194474741253 18.68465636661713
111.95037585359022 25.52843846303901
100.9268566165772 -2.7258587112280277
128.21890131917246 33.207749720277874
172.2794081261835 35.294856952333305
126.52083266061467 108.39623402616066
100.14851930195702 89.7206990194036
110.39890922705182 109.63888450973728
125.58438711474656 20.11302025495587
105.52429096065082 19.879116738573806
87.22049305310885 18.878072000701
97.58024409055682 22.994292359219486
90.56624044076325 11.259817629877098
97.65456381366774 14.440643859638703
124.34818200277806 16.51395793752623
117.28426460007924 26.06133320197622
97.14024720944325 56.8286549572566
99.21468447099575 -6.989345929090651
109.89858575705397 23.67599312781958
123.80020297887236 41.19886879817566
117.09894973002564 49.338801053905975
121.8120093946033 44.43683583535952
137.47246071581125 67.24895548501416
101.89557847945647 21.735025994664824
109.35646206037384 18.032031270562445
110.2068996992658 92.29713264889297
103.35321516153516 30.126777835766354
136.8226294003851 -12.034722403878725
57.79729119922969 25.715995748927057
104.07801821815683 23.801207561118186
118.67065382213849 3.6898692209717168
81.79626562279901 26.625307807766465
84.35004966758828 21.713538295190354
103.63220681334558 22.07946832300315
113.20923187271922 -11.209815465318485
109.08238565605154 40.85951673903061
106.8207652379987 24.675835864213518
37.393350817065325 32.825864764197725
109.80899481853558 91.95846923529587
109.07718653218902 -2.7147305225094884
137.2425600932966 24.553786704929912
92.41145594467233 33.47825443912438
110.05611880946232 24.88645568297325
