115.69758308101667 133.92565429748612
95.58827178329614 128.25059790671597
124.43515339748909 5.2586555778862305
41.38101115765601 157.14478367577203
112.61290049697944 67.76826752139267
97.84452703603199 -3.016562141741524
112.07879544465267 27.237635618396798
106.24344201070629 17.74671697204734
149.48432556114727 39.021238997210986
107.58020002522414 16.648641856612826
114.07345891120642 25.839176139969364
129.2514684246017 24.72501147865136
108.94387999708881 22.80715572501767
93.50889643559944 85.495202509991
137.25909526231314 48.75540358554026
105.75895457614311 12.451452701917793
102.77572796921478 30.348538165385513
111.08786377343849 109.88720986261848
116.35170430224443 4.6752391388862256
117.84536377241778 68.53835925759768
112.79300435958875 21.127308680816157
120.45148015804968 22.401208616151305
102.00755642399383 29.61796492374788
111.2356162974406 88.86258315279989
104.36330367899389 7.040408087539917
108.17652035012516 63.67141048913885
106.16945353396137 14.423725276414165
110.06041374838045 48.63881052632826
83.4860419344464 61.140315288893845
109.3155741208275 -2.9826374375433233
104.82874783992847 56.092011879162875
112.93764347252046 28.033464914634056
91.68096317855141 7.685472166488878
90.67557070889318 57.654540368351505
131.95353151179967 125.82419879686807
107.71378949411664 -8.19775202624334
99.44012775264481 81.19299039939722
102.33465683437655 29.734760629104514
103.26232066296336 85.57860675198515
136.06411969691084 25.267930833820905
76.34076338665223 -30.728765315705118
120.69556245218887 26.962762421869442
32.96877537253233 16.845464653332343
101.14846923695913 19.496020763477095
88.87146419619629 27.83115198325666
96.59871812840578 112.29945585800213
106.10755917779537 38.03291690825397
106.59273783328841 -4.60234320226492
115.94659566418123 44.354742466184135
81.88607387387952 79.95606321685223
151.6861500963846 29.609668985316926
77.61416380610937 -22.53239881691936
136.81499628517125 51.33550436123017
113.47162322582358 137.53265645077087
121.86483145148154 85.57768884080193
107.67730409004373 123.08924255127405
120.20109090740092 262.5659201245143
103.62460683125288 10.920760220718867
124.43533264055087 14.186793904648395
93.11447157613317 155.20984699196538
110.53051710134707 48.72057277476993
99.39211543072199 59.930302332857096
117.98244150046986 16.57527581863949
123.05662233113588 86.3133276540938
113.59877668688722 26.641678584559283
109.6339044289367 18.671674535658234
86.05119143022621 44.29675122928645
114.7812579864132 26.126867378469072
104.2032497629562 17.460175400010144
125.97045878581937 69.1801070675521
117.97043908048693 80.12027625846254
106.70185210272746 20.006047849553173
105.24591588758355 23.180840888032826
91.03994674292466 38.90364639753165
108.40961603789957 66.67078382018924
114.80526911480861 61.25247775999279
104.57763974745438 12.13939651002182
100.33014675135948 72.36785872338194
137.94603496968926 90.40586408422013
128.06060900494526 37.43810537587267
114.46523935811693 90.92871625208176
109.45010647220492 41.79802424876854
119.82080899717415 142.52173517364798
120.1893136816731 -15.906388500125717
104.06130960853027 36.277271842536834
110.59698457604753 31.585650329734083
131.25989407371705 108.9099212083914
112.75598819475931 4.14877034086085
109.39282758874648 19.31056270204191
105.28994824702387 21.107214055435136
120.37848465090299 29.987347658404023
105.48960841424612 84.56289852493734
35.39671471008114 13.453046690100084
106.9302801713666 12.897924043853532
94.78606907385436 61.43150392787858
100.48635564895558 90.37070026186777
105.0111800142092 52.87509968917357
134.22913037727412 91.73592749914197
120.25454762420344 9.180965472578603
97.39593773561444 81.25323874642822
115.83220970258829 3.6159044469409043
-2.205906932666018 -46.587780848885494
89.07716042231239 20.590371639930442
91.60607997984755 1.749206877223887
102.3928694365421 40.76003993286302
125.89636832509903 30.642549988916244
176.02355617441808 24.48529853705096
89.50619642199125 12.773891449955634
80.66033681223284 -18.568444279600126
123.74895230039662 18.74115623068287
110.23005203645391 27.57102008290699
123.6889212477632 22.978458896640596
104.19793078279487 27.767383245533594
110.91212101106308 22.107911250088453
93.56342783675832 124.0654853381147
150.72830545821512 22.718146680054986
113.55517281365137 19.703567467092945
85.23409742876825 84.93638053564555
111.90283328565492 37.75586252172028
82.37209789628939 32.06014598294679
113.08327001647885 77.72296782927235
104.87150678863291 54.62556249856479
116.27049405293666 17.72555722451915
148.31400451234717 90.91092382602913
133.12067287373682 23.84930733039054
132.80416764956956 55.51300012351339
128.42842035610556 19.085175450090272
106.13746460733317 30.49145584435166
136.0308689753304 28.868167951630014
118.43155752926242 16.34613948078056
120.2525848626023 62.66659017083501
119.16169289752635 27.622018749469675
116.61549902576496 137.4529724669022
120.51489175880631 47.70566835314162
113.88053816768819 73.56251923949247
132.36439203625378 13.189970456223874
128.13535201048907 56.21469422217429
103.1164800221592 37.92825119413516
104.57579539587029 20.565540348307596
102.91092168692751 -42.41734466455466
120.32450080546653 48.29743037360639
115.49526277124724 95.17577667284337
108.66546528352873 19.850685507427606
109.47507030620889 12.292400921823809
114.6554734395728 43.22276341223418
81.30892775338427 64.00155876589037
87.65827932254776 19.992607628626256
122.6548393768936 26.828998084842574
94.86998845966929 77.03666849325717
112.35141620972507 42.764315745460806
46.45625564976076 63.59685072970075
98.91288159553869 87.26263289604523
125.7636164716506 28.354187918493345
118.34114709294715 89.62733106340606
91.82632644248007 22.253986737172397
104.18099046683471 -32.948353198079076
125.46103013070642 63.607772634038284
103.2914359882853 15.873647740929329
119.12738959148695 21.882712438842756
123.05216753507732 17.52127093117732
110.28567964154337 98.29757405732974
87.75837827105357 137.085985289365
129.56359647399893 6.168343168026619
99.9795118506647 125.12114323752422
132.48847597637368 48.322945551253895
115.95294031970008 149.71867843957722
118.63497352307411 12.555872008945522
115.87881812716086 2.0014944540081294
97.34336186509262 29.78299648802541
122.23424187504364 85.8709055262118
123.66449629464562 178.71590114930336
111.34937839737961 108.24877808055751
107.03915569892513 65.04054242599783
116.07270967063634 102.6222022414802
109.71741403015257 39.33859301368285
93.12144294246674 105.51329033699776
116.78638938873347 24.302559057054967
117.49992227837352 14.333536550399906
90.21356504749706 8.475988355673751
116.96720663829576 19.229996100546085
99.83174180406557 -5.861106828508747
113.0945171964457 22.219992445795693
105.39615338813877 10.831892578651239
112.81625324321806 -69.40614206160755
117.70413941557175 15.783100931283082
105.55952613065473 34.99261855287148
126.4133427759304 37.77719090307061
125.36720267572235 182.5704624277654
100.99070202347099 46.6124497967
122.19479433705276 91.95262661671697
99.19548588558179 28.864832321602808
139.24328284752718 41.323217524831385
109.15894064026203 22.734204346921636
110.53051913208172 27.605916463245922
82.60904197105262 64.90795237300395
115.029263028272 -17.134869200135103
132.71430029333342 7.5235285724992105
123.41945268050844 143.0559993528139
101.3818053897276 13.71000550729196
141.7224998993519 76.61230051906476
122.82859539089573 17.182346040065685
120.23576553273553 23.200264751294853
103.5611002701387 24.85902754115481
118.17762878366254 28.60636145322032
74.33619351682407 105.62616402887616
111.24888835775126 29.001002478159894
132.6595247773386 43.86049032700932
116.75094440982842 25.584318931203075
172.93781449765348 85.69797757133585
109.63052171135838 23.94395062226836
112.67314693212522 30.357065057085013
103.79505405413578 19.263489583374543
77.3131857453961 102.2872728060781
111.25881353226228 20.922019130688383
56.03972405957165 36.0794035753797
107.30485382900888 171.94427340620638
134.8543194218018 31.903398775674784
124.56686388646844 -1.9676468565949286
108.7532864579263 36.33486344556515
110.27755819596904 14.079756700295771
98.74880068577143 65.28580867846259
112.91156907273178 115.74604062525695
109.48840591841949 30.81420984233791
69.86577283731417 110.12492080232185
109.45196777199632 15.171792140857223
112.8369113269875 31.875374008984142
107.4004935883068 31.854612365889547
98.12537435713985 17.67357981452555
115.30417280812506 116.34169802398728
111.56832890754333 3.8298179924893176
111.93462567305421 31.80113953958856
76.07871249579081 64.34470998836792
95.75671557831701 84.32676105002345
102.94622808027025 33.94729144487541
76.36648898506108 76.53493438918696
104.5641444699566 10.955935810585746
133.730284579085 20.278830101152927
89.90238351406362 22.850583987971625
65.71407746589887 18.064545497856685
104.61712965987141 -5.922111813019637
107.7017577581022 2.4121391138570942
124.94646378222875 2.5138608683252004
129.9215032720746 126.86466252856941
103.72112454122343 25.697078159308546
98.57374965805695 93.90569870275303
98.5866589035401 74.9031597906064
112.99983569473098 152.66451103855835
138.84077373494782 36.7298315634383
116.91246625855281 27.72252971538833
165.76075408314063 23.351861392363414
136.118533049312 2.7544697679576995
111.19331062977126 36.29896995103481
128.807790671406 60.51062034488475
130.6770842120314 115.99066385900845
50.12618325610077 19.64919372673094
109.54240094400917 27.86807905866552
129.11716941987984 71.22336273693062
166.94684095196362 21.971109796612726
109.83385852956742 108.07776724438855
124.5193710397849 25.04681813122568
111.21105676210813 62.52720981147713
134.65826725146883 -9.039591799586564
150.97121750590813 36.237518413965326
97.90004801685106 74.84344301939467
97.16927450085643 82.58316165622315
112.65739824763499 92.98895477399648
96.76604171760016 157.24864149206482
87.54567098142445 87.09145867239162
113.80323522238001 23.265599510971324
109.56055338735892 22.4303642561278
92.00312946993368 22.41758779951861
129.06458420079585 25.500896508678018
113.85583802881875 17.992310592226023
137.22685570245986 93.0028738965117
116.2658237260378 115.16305029316713
121.53851314775622 76.83093134561658
103.55357821798606 14.252804522033857
103.14294712762523 15.824414469637283
111.57965810799995 24.03904659291291
99.5322106798431 -6.327378723305275
123.51652734901803 33.24797886194404
181.45503061777822 33.55989151024761
118.60621803187964 96.78544060014441
96.00425848500117 88.87876830790626
112.18076853278801 101.49986971848755
126.80796755930314 23.24460095484144
104.48448127298741 19.599248131413137
88.13268021021446 18.94951460141488
97.82181176711995 33.36392354717971
87.60798718519922 9.702682015070327
105.07580412099783 14.152189278893907
129.18581693910042 15.35806842564545
117.39224111909141 13.28454189732793
95.06808925208341 37.05984673575836
98.0152224472133 -9.286954328441865
109.90466519295897 26.613556448136833
127.21074833819016 43.02115239676327
112.58873658659732 43.42551335099776
118.2450705623098 36.3996977808022
136.08590486436853 50.87694868377008
102.01347382569752 21.74307852934272
106.11254392443033 18.898877559109305
108.9851920828448 93.3386397033847
106.21473350688939 19.31809166114811
139.71194035914309 -18.27358202022582
53.269100571426236 24.738692457387017
100.16874700269122 22.668010037011836
119.58261589805265 -0.9018841039673227
80.67849151292815 25.676680268624004
81.58024465631307 21.788459904544606
105.07417504850605 20.51982273852007
113.49479028416624 -16.21211459778188
109.0014917961418 41.29853460825872
108.76420233810306 30.841453066439303
34.50186665127562 38.417620290841555
116.02332571367546 91.52777255931254
109.04416983526787 -3.2936005634498198
142.5514178839001 26.929911622681086
92.68057128020826 34.04478402690101
107.58673278303033 32.173787802189146
