117.98708099222347 113.0414555936672
103.05317316467766 134.86961133326105
123.55126097304665 -29.464660422461755
48.22262521890306 125.30733822626758
102.74066482624914 18.936856268695323
91.9741775078142 -30.350666839788296
114.8157688392034 11.83763998369892
109.67224074537368 19.713766059750814
147.984616349286 41.104812748607046
99.94236296302941 13.563796971358363
114.18504844883888 23.060284600761037
130.35057481313586 26.771748653650803
108.46067892422872 32.36072608450846
82.14610965982958 58.722293941686665
124.66870771538908 67.09967034017306
93.68372181202882 18.888892940088258
98.9896855027479 18.073242183314466
108.43773535634999 112.6285472187419
113.97901210811031 -3.8578636350772735
119.910110725907 81.28850944788215
105.96878394869829 31.358279012272217
112.11388566216363 5.423456230751052
94.12141085752108 8.164313944474095
113.31983091701001 99.10835247879781
108.34269679185788 23.6994867339419
107.18768917386588 71.76779720494034
105.49203792612069 13.197907613780455
110.0607171352154 52.21675868995367
83.71335958431115 67.05213993795526
108.36835201580327 -5.836912192891309
100.47785287737341 75.17685407914865
112.67555508487442 28.088916226602077
102.53631910204008 13.652248691385164
98.90759932956627 48.93350667978594
118.98881225582568 89.87998101578
106.01232843948252 1.0570605709265162
87.08712169450958 90.27479660501247
110.49640783125565 29.970533139621946
114.93813369357187 58.739092581549464
142.6631787450375 24.17023911450132
78.5857094004307 -38.25353600689771
131.4031661370206 15.650391213025918
30.552126458164672 16.947885923272306
91.33311551944274 19.71975010327667
86.01096865355255 22.993875850827155
93.85933509372998 134.47238056642297
109.61749577981871 30.893065819081844
109.13475870754742 -3.367921419336354
119.08563484352095 44.439643588325715
85.81512004371439 56.93774495288808
146.27308619452194 29.257259053325207
75.84923151302893 -20.71637377618002
118.02741240572797 47.074179191375315
104.64035095636015 146.26457868239495
125.65671671269476 108.18542935016116
106.8815324911544 110.19678324886377
125.42717891319957 218.63931565114913
109.50915657823836 5.914380078171133
124.97960997809797 10.960568962142341
93.14299184327156 170.00831313934313
99.2050368398416 37.13383377860983
112.72552970729708 67.93390086394423
120.09877953181626 9.858365543670548
134.1022376539515 73.75108349702317
118.52384171709207 23.976678571051213
99.97193201228413 6.271932184834729
107.69561863491799 31.786104892151098
113.0975545125119 25.268905379198916
103.11131858581236 12.45307649339814
121.72929515835749 47.97470629147457
115.02457110275593 90.6257919412124
116.51084370588825 16.84659390744828
98.04065467228524 18.293709896652814
91.00499310815252 42.46996457818802
108.31500986204797 55.22070148505443
101.91909483730494 64.0906923830253
116.26446788067182 5.029588095886037
104.76370044876525 32.407599152339024
146.0102499276514 89.80003658740807
136.1705144642514 44.7132667101859
113.8939113656097 87.86068565562704
111.50196393016498 33.213690365733775
121.70785312819086 152.93572623731148
111.6420418266154 -38.53349201841411
91.79698703705661 28.645105701850127
106.26151753561756 24.25457599388322
144.23664210489463 86.00616141779012
110.4673540708438 -3.055015467600733
115.31350402588052 19.350849391389193
107.22460461443762 10.115754625592352
110.41644623678377 26.520593568318994
101.17744437805841 35.284540811567354
28.651965968230424 13.043208468979218
101.83424713768493 25.80147190650705
99.24867203237552 56.80004930306071
105.02072540690399 90.09277894029967
103.03395532566088 7.748176470820592
131.87831502369573 92.73799557822727
120.45813307455686 5.208929732839044
98.75608901798806 74.40363323498121
121.45030210852278 -1.784874021106516
-24.95479749755272 -10.815624847009536
111.13205676986348 20.441451471745463
89.47284410310631 2.358655963903405
101.49829137087293 18.496318230103384
127.23929616198281 29.9161768023255
172.69444963419986 24.787299597325923
59.91169837545315 41.07382436401998
78.13623546871675 -29.507416273545367
122.3611767881679 18.85608351256809
109.75762946662041 21.048760854035407
130.1375292693735 25.50169624252625
112.68423263776388 22.24555734534872
102.71885380153061 23.387420856250422
98.77705969818032 123.80978264547889
158.41489760915732 6.759698203401857
115.3436643710603 18.84661126254614
80.60535401331283 93.917763230895
108.88064516353542 34.88325886021095
81.77326253201616 20.602855260315533
119.75141507121997 49.3407763024542
104.81871285476117 32.48788943761652
121.67737431680608 14.850087694554416
150.70360593494738 80.38415539776993
129.53881499871906 29.380836451840462
127.66732574529601 65.86069189330195
126.49992149980625 19.679770400983667
124.24069442818694 23.337166060002662
124.47994964883173 26.805284621759903
113.4809211998859 15.580880417066991
124.57438470568616 56.97800554364371
119.98569500509765 27.090672709276216
110.68495343424722 126.44616309909733
120.67546746210857 17.67830476417788
136.8450083316643 60.16279578256705
137.9037719213099 13.103160744036575
124.78736235021704 41.73987763907384
100.05714211991044 58.421585078505395
110.3513561998689 18.776284421524874
102.07922995302765 -47.83161837536543
123.45827043957128 24.201944411556525
112.16684945101446 70.8502101809388
112.75533806035452 19.171122192484603
109.27355428529147 4.852541458754073
109.85635792003869 5.497562236106987
70.96246959062536 14.706184531752122
80.37244253845051 17.708018557820573
124.0047762913782 26.854545923786443
88.48614761913207 62.76533996065909
111.21408616862531 29.097667620325502
57.76450333268487 69.09739395372101
108.01381830858831 83.86933857897867
140.15885037204413 33.914089494425276
128.16779573042126 82.0841452086443
97.03319718101628 21.292955661449742
102.56123556182492 -50.60937219353251
132.53426518643278 77.48691736043759
98.7644695366767 14.203034853164855
97.99026528509846 15.600735178236775
126.91773470539889 14.751653310166608
85.9112988329648 73.85275016915918
101.32614755483947 153.4129932206213
132.03974632542875 10.886769474931217
84.93963903920422 94.01561907810597
129.59960258464355 8.685317096564443
112.30723265168609 158.61735109193603
122.71784968244764 5.163095638358102
117.39518940252245 -1.6862920145836524
84.36731302357644 10.795938359661445
132.20252943819833 107.75068709283865
106.91725720461132 150.58013792363423
119.26976441918482 109.08184589875377
104.52302012918234 36.309588905109784
115.92137326701476 87.32958482323718
109.80012419879768 31.995183331468738
87.64879989776318 100.09295614641437
111.73803227169103 22.76085859315856
114.96163698401408 8.894089369684263
81.7511667004129 -0.5042503608589213
125.8754273411025 19.369287476789356
100.61720308276281 -8.076692941634592
110.14657752715425 19.211238298695356
102.00008437262377 6.22440262315092
113.77759455236455 -95.34686123381428
110.6227739026539 9.739622886653564
102.72800644224944 30.589534122222098
125.47455158172608 33.489432617578295
140.07030353774852 181.2925354225714
96.99460627237669 44.035231362380316
131.97282565591695 76.35571682529842
111.18063563991686 31.544644630007895
144.2147417729347 43.236707453013324
108.4252619967012 17.07598380646653
110.46785116932645 32.94271525109415
68.68582475732474 61.1888865418389
114.58448424926647 -6.424930216939833
137.7600168865517 -2.192830113109985
113.22912527941767 111.70561998675207
97.03404073197399 7.546849006884149
142.80819415943128 31.29079962191031
130.54137965564925 11.168297936539066
111.67758477736477 14.252581740367791
100.5090839731259 18.74130025181372
119.43247269319887 29.757301018062982
69.25923109886271 114.90715250238522
110.6571061641529 27.719918218189413
121.34027959066098 15.145425505509436
117.86205040685108 11.610063342677318
183.54562121777667 63.626989901883285
111.39171015884796 11.721443939392268
110.36431587297143 30.25538745782331
98.50204848267771 22.000423693013143
86.14152411565728 95.4924308389399
104.79787356300118 14.490054330780021
59.15943169907964 44.92712854139948
98.74507816487656 163.69598925031576
138.1618824077948 30.32131374488281
112.40843905252622 -36.81532131336412
108.86103814031053 38.45465294995248
108.92833374859656 5.038095951073717
86.22331509297385 56.01305379765286
108.51587710545614 105.96483934267897
109.6409898069132 27.268753703979026
61.09404201302474 98.1894527641369
103.22670241269645 1.877664966174239
114.44237189570094 38.60210820649933
107.0054988607633 31.596301951500042
91.99404022740593 18.520106717099267
132.35195678037226 107.69085065365523
120.71831508368713 -10.728293334167976
107.46976050292817 23.677436701509098
91.13719474488454 66.96771051926392
93.95576538174133 72.93509837725769
96.55664990873993 44.668842878054235
81.6878434235093 78.92699452708587
101.6909603058017 2.8330671735672714
135.87556172988332 20.802110089241307
85.98773352804974 19.679702391267202
69.59795584905113 -11.399004242559979
102.54002009961033 -21.324311705537955
106.78801138574859 -12.860218886794668
124.90723802003853 2.009021062730676
121.76914254400053 138.27206051525175
108.24973935032936 20.47717620344522
112.69254334648838 97.32378653452814
93.00018610274562 86.53147074299751
113.27374180668716 134.8881895788804
134.91242565486039 35.288823355514694
122.38044564294184 18.65470197868116
160.9472561275863 21.568297621184254
142.09264390354414 -1.1344124376807936
110.57053154271284 12.827462299990543
122.9238280422307 63.676091208928455
117.58068354232482 97.8643954997857
54.19664640965743 18.94971364677623
107.94600692444362 25.54477541230907
135.24598790732395 73.76576067173461
165.10712124892802 21.061197017064266
107.54800458238957 104.61516056990139
126.61422181226959 25.055891724202805
110.68758610801808 48.698386559259035
135.23207836460858 -26.257442046481092
158.71463470589103 35.94666245925114
100.55609397262857 67.83148888542094
97.36368665488352 85.56095319844087
106.61146531396372 95.43462045915855
87.79293967675446 119.2561217320832
82.62020358461004 78.62677702184737
116.7467826965353 23.71325128761636
109.79318514182795 15.377435840828806
88.29066564211418 25.070958442925573
125.30476662619895 26.135904535228494
114.79020626355053 4.024799447840594
144.4200666966453 77.01514919894917
105.57123419077898 118.61547005112146
92.84058487179999 52.3483989255131
105.0439259231456 10.526386246759042
112.17703962712778 10.687078825138162
110.60588187163276 20.547391467142585
98.150047732546 -10.096972423287008
112.38600087357572 31.389425615718334
192.96640745585577 28.370841137455525
102.17609221714889 72.06272861248308
89.7748539761212 85.54978826316638
115.34222325072794 83.81810244957168
127.53182251303336 28.944620634146705
102.97803920237038 19.02943754371433
92.42958132024023 19.123324954154363
99.55971300293676 59.47892335754207
84.19499426684965 7.519637540456058
120.07065185549945 14.394195256051033
137.0911297188127 13.766250640161473
116.66718515914064 -3.066635858444887
92.0437847189592 0.5540747465672542
97.58175725399647 -10.599300435860807
109.91225476150336 31.37056354884894
131.92388801957802 43.723171730989485
103.1252503838185 35.52652272474153
110.09613583841403 17.94656508571718
129.74446072558487 18.401134747322512
103.00230532697708 21.541010474322327
99.93357802652507 20.66357732977309
106.76884835896 93.38571740734945
112.23935047678177 -1.7252364859881482
142.743510609308 -26.91705624746973
46.258900776042 22.182697946076075
93.86196900051914 20.11964836207067
120.25345331930006 -7.440311431562393
80.75431924661919 23.012648842939885
80.21233690593104 21.760108879118448
108.29450766790612 17.309948472941265
113.52073720417287 -20.77801741031538
108.92092177649171 40.52365280601993
112.69236269434353 47.21142844173464
33.98094865490838 55.32933776804446
127.27750169069049 88.78039341988716
109.09975750179214 -1.7649267072404369
149.02505144737742 30.929201320638263
95.32318158114228 33.50206566974163
102.93782076687408 44.93674516628552
