118.99663247627227 68.7243345968857
116.05026692352372 127.30796877734757
118.28141799755132 -53.029193773232706
64.97109847441871 64.21107383215828
90.82786091019085 -51.79959195276976
88.4894352055359 -33.33936264146334
116.92888448169874 -8.563238681475694
114.77270280105522 25.145761123748184
132.95091347366767 37.1205896530063
91.24731943352086 10.85322368531196
113.14211090285943 17.860697310351757
126.50428068495133 27.56788488162873
108.16319701666484 43.25025020025017
73.92659893403574 23.896413341286532
102.20143311633414 78.83980041691295
80.56226931290361 28.455721529762304
95.41215216402205 0.11423064252245307
104.94677874381603 105.20758650226556
109.56877108322983 5.805009623502612
120.6246838881732 94.69464758596398
97.0835462958931 42.16194034177528
99.52822335839419 -15.617552626519945
86.30399879121956 -19.914248761249567
115.33309028700776 87.42260346033166
114.35387829273881 56.29590539409784
106.52025216003003 69.62858648394673
105.43357821102833 13.247433211519803
109.93447324721355 47.5330530403149
80.1968922949274 73.37927477733969
107.23762545398364 -1.6075487598883378
97.14373353246653 99.4540402384704
111.51971281652241 26.074211604597387
120.43237990703996 41.407262440314696
114.47070751726405 27.47376177858187
97.05735821552959 30.949498020883702
104.58953802023338 19.14624242304639
75.1758548484904 94.78163477762901
122.01645626475347 26.69968144918122
130.02189301731605 21.848199922585742
143.15691734784525 21.26089484506836
88.70800830820143 -28.474700406929244
139.45339141122446 17.051362208805806
33.36209507158601 22.593004813982212
81.99144827951272 19.959204390054527
78.98469162352787 14.930817597071876
94.13704183590048 150.90386392941622
115.04588750315158 17.26029579786916
113.03001024383165 5.233388246705235
120.63172018410373 37.7459685644705
100.11964803240133 26.71056358344628
130.43438257648992 26.097215303416732
84.11746197099355 -8.050598539592743
87.98698790502866 47.42018476693205
93.4401681985446 135.87988109543667
125.91165128201398 127.51350279329824
106.28008108667703 79.19807987808149
128.92533936290684 121.28324145920206
118.115029002445 2.0200530084692114
121.5275145493404 8.494820953585682
98.37155803727022 181.64181571959472
85.84014794865642 31.15931844157372
131.922497874654 79.18985040815765
119.9568725235658 3.2056900780752002
142.8095598321102 57.250168399047496
123.41970809116788 18.76286691663795
88.74528907688065 -6.930302498734117
139.78990171650378 10.579113918104706
109.6354769779614 22.55026774397278
103.28080675999549 7.6497719498631565
111.79048636886675 21.79743901570121
109.60528641349565 98.40427422521716
128.44848107603298 12.923422755741123
90.89322798238405 11.35575912879709
96.82035609792322 38.30533257355194
108.59268966872715 28.923899524100143
86.11471522754299 66.18083534566279
131.0707051373425 -1.0611806070436245
112.46405502010612 -15.905537387157294
146.9573469981994 82.51790717213176
141.01461866810592 47.529229071929244
111.84850489346086 75.25673838470927
114.09343328694685 15.8147192734146
120.98995088624868 156.40751783189742
98.53232248529461 -48.96851599094248
80.32558445615425 14.25159175918215
101.40545783405564 12.04382564006684
150.89474399549178 46.6971493027862
106.98916970811246 -7.100856154811174
121.91833194988544 19.416951956941645
110.71003763685499 -3.342454438131276
95.72361986724935 19.517201544108694
96.75000610367022 -29.74154768224728
23.144247766152215 19.52726342052145
96.54661012316157 58.496389504192855
108.27367355368847 51.39105287567978
113.59496949735028 84.42275165307257
102.2004142702675 -43.34369526795025
120.83086328915172 83.95704530135123
117.47070099261 4.407650609829399
103.76884087172017 65.88060465534176
126.28230866541435 -5.864728829839315
-45.410491694284865 50.979395565431105
142.8396434815553 19.82937698250356
92.71439382386075 9.373194347410038
102.10077545912472 -1.054773546827205
123.3998822539359 26.46112644306822
151.22830820790074 23.956324170034527
21.138530811400607 96.91560721603389
84.69301493278704 -30.278541064198933
117.23257161570797 19.134719982558273
109.05972071196085 11.032183867605267
133.19352423077365 27.75784791619157
123.8527040615183 13.231074322032175
93.16285837565468 23.91217354563851
109.50934221925513 110.2820748999526
156.4283062848187 4.767378522423892
115.96922152755194 17.770987571662623
80.84349876026971 99.8172269425947
104.75473132817389 27.48604408700266
74.77228017887077 3.4771157061033073
125.65488313176724 11.50405928970357
106.61823071835997 -2.6150149066394945
126.45210255026268 11.883196853264439
142.76347088048541 60.75946575488203
118.79469871556742 34.74993577789159
115.66640096273342 81.83562021563183
118.71884805494872 20.480644385444172
146.2369329817254 29.092634046741946
103.816620501321 21.490993818760984
105.01975559030656 15.492701003342411
126.70498655130363 52.98719244809728
117.35403048976174 24.72949856445754
101.87277931657202 95.17535162456707
117.37874662480753 -11.711237626824952
162.6891612417904 42.56675898887365
138.24368702557626 15.119399503964415
115.6320071082011 25.42524883179554
97.53907636007712 77.51302277442502
118.55529823814742 16.49081405421335
103.05895063348424 -37.20088295729931
124.20110193770337 0.4006131538086044
106.33955913816199 35.663463102034555
117.93821697733077 18.328507438824833
109.13519773024261 -2.5793494123546132
103.08407637818924 -45.559459554762824
55.69313577109645 -36.77638092605694
78.07147629287029 26.8936277475463
121.16262761042648 24.540143269635546
85.74127980102355 45.4577927280427
109.1750731860371 24.5853248127475
79.16058688582675 78.5694423240114
121.72397092636913 75.69172890569028
150.9587132904922 49.27997496345486
135.84098652928137 66.16766140772891
109.25720762380462 19.34961210628634
102.03779218533683 -55.01186646121372
136.37915610704152 93.20964628384544
95.57478102576606 13.376783788643747
71.37006679355066 7.715423553135084
126.93100428753213 11.935610096775696
57.900599887251936 36.789486524711464
123.38019996666246 166.77385042790843
129.32746004021618 33.60015114230942
72.1095038940419 37.41481618685144
120.04557306262308 -29.10021591319062
106.25081147167597 156.6345752109786
125.85074159509327 -1.2976836018628497
116.44372414830931 -0.584465812750453
73.157061790215 -15.213523532914934
140.37804581094838 129.67965858008995
83.54920120083436 93.88167313785226
127.37129639540228 99.17879127405982
102.51057110739744 1.2818133308450896
114.19751816665257 59.642155032135335
109.93148068624423 17.432944966653807
85.1285594824906 79.98727552497198
103.83026351477055 19.610395901141327
109.50574533282456 4.071764701797447
75.71340766546226 -6.378686660334671
133.8415108495617 19.56404307052028
104.47597467454491 -3.935367310369928
105.74515743365855 14.94117066995912
98.55295226082501 2.5983974604544726
114.16339869655924 -104.06118161555025
100.06511437294479 3.4857984942156914
100.79433090321692 21.226638088994637
118.74601725495779 23.203428180396074
153.50977592056842 165.73174388213067
93.77191799452537 49.57884701330815
140.07231031334635 49.03493004060584
128.55005580694854 32.339021909042664
143.54909076810287 38.31510101555241
107.80104298435641 9.50856892352669
110.0380320396843 37.57071661738707
59.0603378721334 57.27049345197384
112.42967900504806 15.386455757993069
138.02083095032913 -12.143446498567636
97.74449677059084 52.05925690638412
94.25356613698516 1.852614915401845
132.87289931227264 -24.68142195859728
134.38316468032892 4.859313583743841
98.75995523698695 2.7821016634708053
99.1399129323942 10.082593502150383
118.49343211134419 28.179686135322083
75.19114064261963 112.337791446329
109.5505468871556 23.757349925510464
102.45072342084929 -12.719415417858498
117.48115745583324 -5.354139730041485
173.74909682281185 32.91536606121342
113.35204923143868 -3.764480842535786
106.76956457466306 26.98493205150587
95.02099072497295 25.181819975236664
106.79435389788823 74.37441757540923
97.0612636486988 6.391137520810154
66.03020460110466 48.06479183448241
89.60595865927817 138.82533089423606
134.41825182005508 24.76936296673638
93.5349546862331 -53.21902139891607
109.22404147699223 36.62054535810195
107.19892195242439 -3.364514285062875
76.48005512427841 45.421170188765515
102.46196560757156 80.86059698405539
109.89081131341217 20.47197990328164
60.309472482985406 71.5428495878906
95.80972035211084 -12.869321203783853
115.44867419759015 42.9323271114121
107.1159424856237 28.38835300086298
88.3130829042494 20.01531145893687
151.2934029030319 84.65768699164309
130.5863841176315 -15.13538775705748
101.62903469029189 10.68601770808662
118.2081624153315 60.11008555155716
96.86789014923397 55.824987784175335
90.38371794145564 67.89597458372879
98.01641647967955 77.21114567696672
100.10499968964419 -4.568436699459155
130.3076431206574 21.21064648581535
86.55254562255251 14.978128395221963
87.70682341006487 -32.45599061047831
101.93154203940175 -32.17286047868066
106.29943447893837 -22.802783865292355
120.73724966767475 6.069519016257792
106.11384597829722 133.7790698553738
115.13285138176421 12.53336620602399
132.87109895168072 94.17408881226696
89.62583173094731 82.57801075937769
112.51572568305404 94.232859144732
123.64276846591366 28.043558312961256
125.79260678489665 5.773529138828403
141.1034093103245 18.203821780542178
142.58251233232713 -1.366748554466785
109.41599028894534 -19.64487744637369
110.45069633521068 69.74656210047527
96.26668521722857 61.682535388617836
63.282665421073105 17.955411567241633
106.0971436750443 20.462402637198082
136.10513978942652 75.71977354241267
149.75292021433745 19.470161591433882
104.86081272337822 90.4326220200677
124.99911320669202 23.333858904936925
109.59429533580266 18.21397262932
129.81351810824796 -18.433516845932935
154.32744255970573 31.640389647593338
106.52679812454926 59.04932316766455
101.94819133775403 68.75378269164935
98.69973235455477 90.66369780204282
81.13321349134921 50.179948842816096
70.67972756045927 63.17063029649864
118.8461224506888 23.098194647594156
110.14276333175651 6.205997804251567
89.63692710939591 27.399647638868554
114.47791826159884 25.147058329697003
114.68784320967569 -13.375701622009865
145.01857509201338 50.08989581808359
90.98777537321503 107.88481929181754
57.88195152024004 24.01864572768561
108.46515170784525 8.43067206050951
124.46962868105753 5.546283795056125
108.95508243481858 15.1295341360417
99.33219355193245 -8.730044803224521
95.6684887333558 24.998099696746532
187.30646095405487 17.547620556348924
81.04394548842092 33.401986275953846
87.05168833363798 81.04632498061343
117.8414672629978 53.39864729792303
123.73358917785181 35.58934384643777
102.58446109166127 18.320396036691005
104.34358002850385 19.403362363168377
105.03781424474647 99.22157119019771
84.75999096842013 6.875459218630123
139.964078684789 16.282821597421666
139.5157864908898 13.063452232066782
113.31194401492557 -0.3601427443810281
91.77880273388185 -39.220251691658355
100.44818376515775 -5.952458644535976
109.90469673602414 34.11863685279269
130.77066136847174 37.744585406093535
90.41303099702465 36.60549219812028
98.27324943716786 -8.376709295023756
114.72103486980032 -13.367952909518895
106.54465626165148 20.741107839081362
93.62980293393375 22.917010628471907
104.79520823013218 86.44244982101799
120.44847039659982 -26.094031159707484
136.4989722797138 -27.677868013035233
39.57623461427942 17.07519701266723
90.27777929156682 16.275646417298038
118.49052628614994 -10.109048050974145
90.5344239329543 17.830080673558374
88.07485480481331 21.027346482113813
113.47161471261431 13.101367383310805
112.50684467509502 -12.559461627245899
109.02803354188191 33.42199303333612
117.51604498364475 76.05517041029981
45.92204564610503 97.18204445400706
138.97007695398332 80.77928504176961
109.37642692397303 4.76019945902408
147.1136994968036 33.75864970340091
103.67320023202602 29.461248047552406
97.89535602942765 56.11495242395669
