118.92621843019948 61.01459754524631
118.13528023107028 123.66203767838257
116.99899274483855 -53.3166615255133
68.02387407038326 52.67852795656589
89.37424761238317 -61.57133094322298
88.40306904815924 -29.52692065745926
117.0700639942907 -11.035008838592994
115.53160123129352 25.93602613295372
129.38626658623625 35.68278048903713
90.36697463766589 10.761056567914075
112.85528407976912 17.00424676354614
125.39595012412215 27.4781271653051
108.17801320179659 44.65985301554008
73.39651678065613 19.48006761527266
98.48956036677053 78.17422808826963
79.40060564223302 29.778537771018577
95.3027355506935 -2.3637414390894236
104.5359448215949 102.44644610346704
108.83473695443502 9.478886151507044
120.49741728143167 95.91655667146195
95.89941359585168 43.15322929597368
97.75451775152366 -18.195085341907706
85.7152438885559 -23.554754839995248
115.48991901100048 82.27774940453172
115.20980208091241 62.0366666308572
106.5126775465761 67.07166747196061
105.5182528651816 13.475554663475407
109.90398309784325 45.414285948238884
79.36295467816203 74.53838177455228
107.09526260007081 -0.1951442472820979
97.10582363673878 102.78814133693598
111.27224623286102 25.520402830204205
123.1950799799858 47.10882491654107
117.01472986703236 23.630487152109037
93.57935440479358 21.73473593002273
104.5160079083444 22.33037651726222
74.07991331788513 94.69849748298545
123.65804917746144 25.839249176453073
131.79482577772308 17.102947732369827
142.13699677486468 20.711620030753306
91.17839600398038 -23.054490946012187
139.62450314196752 19.571064949966203
34.99764823930093 24.551949135851224
81.67332459258697 19.980609120587495
77.58335262846433 13.67563893530057
94.76275954787174 151.5249150749335
115.86117308241514 14.926538444871056
113.58541694537696 7.488581386387257
120.500360039877 35.99131092707537
102.9793217240443 22.669128679083904
126.99369900498439 25.292930094282685
86.31561455522522 -4.9045124943028
83.39689651503538 48.620967855361044
92.17098208249851 132.0607961277867
125.3508294312646 128.67465395043826
106.25820269048486 73.17263596537957
128.79798326235962 103.2183488965641
119.38628769094116 1.902399957590944
120.47937167868756 8.439468967390676
99.68002925692683 181.67063846833102
84.45952387404846 31.733318452709096
134.62013832824698 80.52959786087133
119.64972761793331 2.6581541082873192
143.4448271897438 54.72680544636415
123.79509385510775 17.84330940602769
87.64687348268228 -8.09407452729469
144.50805988377633 7.082623315088046
109.02029304695485 21.973260763445854
103.60051882860795 7.272478247475381
109.92167690043732 18.503122229731932
108.66288345493464 97.83704500868579
129.8665673186709 12.402260025172403
90.21470008139353 10.409660810024992
98.31232670574231 36.83104196901607
108.6702779804366 23.7371947090899
84.47037646623875 66.3666404379536
132.87979083679127 -1.303099489365355
113.74173352114198 -21.559195262805595
145.91632966533507 81.09933114257663
140.29611434282035 46.936006799738955
111.41612930179625 72.22573167617827
114.42905803562248 12.818940426743238
120.50129310991227 155.60132380589476
96.50016322060254 -47.68457593362598
79.1750619498803 11.866610655741066
100.8573986578851 10.129345087090277
150.56027190240428 40.815444209700935
106.5070726850356 -6.797029840563952
122.54837150886704 19.427223238373802
111.29437852175047 -4.966363198917953
93.63677160084369 18.272138033400477
96.29455223299091 -38.5362027827015
22.781576467446968 21.888436603624825
96.06720770154162 64.69595857957103
109.9046964110321 51.352806188861834
115.01504683869514 82.48072765631245
102.36862617371239 -48.95575142481838
118.4683167295425 82.24278588238813
116.59172491600093 4.832140243557654
104.85211742721857 64.70525442340927
126.46255204764257 -5.919382465974542
-46.25013978912835 60.76074013277012
147.33224524615662 19.69706068639713
93.85760143835981 11.068925973343834
102.47385613062447 -1.5375457279565188
122.10797484351389 25.596949159999888
146.80693748695654 23.66966417499732
16.46017286729417 107.60984023371923
86.94255314259513 -28.41872388666316
116.10834892733382 19.192366029743503
108.96395385234368 9.502878850427765
132.67077903985427 27.9485249381241
125.32472294332068 11.91138005957527
92.05012243532977 23.847265817291685
111.4801478689022 106.79546001266851
154.50278680760007 7.261698390184998
115.89999631138603 17.644703634444618
81.91780582705651 100.13678059532387
104.2226456333536 25.988067158839076
73.06326476278653 0.8559891863374536
126.00974894055257 6.031691953647105
107.12257172304523 -8.033701594339881
126.67489178531461 11.680500661502956
140.43088634578814 57.9738462278013
116.5866219322976 35.12076171393912
113.27936261797416 84.58732463578487
117.12437537411014 20.593857178196508
148.74782192461922 32.424494506857506
100.38362939041578 20.477705484421985
103.71583073797886 15.623223078081665
126.48007351431541 52.712780156363536
116.58919236741208 24.14417082090311
100.57572502780428 87.876138972303
116.45968481067149 -14.259772661420055
165.4293586841133 40.61840461174903
137.25668438928577 15.660533825372273
113.77214474958693 24.08067429418845
97.52738709628615 79.38279183238664
119.60172458265164 16.188417703816544
103.43498515100889 -33.7709671500761
123.90233173723264 -2.280106030136178
105.43819832908856 31.001424174239677
118.62002443156943 18.23222111324241
109.141442665828 -3.2677142057917727
102.14710719171808 -51.849777992985864
53.73640043755976 -42.408395370439735
78.49653822116349 29.94074495083963
120.2528988393518 23.875509537743337
86.37581988557123 43.151279885545634
108.82987542404835 25.7245248410576
82.64139119113167 80.36414880179358
123.68325429160666 74.03432093261223
151.45860467415125 52.56102641451315
136.11994750427343 62.87663393920601
111.44639254806818 19.008613512163823
102.2298914921923 -52.73608595089264
136.05704517787987 95.46092328502208
95.46132871939557 13.471232049721719
68.12274229250254 6.70666160382727
126.42961945659208 11.658335631807079
54.411215450507754 32.1659164148353
126.83768050639942 166.91478760645313
127.98166288946865 38.91957657067256
71.3629474813454 28.206318209848277
117.97918368800717 -32.33648111279527
105.31245370518704 154.40358319942703
125.82324532714235 -1.6346422067304642
115.95865663506132 0.3161856553886977
72.34508062405214 -18.796613651332617
140.86907656333238 131.4356475298138
80.41962663404541 83.0222795941079
128.14253948816693 96.88538224316126
102.367491347447 -3.0252639009108737
113.78358600500738 55.408696976542956
109.95191759418759 14.912955854681627
85.50673518627111 75.68739442235247
102.62009592931096 19.05091741911683
108.55400262081898 3.6481538130824114
75.99923945496005 -6.205072069426435
134.39420986831115 19.589958908716948
105.40363575737761 -2.4138818161330846
105.10475934084262 14.359840449312403
98.35817921759102 2.605679975834887
114.0910225945233 -100.9006040336574
98.64270761038195 2.7800544242133713
100.763757661937 19.541449769975927
117.32040590911298 21.255289294212798
154.10274043234892 161.43316834653518
93.66590211520304 51.45751394846666
140.36514728044327 44.944644662110726
130.84979753715916 32.08962381231074
142.61130996398688 36.75844631220222
107.7599648696058 8.474092544250095
109.93959293039457 37.786038926439744
58.67308518813919 56.977175477561644
111.93761014172662 19.35200059735489
137.03518918844867 -12.892689128087179
95.49404122738105 42.19510968168297
94.30492972687993 1.3932740268242707
130.33915907301397 -32.06795435251446
134.18614412052503 4.286468903917037
97.00684087249456 1.298439440457723
99.38637819022537 8.86275014712027
118.00010801854155 27.541085837217
77.60290860455376 110.24081145792171
109.36477279673406 22.887089959870874
99.4297690608081 -15.562696010042384
117.07224934901005 -7.381217911221802
169.34067780608163 28.505791070299207
113.58230700020204 -5.619408697540192
106.22441235894354 26.181551642655613
94.95978991681993 25.593260356328567
110.51100875344463 70.30784505448744
96.11681248146458 5.288321649193145
67.42479213629136 47.50514393085242
88.88886342033308 133.7144263568203
132.7297731054716 23.672991879046847
90.72834148809328 -52.9286621878843
109.29762548583426 35.635711927124774
106.9774210024806 -4.191694719385269
75.957840467867 44.17951967290945
101.73342972851778 76.53063889903885
109.92924758981849 19.25169580212099
61.761326479249995 66.52096463430972
95.01250152430019 -14.502774622533893
115.46545814424448 42.973760831049034
107.21675938282695 27.548716348762813
88.28451481590496 20.263830051982755
153.02120027991506 79.82972661533971
131.7211244578391 -13.860402854301471
100.88130246532636 8.649724163741837
122.7001329754755 57.56665403277682
97.96658130063881 53.39971733443906
89.97683117426698 71.52708686507918
101.38327345936551 76.33452579436083
100.16156245513451 -5.295863896209445
128.74206101463915 21.236159892736445
87.32610154053032 14.310224171538346
91.72850916848418 -32.36411700495365
102.1086104755237 -32.282816605126065
106.29148052909365 -23.285930576596783
119.52498016509983 7.309635611163314
103.44570469362446 130.26569789713687
116.10011504138154 11.343330958177212
135.76126975932056 92.83126678165735
89.51360426960433 79.63396015486474
112.28606524790918 85.84724407819199
121.12095904121189 26.329511059034196
125.7874041196164 3.9291921152204736
136.85742808481223 17.63285988398731
141.59315053812713 -0.7683859240023098
109.2244236872607 -24.36104092176864
108.2313759172556 70.66232493799514
92.94904919557648 55.389144285368836
65.09904833014522 17.809336557230466
105.91968247897677 19.549477021180355
135.3457015169921 76.30148033368899
145.9191859342331 19.207778896457388
104.5263750339908 87.19650830803869
124.25727325156338 22.91664755045976
109.40633720598113 12.7938846624651
128.28911665216623 -14.038718065786867
151.77118116691594 30.415622964823438
107.67867696030818 58.251726494214395
103.01614907158482 64.26893932601564
97.68965250875132 89.32900778058826
80.8833109505966 39.31532123441767
68.6319436154263 60.30600510330032
118.81604179964177 22.88985953841883
110.19315961932813 5.035606396498662
90.3061863697087 27.599685013470534
112.40891673362192 24.72365425791927
114.47637449578255 -15.428023512472697
144.09038266384567 45.72115840012126
89.26716739535723 104.39248340147077
54.33935767025071 20.094781573645378
109.12221994811188 8.526920520875725
126.09362055676779 5.080719126593578
108.69452903761297 14.329067038179467
99.82997465547584 -7.685199104429158
93.18481207457307 23.607649107307594
183.42498026813894 15.628880362982347
78.35770058301135 27.067336114578126
87.53873082050399 80.33251214869634
117.88796593834539 49.00546908841432
122.57994888622571 36.23747193393737
102.85224100762353 18.23557104284954
106.6686095311254 19.44588124907453
106.09371955759958 105.36322407347859
85.5992323191467 7.080100696766447
142.75984587748295 16.728844393036095
139.00051721169675 13.113674465058182
112.60660240304148 2.1104214378693484
92.26727096806908 -42.42295026385779
101.31103471541829 -4.285333421964496
109.90157988364007 33.96901585923991
129.69313469809924 35.88587671497433
88.82410984502995 38.48021763202282
96.62102988597638 -12.00196512377833
111.80315492886098 -15.232775349410971
107.33141454107361 20.564388051789937
93.16711531409938 23.235135449594893
104.64624591130561 84.99771106551466
121.65974040682862 -29.160360668359846
134.16215080127643 -26.622919437488434
39.12583810572614 16.201426139569662
90.3140038042127 15.729250095959355
117.92668373813905 -9.422965420202864
93.02803487379076 16.95055031053258
90.5257402054674 20.827110440520123
114.24875412657546 12.52430531259915
112.25909883650779 -10.009359415056585
109.07817433010169 31.413049395734717
118.08932603051342 81.01649862020844
48.979361038018624 104.7303689638988
140.07142392061124 78.6034092399093
109.44649424511891 6.2846867101475095
145.50373565138779 33.68377781267206
105.41926430597073 28.47933961236576
97.40256710243675 56.65394478407443
