118.73560157003264 53.65948252453247
120.07029578575623 118.99486581244507
115.63735527144146 -51.52807781155038
71.22693016758195 40.878253733747556
88.11619123856258 -70.31417857864616
88.51940594778748 -25.30986487536702
117.13618245713815 -13.448983583043454
116.27708287271821 26.698455075128958
125.679293844279 34.07145722497206
89.68993094651813 10.811432404641588
112.54537261707499 16.166843173197194
124.10187345604386 27.30046151998196
108.21870311116189 45.844235272887644
73.48051302170029 15.903957558331069
94.89861599829615 77.16899276573399
78.54946366916693 30.997635074427738
95.33896378205209 -4.67614178247983
104.16319712466354 99.4424183293711
108.10662558953142 14.048393302330235
120.23983477933446 97.08050531019445
94.83774982220679 43.98174521396949
96.11956057509973 -20.482138077035202
85.2502329368246 -26.399054910426983
115.57651977852446 76.20176915029036
116.0090878071568 68.08102837566632
106.54030897254677 64.17437157058808
105.64784838996995 13.70606118568394
109.8725624392272 43.17244383669
78.357022003767 75.50256973966012
106.96407820197477 1.444026190409785
97.21623654441437 105.56434380999818
111.00368506437219 24.914943273628474
125.81589657880754 52.98977989917228
119.49430437355986 19.754333671541843
90.27171600054963 12.813875233969481
104.50083187568468 25.50037963669402
73.35953596424227 94.46758122073165
125.18127482500255 24.938441284440728
133.23934633657748 12.848907215896542
140.70101250176504 20.141739562214013
93.869130471016 -16.01586170979838
139.55089142338585 22.090575300954377
36.90248470316121 26.456263720289236
81.7926237772463 20.000464864448123
75.78785652088379 12.465594939160864
95.48604639967422 152.00219742238448
116.60792243023685 12.64937782920699
114.10526779773299 9.77406878164378
120.21924962516198 34.167520153267304
105.94615952071644 18.788527934030775
123.37453510321613 24.43646784371979
88.72541073347965 -1.498010680071722
79.07760012070878 50.055781058567526
91.18890122325035 128.18595529878
124.69674609423356 129.30970054722334
106.28682710125705 67.13770670791463
128.40427083609146 85.00774623143968
120.57130470828757 2.058094537593867
119.35242600688977 8.397162500333524
101.0973551041152 181.36918154351048
83.32289638519967 32.47862809045438
137.1013409788862 81.69671539920182
119.22318087255935 2.2870956060734486
143.53243577184818 52.42160449646349
124.08964819101217 16.939420782830364
86.70601418603732 -9.04034275686718
148.69406593976046 3.7766923791690843
108.41563398550805 21.366817573939617
104.00542516102196 6.91555395575712
108.05199168626638 15.216167716844767
107.73426399487275 96.65308064318793
131.08210279325283 11.913640920866435
89.81064173436813 9.630990540102285
99.92180574420625 35.05421237316193
108.75540504528554 18.51012272274812
83.03288880131198 66.84206358472206
134.68037701142356 -1.500783588101929
114.953015650452 -26.92714286787999
144.6663654346671 79.28941200184705
139.20945484300773 46.07684715108291
110.97371806460406 69.12023169214056
114.72577531162815 9.925282932576598
119.94668165032598 154.40656642705576
94.68209037647085 -44.94398390218139
78.57414705632385 9.530072906786213
100.44806954253384 8.279845397898576
150.21164841210202 35.61297709434096
106.07519276592876 -6.2432048387562835
123.05735880626312 19.436795787453505
111.86720819836125 -6.435046468918898
91.65853328728753 17.03614240627565
96.07251058149846 -46.89578437886123
22.454716320280834 24.243949012206503
95.81348049001367 70.81802080820536
111.53564276882415 51.37615857548364
116.37869662573107 80.45031334223894
102.60902305758613 -53.23358030787374
115.96999596337376 80.568523930543
115.64977256417723 5.377372443185435
105.96184939043704 63.47750449080653
126.49572737951837 -5.645349301080715
-46.29295752201863 70.06182409226675
151.61275802019745 19.559428234755874
95.0689213780894 12.821355822523895
102.88811624243957 -1.5907045031655012
120.70628520128001 24.67213504378136
142.10000843714673 23.344326152957557
12.076612164756286 118.40610636028629
89.52949704858123 -25.99727244716569
114.93357152360304 19.250352913407255
108.87285156379629 8.061328696734135
131.9569623575826 28.034842932403688
126.65610994798136 10.642121486495002
91.19063076392051 23.74541487383114
113.44298496767202 103.18368521316499
151.93209548760095 9.996794534126275
115.71890839667891 17.547821106932336
83.23852276828636 99.81157969067019
103.71555450106385 24.410427167829198
71.18102429602489 -1.6069300992927253
126.13470802369308 1.5940762289799988
107.66848427142166 -13.277292037431412
126.68976107147913 11.521217581977456
137.98581928789042 55.68373765877653
114.2800228252663 35.251621168831115
110.8624361506032 87.31241338180892
115.49470709504746 20.69015700477723
151.04464910779552 35.89141983244743
97.07420516416553 19.44123529793475
102.46272920674596 15.809679684617121
126.17784944395774 52.668222284275025
115.70373903055807 23.499021897668097
99.32370963815855 80.63683777120927
115.47840776013187 -15.458614563678328
167.28854552332675 39.14876001086007
135.89015630548934 16.236130576369945
111.88448142510889 23.177487851979986
97.67165962104808 80.59219103576923
120.59222916096408 15.894288373521857
103.82609245727153 -29.981444081635217
123.52286923162187 -4.0330866697637475
104.55757448953571 26.677233457360206
119.18326951638598 18.153026643665168
109.15048203017707 -3.867896022470789
101.28417075554727 -57.2793901233539
52.042701057410994 -46.170189370646554
79.0158168276125 33.617364577602956
119.23883896634395 23.161629441251996
87.35195545876928 40.96079035627913
108.49351919357527 27.764657155049797
85.95140447753819 82.05903073308434
125.5267674444764 72.61614625807567
151.59483608829248 55.674770671285394
136.09702785339536 59.36922255866519
113.6246761510866 18.669310252647183
102.45449026738662 -50.05351072817641
135.6628307802561 97.44429155549855
95.51657858172584 13.626558255552679
65.48466673353212 5.896383373040652
125.76688701627624 11.44645286638347
51.81731833454276 28.195000044735167
130.04911123221828 166.31570027472313
126.33523002933543 44.3781485660149
71.18641607975505 19.838622247796913
115.86552411354307 -34.495936025822836
104.38776432865929 151.9388113449112
125.53799808252484 -1.7490443415679442
115.41697109608991 1.3810558634519512
71.88192366088762 -22.18837401109283
141.12903093891936 132.65005547804944
77.52471222013277 71.86837423638482
128.71360118856413 94.51275470613989
102.31843362662504 -6.0746614140636055
113.30641129162653 51.42443359454153
109.97148281218224 12.47105036539929
86.16830276228394 71.44745959795715
101.43053557857708 18.494575164503527
107.61652287837514 3.459363720445704
76.5672300833894 -5.7941462269425825
134.62152573212828 19.61058905939842
106.38444193093248 -0.7507270265436694
104.51534032830212 13.82036798956368
98.31803241864687 2.817767927852699
113.9896371719274 -96.27454825141271
97.34902455753445 2.3037347041790626
100.88706531275834 17.852467094213505
115.87270771816576 19.295351091123482
154.2291451209934 156.58935881600027
93.79224423807452 53.16662750487352
140.2516419505404 40.707375114130116
132.9739920127759 31.708615214574852
141.39610899351587 35.01738126065323
107.73775703185301 7.546241466909365
109.84035903547502 37.799728273102346
58.645466663307246 56.65587605349873
111.42690048428757 23.319975389428343
135.75793562338583 -13.290331543567918
93.37662535369027 32.6250922223886
94.46285952423762 1.173854313497103
127.48743175656172 -39.24995534970807
133.88423155349312 3.849719345583264
95.44405357122854 0.10512273895846636
99.7551772994029 7.748451414435755
117.42401661702048 26.830905068386688
80.53138595854335 108.0501251016023
109.18231036797764 21.975357821492747
96.61051906014995 -17.472289446011644
116.59996216560262 -8.977001231113833
164.35168956938372 24.928911637247214
113.75632743831467 -7.060989258330937
105.70505341962394 25.292130492718638
95.13103862714722 25.952861349567026
114.19658366031162 66.00475537042806
95.29456940883864 4.317650853393788
68.60448579872373 46.56155767267311
88.26559874431177 128.59046377908453
130.92994418126992 22.542551705998026
88.16057172320481 -51.09850822511652
109.37168663525561 34.39149742984045
106.783262315128 -4.6555642589673925
75.86613515364402 42.79523861712206
101.11111136674502 71.88736324088782
109.96713349893781 18.03164241407888
63.57866981176419 61.50911171323088
94.38589403472848 -15.798615737057439
115.40441172965313 42.638397537643215
107.33705801868588 26.613490094002756
88.51319944170835 20.502106124272412
154.41944109155477 74.71913425669658
132.55481760655547 -12.082837205949595
100.29881965305475 6.655835807113333
127.04919561361052 54.44751497923347
99.22414005496687 51.53769072287013
89.79435873781122 75.45454219090891
104.82953562954756 75.29276461963174
100.27893027107098 -5.853511556404958
126.87823038952143 21.24208601953405
88.18921254203423 13.740045912437886
95.89558929309818 -31.434648725437125
102.32023331394012 -31.56338627241983
106.30969359300269 -23.457838783861103
118.27564507510449 8.657273726572386
100.82045663865769 125.98476613067365
117.02301950883582 10.246592275766355
138.3317165830767 91.44765613055039
89.4810839729015 76.22114154605246
112.02521998361294 77.33007448534741
118.57930007473267 24.543849418762154
125.52060828493875 2.1415231701374537
132.3907906344491 17.069986434897494
140.2670591415277 0.055173788399977
109.03590373507059 -28.616179533574552
106.02440750289296 71.51665136641799
89.78157074289966 49.6149919091732
66.80638602915421 17.680393168427347
105.78410785716005 18.637364082651537
134.36796429362258 77.04324780916315
141.81693081357162 18.952335725110817
104.26635934518943 83.66200671023968
123.27788976532601 22.472223988871143
109.22061965799382 7.40347889533975
126.49171443427905 -8.608071261521186
148.54611531171886 29.0408694172644
108.86573502675688 57.325511891409526
104.15158256530442 59.034933695560014
96.79452426090438 88.01414008431165
81.01312693573371 28.858375340758453
66.57477603995709 57.65095742608079
118.69316574204935 22.624694887636366
110.24011849947935 4.086074384554151
91.07801215813069 27.74411416296563
110.32885651435183 24.23266531192213
114.21681767279695 -17.194192602298507
142.74427457382706 41.45079800822925
87.81038765675937 100.85817988328711
51.24063771003415 16.994486313813702
109.78259819558602 8.693417527897267
127.55571516783587 4.7441986781220065
108.44630876207854 13.569072592463561
100.36782398326935 -6.2787685012771455
90.971531879904 22.17416041864771
178.7311011656838 13.741005891478604
75.96169556963511 21.306941338750338
88.1956850350673 79.61106617860474
117.86262322414291 44.61002537360841
121.25999143331063 36.68136786606267
103.1582248139727 18.160330487701405
109.02025467733611 19.485766597343403
107.20575015038862 111.01467471850727
86.48190743553289 7.469657707487359
145.19070956877727 17.199838290829923
138.24956626158863 13.259695074949114
111.86920376829852 5.764992147571
92.81940790734201 -44.10466106075431
102.29917702466514 -2.321702502582032
109.89766246983002 33.69715379983349
128.42954576703795 33.860247823374216
87.52628653668545 40.40856911487667
95.08481852295537 -15.332336033799983
108.8714940554008 -15.739133804423115
108.12849512159463 20.371561828452226
92.73824460068967 23.52221677775304
104.54863163731069 83.54212578492526
122.782381388199 -31.700948722287073
131.7768003593363 -25.024287568568244
38.66134038606452 15.335460372297593
90.56081284234715 15.220546205949926
117.23184697102167 -8.513216157658917
95.62968825418336 16.087703885103597
93.28705027924377 20.603222669372446
114.98973625023548 12.017008557265505
111.99108253352973 -7.14696022340469
109.13307685070515 29.26767426646215
118.54357440320965 86.00288936551526
52.23180904971724 112.2964701987377
140.92668987876365 76.17579514754836
109.51790167710601 8.013150685510169
143.51490441262317 33.43763375187502
107.2163997789582 27.3453879051482
97.0021688632071 56.67662518738943
