118.42988305928341 46.32321564107118
121.88912133659163 114.093725108668
114.26111169877446 -48.18231074074094
74.11975454942065 28.944750024032203
87.09290020198762 -78.06416610897669
88.80897704005774 -20.424329646120515
117.10816075088962 -15.314981826849287
116.94249908223553 27.363772407360685
121.71454206672693 32.289204050741894
89.17135558857166 10.931098015052497
112.21953222420703 15.377378328023479
122.64625700305115 27.05898208517724
108.2778156650856 46.84255683430886
73.91362319808565 12.478164207242767
91.56118226213795 75.52326869713247
78.0608103853864 32.113749113060805
95.58342699363797 -6.7832885946356996
103.87351150926386 95.89927013962668
107.39201272908458 19.289384131407353
119.90082726057418 97.62928438047366
93.87375700929884 44.54512099199741
94.51347905620568 -22.723584653902602
84.88258584600749 -29.071489677387365
115.58569238591697 69.4225290314074
116.74009777058349 74.05256309490582
106.61552440243733 60.569096003016526
105.83117651805833 13.989190593338163
109.83998588027993 40.747127066532336
76.98689504533093 76.5208575701047
106.86570566759063 3.228403398698208
97.45125065627904 107.60916110139108
110.73219949445844 24.237887650055
128.3138185694687 59.155706148815
121.80200764907089 15.875855015599882
87.2110430666581 4.593151489637227
104.55214417805286 28.586437240492042
73.2830672565476 94.36161399888574
126.55992513112602 23.969897199485413
134.50557474608746 9.51241249222552
138.93174505951487 19.56052123834548
96.75510354939182 -8.64493742820892
139.21493150042846 25.123290392807522
38.76891431695346 28.290986010262223
82.30891812991992 20.008799163375055
73.81337235342936 11.302099768826753
96.393108494706 152.18325295126508
117.30901380637636 10.491811607814892
114.57794056630652 12.154895569701353
119.78698544826796 32.166012389459546
108.93728574518894 15.51635213770806
119.54092075596654 23.551389118124238
91.50041686115517 2.258764419344486
75.23035221412363 51.91767074064511
90.22959487232262 124.20518292117625
123.95471729170754 129.5813795327934
106.35128712494021 61.117128814873944
127.80755371601856 66.50270435997632
121.62743758414923 2.335414354980077
118.16711114100576 8.457853290421713
102.53501896455397 180.75937136335878
82.2984479482803 33.94165740191351
139.27010379417965 82.87379438160153
118.65975760235085 2.06684181322914
143.2934700733514 49.91175979754085
124.20469406373027 16.049262295662125
85.95812529487863 -9.738785939602785
152.5795046225931 0.5221649500697141
107.81928648749026 20.732571004180308
104.50168887485228 6.740347395899155
106.20986329311054 11.967052126770993
106.82489134583564 94.8585389268514
132.14773896763802 11.445843421215834
89.54124671744944 8.95673213423896
101.5638292871727 33.15669167958524
108.8472764630409 13.29311099457515
82.00682241487259 67.12097647887491
136.2543815842807 -1.3802227032944336
116.10991044896436 -31.590779838319897
143.2229516888062 77.01612779153095
137.5991535838086 44.9246406954177
110.5245643039592 65.97130306287639
114.94173634060192 7.117699766759218
119.29749599006018 152.89352450460464
92.91626472347872 -40.7200539090367
78.40233905572691 7.272560733581862
100.18888271862897 6.592163231233128
149.49159605434068 31.18673248286159
105.68970717080416 -5.351325295284046
123.45344521320227 19.44554880500763
112.41989669804606 -7.67043020810567
89.9131454746323 15.830631994597665
96.00513110520595 -54.294064121451996
22.206757063762996 26.54831786727822
95.6077315735356 77.03733654786551
113.14041884850592 51.495520415358335
117.7150616269625 78.04904331553826
102.94465861652314 -56.3059254389303
113.33539805556848 78.76601825018412
114.63869638608512 6.023363061806577
107.11763813464171 62.24566305301024
126.38030362589748 -5.222009842933738
-45.39764428915215 78.6062218411767
155.69514200723356 19.415789251918607
96.49512807372757 14.641394871393052
103.34172148860281 -0.7309528141358254
119.11891416798281 23.652954268433994
137.22823615458043 22.997743951850666
7.901335756424829 129.22348956725992
92.21766933240848 -23.3450386085975
113.73140889302324 19.308179060296556
108.78766951260717 6.686828527262108
131.1117080868528 28.025038313299095
127.84017433548165 9.494433328509075
90.48504084976854 23.58586503958778
115.38798606273316 99.13540094033387
148.73760009614753 13.820565029982873
115.51562403360589 17.480042534431256
84.65339644515723 99.44791480521529
103.29852139388115 22.778474973031166
68.87711308343947 -3.720164151072957
126.17675111295218 -2.628083954535251
108.24849964035738 -18.348242475588894
126.61158499111563 11.431805095203137
135.02542207076988 53.79755744394637
111.93853458761858 35.22179284564212
108.4217029488301 89.9518441331002
113.81051551164515 20.78316657672369
152.6421832836318 40.01575922170651
93.97047237172042 18.400760605035074
101.23506398552883 16.04621491739281
125.69135533723501 52.92309248489239
114.71040374841778 22.7979181266044
98.23160139194447 73.57279191324025
114.43366147961183 -16.0979057113496
168.50678417366626 37.56301993299903
134.32366406638792 16.84729186349258
109.96327095466278 22.464496993313958
97.90419444227383 81.16349227832832
121.46441828140266 15.613608303782053
104.2879938253382 -26.106442995393213
123.0684290562586 -5.072335094205747
103.74135637412171 22.456815991907987
119.71379404950137 18.09623756236914
109.16526250273931 -4.160018149706832
100.53687425283424 -61.67502290943433
50.56928996858113 -49.12618578463301
79.94601590125268 37.26123431024888
118.11070576345786 22.383925649768532
88.59219608741178 39.21365364156694
108.16504777529522 30.186223468392384
89.34795526339815 83.5896990843592
127.16836238587561 71.40905469534502
151.2974928076385 58.961832554353556
135.74669852736452 56.18798770272689
115.77701590733179 18.33649888287903
102.76028720990809 -46.86646194457465
135.0986503326007 99.01749179089718
95.8103807722996 13.848058844279489
63.016876792432406 5.226037443870259
124.96653281755849 11.259026280347614
49.93316344770026 25.067664040432735
133.09218982554899 165.25687643408338
124.55625064883075 50.035420061583906
71.33932531566575 12.311056108853954
113.67582670107846 -35.344847225847815
103.51076046310648 149.13835720673893
125.05736420029912 -1.6006053645298701
114.77732629240772 2.588715683502731
71.74997658393703 -25.331594350381007
141.0127882333016 133.72299017643581
75.16671659045218 60.59562420488896
129.0612970531157 91.86399699806879
102.33414829462494 -8.520802662447636
112.7905392090254 47.716224199574555
109.99074004258311 10.057589016477593
87.0530228554525 67.35183166175491
100.35171027683543 17.94743486671512
106.70740607546355 3.495022381168355
77.57140835975666 -5.0651041155700876
134.5523531728496 19.62812637437025
107.38684642910074 1.0538482049964657
103.97331398576772 13.333345172992091
98.32271562740078 3.175896742355898
113.81453158878139 -90.0017423168195
96.24503632562582 1.9889111428294413
101.10604733929557 16.17948664526937
114.3227441832323 17.33803830569361
153.9151695688721 151.13362457175856
94.07103355917674 55.09602397756185
139.95551357712623 37.04022289577418
134.7866132454314 31.100942917121227
139.77122874307705 33.08018887672782
107.73876209241533 6.699318877791957
109.7367575689313 37.525363684885875
58.911419583779185 56.46487261950005
110.9075180170594 27.26787520634055
134.12759195801794 -13.323382994157408
91.53639373090952 23.829012117522318
94.81266274526473 1.1572078399994785
124.59849582382375 -45.6198928333369
133.5546696609514 3.6454538868347144
93.97745059265344 -0.8050444600486238
100.2868192658574 6.668922694416356
116.79446939359316 26.072124697842245
83.70383754057418 105.7852953639238
109.00315674382618 21.02784201650844
93.94035758321468 -18.558119895611
116.052953548366 -10.415581914466122
158.97183782005078 21.69081540677348
113.87052515661408 -8.235299171301145
105.19993791242119 24.31750036779071
95.3959432109778 26.2371871075025
117.79690526087069 61.74777737949137
94.55827613504721 3.5010981580289497
69.81072723038712 45.408576668346676
88.03010581836527 123.32700746463654
128.95852014231573 21.38523201689554
85.7318512432742 -48.38097867516776
109.44812791373913 33.00720828133782
106.6230273316442 -5.018575034099002
76.19551762066449 41.979274793056604
100.59461974573142 67.43261967845879
110.00455729807506 16.82341096265754
65.97194176528446 56.64657861684641
93.99424447164192 -16.657668857991773
115.27367824990887 42.05099890312233
107.48747797876945 25.576599815296646
89.01902863300032 20.731821877297588
155.3891799268635 69.67368285863235
133.15419285155636 -9.830133339494415
99.81444053377578 4.7965974810567555
131.2490901697336 50.930583191024944
100.61224923978658 49.70493904936047
89.78207590887723 79.33809373192766
108.28833218464402 73.8681421459399
100.55443400325183 -6.270522040586063
124.85525500885163 21.229930436276373
89.21024770345784 13.22948535574895
100.16684144930353 -29.755647457426164
102.60921908135275 -30.616600929218233
106.35054517960369 -23.022555476940564
116.93549982441724 10.142130677177725
98.25982995946835 121.21890029862935
117.80606006347728 9.21815115082388
140.83712840159677 89.42355931935577
89.61095854446413 72.2106784965084
111.75336096723763 68.77987312311933
115.97256954733723 22.722737735355416
125.14468897734731 0.5507788566435072
127.68395875825983 16.5170598625559
138.67711693158267 1.0884211920601519
108.85260615816715 -32.44786684112205
103.84120674217824 72.3534247779832
86.69566128644226 43.646722439198975
68.70431058431545 17.569546860958067
105.65997368544944 17.73559682757035
133.0161601620664 77.65383017928107
137.32422878238506 18.712955972647425
104.04902071528284 79.82100814537522
122.16687329273387 22.00677440936052
109.04171917159958 2.084675270252692
124.527602411359 -2.3257939561592407
144.84949792567284 27.62914289295013
110.0706450728547 56.80710329513047
105.32737627228174 53.36194063899693
96.06280964792478 86.40831360446828
81.52949375652774 18.664924449579832
64.44623599992336 55.14651752761324
118.47596930062406 22.331130064835474
110.28079682663392 3.1741855490780315
92.00322988433336 27.817131518442054
108.24602496842803 23.686658555310657
113.88652188632783 -18.56611042353054
141.18991302435518 37.31461881653811
86.62218667327011 97.32480048647422
48.626410926840904 14.399953505015759
110.44146605262503 8.963977920529556
128.7809155246821 4.4744529667817226
108.20311368767041 12.852403045115363
101.01588530413137 -4.561667147063284
88.85789117149724 20.69842098921803
173.64649021470132 11.89306856924576
73.81622834088239 15.997448805483135
89.13006625159694 78.4632726827432
117.77578246395619 40.25637787548702
119.83887188184228 37.00926405988122
103.51041764181593 18.099831793498147
111.37978206167125 19.525538292878185
108.33209205395777 115.89065808099919
87.63465611039189 7.94935017354629
147.16962374310523 17.703700214408098
137.46555317158257 13.494882633303348
111.12003579691928 10.535079705496294
93.5862750702577 -43.912391990962675
103.3548115603348 -0.14047727901785256
109.8928686162484 33.23767112447798
127.03110700527938 31.756113896833128
86.25332110165557 42.63901256572465
93.7321923034688 -18.41499133379368
105.94922374305867 -14.730303380222804
108.9420734685374 20.173217124757855
92.56511527741961 23.754931476035775
104.52410975786417 82.15153917131195
123.83851788349783 -33.702009364692756
129.21341090823282 -23.006796107972153
38.201851349150026 14.50057506908957
91.14310431398305 14.755722073395479
116.51225363295079 -7.173581904679463
98.39881716374997 15.258709409599529
96.19654939255298 20.358378210539488
115.67680130688578 11.586935168390625
111.71162874838944 -3.8336049377749752
109.19603469270072 26.954938639670285
118.88608029868094 90.52119268769178
55.71979087409648 119.75944248824564
141.65268427246892 73.71734295715662
109.59047464176948 9.89525202734802
141.11023969673172 32.934396001731926
109.05360706032737 26.17109811380174
96.7074225986769 56.506031307581104
