117.75275480301134 31.386480715139655
125.04021972333994 102.35871704950964
111.3915580046911 -39.03312213046248
79.96700782351111 4.773433708867941
85.45579178051094 -90.80611104812739
89.86132864382635 -7.83659550820623
116.86874022112684 -18.289090651064587
118.04047898987987 28.438722685172742
113.52449017854808 28.32218228824255
88.47330916629403 11.511117174826131
111.54161328383866 13.895361010145274
119.43035403769004 26.294779822985344
108.44605759745932 48.68141050549304
75.38497065548019 7.326084497038542
85.11164685529063 70.13846222894568
77.94710741385136 34.190920593259065
96.60315242568007 -9.754635499141905
103.43740117571106 87.04911037914492
106.07009036053752 31.271588913452966
118.9691335051799 98.62785052507571
92.21598299862833 44.48698415599745
91.68711849328497 -25.491751997279625
84.56149964904598 -32.88479018089451
115.4204721904251 54.37242769894978
118.06904458745055 86.15912296224079
106.87084411424101 51.90765814032572
106.32638762224659 14.686969630030818
109.77412296191932 35.244857061577555
73.86651847999352 77.77869652293171
106.71699692863761 7.10438028748897
98.30796827058084 109.99587154546917
110.17131642269175 22.790303624630983
132.88179858569953 72.17169054922064
126.16404793571941 8.21635851498665
82.10076420530018 -10.967423333637946
104.87355679302651 34.56232224811522
74.81940233479784 92.50821938398032
128.77558823303696 21.902877738278814
136.29778340954005 4.670782588832283
135.15452592910754 18.396410584130464
102.87832179887782 8.782474558513377
137.26591836306707 33.3117752207481
43.22653709045529 31.574111441093486
84.4275614965978 20.005669907213864
69.51061979208257 9.268719097476838
98.65449873289829 151.8106880174402
118.49813993642991 6.641767591958768
115.27193512348819 17.070411408604553
118.57725864859638 27.690854716986834
114.91860954870108 10.18487632423373
111.46213129257416 21.667429195968605
97.56974236553813 10.499396949737601
68.12629553810902 56.19430875715139
88.73719893135987 115.43128475280808
122.06232671362957 129.86205335361547
106.59924836561405 48.73822095379908
126.18710400271574 30.178612729686286
123.49357677443982 3.439385772613223
115.53000933882112 8.93304366361793
105.61762394834129 177.32370148115507
81.2665409257233 38.72879701552139
143.22130753238784 85.22986561556182
117.42655585911388 2.243446828042008
142.49338872402782 45.78767787105255
123.98651509722241 14.40180846873694
85.06064060461792 -10.387843039597746
158.99259334347417 -5.363799570222499
106.69014538667987 19.453716338544822
105.69958650131812 6.796978334620737
102.66087666376438 5.7155767517683
105.04041620622272 89.72425880479896
133.17235914667407 10.815194886745216
89.7435513823079 7.7645793469592315
105.0299058550628 28.887516243560995
109.05613465512488 3.1812886890876984
81.23992210677805 67.50802693582285
138.70863075245003 -0.5943138380696159
118.22227552753866 -38.9605713956933
139.70382750799982 71.73147578077771
133.69279405835212 41.70207123860153
109.61657257801792 60.43473219619421
115.26764145435706 2.0386845821480386
117.72031463770243 149.6906175351664
89.86030490881403 -28.821946873832804
78.64757979413547 3.17115267922839
100.09999252451688 3.6928756866749324
146.95626509051533 23.31036059329232
105.00928905904696 -2.928318586177523
123.67737212612651 19.46157516967168
113.41962334261689 -9.206668480884366
86.79051512088088 13.550906733133266
96.41301076163127 -65.01645394032224
22.231895610931932 30.89396543257413
95.43337950462701 89.7251792568721
116.21978844451004 53.00093609100906
120.19540806363182 72.66046819045481
103.90248598465038 -59.101594917270916
107.92210927075625 75.21055628458086
112.45511837391933 7.5981848696466985
109.47957616556998 60.223974625104056
125.53938811676666 -3.502924632975465
-42.614161463580835 94.52868331939769
162.45340954802663 19.128584498174508
99.73657760114993 18.422592216360535
104.4769811604268 4.584042997038933
115.63443547320513 21.470430709101933
126.57637174269503 22.25470854319055
0.3268688682654166 150.44716203770855
98.42349690307674 -16.69613555626329
111.20573151334173 19.418796592614946
108.64749942832776 4.160165742704507
128.71163408724914 27.678818046885763
129.42603328588234 7.4052389245441566
89.88908815145196 23.178596850559515
119.18082027540565 89.24615592596379
141.09823495469476 22.3465236272583
114.90681766432657 17.41702592629423
88.29396343280125 97.78845751231952
102.6023940834485 19.44234440873469
63.29354256854196 -6.805271379777391
126.04679445676865 -7.864527341362168
109.47157032528872 -27.172545182941594
125.96573327643675 11.533555685191809
128.51539641985514 50.20200302603447
107.21048334472778 34.813546476453226
103.6363026204162 94.37492656026271
110.36370879756771 20.9371999974286
154.8011677474755 48.7917902491119
88.30962491465863 16.338702608595
98.93185183249865 16.577608939068032
123.85764201128029 53.73182525642483
112.60292252679585 21.291994691142687
96.35986821535259 59.27065606479187
112.16560371561386 -14.090659775115295
170.38115752222166 35.753614640300235
130.25143196750068 18.112931956099775
106.12495696148234 22.6801350594183
98.53050754121794 80.39191048684867
122.82383310168395 15.158086700910735
105.33455043332488 -16.662579545011415
121.72473362034891 -6.005184676142773
102.21198728308762 15.610371169300276
120.3238382076885 18.02293331675111
109.22212695609747 -3.638339354636485
99.33201993095093 -67.34456814354176
48.40017921460939 -51.601790562836904
82.28479808725051 45.305303776430236
115.4602817308508 20.731533937423617
91.33340219067976 35.918503263656305
107.54502566547546 37.11130008934281
95.4959384310864 86.85363692534376
130.27895437678572 69.14783454087609
148.98164651423318 66.7425471651413
134.10914879479878 49.402211910937275
119.8664578783583 17.71966950599014
103.66237291189256 -37.613522895707376
133.56692883365656 101.59147485084738
96.78721944960532 14.402415972142254
60.03249041471526 4.034480044279014
122.93639964157892 11.27775448630294
47.126663200083485 20.41603493132623
138.40503171698663 161.57180239457577
120.45560915312089 62.26912674543403
72.54129044357278 -2.218712208649122
109.16708156783945 -33.54685366175386
101.9475594627501 142.50853295767322
123.65714059860832 -0.9045617233872566
113.3704357392941 5.554207782112526
72.75462770732965 -30.19815919330553
140.29431908016264 135.4970027217513
72.12220251052302 37.4809955067539
129.24381100972244 86.07938051474565
102.6503022857627 -11.209490729183667
111.6744551489677 41.2384958099738
110.02393873895102 5.638641984351599
89.59703687753462 59.03215306252953
98.37956713725518 16.89456776143608
104.96236450009125 3.8697783329382176
80.21947941720244 -2.7343343257920565
133.6754270558598 19.652863339543945
109.44981508595869 5.076842822481011
102.98296711794603 12.618789174031445
98.68579853933483 4.512483350022173
113.30738242027944 -74.57132955898766
94.40480788905151 2.1391519980056644
101.71353228584316 12.89633684256005
111.1288576442796 13.481408559117058
151.92281006854338 139.12780312802767
95.09743448525613 59.785711400478284
138.42462813322467 31.588886024498734
137.77399742536997 29.443409596867063
135.88324580178815 28.77413764882148
107.79806417273683 5.465789066648184
109.52253827997339 36.752750387718294
59.859651092404434 56.055433917517135
109.83421939150269 34.8430672742338
130.21656283445748 -12.055416415125434
88.37606782005979 6.403457675885541
96.03106367874442 1.7670866985497118
118.18217262315126 -53.82042581152676
132.3542197483966 3.6105617664559424
91.4253302206738 -2.0204417234164094
101.69278634324934 4.882504081066034
115.31887029051701 24.378641231154795
90.93726386542555 99.45138934229557
108.6621049847956 19.072472405830826
89.16567361279441 -17.21019777863996
114.7482091173256 -12.296618649273283
146.8072986456183 17.208476344950753
113.99780551687188 -10.048731256602245
104.29462240100025 22.308871943439524
96.49221919375502 26.560656119970556
124.69217182925301 53.87832875725517
93.35547467905019 2.4962009218020964
72.55160588104145 41.73689462429783
88.34352961175014 110.53545420968776
124.56283249259805 19.033313021915415
81.8092540487972 -39.88285424303735
109.59845541497775 29.724157929606648
106.40944403774961 -5.014699244351982
77.91005230091216 41.35712235255185
99.96395353394553 58.091432585596415
110.07724599064589 14.540029853103366
72.3297518703087 47.31742761680333
93.89496117141512 -17.43860749511245
114.93139861166966 40.080660323973675
107.85834027691574 23.21917008683086
90.86063029237201 21.15123608777514
155.8805366005652 58.79374385172285
133.75233373470326 -3.1927491814047837
99.16693249872114 1.3523344807275173
138.76916942283762 42.827545808808246
103.57467558055191 47.32024611217929
90.2965160892633 86.88742426181189
115.22641595146455 70.5666066941136
101.258678357754 -6.32589923936462
120.5472249334595 21.160954106964688
91.58508745098072 12.38039042410491
108.90188706360455 -25.009885260975913
103.45323816062809 -26.84374188268173
106.56545311595116 -20.525634661666498
114.08130899193625 13.265752906554198
93.24477874678607 110.08929629527056
119.25533073428443 7.453995317337184
144.62928317077476 84.28883196955724
90.54129438320412 62.275951695160785
111.16604105582564 52.32105912406496
110.55880233180949 18.94578356232065
123.7944966477964 -2.2967156615892534
117.49757905630975 15.495794891951785
134.67115767719798 3.7430647366911396
108.51417009158227 -38.224367377555936
99.5634053957603 74.47641393334482
81.4083437485457 32.27409730782233
72.54523436381507 17.386761854096452
105.52509762800048 15.991332407106613
129.7259512794855 78.15742309971291
127.25347363392758 18.30734680848424
103.86792736284312 71.04098450071555
119.4880456924776 20.983555998612804
108.72426936287691 -7.884306850484686
120.31768123127252 12.760878682148252
136.6783918032288 24.64273578348113
112.45531916985806 56.429273346261354
107.75405079922913 40.524004931713534
95.06905969510015 82.98338663072624
83.6197287419952 -1.2549078498101345
60.79288979044566 49.980400667954505
117.73969921946761 21.68696860290658
110.34952822550625 1.6900953040885658
94.3410640230152 27.726478284748527
104.18098485990377 22.46013053880139
113.07733413998785 -20.207078396610136
137.28980366089957 30.671238966256833
85.08482924945622 89.91102782574443
45.648939385975844 10.069090441437798
111.72969443079981 9.869616979097398
130.98261874253026 4.499200107307517
107.75157401389333 11.627959176520468
102.53552910488833 -0.4252941365106109
85.11767237741977 17.737661279707424
161.76834898632535 8.326797099203185
70.51303637526186 7.224451738931937
91.42949505327425 76.02540575368371
117.35091462555218 32.74801466848885
116.79251254414909 37.15667562836729
104.3995542103775 18.03554378527936
116.04380356210712 19.60313466977241
110.62052106857186 124.7697546018716
90.28352376229327 9.134384757540264
149.71902530673538 18.747496706848903
134.71979444812587 14.16445009760004
109.58724023290945 21.086806678904388
95.51455614056245 -38.977933301691735
105.66059669133094 4.854357819097704
109.88214891014397 31.953717655677256
123.93942522500546 27.29516022322268
84.85250332927268 47.938117671865996
91.35500256705329 -23.490724610670462
100.20212933008521 -11.486143343032634
110.57000067572484 19.757915865260777
92.6278463719179 24.127587049632616
104.67224318887715 78.74069664803707
125.54730568393319 -36.41294408333031
123.72220629815564 -17.540083762529576
37.138553381756466 12.981783917096763
92.87828418542675 14.025953729295951
114.95285942854859 -3.2293130649777138
104.22362205045967 13.740683904571632
102.46843929023755 19.83815586518909
116.82445578310602 10.94368308338476
111.10055239404542 3.59460120609136
109.3266837456026 22.06437049339904
119.40840724688456 98.97107430401248
63.330390764540326 134.64296772689877
142.3176273556587 69.01157698966315
109.74084508512713 13.888888562417854
135.22616424622674 31.3761558772383
112.76051865438578 23.619712543662253
96.72821120738695 55.189647221251306
