117.30740154273451 24.670836728362573
126.4271930288742 96.16810589325753
109.91504264360834 -32.841358823268
82.6553485554143 -7.205746191504108
84.84228399280732 -96.37806902694938
90.68246843075316 0.2973745793129474
116.6801977051356 -19.21734379086822
118.51360183171077 28.794832787828195
109.33842133246942 26.22701966164803
88.22883978231908 11.98801040500737
111.19406261153628 13.226741248439156
117.67080876709245 25.830401785688547
108.55753211666091 49.30967106083845
76.54624868048474 5.824284951943669
81.96972027351167 66.61607837063926
78.18051645461318 35.01897583720084
97.3114990267254 -10.760277183267018
103.2808300772604 82.13721631234381
105.4830898746899 37.8244289034353
118.31235468785884 99.18583030936938
91.74585043503434 44.11612165124217
90.58917848803782 -26.12518370931231
84.73621532503003 -33.82974731661375
115.28295715673315 46.48334023225486
118.61802644593948 92.16948990589326
107.03605915458364 47.30246071205988
106.63340411784944 15.115051854460804
109.74136575895854 32.130661339974786
72.35645901675421 78.34030563757516
106.68718806381358 9.289492710348076
98.97454454316392 110.80764412315875
109.88557739700538 22.004379112762994
134.88483571944838 78.62294394951904
128.1992901828909 4.489542579295838
79.86700022470383 -18.213649921513447
105.10986173598496 37.18768735212276
76.18904354615911 91.16078628572245
129.4315109773959 20.81235519663534
136.905075252398 3.9134134017682434
132.91212804884066 17.82183124164702
106.05421433700148 18.91800158354767
135.68005362073933 38.224261435965545
45.64795774007317 33.03791144955691
85.79069134149364 19.99791648988126
67.44361086555632 8.352093869105289
99.98215724710192 151.0800730737541
118.99716366899418 5.037122196199354
115.52096423787364 19.560580478272016
117.81946734256273 25.34747634409757
117.89627882322196 8.796008934108634
107.38544886304568 20.689069640367673
100.85804202864237 14.826654064995058
65.40486336054877 58.679196555285316
88.32456154613214 110.51767728427987
120.89540484227919 129.79569471362692
106.77952113053281 42.905246560526635
125.21535661919309 12.298920800151404
124.25424655061043 4.324825938272867
114.10302480776218 9.406965246610778
107.23014720271357 174.35024140264017
81.21387274637567 42.01635369980932
144.67100360375957 85.9203919948342
116.76624661692108 2.5110946924700768
141.98311711052284 44.183915607819344
123.634168212893 13.626262893693701
84.84594161366851 -10.294160560757145
161.2709711036087 -8.117717762002037
106.14536845672139 18.8131028962622
106.37039751665966 6.97799828842335
100.96508353837918 2.7492460241441483
104.23207206737894 86.92749294091024
133.42174321928258 10.597700434806699
90.10974187328787 7.351731904903183
106.85706143814214 26.596832460186572
109.17350364922136 -1.7310539388270962
81.30896993791768 67.76098927023367
139.5492547476157 -0.05086126297333393
119.17142750500292 -40.36205232996916
137.75592490672094 69.09318890933078
131.319517763977 39.92494909207302
109.16422455788317 57.53393201106126
115.37190291170589 -0.28121043456481765
116.7935471226886 147.6635107639643
88.62821703699417 -21.697090729270258
79.1706556610804 1.2244625317221691
100.21552196784606 2.5443237209699374
145.22185444284133 20.156559568649232
104.73236496994627 -1.3109405318267475
123.56648784157503 19.467813710839447
113.89351915727758 -9.67529518677532
85.57117280257958 12.497123119753375
96.83453160225778 -69.06653581146499
22.89366559469461 32.912760759227055
95.65374492877324 95.5721936433137
117.66463054204257 53.950538055958354
121.2480689413282 69.71385129474243
104.4644959424618 -58.528326181826834
105.21431261140539 73.10436026941926
111.28942395749058 8.626463804708074
110.65349586192323 59.01281309505509
124.85309160210699 -2.1887259677241584
-40.09601494907933 101.5598378102089
164.908600772333 18.985765840501575
101.50883223917566 20.326373931777955
105.12938098900231 8.560982815612745
113.78692464562647 20.342608164518882
120.97055383863724 21.854247874235607
-2.9806917432286637 160.69021703613356
101.7941005417608 -12.863156552143922
109.92024081988576 19.470771531500997
108.59376159814559 3.208182859415412
127.26749291501295 27.407487916339583
129.9752066132341 6.54647713706562
89.94562252168896 22.91984459586699
120.96884602162302 83.82474563730207
136.81193759973306 27.21453236635501
114.51752258010171 17.415919244892304
90.48668503532836 96.89036970117213
102.3347347240898 17.75851735187625
60.421303642064295 -7.840026258292562
125.78220064469667 -9.252964236530056
110.1038737350481 -30.893121572152715
125.25783058730846 11.69303867844794
124.75682605915866 48.822876168360615
104.86771939699389 34.361318112470066
101.34118697742004 96.43993243999095
108.6333362508146 20.987053843561483
155.05752557432382 53.83874989613827
85.83621003558659 15.332103579724532
97.87239982359453 16.88754816268414
122.66194084148057 54.54426467220793
111.49125680766558 20.5209958374534
95.73367076556667 52.77016572853816
110.95442647809921 -12.606243895109385
170.71717506838274 35.280808973473526
127.84495446007678 18.77577191174937
104.23082531958856 24.055939214733097
98.95415008179255 79.38629032795131
123.30372960151401 14.963609916050121
105.93215579057265 -11.486246042369505
120.94748779239302 -5.528161545241732
101.57660299466859 12.778438967891502
120.36177134855978 18.004992491194713
109.26265720824998 -2.9053193553702727
98.86468285597864 -68.28634866693213
47.57005960901437 -49.889126167669765
83.88004756750826 49.945497769980825
114.00952067540653 19.879462924016437
92.9706604553803 34.45123107839272
107.25870833921111 41.50732643571261
98.22433312613015 88.26801948273065
131.4051661532359 67.78920675847489
146.86900668020667 70.54784619383862
132.95337945477428 46.05669491161188
121.75780878617593 17.42801556837176
104.21379708856561 -31.887665258859144
132.4147394839168 102.68650027203479
97.47523518811538 14.759349566809172
59.290327237053454 3.6055298416067725
121.71229598610817 11.493532241924502
46.555734922387416 19.04416619376521
140.4302338428717 159.02361375868128
118.1687930111194 68.54662307594896
73.65114048023882 -8.781745033495152
106.91078525437638 -31.614856878448208
101.34369684508312 138.7687567499293
122.64208677473246 -0.14955998355126232
112.61783271817774 7.315353850736997
73.66700427186797 -31.976820949922033
139.72001889806793 136.1517199946047
71.49086615312761 26.399188190928697
129.18739080224333 82.9186371515802
102.90768503672005 -11.306995448731929
111.08849647452114 38.73429094295149
110.03908134590482 3.6745164937820567
91.27957757086558 55.04336872601281
97.46465662026336 16.423078210466368
104.16186709499259 4.216509358086549
82.2649027927543 -1.2256295532777173
133.00181712293704 19.66102566149904
110.48452933092854 7.384595457903844
102.59060219075769 12.368479042891988
99.05100677560247 5.5373144133060235
113.01188828697283 -65.95180883345287
93.69694711051818 2.6149354606926587
102.07130030936759 11.351738438346956
109.49967969951604 11.575993181886565
150.49100935704095 132.76320120099828
95.89697849726817 62.70811834854338
137.2331513250247 29.610993820492588
138.6999924889713 28.427116550802563
133.23553322295726 26.429912358840905
107.83814523396282 5.073289373051443
109.41529718644664 36.1180317605762
60.94789517854194 55.82433902882145
109.29566989456167 38.41936935162946
127.90884518445097 -10.895533471074721
87.0939935595701 -1.3478547241955514
96.86353953748831 2.308364182545194
114.83469395114273 -56.13918759481163
131.34600126849512 3.865780367022837
90.46425742221491 -2.3243204516243168
102.50011410629527 4.2668003776847625
114.50706007148725 23.4636557895093
94.79184852487025 95.48593404783712
108.50281538335743 18.09650240311349
87.10364672688895 -15.373773712294643
114.02339936869755 -12.869305068570897
139.90339029881204 15.352134470867313
113.97594741737937 -10.491970886753009
103.8956262555321 21.23983325593016
97.2350540389206 26.537467635230456
127.81635438363395 50.276122591283226
92.95699445480938 2.2421288280957015
73.96911569783893 39.37081269017469
88.8467590792122 103.02116769428568
122.04565551296386 17.857844463249887
80.1187658862605 -34.728442505865964
109.67005853979249 27.828730984201428
106.33856135431712 -4.909301770505372
79.39059077630552 40.89488515661657
99.80307311323192 53.967097232761645
110.11024489496224 13.483081004366774
76.18078299862778 42.981397445101294
94.17770301676424 -17.115324445014153
114.66415445922976 38.696893283813154
108.07060801250707 21.95506204192664
92.08362257127767 21.346647869221385
155.3773836819886 53.360271183960336
133.66639251776473 1.590816912713473
98.99246455289482 -0.19060698958201572
142.22515088076486 38.40070699384584
105.10036051129765 46.62404025226465
90.80619547509292 90.87609963100962
118.65095537535836 69.19843801217546
101.736146406829 -5.967084790892098
118.134135013771 21.105015978393485
92.8593139352821 12.092434240575079
113.28805124467831 -21.29943020100914
103.956048148848 -24.392743762821095
106.71626686380003 -18.892053407774206
112.63143991467398 14.896028404588547
90.84094715353584 104.00035363598234
119.81827480104707 6.727653211182552
146.03858394973145 81.76341172230651
91.28230478756691 56.65827665531439
110.84260080208287 44.79293213189412
107.8285737230604 17.054107755919524
122.9312983730824 -3.3561065073305905
112.30069555889635 15.011909384823172
132.3404477925181 5.396360288735374
108.360224446647 -40.59107838759695
97.55630201365621 75.19972830677585
78.9550382645593 26.989934301436566
74.56041879747963 17.32398299510149
105.52254197325726 15.17233346511713
127.62485858387033 78.61007741438993
121.91926347634175 18.130112685551236
103.82104875326742 66.51084089331499
117.93552323269483 20.43701208995108
108.5878607268254 -12.420311067737131
118.08630691936699 21.09378559229242
132.00272203609813 23.005701008320568
113.58723064282492 56.2413215977031
108.99897351642873 33.504857301869556
94.8483905043422 80.71279956757355
85.02679726562377 -10.003944811530344
59.27594951721759 47.74195371190007
117.25577723393778 21.334082496247866
110.37796831359152 1.369460615165954
95.68368212400839 27.519347687736012
102.19783954166122 21.798749328285002
112.61095176087997 -20.367141578455477
135.11814617560051 28.087882402042922
84.6220533535736 85.96836367767257
45.01961532958515 9.043945371981941
112.35187332683995 10.426119575782009
131.8542808538883 4.689287475884874
107.54976979357608 11.116332303006093
103.3983170014924 2.078216923826825
83.55533844245298 16.268599918228865
154.970520992625 6.6989522447615375
69.21216283872081 3.829324503577368
92.88395544339886 74.71503148240134
117.0194368550036 29.098669959986065
115.2014790767586 37.02391128419984
104.92019557388949 18.017021399915784
118.24470703403927 19.640506657368224
111.75580349792673 128.9515185022386
92.0875788028262 9.876887577759057
150.259232251173 19.276717359593206
132.711199343683 14.576316495020373
108.81588214634817 26.80926914570199
96.57158935555961 -34.706584734151456
106.88573388318832 7.57747515789687
109.87627683853252 31.125199965514668
122.22519629285684 24.898701693265476
84.66747756910347 50.81223685705614
90.38680748314486 -25.562097467072896
97.46841535842542 -8.227732463120535
111.37623480363149 19.548369463518423
92.83491377546144 24.25525249946735
104.79925492063117 77.19872101454095
126.2603695297489 -37.32725208304307
120.74426454647323 -14.152657948179879
37.17406781468998 12.302853710083115
94.0216265398389 13.78063961211619
114.06354069330051 -0.665230779436607
107.20585248620904 13.025737539041383
105.74945817209584 19.57026827661473
117.26429386859373 10.717129372177777
110.76373878875333 7.631574995277292
109.39457509790947 19.56690553928132
119.57682196816218 102.6911752616241
67.1413972945214 141.96762748609976
142.08454394056207 66.57738571208503
109.81790232251439 16.00177975864929
132.0414466248216 30.462161923610584
114.59648604816641 22.286501569381922
96.86393968263437 53.827597875713685
