116.82562145020378 18.370401986738102
127.63727786259356 89.83278282446595
108.4343696232236 -25.550208641304824
85.01868159977671 -19.142963802628632
84.44869044133975 -100.70312410272862
91.79132568590788 9.593570122898901
116.39230162461038 -19.705308015663682
118.89387694137433 29.05583439760261
105.15518912118436 24.058374339307292
88.3383932072487 12.589963377946036
110.83308973041046 12.600300877204365
115.83367120307071 25.278202589742392
108.68180730539305 49.809656514904496
77.82474120738708 5.402114820825686
79.10751682678392 62.393068295573926
78.70042121728538 35.59961524430477
98.20826637322172 -11.279935819549252
103.15548813826742 76.79165190207618
104.91144438015269 45.01443520566667
117.52395124070098 99.48879667315744
91.52560598044711 43.47863246484492
89.54913571996369 -26.05019451746586
85.37890929321922 -34.207423962673744
115.08683029396742 38.32819117919213
119.07273450924603 98.2727082926989
107.24507937694732 42.587189855730166
106.97375499515316 15.577487865681245
109.70922804024927 28.91795970661775
70.84797552294397 79.1225598794862
106.69844847838013 11.541508692652375
99.7577148694847 111.47004154408653
109.59977044663471 21.184343271949135
136.7367305407207 84.64030427356754
130.01944985255952 0.8332775898605687
77.74682923325736 -24.594177283962434
105.35266335775725 39.64658972918064
77.88304467521336 89.59977098930898
129.8324622953143 19.695428956941157
137.2486619615563 3.473287757100164
130.58070447337784 17.256226171629297
109.23534256140952 29.889698734783842
133.7118595843756 43.270509597921254
48.261972106323604 34.333645525470274
87.34271402335487 19.98239930190677
65.59454109523817 7.579502861645663
101.4330614987074 149.9526818303066
119.32550492954462 3.5331698421651723
115.74729288330941 22.05117891998641
116.98105389170135 22.968463017636083
120.79936641625014 7.589641208225724
103.3442348577241 19.696162589111484
104.26149276063097 19.179707204991097
63.23188367140411 60.85584479486646
87.98293692026878 105.44002306845104
119.58456276808575 129.6832037717326
106.98378022176713 37.490475561126864
124.07871579582967 -4.529029157136009
124.81836599002412 5.3720557657847205
112.6041681633496 9.981602084781262
108.87407850277513 170.66328206429023
81.3917301341037 45.77553614885041
145.78193545563602 86.169844860462
116.05314788883848 3.0006140540328228
141.12065237939578 43.038635210528305
123.10821089715644 12.881737974840757
84.88107344288812 -10.131894231261088
163.2743084070378 -10.467248860809486
105.61244066788414 18.178394488627706
107.07613537094834 7.302857250554741
99.3590716633532 -0.01274323234876018
103.47666420059264 83.6614916524142
133.45520123242204 10.403317502453149
90.74765835813535 7.107723351317256
108.70870706893412 24.26585539799537
109.29419805512127 -6.394408669167939
81.61828543328484 68.02628511266795
140.1083750935966 0.7589850694390974
119.99915417484173 -39.96404209524355
135.62922966244156 66.40742643590052
128.83453869471373 37.88775255807726
108.71981023815943 54.7613195604858
115.47085638565405 -2.2285959715576293
115.78492522054611 145.4377280728519
87.77832998152186 -14.09977000333329
79.8451960345235 -0.5187508929783098
100.49462223724612 1.6467413420505126
142.91107063950454 17.068712716764843
104.47637956346605 0.5375546552948869
123.34796297614385 19.473375197172828
114.32572258619787 -9.6970554975023
84.73048253887386 11.45510749789075
97.45829757014646 -72.53291987381985
23.93423030103893 34.695049681946216
95.98100258915079 101.56452002064336
118.988709276154 55.43052546439074
122.19359032516606 66.680148400923
105.10646520704829 -57.53205384623941
102.53867405510785 71.05874975216922
110.10665380981445 9.724754640434842
111.8081412037101 58.00099850354449
124.01734541836626 -0.7626530189718146
-37.28189781561258 107.52134656696484
167.03582607937116 18.844590362305244
103.32685290833108 22.218703748092985
105.80664374701614 12.634588542534038
111.89883405502874 19.20942968571644
115.191484078832 21.41993815681292
-6.095837895080417 170.55002171052325
105.22881947176474 -8.754589300991281
108.63446362862621 19.522720873013395
108.55945719332055 2.35944544291083
125.70238487356902 27.047582110552543
130.2862646766177 5.8681805755462335
90.20585404861707 22.617563882111696
122.65868790662886 78.46858386709854
132.35151986615108 32.4181103617291
114.04547827663792 17.448105847174656
92.83329414943495 95.97596099510382
102.17761674775286 16.097154463668314
57.4948317240142 -8.745562037978958
125.37252271604034 -10.313620931027629
110.74187845649806 -34.21399930455842
124.47151379417505 11.867196387202016
120.8859677819008 47.644820755152395
102.55650617154085 33.85605737928907
99.20027421033323 98.47325403549632
106.91642123965194 21.02871077285352
155.0213671662347 58.65731197506271
83.54095206708767 14.371645690517814
96.89678472045324 17.234682463355497
121.32996505738303 55.29521903125341
110.36931345610196 19.741241585247764
95.35434613383634 46.224234263455216
109.73126179507624 -10.05046321000902
170.49936926694548 35.42135889190385
125.10695968864748 19.44678652849405
102.41609965187875 25.704175873817096
99.47996526049424 78.07661429776445
123.681701705697 14.813045734774398
106.57075003578795 -6.105215960069125
120.11949544997115 -4.907329422757061
101.05072006539565 10.569567586263123
120.31950718065097 17.993609754700312
109.30684544007164 -1.8989008114363546
98.48164180642719 -67.61347056259282
46.62805140834212 -47.019224568328546
85.60090321865837 54.893431742754515
112.54437804603754 19.020956302365274
94.81772242888138 33.09279832116612
107.0032039821092 46.419101645468075
100.95327492546477 89.45620175873135
132.35568869394365 66.67800492159168
144.61832834015533 74.17371911925285
131.6606000588211 42.804966267339296
123.53872068030634 17.150571426763086
104.85266032844977 -25.66785357650241
131.1493374457893 103.30158726464147
98.22008264591086 15.121588275828575
58.67157289305666 3.20298173824888
120.32950997876443 11.771965714000208
46.36294006046573 17.995020772733476
142.2219918629166 156.11514633400543
115.81956298948509 74.76450862067674
75.18866113902455 -14.612760076013021
104.69776189635937 -27.872223377655267
100.81715103636266 134.9397043961148
121.51322779481471 0.9565288569449214
111.8221465350053 9.175886984215063
75.04548280793519 -33.156569071055884
138.6297653635381 136.6494946357485
71.29427015801154 15.619382022329608
128.94807944833764 79.69780921310323
103.20126595982117 -10.095033157236209
110.48653150928585 36.588070072867
110.05298007629413 1.8666011426791242
93.10904333246249 51.15717480337732
96.58608436516302 15.980493875799118
103.39564348914315 4.7689737015003075
84.63010238110485 0.484687292122467
131.93106143688152 19.668525609836024
111.50829601372806 9.735618297711099
102.28647022850623 12.127103566798342
99.51584791381819 6.727351191518734
112.70441782290466 -56.51809041903048
93.12325248812407 3.2598826127154235
102.52299276995292 9.908215977987211
107.8725336244094 9.784205309744905
148.72333919057007 126.3649899154553
96.83290181757154 65.76066146893135
135.7924393553162 28.30908838639666
139.46373404539347 27.357718947503926
130.32623398541455 23.974093417783646
107.8943733682857 4.786486855973102
109.30977295990623 35.3844440543705
62.80961739432106 56.08255887348598
108.7595888675344 41.694239641120355
125.38769242918119 -9.37119797462866
86.18266541323986 -8.843962027606528
97.84736145133877 3.0998495711085354
111.41454758684503 -56.60098282268568
129.93510021680882 4.2913027047064745
89.61588388740178 -2.40194497768774
103.34288836838064 3.839983488941667
113.60845308436626 22.510378568408203
98.78325124220868 90.79806290369127
108.36715907142033 17.12864031092315
85.2182688973678 -12.347475559386515
113.22406030310053 -13.004367558633165
132.888564726702 13.801012836425137
113.90669670667516 -10.668303697224587
103.52903235230019 20.15048499618198
98.17447450696673 26.4480338374193
130.7096036297851 46.70098419363827
92.60712802183168 2.216565172466734
75.64022694562775 36.85630827591288
89.6342949664911 95.4905203758504
119.3981279625635 16.709608763962997
78.75777345385559 -28.809709431706697
109.74080635443232 25.877626226825782
106.30334729492128 -4.629293398950763
81.13611564957822 40.75044377227032
99.69460404272228 49.87482270373822
110.13946153977982 12.458517351049247
80.51985669926958 38.80457042228023
94.46710756906893 -16.563235594092603
114.36586821982921 37.12911781052074
108.29850003096261 20.655721017411572
93.3535618608031 21.522673546819306
154.47958817903685 47.97876068554156
133.26877303278036 7.421063296446436
98.9481454400217 -1.439438332208584
145.43457067600116 33.61668459138023
106.67183645435767 46.369167520546824
91.59401372852756 94.92179168624172
121.987110305075 67.68421227490292
102.23961758976202 -5.174291606306549
115.63772914774364 21.034390371234846
94.39004077328639 11.89006938890415
117.64423383312406 -16.158448821729078
104.52105515060143 -21.532560869438754
106.87858045952518 -16.861933623213826
111.13752404021952 16.578142355046424
88.64887095448974 97.26973504418842
120.3356565432521 6.14403320830245
147.1190165110673 78.89223162953775
92.08969253247585 50.769101362654325
110.50546055382983 37.347062170720406
105.12075910532702 15.184337506041013
122.0140439179687 -4.264810145210356
107.07229758926738 14.532118644816173
129.7808432585503 7.138349969066474
108.21326592070336 -42.454739461390915
95.67542836204878 75.98516298377584
76.63742755945852 22.564026689253133
76.74289809440488 17.26871392303955
105.54892988692033 14.38064578726773
125.3005439584593 78.99236541831857
116.4993514982804 17.958434011308963
103.80778461805683 61.92495116856748
116.35733400904593 19.876956559349665
108.46311892302148 -16.72285985671454
115.7347382963909 30.383484995365038
127.13847801900617 21.29340701073049
114.67927553283283 56.48246480671193
110.25252375919504 26.349667723537898
94.70474806687353 78.27850864562407
86.58424382635076 -17.924698986240152
58.057646462964335 45.893653270131395
116.68634608236296 20.95215835955647
110.40034088145956 1.1116644459802276
97.16185002657274 27.224585866883743
100.32956555030435 21.119604933688894
112.11876484013271 -19.986812636513434
132.60373051385648 26.409599667010532
84.49770991327395 81.61305351145742
44.947460532555816 8.416465520627488
112.94834712558172 11.109594074155332
132.39506289044084 4.973822329090533
107.37818643173188 10.653833685052126
104.32263845215381 4.669407030657004
82.31908505745454 14.816222477440244
147.5624478879062 5.169622364792037
68.55443261367597 1.4742623457858466
94.6570869160377 73.71034874702994
116.60061314808209 25.497501944084984
113.56154911358489 36.751104475473284
105.45979460786407 18.014407157511123
120.33399946810212 19.676648599471225
112.85956051965495 133.0715536608513
94.08996323538322 10.709310740112452
150.29303690866158 19.80761639630031
130.33913525098427 15.049809371891328
108.04844592760843 33.29242537301307
97.75074210757967 -28.641838092304614
108.16981135733516 10.439428470618616
109.8703844499967 30.216158207661003
120.44102511418086 22.430411627830015
84.74195497189426 53.46033091820783
89.54608116413283 -27.45171199871765
94.88910571877146 -3.685008486368039
112.16490701501436 19.34004757538928
93.29571168453114 24.35903301895985
104.99162165794314 75.76864551531811
126.78795230402166 -37.431762801164346
117.6527666397573 -10.43132227496087
37.63117053331774 11.663926176511323
95.39046145496353 13.603533655036147
113.13681646756706 2.1633369654993833
110.2093160111591 12.361551206243144
109.07421061456067 19.300724135947124
117.66016478585016 10.592764998994193
110.41778417926035 11.759084211056376
109.46550117290839 17.068534917274743
119.60696750551061 105.95470948825076
71.19654297693326 148.98082315341364
141.79137118305158 64.22893378049442
109.89490596277597 18.12490870238079
128.5078764621878 29.387869067856457
116.38974023165608 20.934366681474042
97.03609699512606 52.06887013531987
