116.3123051769609 12.91739902586334
128.72460520761626 83.43553087941629
106.96748252608 -16.795210597587328
87.14256047748218 -30.796413445329968
84.39779518273944 -104.44945569212484
93.08244951033572 19.93164392547444
116.02824255211395 -19.899413017894574
119.20635846267834 29.245968181042628
101.00095276658357 21.810022163333254
88.675772094105 13.301325846891311
110.46748969815137 12.04020135938216
113.92202742975223 24.683329843998102
108.81165552366649 49.9438718911636
79.23233613238945 5.285825462918273
76.70864700550904 57.93309622822386
79.62222992257679 36.08756881346465
99.19458839779205 -11.4900136510634
103.08601494420842 71.40871757911336
104.42897284871579 52.62203895517127
116.62550289385716 99.30414204564235
91.4322524703101 42.43783999015641
88.6488993456647 -25.857227223250867
86.02957978846864 -34.02550269791532
114.82959355137561 29.855193893831014
119.49828462592897 104.34073891827393
107.45677437966654 37.81276814353351
107.34255599073681 16.0656247772322
109.67851719867939 25.540108482266167
69.1540942780232 79.94184437453059
106.71927651183597 13.895654187212859
100.67789950710898 112.17672049028106
109.31609701315968 20.332552796463986
138.15183043628855 90.80607362538876
131.49160146404012 -2.6240714852890776
76.01456416958592 -29.549993053566403
105.66666250868205 41.88544789369632
79.88455121248495 88.25227047746614
130.02188132004895 18.574944217669593
137.49665939422601 3.8200408493409044
128.06294760417526 16.729093948273533
112.4063124063135 41.01261933914505
131.49732952914397 48.49197315931817
51.32807172780057 35.486899619101656
89.15286573016786 19.960646670303788
63.50878405816761 6.929543770496021
102.94591638562683 148.50159842941676
119.60565801663762 2.1827182186958147
115.926961098956 24.512688274435835
116.06430921815632 20.530581403473715
123.63095754870271 7.230221750254627
99.39409885225687 18.69875650144534
107.70256306727369 23.538678046058482
61.49453104756192 63.45283074924715
87.81500652126266 100.35883870073593
118.24860155095975 129.5121446288699
107.22915027862838 32.45014679086464
122.75845591514062 -20.12089089484683
125.18737950136367 6.536194622194503
111.09153023547383 10.660562877446006
110.52631498897372 166.3837382599316
82.03307044691917 49.8735596866069
146.7534663631283 86.01367179386568
115.2960769303336 3.719426203805822
139.98193659994755 42.254530780010484
122.46216827656538 12.184324567280049
85.1390899701957 -9.513978981466547
165.09305168473486 -12.537167068058904
105.1433726946566 17.562333516186747
107.79590977109183 7.742814708468728
97.8744763437211 -2.543090957870181
102.74418791346743 80.36112012279388
133.42031925616638 10.310079384594948
91.53366665385413 6.983540572404075
110.57454370526553 21.860095182827123
109.41702476512523 -10.796309802627933
82.38091911008802 68.20937177788959
140.1457649558749 1.8382052671593685
120.70392351453016 -37.9563178879089
133.07749266768397 64.18311447637613
126.16390468619662 35.68971416377845
108.2881474853283 51.75719202175933
115.4915825151741 -3.950663976639997
114.72936538185424 143.07766540440835
87.09444951698498 -5.029635425444342
80.6774735631629 -2.159319910658777
100.8609768812523 1.0160915603738296
140.0670220480884 14.481096873231673
104.26135562881412 2.502993061728855
123.00857901481574 19.478342227291506
114.69645593747632 -9.494699732877425
84.03426345672526 10.55058471421806
98.26395155806688 -75.41754226104959
25.02699772046899 36.333055529148425
96.41465876035494 106.92815126018058
120.23133367761847 57.163837588479375
123.03192726105533 63.948894383028616
105.78892868100512 -54.37665311429369
99.96262545424223 69.07745079716257
108.92208901306653 10.910326389873013
112.92640942628901 57.27654072457943
122.97789457033201 0.8963554018738458
-33.73815081290937 112.65825466393525
168.87459503883446 18.705788430181705
105.20600196990165 24.072647221796316
106.49001761969146 17.39798548492207
109.99297422055326 18.077404192670905
109.39777578425466 20.960179215107846
-9.003542021996562 179.8901890292049
108.74791129304438 -4.158188726970571
107.35256027393044 19.57460368668958
108.5374259195734 1.6569933828208825
123.91749305057562 26.630226402899183
130.46102732245862 5.380702191910383
90.61819900538845 22.290294738062848
124.16466896875737 73.18794091814577
127.60373397871602 38.27761839305575
113.5101902310339 17.51420652888885
95.46266132836614 94.83421313435493
102.08461146228561 14.481296348719082
54.90114746929313 -9.32142167158873
124.78262076758688 -10.244304433943935
111.37683951372229 -37.22351987402597
123.46650443456313 12.098184322925736
116.91754560761248 46.50998319159502
100.34665912357873 33.13043071776474
97.1546703458389 100.09641276891921
105.22473222299227 21.06591935754979
154.52433506416574 63.52046839931389
81.43870276699583 13.459013138312335
95.95146864611064 17.595308229783047
119.9487952306571 56.242832144652446
109.24114131381751 18.96060715508353
95.00364034973218 39.85727653577693
108.50460302320741 -7.366110941782388
169.57595764032138 35.890306312937334
122.26033128648726 20.120150899747987
100.67670407118406 27.795188023739193
100.07395964861131 76.41759527355687
123.83845730035056 14.706470155244634
107.2415504716735 -0.4122018945509236
119.27288510687134 -3.4698380029317653
100.64149668282133 8.762561981144781
120.12574092398185 18.00278012913718
109.35734967338279 -0.5531015085642861
98.16244553510228 -66.26972307663668
46.0624094816714 -43.450132125418165
87.62227048521558 59.98225285872113
111.05387910254183 18.166455669904945
96.80374061876095 32.0293532114573
106.76041523446278 51.83012213904093
103.44543599255154 90.67442349756053
133.1129276381294 65.38340145743472
141.78885372741374 77.73085852049523
129.96202061425495 40.113419588123506
125.22997354257194 16.885640978873464
105.51215756701446 -18.892651446288106
129.50689856592953 103.60250190243269
99.06703219888973 15.537201509475617
58.33205656190595 2.8320312635800122
118.81643531197372 12.13739889575412
47.04187134564514 17.77799407991649
143.73583660221382 153.00653203119816
113.38771664819286 80.79642492369751
77.01450216031829 -19.993386626055287
102.53225724214282 -22.722044953094432
100.3049658419509 130.82989356078184
120.25271191457944 2.2532598974553943
111.0019014291703 11.131508726725135
76.56187937651778 -33.82350847416031
137.18797437110646 136.98196258801818
71.73613461145067 5.484298005393006
128.51528023405515 76.2818375241055
103.54685119919085 -8.57347099047778
109.87457277685857 34.50282678989316
110.06468227778801 0.24623993955424472
95.21593309641034 47.08627160720459
95.7723199058995 15.577155182592573
102.69831458537048 5.462143854983346
87.31499087601081 2.3824857122550744
130.65114530263827 19.67514409378214
112.50524237046984 12.183968808282268
102.09209076740802 11.945043753814197
100.16930037172605 8.08578579480213
112.39444893563807 -46.650488569426464
92.70870679293003 4.113898145034938
103.04362852543579 8.592535947856806
106.26110061186597 8.089266709693096
146.5578323223266 119.95580870597601
97.80516862968706 68.46922851658475
134.07500218383365 27.801270847913422
139.87938765009645 26.236188149513158
127.29342620505466 21.46822322234162
107.9722581812702 4.6474852254357
109.20477034493256 34.49017570658105
64.98920406766973 56.45204583563255
108.23491777924308 44.73746283905366
122.71484996278222 -7.439959863510123
85.68760495842902 -14.862671578111074
98.97052669698425 4.045114795899831
107.99036369183654 -55.94326802416293
128.26563140562197 4.8124487963154134
88.98623602767475 -2.2415694888005544
104.30067572083432 3.5790282017014
112.68145428203698 21.545398913655834
102.83419323397028 85.94630340241747
108.23730765542447 16.173191808955835
83.53713685635049 -8.077826057276514
112.39353602919486 -13.039971219212214
125.66376997314481 12.263159020613182
113.77995222899555 -10.52291465335154
103.23174635103433 19.05751361983461
99.23122911410378 26.235634752989878
133.24638062475813 43.367848849326556
92.38076994626292 2.4591112179734758
77.35245432841228 34.12501296845399
90.55846846123976 87.6082383987036
116.62743787968704 15.601210900430214
77.64547867309405 -22.138698859065208
109.806936271569 23.87063610691775
106.31645268294389 -4.094586607735263
83.16551861655094 40.604565583831636
99.62230997124092 45.93443105894594
110.16644279586949 11.496703332749334
85.18385750357241 35.22722142503043
94.84524747716075 -15.532979712360161
114.00229419821976 35.458450719675405
108.5372903795009 19.34675092103357
94.84349318049574 21.673332469914534
153.03414688430794 43.02778052329926
132.67338660120944 13.741938960032702
98.94641475975095 -2.4575001188537478
148.38252511001707 28.5471816016068
108.27490434044508 46.378274082252
92.53750860086843 98.86287581921916
125.23338495895823 66.51840617843041
102.88482594335039 -4.290530232332362
113.0666163648328 20.950636102442022
95.97229230636546 11.707400870597523
121.93115814469748 -9.926243222999389
105.1312898698869 -18.198303815911274
107.07502696998311 -14.417435095435213
109.63035221519235 18.29495834120439
86.62357971816583 90.39004767452042
120.6648190175233 5.72308734733017
147.95903257676892 76.03294100353669
93.06165221042505 44.74666450060511
110.1593120201318 30.55857209696988
102.46424688788474 13.353827026384408
121.00294677839469 -5.100322337354575
101.85132392062386 14.070959910508183
127.03811016927477 9.034240640806788
108.07250980896615 -43.58101302329438
93.83647850867119 76.92015368491496
74.57776987518231 18.992379419418786
79.13919354370402 17.238819185754238
105.61069056507108 13.658853129576574
122.80947442715295 79.05199110870306
111.00241089437901 17.815695807348543
103.85074548043616 57.43515301449619
114.72777501676035 19.307530686852424
108.35457046168887 -20.370856176194312
113.3274578376098 39.967027460222525
122.19451495291302 19.54802565633812
115.72222221878057 56.943189530796964
111.49775092747635 19.113335053073357
94.66965719509358 75.93413534343941
88.37288542721377 -24.18462843537737
56.82850587887901 44.2085571953045
116.04428478755445 20.553394590168786
110.42234645025881 1.0316278090207667
98.72805308159836 26.858866993974292
98.56899633739297 20.42526876971433
111.60198305827953 -19.301560618792127
129.9351987171666 25.141505193806054
84.74071849654615 76.75078641601897
45.695274729442595 8.039113642845631
113.50090069469978 11.845241625505894
132.63443895249824 5.300840272237604
107.22710775738555 10.313422794963257
105.31850183023803 7.320814921389971
81.30869013054588 13.390240485827842
139.67081993416681 3.770713127158342
68.55266015901137 -0.43364125351726535
96.49283466422928 72.57980939027698
116.12584087438107 22.492625223863627
111.88958563906539 36.29979807690974
106.07896404810441 18.026512096122996
122.27468641121278 19.710920094097265
113.92339001501568 137.05764266269568
96.25504874779634 11.630150915010164
150.28972572229168 20.333736159593624
127.74989594861782 15.541856885692658
107.30357433954177 40.4016784553448
99.06612032352636 -20.80563256762691
109.48259730773209 13.391835667838444
109.8642370105861 29.12441225605204
118.55686548774669 19.945453505421888
85.17780106108579 56.51704842493569
88.78066569283173 -28.723205924509312
92.45008248875813 1.365880206950738
112.93560613412961 19.13747412143259
93.91994351840977 24.443467727761526
105.20057633967814 74.1655372263428
127.06929477019798 -37.20753904658132
114.4279613105547 -6.311653459584327
38.33684186103076 11.06560768553921
96.83719640875181 13.478775666471421
112.1948424093974 5.237896140950458
113.20899493649081 11.758905839454691
112.40513310704704 19.032832130139003
117.95146354432471 10.621266359907057
110.06293481055299 15.962705588770557
109.53689184396563 14.594145445609268
119.58725018501865 108.98261355268893
75.35925028668163 155.51701234753978
141.37454972878086 62.10911084265272
109.97068790051138 20.256094315782676
124.79592282227127 28.25185212802789
118.07960174222578 19.57050635347307
97.2624908715763 50.06515973363245
