113.76626172718984 -0.6431786251539768
131.62873632380646 56.859213857283805
101.50225176055815 23.947338665095486
93.89717283985446 -71.81136926483212
86.33082121429544 -109.15906858782402
99.61141738448228 65.39509583889833
114.0958387550979 -15.262327028928059
119.46777593610305 28.791658534048203
85.18823779278902 12.798845647483796
91.85928644346346 16.643518288498214
109.03030730022425 10.920351254103993
106.01286415585095 21.788400951145128
109.41720827212214 47.013928697278224
86.89364834828727 11.734197091438608
72.62164412460157 37.358273250417405
85.03188599431934 36.20312517106988
103.6868401746893 -8.539000424940117
103.25422418143097 51.7915724207015
103.06330727743418 82.91557010282096
112.24167729714281 97.06923601267482
93.44831571888214 36.81155974013463
87.21004531784276 -19.444118647882892
90.72212862660365 -30.164465756812547
113.35963308373074 -4.472160193563022
120.0392457602322 125.73235061010487
108.4149803743064 17.60348329180307
109.0129828186829 18.474348392698133
109.56833298416365 11.644036405811889
63.447811729332464 81.26954587904542
107.07503458690884 23.49155076721154
105.33434048352764 111.84616944572456
108.21891699998866 16.930222557906827
139.80786623444556 111.4504767721742
134.77277751062613 -13.425016315556341
72.96268034556633 -39.80963703271946
107.25843311038294 48.32626186579468
89.89331406347861 81.43038446445917
128.91710935545117 14.282753044387736
136.57415142731423 12.319953826607499
116.89547785583954 14.947411240882316
124.37040490506493 86.40618166198831
120.4781007353463 69.53325320679751
63.480904283770286 38.306064052564594
97.62865730946906 19.821960943084417
56.28935220678252 5.424659621039306
109.49103495186687 140.81082825642363
119.37147307277402 -1.6760128783837582
115.85254874508679 33.961186807550064
111.77569196373126 10.894894098139599
133.14347588202384 11.738578124936927
84.76771353843637 14.915423919506564
121.40603368984748 40.287607260553
59.9800837591728 72.93873099359895
89.81124921192163 77.59449756293358
112.10368981397983 127.85467224912118
108.34859144664141 18.922621422678827
115.92475684414083 -67.83003291444425
125.45844585623898 12.369827768161203
105.05797465025559 14.041880529822977
116.87232739460221 143.88365301455002
87.66516633017069 68.92133655474188
147.71945950468674 84.63920451537913
111.68052970586622 7.87574711310711
133.44344823661467 40.87200472464695
118.26875711138294 9.945225664346168
89.1610571152745 -3.6427768871797506
165.8982430143083 -17.43665285648413
103.8474075301377 15.335986620762199
110.76925825559493 10.546379901939247
93.62456273117515 -9.30386597328523
100.4308238882924 65.42646680292599
131.1931276136746 10.882522660469863
96.4954745097583 7.716260302042066
117.75326035134424 12.210658419050525
109.9231350435321 -24.509962008257663
87.91169306591851 70.75122462989945
137.28254898000262 8.503158679862587
122.40896842832454 -17.559445350635706
120.74141795875546 58.651243299830014
114.00658333873795 25.839345000003334
106.84031921551816 41.14478738392913
115.01348443069809 -8.701997603027062
110.09537029414508 131.8530239650428
86.57569464369281 36.55055658814282
86.81623344051202 -6.658531723466425
103.1583124553994 0.7200908590229205
126.86840648808936 7.546433378366713
104.17000336738145 11.786122308487379
120.60776284925123 19.48688158287893
115.59410176212543 -4.990394746774846
83.71356364019852 8.150611180449364
102.69014312352749 -73.90219633875796
32.41567039744283 41.395261276571716
98.80647183519757 124.29503155343312
123.98538589165292 64.89921767912521
124.85465908822218 53.466816987629215
108.83177871829572 -34.82798319817214
90.80678009106232 61.83949607862722
104.43188727044267 16.68808515265469
116.79929375695954 54.70725600274576
117.90406039772516 8.632171481361652
-16.338464916531272 124.81405715373505
172.39620155006466 18.241013769041523
112.95627204677156 30.92422845149474
109.46133327470054 41.384032000074036
102.55673917768603 13.824002859765551
86.95262707909878 19.01781709751661
-17.415508369903733 209.5005734616049
122.58039257492821 15.671776172175214
102.70636532602477 19.766634435187356
108.57364312180202 0.8997865960091315
115.72125377227164 24.368015423031547
128.94174812997878 5.064053032142957
94.92783583789239 20.755704320406746
129.03308672869395 53.38937850654956
107.18145148180389 66.57283356639297
110.99803718837659 17.96715093215852
107.11396372016092 88.41643377560408
102.4014720984873 8.696172217432357
45.32869281355689 -9.544126606760658
121.44585773385806 -3.15003833686744
113.73481834831387 -43.24194399457452
118.58166319632215 13.524570982029278
100.69330069419755 43.11977969998555
92.65660009264475 28.509042538467064
90.15955782332337 106.33517161347348
98.86381692320276 20.997343537073544
147.27945907000074 82.90170555758804
75.63725031500579 10.62394021881373
93.5407080363825 19.168371970024
113.57552045530993 59.281089947599256
104.9688581607538 15.967719342662933
94.92883976195364 17.829388523167655
103.80528820930627 10.971350882163536
158.5111960475207 38.86961573237716
110.22698270138177 22.70475184952691
94.6063001372646 40.922563522679
103.30100163331241 65.56871799887999
123.3530444306822 14.80958094740937
110.05835878422279 23.655480384682907
114.95678793108958 9.501664894390576
99.95426867539693 6.974110136036793
118.38766598577823 18.162105860845283
109.59838484259062 6.969351635098206
97.91678991068542 -52.107690052522706
45.66477956535493 -19.59994332030855
98.31950235526082 81.90137828445472
105.13899662121584 14.886686778433663
105.49741004019667 32.2053574207253
106.18087936863517 76.82983579658492
111.49765473797194 92.74545596618681
133.19929750723617 63.080884593040615
127.6529011479984 92.48324190074779
120.9601694763251 32.88584974868241
130.6599754489735 16.10765110361133
108.3750211377644 11.185128745827175
120.82084872431075 102.51654509782907
103.46847912751394 17.48999982385892
63.527154872354146 3.279851820251008
112.08652006072244 14.426077987866384
55.359349111247454 24.260966390641713
147.74009818514014 137.49825308776863
103.50224343007754 103.00132224786664
87.15816907963546 -31.160898865389907
94.73364903070744 7.47342537372621
99.5425815430929 113.97871504998551
113.82965648203393 8.829335187742746
107.68924177301747 19.650900112584175
86.78317975537611 -32.277834711852975
129.0841047735811 136.48230527824774
77.81540271626504 -30.22720029292723
125.03678071964981 61.92140553134315
105.4346142640129 -0.16962970887786266
107.49919136437443 29.83525634951531
110.09214688554901 -3.2836804304874536
104.54966373260983 34.11417125668108
93.49570867850738 14.485854252096141
100.39491063449324 8.720974048342276
99.85992058389806 11.067692039244216
122.80726775767037 19.66528400207845
116.05421277592932 22.58441379465467
101.9385407728726 11.945525659683994
103.49865123850829 14.203105530199748
110.96128478584058 0.45783633867761964
93.28439611979367 9.043733329982455
105.71547439068299 4.2156911870311715
100.28425613465716 2.3950999614242745
134.69547677340657 94.82058997265891
102.64311030991668 79.54216429431068
125.22601944875088 28.372914411034063
139.25194666493502 21.009629794207015
113.33953184503596 11.456960435894572
108.42589072929306 5.673927789022048
108.82004047347486 29.763938180835826
78.04762259942322 59.9402140377058
106.34445250790093 53.955561006335245
110.94138498242039 2.0165436804147534
86.5471449881267 -30.3297595207571
104.41497732680706 9.138554456482865
94.57571792311536 -40.95453841116962
119.9044658442002 8.662088732537963
87.72296625588812 0.3977778800811076
108.44575289708803 3.672171698069661
108.7110173921879 17.54722812836771
119.35290683067512 65.94674626177317
107.85297458313572 13.0061244471266
79.9770876971684 14.73850670130673
108.85518405268272 -11.058197062352411
95.55128907616388 10.213693027692614
112.77198191253142 -6.920375580786905
102.87216892237032 14.820943671546935
104.30427431642224 24.850098571630415
141.60807923684578 32.683893131607405
93.35289171242574 5.33085762865477
83.22781212499261 22.089022396378212
96.18426322561724 53.91769591439623
105.38586476630591 11.6686557188931
76.34042674073252 11.828366659142903
110.03961625870195 15.662049103149661
106.64335150774355 0.4667729916574084
94.38878715489416 44.183483330029674
100.24142875266871 33.66847082334534
110.24196061186312 8.450357370699251
106.00076610278265 23.50918860934803
97.94401902872869 -8.073871596854088
112.22179086938634 27.641333344586744
109.54493749183766 14.216638503835386
101.76800985022751 22.10572372795584
141.77060502041908 26.71385001260988
127.65725103248606 44.429634005536016
99.93931471820628 -4.31045613309841
156.94912984663873 7.444362247490984
114.66564099978443 48.71002087810122
98.56057672775772 110.46651594218127
136.20449018106058 62.21221065455208
106.1184336683516 1.8330256122247521
102.6361304769059 20.509714900657016
103.83665008040983 11.595556208016426
136.89025708599678 22.4798359182006
108.1051412227561 -1.0612120354975039
108.0037553899186 -2.257551471335976
103.77136512450873 25.003414364711237
80.54562384200986 62.79114615149125
120.31025785651033 5.742147460252531
147.94547811883234 65.1421818713579
98.44624583284197 19.033359567677493
108.75748299553055 7.964078933225519
93.02760977465675 6.844199551826676
115.8580598611679 -4.888226784571169
81.69143346689886 12.897468949891653
115.26133687568192 17.46597429717378
107.71251527469471 -43.12309736008999
88.04738295145981 79.8928824504964
71.02003272123115 10.915992036032662
85.75069326884464 17.273593722973036
106.23380085565155 11.614698326050195
111.84165979833818 79.17386330415432
89.36177756377126 17.48198230554401
104.36689164772392 41.01607387627992
107.92538045857897 17.07984436753118
108.07330134428793 -28.74467800812063
103.6687625525994 78.87126222329826
101.24976452556481 12.706441673441587
119.3612538284449 61.06818596951717
116.23898817519267 -9.246993442180274
95.89931997755264 67.14719455481686
98.00272940294587 -38.36865224659608
53.93936089333944 39.72892896579044
112.70410322519584 18.925401408479015
110.44654677308728 1.9681883625460914
105.92546623080206 24.71592267777496
92.73571222253958 17.627540981604888
109.45482068018744 -13.297975719910475
117.36632543876749 26.766070497408084
87.25160923025544 56.573041383087386
55.597943422345466 13.897999160861996
115.0634901321734 15.589404631043704
132.10372071958517 7.454673933590036
106.87654383031887 9.701540094244198
109.71074487469868 19.118079619199023
80.8433040559268 8.441390084431069
105.44893349951148 -0.18524172347562595
72.7777584475193 -3.6148421816211407
104.88720186638835 70.53435734194268
113.89828647657916 16.53322069275893
105.17125305998687 32.867448329984114
108.90949395133642 18.23062497609772
128.2189658080803 19.819999491959244
117.55305367449708 150.80680260111393
105.65040037180684 15.861787432536579
146.0032271027789 22.283558029534284
115.87136000967841 17.797641512139855
104.61497397578253 70.23612798387474
104.97842519511497 18.21163441762789
114.65853994552768 25.5716329153328
109.83837312976539 24.211225285346398
110.53107221637029 10.257446871434231
88.47962953610607 69.14114605789783
87.64788236062236 -29.896182335467113
85.11291864857436 26.897819620826034
115.6416870819863 18.401386517077544
97.4825632461504 24.3089467837636
106.49047196736635 65.67519724709702
126.85577959520084 -30.36919374127029
101.356789349224 13.31276096144231
46.35302829377226 9.4613885154188
103.95491680516136 13.41819376301548
108.27055367738839 18.399075284266985
124.40789488933815 10.258727400912939
125.11211708286174 18.041717955704897
118.09013895759502 11.714338667887708
108.61001021227787 32.70691175149464
109.82158916143345 5.4319953379684005
118.15813252474612 116.51723337949286
91.40813930641217 177.73584247513412
136.9120316987097 55.933931057145465
110.25486416181964 28.55370017054197
108.93095331949085 23.39484844543769
124.0646877134998 14.257572147957253
99.51481007229224 38.48066741991893
