110.65932273304459 -0.37816362224816125
131.39103993312222 34.123647989858426
97.29000938574843 71.07912821305729
97.98378365835916 -94.81479657755602
91.55960352011098 -91.45266097663877
107.64509917366263 113.25523996668511
111.62759672252493 -5.190933467318779
118.05452784361894 26.53870607269901
72.79572205321533 5.202401507250773
97.2221699989231 20.500062266059174
107.79437319164758 11.349037865945036
98.71084467611246 18.44817715187841
110.10188178246725 38.34778182795412
98.18862523063635 27.74219189405094
74.95592627530614 13.943748303122238
93.06835425601646 33.67163289144577
108.82216732618727 -0.41601226928883017
104.35702064708362 34.51196174414002
102.76581116525641 113.07079532742675
107.38376571315733 92.174817501194
98.20916024824211 29.299353467972935
89.99321111948 -9.366323857734173
97.98170351315609 -21.446858105305544
111.15272624372322 -35.19540486983932
118.7002616664206 142.68679899761852
109.56104484818248 -2.1053539356973925
110.78389847373165 21.139121670508924
109.49427622330786 -1.191839569491071
58.907693684677426 82.61158758509879
107.78267747844804 32.36182168923844
110.72698746274172 108.08503342625043
107.3237026217941 13.996372807598886
137.1206365887434 128.57591724322273
134.14353521029514 -18.626834832776918
76.07242207190994 -35.9753987005914
109.25176969279151 50.24532697505982
102.83820436370966 74.00610459962624
124.44515034600417 10.875413223135617
131.26777729652488 30.72768222660199
104.27112307500265 13.837512350212172
133.97404648874414 129.87227690687368
107.89524546457345 90.66792060670805
76.2414150182406 38.31835081240884
107.81606006029988 19.610159165815887
51.21677949507529 5.817099446232319
116.07606424640431 129.74211182260163
117.61630314519054 -3.0527503368992868
114.7796556403217 41.223391107204804
107.08555965792897 2.9655823076194916
138.21497841885278 25.459424481963296
74.3001940604653 11.872516400637892
133.65645137976904 54.29296013614372
68.83652002111668 81.08847222428749
94.42779643958751 52.564170759708176
105.5457518743702 125.20505954001646
109.5893210352174 15.35381161868481
107.78960546136656 -94.72671160326054
122.7792651244042 19.592301681153245
99.67785107841522 17.982757212069835
121.76118320917746 117.43581589153929
97.7687454499188 88.45957570403131
142.84006748385232 82.65077468833736
107.74776256138064 13.54020335061531
122.38688506492343 44.05937459857493
112.68224963826728 9.185309948774256
97.02510918731764 5.5270510107484245
156.58358608815033 -17.213759937866403
103.63083864921026 13.763019909911254
113.54172754370306 14.653573694938576
91.66643123752188 -10.883251972920949
99.26737064642103 50.06573335126942
124.67497002347253 12.595046433725663
103.6622372332265 10.599581303468865
123.20721178124737 3.6905404543313938
110.34225784110328 -29.488534998233753
96.23382960313135 74.58041766764175
130.3501452582124 17.00473531882825
122.17195114543222 18.24021179167694
106.40394808467632 56.613691496160996
100.80050379395523 14.736483692267845
106.01445327605097 34.866383949997
113.86125549057098 -8.990055087765523
105.32812373855936 118.38924442085184
90.09768369286799 81.52789491177022
96.57498020195332 -6.753291222407806
106.49661203395573 4.694863825943211
111.1794433210995 10.453789184416172
105.13128767627437 22.472429219588193
116.1598173784972 19.478993089087076
115.90926261744632 3.590969379542927
86.71384487028344 7.388005942835435
108.09679679160246 -45.703199859921526
45.92886895817075 43.50043592511424
102.95667290661338 138.88468308133963
124.93843360018948 74.02257842826542
124.53354385109623 45.41245084554185
111.92000962334842 1.6173649983481333
84.7005192380929 56.81169728156175
100.90329010450476 23.180724601381893
119.47072661376436 53.2228859218183
111.54266780507896 17.82244257754036
5.380855340575699 119.11038839472445
169.69645495457664 17.95650093871663
120.2007020542601 35.63768951383499
112.31936162716171 66.88983550808108
96.5382299190389 10.63976446559722
68.10504365093156 17.11759243039123
-18.624918438281703 221.9910999964401
134.06409457164094 35.93041978941626
99.19238054643772 19.920032061987555
108.83192274834073 2.7240973019300423
106.61903550042948 21.144553872855745
124.36436553438587 7.624058052639557
101.13471035814749 19.037565694208467
130.88275556745538 37.91875583954592
87.12963488928935 98.42410918087691
108.2339124895118 18.6325007421981
119.23373373950591 78.13306093865583
103.75317488451769 4.949773974416333
38.15950237223375 -4.234609853667379
116.24009914063257 19.988787318674316
115.50768030779331 -40.360078678167305
112.32098786569809 15.775903304925098
85.83831499014929 41.43206717226117
87.77851430118605 22.260586505771954
86.68716683723345 109.10510676547075
93.82164746129224 20.68535957718485
133.54812115253642 101.85697185412715
75.78563588270401 8.767362904838341
93.37451713639706 20.75453693029071
106.60420269342913 62.0302948925532
101.5174820228664 13.657486786923263
97.31612812192856 1.6389182414481653
99.74955758360777 36.18136901493841
139.45199291799548 44.86913164905657
98.03861937256022 24.844680053289043
90.83154997368742 55.158716765139204
107.46766382997346 48.27659048405202
120.80073404640426 15.679099184986574
112.80436255104387 47.22602199721443
109.85952794313738 30.089526088277715
100.88526587016838 13.656013998490478
115.47306134590048 18.55331652449921
109.87361395232502 16.825803274372454
99.4241338732123 -24.358886296658
49.29537516626102 15.062344789638896
111.05751651841918 101.54256893467853
100.09335623345764 12.353154689054161
114.64724098494833 40.36711716023483
106.34752240631398 101.61538597656386
112.58619542038231 92.11287686883402
129.4787886063246 63.27632978263378
109.71517628047923 104.3253438683972
110.48605493984002 31.623864628644142
133.15207534251053 15.836094605501849
111.38300854491715 42.00085412936662
110.04605312191141 97.13331952539818
108.75529633860916 19.760120158149235
78.83249440802467 6.165057812421897
105.11163506552418 17.633964537113986
72.4515350337205 39.859245418771266
147.2941151629103 119.29821537473893
94.62104116421068 119.82525773739019
100.61964050953839 -26.967460906344677
89.12416660398165 47.55894773388951
100.69621929327998 93.0406201677102
106.63564914162183 17.046299197231846
104.60789836189068 28.174853758267208
100.81893196761396 -23.891159290906735
118.59171587787677 133.80106489528404
89.2246027479133 -46.530128377967195
119.05464020278708 50.010769862527304
107.86315629356461 19.314277955549343
105.4413166157394 29.967616357465015
110.07351080521711 -2.8973565272225685
114.68963441930254 29.850135995893474
92.81441934139902 14.255581529026351
99.97530709982861 13.067146194259681
114.16808332451971 21.079676295506072
113.20140492431015 19.59616957732924
118.45685092484591 32.590844486637984
103.21861827997205 13.07896399079089
107.60576244410986 20.935733879677823
109.40488222047914 51.225229584847064
97.16432014918486 15.252554061007228
109.09592240090154 2.0411001866305414
95.62602021048887 -0.9010210260248284
118.57939892563493 69.60833190404384
108.63945846168608 87.55377371342712
114.62845258365577 30.972698136854163
134.1098127209738 15.563637250266632
98.88039432129366 2.824327156788539
109.11680346434791 9.079450093313692
108.55378256587066 23.443384394178537
96.13657475367279 66.71943981622614
105.02846758634733 57.27215549498904
99.13683373816467 13.57922605334382
90.50627322252397 -29.173417665950883
110.74822555495078 15.734961092034766
83.09574800458842 -8.233749909893472
110.50334639556738 13.997893390973354
88.88344368852228 5.90573834824266
112.86580567297594 6.168948007534373
104.87376698903871 13.8210838827874
133.88806013863845 47.44042186467849
107.79502849951739 10.769430634496786
82.23438580691607 43.35434253179795
105.41158083556081 -4.5603173285294245
68.0251753303331 16.41516027728028
111.20695229767581 1.3626589583362834
103.4832284757049 11.263075537866195
110.17799971958276 22.609510010420124
146.54157307456398 25.793281434884385
96.60640017805369 10.459389280155488
87.57078781455557 9.614459952893688
103.60494920299804 24.715191887677594
94.95363386616467 9.11822114366184
80.02153735686349 51.32071390357173
110.23705755844128 8.015059463453062
107.43990780340533 8.05858991599343
108.70269732148591 50.75866028862003
102.45790372601002 29.122468952303947
110.25661932134085 6.749272091549065
127.4736351680221 19.460293295908574
103.02578633686801 3.5150658174666463
110.13100865988504 18.17684793830596
110.54374199002089 10.117942508903164
110.02378163932293 22.145394529536354
126.02337270637912 17.312805897126637
120.11274092315126 80.16305591066553
103.13569151627034 -2.848950007550063
158.92716802446031 -12.11306287975715
120.44005625148729 56.08657310144764
106.16319219307205 116.07815960591665
142.83879487963256 58.25691232084695
109.86596203372856 11.10090359594697
92.8939536417765 19.993829825157306
112.64004486478213 12.33525167893308
146.29233398216255 62.67601204828235
111.32164369099297 19.843602676410978
109.0787829815243 13.665322877858946
99.02591939105739 30.769743646968834
79.2416545805669 37.05354413539018
117.84504824115402 8.613539065215416
141.39250385325445 55.15829313852586
105.94616873816109 -6.5279785043073995
107.54054748167724 -12.585456647177253
86.4297228227802 3.1211984447416548
109.74201313774223 -1.332548814794671
64.6925088646646 12.967495753845897
102.65696389331951 26.15765107746269
107.64916684782466 -34.55759725789658
85.26011537126705 79.19606273395931
74.16669726191071 9.498662193434841
88.38719548060412 17.54170436968523
107.40435067075083 10.702110231627854
100.63864642469045 78.50293932873163
71.81986635111467 17.50598749956776
105.55032635633027 29.540257977224222
101.34913057919486 15.125457060370525
108.0368056079354 -30.413282110635063
95.26155004386882 116.2928827015974
81.31539827234744 7.0617322658941575
121.80138829800441 66.95354080380596
120.21014000025744 -33.86747775807197
99.95955590766046 57.104122098901044
109.20096216603261 -36.279811138013166
53.542405286739665 38.19767190216089
108.77274967324728 17.425531938180573
110.3627689880537 4.947502206989218
113.65968088433559 21.8251146563083
89.82481250604447 15.152674170041085
107.31603894485552 -4.447348638267295
103.168766721627 37.23768355695292
93.5424293808687 39.212556520285844
73.47091592327038 28.819572489381677
115.72781779294118 19.842348090146125
129.1081253584674 11.189097356201918
106.84834160382351 10.649094139436366
114.14034915624464 31.040602238921718
84.29115560732441 5.5836830327602565
72.058238087824 -0.7208619717063425
82.80232568003827 -0.4524665328240298
114.08342875966358 69.13293911105244
111.00365859655109 19.005424078187392
99.30853104094 26.94907626669933
111.93933675341955 18.60865006912984
130.59368368050949 19.87819569029391
119.78843735427309 160.72414740542578
115.64729160922332 20.541200473755612
136.84506707902892 23.73802384349333
103.27255857135256 20.266561941779297
102.71969926206646 100.68964323593693
111.56063731969405 62.85252852995279
118.96768079038199 36.6709537257066
109.8137901173523 18.499894984041816
102.53820199922494 1.9997284821731367
93.7638170546723 82.19625768221782
89.79473776078038 -20.414220299868227
81.16691555268365 58.56796380987609
117.23491868352656 17.872973083508985
103.26271418655487 23.416588120060336
108.30593720244738 56.04920398302432
124.53109867596744 -17.22805012533444
89.40909548453602 34.15543185916866
59.486939019268796 9.431243196407058
112.19941134558242 14.167476279889861
104.54451450718368 31.72824782961934
133.65495261649542 10.14657992661063
135.57680405647076 17.28474682396709
117.20139586337469 14.318550695464133
107.28763124968756 47.59213464078653
110.06246254535482 -0.9167977820798947
114.93854074177922 118.20734774454168
104.1623493410548 193.5309664229801
127.18735804156364 54.30556796292047
110.47844998103804 35.62659643457669
93.27389489468388 18.062743265678662
128.02362379670382 9.823357226875325
103.1570780949043 24.022075827763317
