109.84128333138051 1.7823955786175434
130.68115745028237 29.503848740683942
96.53977459485506 82.96392801456885
98.77042301608958 -98.44365814514256
93.38998946301315 -83.51087999815604
109.77268932112742 124.81531955906598
110.96291710079285 -2.055830339701283
117.46219271942871 25.86294081858487
70.36733305397226 3.689283016697778
98.8473451296753 21.459069901646167
107.5477517200508 11.643799373783077
97.15936759260222 17.61698465716869
110.27012344764923 35.76248571733381
101.42497549482682 33.226489452715384
76.38952905947356 8.076241590394591
95.6399729348299 32.668059495148626
110.15707871802273 2.28678619889936
104.74604443833745 30.883865318543595
102.8946562419255 120.15997602743275
106.1884845723961 90.22046727894731
99.74569156781166 27.231077297029493
91.32465838440937 -6.362731872547453
100.03620897924878 -18.462910817256983
110.53192925548832 -41.75336399783573
118.08383587270491 146.41092464250565
109.85465943772245 -6.531789748696662
111.21487535520903 21.783351203318677
109.48459536367187 -3.9546032736018115
58.22751669626617 83.392503376774
108.0270524073265 34.24293956204476
112.12062754537455 106.92681328643201
107.13994584598997 13.38187430039437
135.82217020573538 132.78160856136574
133.23501286040513 -19.193915872883938
77.72337295974967 -32.55600248365445
109.77316066097671 50.04847669585678
106.30059644324824 72.24165903811452
123.0106828204494 10.196907071058932
129.32324356420477 35.953087774441016
101.17038087946263 13.729814653888614
135.73676262276445 140.2906241828324
104.69968477398497 95.8970944414185
78.74228587747 37.7837113353524
110.46419259668522 19.549055815043214
50.048981961296285 6.21039840122933
117.63382883809314 126.59784625706877
116.92659444717077 -3.017604449018875
114.33238888331208 42.44025730546115
105.93934573039397 1.3465646131323519
138.75998175622857 29.693476755879384
72.38854497415724 11.296017908780952
136.08381429027037 57.271184797690196
72.278208437784 82.53593790847903
95.94233670115466 46.62637900682318
103.98747685363259 124.40345293854573
109.90213590724846 15.526576694987977
105.7369071779858 -97.63318701329176
121.76236075548586 21.456964819099333
98.57456676565543 19.03108853924578
122.69539510675392 110.7002849142396
100.67840920985664 93.22546507222683
140.93146644272898 81.89554731093192
106.8011718540942 15.106241793145497
119.0617901643405 46.130516281135804
111.14770581134485 9.232392276292638
99.50117774292417 8.093679983729901
152.83069966176555 -16.152899215578806
103.77152329067053 13.480690054795074
114.13895278777517 15.85091179317947
91.6754967521875 -10.46308947167207
99.24402433679323 46.39677018751371
122.47356382056137 13.173026243376116
105.73718113490011 11.526697767486576
124.31416847365946 1.9876851784601728
110.4145489469157 -29.396775060989356
98.80135277402303 75.20362271932738
128.0592734595712 19.238157520927828
121.68366257953267 28.493960277156805
102.82511902413785 56.76101894980483
97.72408772819811 12.0098806088828
105.9497519045852 34.04204275439346
113.47641903559396 -8.457606806427526
104.20838659427461 114.99606283734377
91.56351538422449 92.7218173041787
99.4084989789003 -6.170034919401735
107.41392942706858 5.973104280931178
107.10259675981304 12.107858321303501
105.46613566477234 25.167653971423572
114.85489496041443 19.475092451069763
115.86832186275342 6.241312800089026
88.15760594067726 7.533899947104732
109.51704266542652 -34.57842647723985
49.57612505939752 43.33232707310399
104.23707690351002 142.0355377364129
124.86074586610205 76.6847224180301
124.07133570561872 43.91464368156261
112.6662281511981 13.08774279182266
83.85883350743644 56.23261340577601
100.17605842005077 24.731316317126616
119.9021128722087 53.01290719432911
109.8816328371433 20.235481400447252
11.420736737749067 116.1358081532896
167.25923278932592 17.923427868087185
121.78978997380148 36.472255154139766
112.96258030378773 73.4812365789114
95.27803275336343 10.065862075171312
64.1337143576579 16.676724083615813
-17.305965582828826 221.16357863789335
136.1361281050075 40.68394033201163
98.47456516710842 19.946644437249063
108.93125929651448 3.5288059107782175
104.35098945697243 20.279242369040695
122.90701618572191 8.598025501460347
102.89055462959527 18.61169718288871
130.911038896475 34.268312785863095
82.67564030207213 106.81730088304818
107.56103129233342 18.821494583574516
122.06734595706718 74.88054337107556
104.3135230206908 4.339444869032489
36.57891392531376 -2.2541239898091154
114.76772836145997 27.535653506067412
115.81573157861985 -38.533572825867225
110.63228359851176 16.445050923593094
82.53092448585134 41.17220112345672
87.08640195773086 20.57867803154929
86.4550479503023 110.03924933260527
92.97460084394835 20.587182847100635
129.56959052786837 106.68795764772486
76.73504961560828 8.423669940840584
93.61376394592456 21.12350516996396
104.89857081687079 62.469530481263234
100.87499677025725 13.236253091514739
98.23104337304717 -0.7417907543164377
98.88302922498406 43.16435074618985
133.7687629349574 46.25340974928598
95.08499158139652 25.26050251179559
90.41710280020955 59.194843532122846
108.5580077659975 43.53736570802166
119.95866427131425 16.000383007005507
113.41770038691993 52.490285458881615
108.55863352754477 36.22995884178779
101.35034735146252 17.542811062206813
114.61075443220057 18.680760788541452
109.94292678573194 19.40079359449855
100.04274918730935 -16.221825291167235
50.70298068943866 24.719585886296688
114.29340293642153 106.0117927787001
99.04885605478707 11.86720582918722
116.89190165198534 43.737179208118434
106.46392340066663 107.57919674713033
111.8890419637404 91.60669835462025
128.00025769408418 63.2110502452192
105.08232271706906 106.09980916052676
107.80993760293491 32.4450505212701
133.41661809004415 15.86919918779839
112.11323348191246 49.35003966908768
107.27141230746096 95.23081914083006
110.13129285587462 20.33508377965699
83.61827960257766 7.365061855525581
103.42397791079738 18.49488856842726
77.7908147981621 45.156687543598174
146.36279184405066 114.66572887683792
92.77052540127023 123.66057495314845
104.29493288296653 -23.821747958604146
88.22521457305247 58.425181271283655
101.1664832547585 86.6750657495212
104.89229292599826 19.217997489948438
103.9676417121625 30.1246215062651
104.61195287416034 -20.740315440259064
115.72563116399965 132.8382686358565
92.52071726141995 -47.171144052129726
117.29102517701213 47.92129438730998
108.51413608149923 25.852711724868882
105.0484291500677 30.779860400365944
110.06148105971769 -2.4198387303954276
117.20735296355781 30.268918109585698
92.98392080119308 14.343215618026184
100.21196257356732 14.251453022519463
117.7375349679287 23.59671548696075
110.63688183915271 19.570318387374392
118.88915620787093 34.91988015449096
103.75064266277612 13.545621837408005
108.68952740539787 22.600892684901908
109.02623401479829 63.48751586978563
98.53863183577599 16.933951052133633
109.98230946977777 1.9482785259059492
94.8255539810335 -1.261358213733949
114.25045234211672 63.34918857749117
110.17288692770437 88.72273278934142
111.81024177370463 31.612201662683937
132.11423811265485 14.27441853778557
95.3726104907159 1.1056401997663352
109.3119563744797 10.258066358834682
108.52102195580186 21.70244274447958
101.21354963672302 68.60074190558731
104.79483083042585 57.393469423386826
96.42551784422918 16.740396214000327
91.91682534521817 -25.96152611175962
112.34360447172821 17.53730347275103
80.89105441275959 2.7789565027463095
108.10932401495849 15.483716543732307
89.78576096565305 7.641562077353575
113.95541866110125 7.156822056939938
104.01279079242808 13.022109204686956
136.83322669868244 43.483299319448456
107.83308134547842 10.399489333269779
83.64717610499541 51.316925766399976
104.65342462654517 -2.3273723400125936
62.07471797100769 19.252961794272323
110.76010738091902 4.027945745495205
103.77402692673205 10.594034299421399
111.66623085901698 21.94537107279124
146.47878599507766 24.792770777386618
97.70517259455468 11.897660304177997
88.45985696151486 6.62647472217194
105.61921633978271 18.265008065849877
92.62857700775855 8.761707196588546
81.69893678221065 62.247249986477655
110.28124636371352 6.300128622292939
107.6804929555775 10.268100957546519
112.37276044642641 52.85770653899908
103.27225932676502 28.91938282221608
110.25182791795532 6.550287092003087
132.5307210823441 19.82601488190665
104.53099066947208 6.9940947357261845
109.59369571062864 15.771035925666844
110.77700481606477 9.357904359108309
112.1319884136834 22.078453493341996
121.68648211609485 16.104814961840315
117.98126399884075 88.84248007072561
104.12721028849374 -1.8519761766254406
158.63066220438006 -16.59775715175929
121.73746652575568 58.80099695286266
108.19227732694024 117.38457561469315
143.88862071351605 57.08307025932004
110.81262249516274 13.661898674980891
90.78670147593287 19.858205394312844
114.83750590905696 12.645809619747068
147.70121580418567 72.95409144799324
112.11371494853327 25.2075137475485
109.35681568910987 17.89598312326259
98.1364895010672 31.922347846651853
79.80458824160053 30.604805952425007
116.99855056635066 9.583707758162795
139.01944548697477 52.53940660674686
108.01578984100962 -12.473252381827779
107.30153437993795 -17.128019690046845
85.24763403702606 2.6157900340746183
108.17661338680622 0.10297888449827619
61.27904379689834 13.19415718433601
99.68089842019883 28.207867428444903
107.69534137906282 -30.91184573367373
85.11882625358322 78.32192062994987
76.06646262188569 11.105170937534078
88.55305860216833 17.633356512967115
107.77469727360355 10.699471990441033
98.01934517432895 78.25869635288707
68.35503766817574 17.55266878672675
105.92933908966711 27.889259821755488
99.77526954465807 14.6772932473693
108.06734386624366 -29.665171512620372
93.40791989159524 125.18925445752015
76.61118086093597 5.888188903637903
122.05941932292441 68.54082412990282
120.92770413402488 -38.924707251224156
101.18944152203467 54.32932122641231
112.07985329290123 -33.094964847852516
53.701627907928795 38.93153233413076
107.79514272466919 17.107072311647492
110.32551806838833 6.048528276031964
115.54317621534425 20.964359265749504
89.51468479086874 14.627265438760471
106.82602106205177 -1.805995735596571
99.67548265836264 40.94530176283309
95.53689647058098 35.38745241906845
78.85653301934883 32.98047196665068
115.73534551533197 20.92641586820976
128.0350280070091 12.328946715057047
106.91005371077398 11.238254661774413
115.18214898344362 33.81740421250869
85.62449135904141 5.168150255159384
64.64305839945965 -0.3339200568783307
86.15280880143062 1.973725562456101
116.35963180613291 68.63427859655236
110.22408522032957 20.14939774476276
98.00162837248305 25.250760779192554
112.67367279673356 18.718706445396354
130.57797036580754 19.880938742004457
120.05982162131589 162.36741880887206
118.05562820308515 21.702246759756513
133.71202285044333 23.988377462727943
100.2217511379328 20.872226843451816
102.38155793926566 107.45646767480447
113.19827170945162 74.61480090355082
119.77058702374482 39.11156240037997
109.80757013238738 17.066936359278095
100.70459206057619 0.35746777098806914
95.46272575987479 85.00503487886307
90.83355376517734 -16.908243939430758
80.72284573405649 66.87189987560677
117.35780861163532 17.79226824328985
104.89406888301336 23.11075956857012
108.8192028574616 53.53819059562868
123.65137794402271 -13.268653374433601
86.82941585520811 39.22344617604212
62.97474834916561 9.650108504828154
114.26454277589929 14.521732658169334
103.70914605006286 34.80084141689859
135.26139474741996 10.30254503162431
137.65412643029123 17.135737148872778
116.85163828227361 15.131106756876958
107.0153795160788 50.81926792655999
110.11219580006511 -1.890555087140592
113.94130291363656 118.66506720239214
106.73561951510847 196.73780101785243
124.25875810625315 53.96108647464589
110.52150133024548 36.99403184385383
89.69639547571867 16.732075920918582
128.68393582505684 8.982097373262315
104.23838203791229 20.239984313119677
