107.42694151691272 13.743761421258487
127.98542412013047 17.941843580411508
95.33804294879734 117.07367661684106
99.82938719659751 -103.04692697363342
99.49857238612165 -54.22245347783269
116.03929663870169 158.65591197844944
108.93008573747441 8.68593881031271
115.15321012717426 23.361907788147107
64.61209144916621 0.21897038934104185
104.38610557912457 24.215400822259802
106.95789587136605 13.074876321034703
93.16928315501023 15.233053938456846
110.73965779341849 27.253597334966223
111.24458499368906 51.51559611238599
82.38832543508937 -8.928092720607118
104.14519481528096 28.86759742396742
114.02908401095435 11.644149292876467
106.21440696256761 21.956481119738257
103.76142802443873 141.06106575916743
102.76792452171397 84.2776501114127
104.89762515413028 20.636282503893504
96.76881846793141 4.022994992313804
106.67739924585483 -7.538507325239624
108.60202498202146 -56.92633295262081
115.69515032093523 155.81589089750554
110.71947990372009 -18.01399582688321
112.40156052754232 23.545082188330035
109.47485605185776 -10.145959100929431
56.30844681837941 87.72070878754404
108.8356679098028 38.87299613591312
116.15616947520238 102.97501220917903
106.77037169321177 11.940525759366153
130.0386709089265 144.5240542558472
129.22276557530017 -19.15251058078174
84.36501690736198 -14.804818944613386
111.32784924380262 46.872298323573474
116.70370968380989 66.36264505889733
117.79484842816464 8.606954280894824
122.5090556737461 55.02915396558212
92.26608657663503 13.532933495649464
139.62804414214304 170.08580749388386
95.32111179154765 110.22238580920565
84.59452631392432 35.186478109359314
118.25345329898431 19.36061161896698
47.306301889386454 8.219134081884969
121.93146263520065 116.34508459897461
114.64085946903924 -1.4347955638548449
112.805948047054 44.833429497647046
102.76554278275947 -2.2767028017903255
138.8265805187986 44.48780992204294
68.64406304451231 10.226136052233139
142.39600333298768 64.20182403244573
84.50580977853485 86.30468690238698
101.60129443127352 29.43656488070217
99.7059485654999 121.24522631260923
110.79658052740002 18.723360675133204
99.93852307302298 -98.0913234687282
117.80985750533667 26.86626191964574
95.96347932505607 22.133112832666118
125.11785647890846 90.08308374053856
109.67794979410647 105.27360599136024
133.47759414960566 78.61239049272292
104.2915339365607 20.073173274850642
108.63674571565443 53.90638338851003
106.52094954573435 9.883072776157185
107.4272757983544 16.255687632839514
139.198588397495 -10.971818067162342
104.50654010410548 13.067307593685566
115.66595606628154 19.687823558295367
92.82226520184469 -7.459496586960975
99.81240910949116 38.587751535311114
115.00945715449522 15.03541716326091
112.16522016378849 14.814105472682217
126.36101784758601 -1.5941118615799201
110.57700359028728 -25.812349261193425
107.02231320573092 76.54820114672292
120.38105063343842 25.87459106315873
119.65959020287211 63.386879963546654
92.52582941577535 57.62894700465483
89.08096649586037 4.327228548245552
106.10347388846819 32.00599933259956
112.09838004840799 -5.576251323856603
101.14128209107419 104.93980415355423
96.9009191568659 124.86411957168117
108.17343612233488 -2.7369977836617148
110.2167270636684 10.615586335337328
95.25104422702803 19.08003604792354
106.67729411038778 32.774858887140745
110.6464085587322 19.460956928897904
115.23792526887708 14.859138246363862
93.30693200084005 8.633012306323335
113.7274312841387 4.285709436619296
61.2450534377483 41.26252070699265
108.3620977536934 150.2275724709513
123.8165372547719 82.99665861110087
122.21297456915502 41.00848747931177
114.69822600643505 52.28002689083924
82.81861265364563 55.90709021466475
98.6348869596315 29.08866823208645
120.54677664529319 54.59550110240466
105.00938004493517 27.334790207631304
29.934549969371858 102.49958053440746
157.08635756173052 17.876355282052153
125.87623976265075 37.94934273466216
114.63661807543049 93.00238590832689
92.10301484339631 8.867177404243893
55.25174506773011 15.495219067782285
-11.77590359843696 214.78291875207137
140.9148921401614 52.988975877794374
97.1650234433901 19.997748674810797
109.27007158350014 6.7969190059442415
97.86717847967073 17.660625981552187
117.77050776617224 12.089171965802972
108.53291764991808 17.433912780251866
129.77305924832874 25.085649504205495
71.19778176129661 131.9491454969931
105.61471421050642 19.417961770462572
129.8080220614543 66.17895359002061
106.23597056261205 3.8076010071552333
34.544114715472226 5.198477541282248
110.09545515859816 52.28918220850427
116.57850515176668 -28.813759297523863
105.57180517168193 18.60069662463732
73.54575338528949 43.45891839715283
86.99289376372809 15.500247186408926
87.44505661358026 112.91590562252773
91.48931757187462 20.258886461743916
116.60301173659316 119.62845145205397
81.99349213173274 8.114125374542452
95.01890944966061 22.068024932647642
100.00336850483463 63.2601415128839
99.36433426224315 12.400417273558173
101.64761307812608 -1.5245843436894648
96.73528391742765 64.21934937970039
115.19435328045472 52.10136728192883
87.58821221031819 26.20467341930413
91.02638315360088 72.54469821795507
111.84360106398309 27.94673828099358
116.92120562183999 17.262511013121944
115.02887911780721 65.74848703835403
104.72002492411299 56.79010873835403
103.21938256489128 32.4115433944441
111.79194765303973 19.12552142699298
110.14132624544732 27.071698389878154
102.45640365242127 9.466034020171463
56.69014965287794 54.919076561392444
123.74623294555785 116.97994913481794
96.52651677039258 10.91088904642697
123.02665697681849 54.56634933029983
106.9520985335745 122.97761234185225
106.78345209048067 88.52369832375551
122.26878384589185 64.27853664279758
91.65870939908895 110.72657432908602
100.02111236317282 37.89647520578441
133.30999497160497 16.157325950142972
114.22307615960351 69.80240731069584
99.17979737087558 88.39304161942994
114.18111287954852 21.985359002043783
98.98311001846898 11.701775697227996
98.85561281563724 21.090771267886094
95.37997090429747 60.95329490569379
141.61139217942082 101.31305034727316
87.9119570382692 134.78399953054577
115.5439868598962 -10.370219447037808
87.06534045714828 90.70201197419036
102.96196578769992 67.91254170602703
100.02779709260106 25.665826665267538
102.48944417767385 35.32489271541011
116.11789062365642 -9.159610166378993
106.95525575177376 129.33597583472854
103.1033054455906 -38.62659478461074
111.63285109929217 42.40335828440957
110.53584973756334 47.38732383077262
104.22033309726254 33.7715252275944
110.01743270197915 0.8551974366321355
123.89843049746456 34.95903907744129
94.43649315788714 14.881647697182949
101.58895820465088 18.027391721621072
127.90987651123736 30.704879288317862
102.99588093509362 19.482352127847992
119.77311187072469 40.78673502990346
105.76638619225675 15.283193638082915
111.96335343632082 27.241571171145996
107.95006925569363 96.8194163503132
103.32961157895429 22.08946606250656
112.60493497305755 2.803590520354311
93.42074613288936 -0.9769497270443113
101.13364613653492 44.82972690903178
114.60250085678597 90.50925395553189
103.37193856317575 36.97398449945509
125.56248922949874 10.821135349752016
85.80021758842291 -2.958555642877953
109.91225607946342 14.21352806695567
108.50014270699519 16.43511347557874
116.90831410335886 74.69590672627616
104.3446686058539 55.879112343074304
89.32704586398718 26.23997473045676
96.90502877260073 -11.307842442986306
116.83585637939306 22.934700690431477
75.74134133155208 38.090765877205506
101.18403405815464 20.104121492486648
93.89840722371456 13.364596228959012
116.99303728738813 10.692010393676323
101.64435371989924 10.822645858431041
143.45281673652187 34.64807473269108
108.05166916265874 9.849258989361633
89.74313550703751 76.01316228067701
102.7193389464963 5.973584664140102
48.54683010116402 31.867358297257134
109.38662070613573 12.570756587613015
105.02652741570085 9.223470808052468
115.91872509187655 19.729903465598436
143.17405421929135 25.44594690359334
101.65047761238584 16.632827798053114
89.93358032765647 -1.555622060716566
111.7851084917293 3.681250506334849
86.59242597058056 8.386099059532395
88.37324860131162 94.61323834171294
110.39384718354769 2.094220189884486
108.51052131879233 17.288109529425416
123.15199413826507 59.17533998704887
106.09337879573722 30.32147187703747
110.21223334678596 6.724053982058162
145.9630193587051 23.66906534536364
109.42963449499169 18.021935205512438
108.02116286947202 8.896401202584428
111.39641896033889 7.845003117187215
118.22494548773288 21.778743262165886
108.42320637291515 16.257670517339907
111.42571850197756 112.66124204574966
107.56800477836234 2.3178016194541167
155.16576574593418 -28.93449054588059
124.65226632204798 67.59952173855494
114.32362907670148 120.33792613179295
145.63435513302485 55.63553646761049
113.5651758504579 21.621987420115886
85.42103984339545 19.45147696302315
121.0619241604041 13.882740421277134
150.42761489028936 102.99295427457463
114.34822236562273 40.78602402682702
110.18490079301988 30.522239899619453
96.30373755071356 34.413197940777756
82.50589061198642 14.035936822639247
114.06798149619028 13.18777567004739
130.16257777954834 44.90169859704741
114.28970193885588 -29.000175006047368
106.74423543808437 -27.656739049834396
82.78397204586393 2.0666892567173116
103.64942880645604 5.399684267164871
55.679913920021264 14.127504146326595
91.43350252716459 33.589456794947104
107.94866063131553 -17.99260852938542
85.85982795915282 75.43722683040477
83.32539426084399 18.222467170071912
87.00143541423635 18.005636099231076
108.98413053088822 11.111097584040175
91.0103967678263 77.05670501903225
61.9194100618738 17.828823807117836
107.29401784483109 26.374337792663926
95.72180895226971 13.693602326201823
108.21853144133317 -25.524055040610193
88.77855198818675 151.17388649299255
64.25915616532193 2.836601640801984
121.91368326589588 73.03455042958795
122.30161763760242 -50.189735977633426
105.47132983202935 45.89718147727017
120.57644790250359 -19.890095081081128
54.940934108412314 43.25481833104723
105.03531003288593 16.25729145970015
110.18235279488178 10.239082874352194
120.66641557075901 18.286761471384303
89.53274814673284 13.260422967884402
105.5732255298549 7.250883245620116
90.14071480169713 55.04626995880884
102.30985267863109 26.349146050473582
96.71514562809426 46.81636673584186
115.32814328190595 24.074773579091644
123.85435641661017 16.061915148263452
107.33759501008906 13.507784988903742
117.94346157338148 41.02910583020059
91.28579417214817 4.918015106327385
45.52808181990539 2.1840687387246196
97.91669128176089 12.1398587465591
122.81197044736213 68.03673246839199
107.87462897739299 26.96918094150177
95.08739627061625 19.791278467854262
114.63424007053402 19.103830138196614
129.53274772762663 19.86789065855077
120.347422121684 165.33386342840885
124.83057759097872 24.897086223931076
123.28746503476285 24.390442895657724
91.73139467959969 22.553950957097207
101.83614732335043 124.10743804924573
117.9255842698687 109.43632174583855
121.54270855121388 44.76627517010538
109.78957119821659 12.941260230213132
95.66202058856298 -3.4405674111734035
101.05919217953327 92.35547667374259
94.89548648763603 -4.2865793648195964
80.8298933342169 92.19856897198211
117.22137712007031 17.69708409224264
110.01582864810234 22.079080821145947
110.42508671747404 46.29318144539609
120.19596118318292 0.9786075687050406
80.95878440754332 53.36252732093659
74.60988837929686 10.5604494558221
120.23665402886029 15.889535179755601
101.71241038967639 42.69859126002685
139.19463326870093 11.167280117765033
142.30911508578944 16.811795211895856
115.41152700456338 17.779475433466335
106.34806970959768 57.458996246816014
110.23456131355782 -3.0631185986812683
110.82075561457725 119.66292215018991
112.50523475308664 201.75926355170228
114.37436733223639 53.90174667262511
110.61451605518612 39.95427309645327
80.2486103772066 12.88222428171609
129.7688657550802 6.982615357525575
107.75190764839925 8.95374489811712
