106.678126239797 19.335760885722056
126.68871941210304 15.590655239544187
95.11127043505954 128.09507609047978
99.79271408381669 -102.26974233456872
101.68861940384893 -42.81132715858464
118.0147261012994 169.11918104156229
108.25864459756308 12.515702881431501
114.25316220766862 22.42549028437165
63.14539367707989 -0.570004306641541
106.43310945162744 25.065741370180042
106.8136891402956 13.719040417504088
92.16581617671088 14.530042801515057
110.87488764502598 24.25789687793464
114.49791471373402 58.15767678962388
85.14592680976466 -14.115803429069281
107.188089414128 27.424095789131353
115.21437644752166 14.948132849437464
106.80502159512996 19.598016329612463
104.1941486975596 147.2769240794135
101.72353939530807 82.35872915725294
106.7583731977566 18.3823689114613
98.88865104162274 7.966832856938614
108.94924805724759 -3.3339665370709737
107.96172561625062 -61.24649205993946
114.7848945341859 158.52547194781224
110.98362701649157 -21.314254595997287
112.7393915136016 24.085142330804302
109.47958706753147 -11.399493077990147
55.77343784833553 89.41042230216748
109.11779668693688 40.097370064816175
117.39767753928164 100.91014527586822
106.69573877393117 11.59004342232368
127.61221038866412 147.9362537145384
127.20974037886901 -18.57020648052955
87.25195886263651 -7.542893992869731
111.8282217421997 45.22968129105258
120.07090850768967 64.61603766729118
115.85882057128761 8.352555185889491
119.94745787248026 62.026784826710276
89.63540732813158 13.560655494861365
140.33048499789862 179.27325370727365
92.36313581841205 113.96102012113758
86.1634003450851 33.94652293884202
120.67098550125306 19.297716504455952
46.88847597067953 9.086865928912104
123.16325215696196 112.2657295605973
113.8309607960055 -0.37657947804951
112.25973192050805 45.221847913377864
101.86792222605757 -3.016217221570299
138.2324420171698 49.967263019254744
68.17278576515122 10.005051595305604
144.19487825185053 65.94485344971073
89.17560565983912 87.01784716463185
103.74141385037827 23.93425256923386
98.44942117163224 119.58396961672862
111.07925442303001 20.33015140840311
98.21601787853 -94.81486412205017
116.3124187487073 28.58012837257406
95.49240794329202 23.107024088412803
125.63317955990864 82.35312291287791
112.69568607016885 108.87755957365098
130.58133131131368 77.1029583080411
103.62446279453562 21.74245917142801
105.13345128135134 56.881418443632626
105.03107816706525 10.247373346123938
110.16266072670986 19.058182160212397
133.9910500350107 -8.261731861722007
104.87127383255881 12.995582354001717
116.06103873444418 20.980115830798958
93.42382724691386 -5.869351758201731
100.2050032438469 36.46730515078856
112.3824788494448 15.730925405909012
114.27564053223092 16.012787796933672
126.58507043013834 -2.4464251434489253
110.61383086818148 -24.023852713807404
109.89412322708482 76.57839802957238
117.6170241234255 28.01251609124654
118.81594648110385 75.44463131536602
89.34516138105838 58.414185735758025
86.39726104260232 2.023564278472106
106.24835401916901 31.64509631532974
111.58384765706083 -4.265593449890249
100.30491737488693 101.04442796486754
98.84301308597318 134.49235510377113
111.13891878531062 -1.0777007387394628
111.15061348338247 12.31478831877872
91.53790652827746 22.184280005368397
107.15639629176566 35.06153536649058
109.20686472056977 19.45466215076819
114.87706039545748 17.85604891791312
95.33603678621641 9.325270819771914
115.05254573218834 19.52944921365186
65.33721227387302 40.032852585106234
109.77407089138075 152.2901155280615
123.03575761799067 84.46470835397014
121.43667157344197 40.2719482771461
115.30410086766486 66.02316427773209
83.00542762016825 56.355031535329566
98.33105569309333 30.39897070092684
120.50521172193338 55.16542517137593
103.47079309966092 29.5389429093823
35.92020769440023 95.84470807984215
153.0026700414861 17.879909000977236
127.06046947499287 38.201118710062566
115.081862836137 99.29489372609363
91.22666025589189 8.70327307703009
53.349577054066586 15.188368645545927
-9.300475982752115 210.63650501069844
141.75095979647938 56.5283009830303
97.02150191714695 20.001213358927593
109.38832633333543 8.123334464694533
95.96497677069 16.812235605859303
115.87075377447961 13.450525792498233
110.45988289887593 17.088646632593527
128.85740541227617 22.993282265523696
68.04852867304906 140.0077249694486
105.01685877662767 19.618477325360118
132.17956929596562 63.56274166760436
106.98010129579369 3.933267040276451
34.216799336668004 8.115304637188338
108.49753233158613 61.28962394000736
116.73183688277187 -25.02083743387356
103.9169222787727 19.35359942517076
71.33081295656064 44.95196799193652
87.44637230218335 13.833879892278071
88.31992443593195 112.79835671600067
91.4165855915345 20.136915129091307
112.0031439398808 122.91684066211005
84.31629499096407 8.170205147271366
95.78116361030119 22.322124214208916
98.53719984499602 63.773830258901896
98.96471849221231 12.218216951276856
102.99424231477539 -0.399699392888051
96.19984294045706 71.45818772430268
108.80753132452078 54.23569655030585
85.67609229627374 26.442958745186814
91.59180244045496 77.5027168162149
112.91680607948838 22.550405886668685
115.82464634984447 17.74543942393831
115.48471429318842 69.2463081247385
103.48700663094229 63.933970866486106
103.9793572247244 37.95603521525867
110.78982393663662 19.287441554097995
110.20170673304061 29.509592208584085
103.4087915566966 18.280961598383577
58.99628388360439 65.16301140077387
126.68834769253344 119.54968386164234
96.01351037023265 10.66966930213539
124.76850012449327 58.896932298877175
107.20239885757572 126.91980227211556
104.65499091604683 87.36342490610764
120.04837769784977 64.58631356127088
87.4931063026539 112.05838688240118
97.59722755397989 40.11252305891549
132.87202943022658 16.32536684439714
114.85941339086679 75.70944786354264
96.64864896563128 85.82573383307547
115.46695277521849 22.498263062937216
104.41203171179818 13.321170319631435
97.5203532270447 21.928736565810922
101.65279415636873 66.26869150237624
139.37356556178185 97.00602027047529
86.72316754519284 137.47428346309914
119.17563062350668 -4.117717009589352
87.35509802512051 100.96931284413704
103.68513800801479 61.89654907058189
98.5942474024016 27.741580622389513
102.14279040607583 36.77595634471854
119.86397815035525 -4.750584171673706
104.01993302822015 127.79581972680941
106.81731819338044 -32.998748348942364
109.67119376637176 41.209956071511165
111.20818657789131 55.60902441152344
104.02112495024744 35.40604905314038
109.99972159117648 2.278700425539384
125.7274593242679 37.593036362824975
95.29923318139598 15.160154755243823
102.20910571651753 19.326457097214163
131.03680757536267 32.86349096314358
100.58526051543929 19.449761726226292
119.83935303959305 42.13344824008126
106.54065081638409 15.961635489690389
113.04110166758129 28.6028823216136
107.6169351658408 106.46556998152926
105.08648307505955 23.783644780847364
113.43000632296608 3.452060473695732
93.19490705412856 -0.40916422001479547
96.91049995184777 38.64287286136373
115.98013209186166 90.48854961403016
100.62903200354117 39.754096280695066
123.15302369868672 9.835454876080902
83.30100620251255 -3.921018567182407
110.11098609948586 15.616145629652824
108.52401658001183 14.693392630387255
122.05492734316698 76.6026451455817
104.3097602902835 54.772279918596524
87.32567999670965 29.30396556387695
98.92397341843584 -4.301370254213196
118.25986887209721 24.679451261109243
74.70872992222728 50.73966222272427
99.09790874455697 21.65557518130994
95.64950013154115 15.43178158172643
117.8779919751421 12.027813729158812
100.95211259026247 10.198292635016792
145.28409536334442 32.656298093030514
108.15749569172911 9.90653086198032
92.34248754535574 83.69869976116433
102.20877512591558 9.09192253990851
45.47448440625629 36.833186689170425
108.92737383555524 15.636188632865217
105.54648225738245 9.020302625373686
117.18197491989454 18.955362483922503
141.21468260409517 26.667555012790586
103.10637728949598 18.28188843414187
90.04860141337583 -3.828909149840311
113.8128621096396 0.14130894239088976
84.98021142415956 8.494024061715896
91.0736590108486 105.40283716824233
110.42228564065188 1.1119593225597173
108.80956778953828 19.68090389168109
126.54208517610681 60.973364077921005
107.1143789499281 31.371901849874526
110.19218120229385 7.100445896677803
149.69346984211597 26.17293490976565
111.09571365308776 21.777901741580656
107.52843055397028 6.830486725258419
111.57260773662547 7.456059696930314
120.13717131951748 21.621571043888395
103.99770539374235 16.71765685160101
109.1866282366394 119.48380039967898
108.79886576803491 4.104446356897295
152.7629827746183 -32.36723844776326
125.39770557576686 70.72144300286351
116.32322692947422 120.64045751861724
145.9202979884562 55.53127264498994
114.41131529901325 24.2622147711605
84.19500727890147 19.319025658903477
122.97152385472701 14.391359292139768
151.05731318732379 112.39860405651605
115.0229698024521 45.66663498435887
110.45510030700486 34.56576174163508
95.92407266169212 34.97859102978079
84.15818970063454 9.319120993017268
113.00128614583339 14.572254781633617
126.91859172009583 42.56750854244369
116.31240497836983 -33.842369107678174
106.60848323946912 -30.063547145783147
82.37909964529324 2.250799602787264
102.29684535307163 7.54715465380661
54.792351391063626 14.551935828234841
89.10474376335557 35.10616268831697
108.07243629779552 -12.618576811984674
86.5854868451121 74.30086534580684
86.20717047133272 21.717620123513996
86.56535562143975 18.144321629423786
109.40048839774362 11.402947602035827
88.94969349847858 76.6573081685211
60.827374523491194 17.96704630508278
107.80366197108624 26.798212545545727
94.73688607843275 13.42842225147848
108.29707238214101 -23.5863252044465
87.5781908010065 159.392001847202
61.07658155827113 1.9764630578719131
121.55933560840668 73.93673802815601
122.55849736972282 -52.43808554597601
107.05081603862666 43.183121957463555
123.30234696312621 -13.692948719905205
55.915580135148105 45.399261698373564
104.20519556267764 16.00091735508966
110.12632647277482 11.820194206806356
122.14394874948074 17.395296728990733
90.10322395269246 12.860569211846073
105.20128467410727 10.593560695701493
87.37237208280935 60.458050606948824
104.71641576120213 24.630014443039986
103.0185988286919 52.04196626863969
115.07659428699593 25.063222080003758
122.24301166329344 17.36684822923516
107.54584558900541 14.384257260543803
118.73460308076568 42.91149343596052
93.53998774010634 5.07661446969154
40.20846857450063 3.3597174505582736
102.17432211906151 16.7392037095509
124.72938249399401 68.42817602746688
107.11092445472912 29.766750976589314
94.44498263111447 17.946883591798354
115.16502247586868 19.24252229471442
128.80972623385824 19.85818931228468
120.27492442472106 165.79077253901886
126.82313902106758 25.84967130714958
119.58475023556353 24.419556757025582
89.2913382575001 23.062096632281445
101.77522483060196 128.071089147801
119.41794423038594 120.11201799181269
121.8966312145508 45.868957370095565
109.7841714531699 11.670455807702286
94.22909218429807 -4.325800526895463
103.00023408611996 94.67971710831486
96.65347873323769 0.4821767737117568
81.30918139144481 100.47456586832708
117.02272121134911 17.704972815646343
111.74638997134001 21.685882779844658
110.9657524768914 44.05858476537623
118.82905350396936 6.157370005522914
79.58615189150692 57.58270326361532
78.83225872217746 11.036261570425811
122.13193483174783 16.396825527951204
101.23276707031803 44.901662081041124
140.160853279742 11.632041019138526
143.27826342841306 16.7432658961652
114.8180223413628 18.69914689503769
106.17280462813497 58.96861739321982
110.26659312356868 -2.784026308240229
109.75411142137321 119.35156082531489
113.23072645444093 202.4434889214542
110.90316968283662 53.82028357155475
110.62346462779833 40.57940438492436
77.5999287772913 11.647256809427466
129.876675449817 6.515538539872477
108.95589219774008 5.388748698422237
