105.30137523429903 31.105056734288617
123.77179931590162 11.368725908381398
95.06381362845379 149.4480625281295
98.30458199796652 -95.69952684310034
106.12325733591115 -18.087991632360804
121.8419096671467 188.40213153802236
106.98025884650825 20.359213680795364
112.34608710412057 20.481284870050498
61.842185832913586 -1.5818067176847839
110.58312468588552 26.57237460156619
106.66228696521354 15.156757537262985
90.68470896473951 13.241492648528949
111.09756100696237 18.221807533788745
120.89430243181191 71.95320119174316
91.24932815822908 -23.735435842901666
113.29920012472546 24.294390590388527
117.42027135151366 21.610677007110617
108.1014116159415 16.237356694190055
105.1851182444697 157.6933847784567
99.89519096695182 78.51556471694373
110.58852817273254 13.923606719914027
103.41165704563132 16.219218470781684
113.47168782179311 5.645301963587325
106.7491459509645 -66.88978218569869
112.77202523597946 162.6358358383522
111.44540031300407 -27.13912077056667
113.33118109151003 25.042360619631413
109.48858767655905 -12.948357033356622
55.2357081999715 92.80130164050126
109.68920647785137 42.043290851913106
119.69768133121714 96.37079477554124
106.65191307573616 11.138832684986951
122.23719595472701 153.63321249429023
122.82355682593992 -15.996125449055127
93.57729641223779 9.878223187415824
112.75194151378133 41.24799693966314
126.4159811606066 61.46067071193941
111.83482879585976 8.290975850828541
114.51473658845572 76.69601164315131
84.84350427769691 13.789609541167609
140.8337236660073 194.7199565969502
86.6633484731663 119.40458234607819
89.67805969524761 31.198434747435975
124.95719626031422 19.17447390580811
46.525382782028 10.986456285845508
125.40539295864154 102.76747322090243
112.06404438146153 2.390064622973216
111.11314211314361 45.26407108511892
100.27956744154243 -3.8360912832075957
136.2837556251158 61.54764108078877
68.88267750473415 9.909711479553671
146.42062898449083 67.61258828395569
99.36395081237664 88.4945207925014
108.13163058066935 13.492174234766331
96.3045104509592 114.56159458733704
111.62001934286226 23.46289289042238
95.07089206198422 -84.11127600382011
113.1677478666365 31.705700478687483
95.03674685059201 24.95594448931504
126.13931804440637 66.82297070888919
118.60459363705412 114.54226347918116
124.22574320241874 74.03366799215415
102.4744809290586 24.990487429887775
98.3035548613979 62.40196169933266
102.24785383412534 11.311829185253156
115.61832410023668 24.62631822551408
122.70300710806286 -1.6815877204689569
105.6718684186871 13.029439194456629
116.63996468013818 23.47645175762871
95.30175693822162 -1.6432971308828175
101.281693029204 32.46664860418497
107.07548790472354 17.192377132976635
118.4384123537642 18.512592526373076
126.53147428668014 -3.4624185677820134
110.66758997833516 -19.92401847491406
115.63003076586102 76.96729898138823
111.89694694885883 32.11015693530254
116.97793712623819 98.9522066788503
83.45461923325423 59.97533675789294
81.80438917727457 -1.9267446424187509
106.65466333438079 31.293945343373537
110.52530633679382 -0.8370939521479028
98.94099066397624 92.21500530826066
103.19415434739871 150.26913397783397
116.98845877895135 2.892424775427723
112.97198753927488 15.905809103774235
84.72515664028386 29.80443859580535
108.1707061463233 38.94142639287657
106.35323466775775 19.442456623100348
114.00311890111375 23.83633215953024
99.6580643652236 10.93437714394339
117.51757407867511 51.70844266790188
73.561275692697 36.85425709315426
112.57886727531447 154.65738266173318
121.18949120656772 87.12418011611439
119.48878562704624 39.1482355907984
116.33654307325406 93.32023940029603
83.95914033294278 57.75813188581337
98.07993116487835 32.6560327811065
120.34400704057683 56.63354718761409
100.68131183644141 33.62611966240108
47.65994707301774 81.46815527299717
143.10685103168763 17.939461468620717
128.9585091448679 38.192866592515365
115.81381174228052 110.78960147074194
89.97406141770962 8.768761640511041
51.92629314239346 14.687494681312074
-3.3880273190916026 200.37547871698794
142.42574327083187 62.17993982081228
97.01864591844844 19.988868793222615
109.63735705267065 10.981185090094538
92.36576960125412 15.205941834558773
112.00432036847124 16.29554533623094
114.28655926022262 16.433880963771283
126.55013616536802 20.374833622111204
62.7735953063545 155.45012740299325
103.9867192814056 20.008092726430046
136.0212776604457 59.01072982522912
108.53654494402933 4.328133903332142
35.103101934897815 14.229782691329559
105.35122413963107 79.5212271045411
116.9884500497727 -16.50201312652272
100.85090225439086 20.849205621064804
68.25365185631102 47.92991282658572
89.62199316749769 10.665719292572176
90.7208842997067 110.13667635305254
91.99840333287156 19.874071203808395
102.78022523912156 127.85021082730881
89.51293366649597 8.749742631168818
97.38216802689416 22.717050307271915
95.88991262991476 64.70182380352801
98.47045741607812 12.08761148351132
105.96445547188429 3.9872993339643856
95.47040834904259 85.89904630998464
96.11170199164013 59.749133792932106
82.35772299997409 26.633169774039686
93.31464741322233 87.87156422707766
114.97198084764176 11.734248744134906
113.44245210666892 18.78312250613822
116.20673196659624 75.78002051771185
101.2388375772201 77.68460424259186
105.6779893483257 49.68863529376285
108.77143733746449 19.618618677294187
110.311871172405 34.22960392629801
105.4527013412332 35.87474097088085
63.61390777532116 85.31255054610143
131.95496413425215 123.94001648798641
95.40700075636023 10.422476860163707
127.7123842784329 68.42880882015449
107.779013790971 133.59253619582302
99.36275045328546 84.58396959054713
115.35352555213886 65.00351622621923
79.6919700949176 114.09990160702196
93.36703938839905 46.545393585824556
131.27988797944434 16.718163206263362
115.9907176241789 85.37983688797841
92.26820957805135 79.93650623315463
117.91878934190841 23.466969247651864
115.35708050927322 16.637269785041152
95.3116291246418 23.54050163909843
114.4214524128283 76.13213095610699
133.83734383665404 87.2750223839407
85.0023228496424 141.63423035654844
126.28194073195533 10.917535836905456
88.52164560307816 120.37132535208332
105.32286066785169 50.24280801971796
96.05651961256288 31.654837597152106
101.65533729530964 39.45218059984794
126.99743149649647 4.889876413212068
98.28309660173858 122.55367406262887
114.25946328341644 -21.291249807153008
105.78528754011707 39.53228090520589
112.50428325508581 72.68550779216748
103.80154798591067 39.524747388608944
109.96295692741697 5.599638211901904
128.91405581999032 43.731952071808635
97.41780141743949 15.81421907360736
103.55097845455504 21.9088998992908
136.4158599944063 36.60711482885032
96.03010672014244 19.378968539806074
119.73655663665593 44.37730774806586
108.19180974635098 17.429910952506365
115.13348869423507 30.89728657857342
107.00211614271136 123.08485807261371
108.69282601294418 27.085377604523956
114.96979544300856 5.025393841302049
93.37979610729202 1.2400515881157315
89.05003423165557 26.47215847452632
118.58707235908528 90.30705676660784
95.47408741813399 45.781318386939574
117.85576968082796 8.283778714807443
79.25401341841288 -5.066821118581434
110.49523174692798 18.545972147727625
108.59104092303163 11.31481651576514
131.87276133070898 79.9264184214141
104.33911878590447 51.132799369240175
83.98138824736982 35.07545926491933
103.27710947314576 12.4583020774689
120.74831112978859 27.980545162994723
73.52702736482158 76.4973378440689
95.46330319630998 24.692199035882616
99.57949127209385 19.631626827362695
119.3926333619467 14.975303865089446
99.94734434683443 9.183162889861826
147.76788884975892 29.10101028520019
108.43422123733238 10.314467788117614
98.10165762223106 98.97904589872452
101.38697901792317 15.665263153717763
42.1190553951992 48.052436535060835
108.03453061990844 21.861976807278687
106.71675596403477 8.832021632934799
119.39116685369159 17.402270600027556
136.79709724364403 31.5126434348817
106.29785393528215 21.581622691554003
88.88934897154827 -7.601556105293649
117.73019768877552 -4.853143696154733
82.01922407726585 8.955333386863494
96.84327593605772 125.79076083393085
110.461057717731 -0.35531473977139727
109.42341578545968 24.43012866858952
132.4557494377351 64.86190439919848
109.19926835627169 34.503690532973316
110.1450848657562 8.218729993249964
156.34767686422464 32.94460665239873
114.3379678346323 29.185056617467257
106.63338090394613 3.0261791389549755
111.84498182142457 7.101727374842776
123.61615346743885 21.257062202505498
95.41109117218906 19.26388674091336
104.7503551386347 130.85412538564793
111.26255554043398 8.199383515040292
146.70210016265895 -37.682755748760314
126.42508437270175 77.5721403837121
120.00129190332213 119.00100681961597
145.69095394540204 55.39990671771434
115.93236227891666 29.396596743082302
82.6566063944745 19.065740421015597
126.39731847018547 15.620911267336574
151.09587720073068 129.6954202703028
116.28268126588713 54.30293184630553
110.9555423799351 42.39554439785105
95.58922286061353 35.7039930813119
87.92530583452105 1.1576447022446863
110.83079759543709 17.447926220601516
120.17976026016754 38.489251394507605
120.04738216743245 -41.93932096041397
106.40977154862014 -32.92008999564107
82.24050564590594 3.4195340570575743
99.69339505860302 11.994194624695094
54.198820247899995 15.507344158927872
85.09360679483076 37.88936294720776
108.34033769392134 -0.9422346526657641
88.67567217683138 70.7764818702221
92.92123754329218 29.814347095448525
84.99348300580748 18.436310389810266
110.23070095203748 12.28640319095428
85.42507366730506 75.47233605960321
59.909001918897886 18.322216372545615
108.85190007263827 28.686294065249655
93.25868146172398 13.074137973863955
108.49775763733834 -18.49201978317574
85.55823215204059 174.19102411084341
55.842177242501926 0.7185858881284286
120.48414290388448 76.26955527251386
122.8713737716081 -54.45942954631962
110.28071559125743 38.707855617648065
128.20020622623434 -0.5733666068591585
57.751914318703115 51.17384799793531
102.68198048274856 15.589840738234665
110.00633366217961 15.197360093222823
124.82373011380383 15.640802525701146
91.79164858149493 12.299852722080539
104.58189116513029 17.561228688173724
82.80555574434295 71.38548292254195
109.65832379813587 21.953602514354916
115.81764485314862 63.33675711439865
114.43982324492823 26.859763370856825
118.53898738208309 20.0326607543167
108.05131570508696 16.320679196949463
119.96458319402049 46.110434212739776
98.45786665600613 5.698233952056254
30.64775977728518 6.2772168895879865
110.88798131083496 28.379240786131668
128.23139842910382 69.24231547405773
105.66633385932151 36.81807969366122
93.63082326175476 14.318335591091962
116.04288060504028 19.525471341554965
126.50898387993718 19.823036901579865
119.9805134433211 165.95375595395788
130.17929067011545 27.587835950035235
111.80603870906705 24.32688772087159
84.9767101112655 23.986552511472095
101.8793591779672 133.53316002400445
122.10020690477228 139.33180109180674
122.18245572135277 46.993795872610654
109.77501654186513 9.347673935245028
91.73106297577726 -5.750233421428184
107.05550706980326 99.29421541559854
100.61924839011637 10.501589357781118
82.9674344352131 115.74175672621368
116.3855897206463 17.749173627703517
115.1860957241438 20.83760394518809
111.99277865218473 40.103620076699215
115.90118836743682 17.143451176115722
77.74685114217915 65.40348006791358
86.67058304046786 12.151502248629287
125.31394482463276 17.451968601044555
100.68143082319366 48.223048122698515
141.08429689671763 12.706019299362698
143.7196153028417 16.71135323025983
113.47808837412116 20.56033008634591
105.94050845428823 60.6497648848587
110.31737451882779 -1.272852289105285
107.622456927679 117.83820552006313
113.3749599679024 202.79971885080624
103.94416174644614 54.02789434815328
110.61581916203502 41.61992203310884
73.55517572589818 9.408625379455746
129.4528817798479 6.147467395529119
111.3901804588744 -1.1478563123745653
