104.06229594395417 44.0197054098432
120.45239053674325 9.04641448649273
95.55668859705202 169.47232327826922
94.40873489512985 -83.57055801116205
110.68603125526197 8.133771296741198
125.10886881012719 203.4377896384026
105.81169269455503 28.145201511412722
110.34496270498126 18.507224484000478
62.93960793707777 -1.4741723608081474
114.70045682052648 27.78721375556751
106.59200127326558 16.82458383900464
89.70666798845936 12.153737149100575
111.25582777421486 12.227521792342607
126.85606703950243 85.42685223880153
98.03542109727326 -32.04651569906866
119.30652689052381 21.032548034843963
119.3019866461019 28.212818739599232
109.46268000685714 15.571368017486781
106.2431239815356 166.36376313414613
98.61215202145478 74.09596404873767
114.39987679025249 9.679953877993867
108.25785019555208 24.56657830567982
117.81935809868678 15.031691095591933
105.67000855345923 -69.18081228427612
110.64282667992101 161.9614936209905
111.7708565807649 -30.968631347561136
113.76165695813921 25.77391501596251
109.50293693135463 -13.101610897857379
54.90853695785977 95.92286722649507
110.2505268351637 42.89012777863592
121.44309536849735 90.56485989209568
106.70183867519727 11.079756964169881
116.38440927395315 155.53011202768468
117.80320181959402 -12.193095619836862
100.74183859689914 30.461635335868653
113.53387261118776 36.48453182220314
132.06663406057456 58.883233183950566
107.76828177656921 8.578980300066165
108.88238785233743 91.36609314183251
80.97068640339522 14.294252626599057
140.1171155860408 205.89680749074492
81.53347402081523 122.66054410154963
92.41002142173802 27.969469640675463
128.36243555194363 19.06344889779109
46.28714734448546 13.272500605229379
127.32372215028224 91.2148739188654
110.23712950670057 5.841776634433754
109.9276443944919 44.102391602807394
99.27534989132127 -3.7309373314698364
133.32847627088034 72.89591298767073
70.9620654132844 10.224868110504758
147.254759299996 67.13938853575397
109.95206522659382 89.37668172544448
112.56943427013626 3.97772058457372
94.58052976738965 106.58816368169738
112.08150369561223 26.386685648296936
92.37754470153972 -64.47122835771913
109.85750180314088 34.24066878291746
95.41533174686025 26.610170355548174
125.97940072854425 51.14856633851364
124.08382285070252 118.32803468572253
117.5305585856161 70.94293929511524
101.56461956694726 28.050676782049145
91.96292766420284 67.77836910556373
99.68953909553855 12.746490537158806
120.865890699305 30.030625983257323
110.80836973073266 5.719540563756168
106.6537483945194 13.44142773168167
116.94666014319353 25.79237871329537
97.74505212652056 3.440939437867892
102.61380613553301 29.950582103073263
101.91743339831709 18.754311788859365
122.38673548811761 21.05379579950291
125.94053381768163 -3.6812741325489493
110.6634611069156 -14.415173135808175
121.06605026883398 77.33174214108644
106.14482411376659 35.544088581998885
114.90568087243376 121.5146661386488
78.81716969058559 62.084821181871
77.88447887050096 -4.898804962779281
107.1693449907762 32.513249309673476
109.46011405138425 3.6725560836943387
97.81440447788724 83.12536232728917
107.73138951354336 161.21024693510842
122.62441336136379 7.710126301410547
114.6722877302183 19.658037067804983
78.79057394820305 39.26758035108535
109.27302553646498 41.75608226868919
103.64638986876828 19.43116547506743
112.93650430561124 29.639407088453787
104.46425134006438 12.818326566745055
119.54864385491115 84.51885391479675
81.10931573685292 32.74030192397244
115.30727228558368 152.85696647404063
119.03674422447772 88.73052290328897
117.23305731900567 40.21372124064538
117.22026462739505 120.47498742118454
86.13401783954274 59.605221120503295
98.4537437886782 34.42861712454858
119.85958510360993 58.232851348893384
98.227971158867 37.356213504644806
60.22941291761198 65.28980993117096
131.17658226584578 18.060317580419763
130.1180728366055 37.289270094666456
116.2139143437497 120.80540011847042
89.22751463122796 9.21897868004516
52.36507920249272 14.391235973478441
3.784791966910038 186.81937096769386
141.75484902259277 66.27007930854826
97.59710106308536 19.95347168837384
109.8914816572781 14.277608095984583
89.23869195614132 13.764880666576587
108.07909807812432 19.256634873892864
117.90651946552575 15.885659222287378
123.375798054442 19.81566256126106
58.39126634039803 169.40114042443327
103.13963477192911 20.372763342869654
138.40189482547862 54.84167642017963
110.12498665288177 5.169242190650979
37.59163624745987 20.54184314097378
102.44342556620673 97.93995719944809
116.97859703387437 -5.790296139652212
98.31607827325922 22.2809945417648
67.66115776703873 52.37298851427535
92.78337499391962 7.888863560926373
93.70335556518219 104.81248346749021
93.1271157729949 19.593629847915103
93.83214313256077 130.19485904084286
95.05693855271028 9.723564134108384
99.39737530101851 22.941009007176245
93.72880206831161 65.86647989314251
98.39607010596217 12.133692049120944
109.06096123439272 10.706499162781887
95.52797561081884 100.32541626532345
83.77548404824714 65.80519668988485
79.84758404032583 26.612734113566454
95.63582970624127 97.65046968345105
116.7649663479608 1.3983207752839517
110.93424084467028 19.853093021175045
116.59141751102617 79.81490420985396
99.21224905569598 90.10462090215773
107.5615057716284 61.485519683974005
106.80313113971043 19.94367199385431
110.41437906433994 38.36997787139062
107.71975159229571 52.72494920851112
68.40489057657628 104.49053890746234
136.12310871283066 126.20868746178955
95.5713300476665 10.49423886141041
129.8642815154515 77.72639091540952
108.46913539120152 137.85361140382128
93.07503380363752 81.41668820362098
110.39864433083372 65.75903839839746
72.78648140720884 114.07562896061684
89.89705396675807 54.54764710857219
128.4390445469696 17.159451032787015
116.82543769125961 91.62325267199492
88.77954194484566 73.57769971828056
119.98795710731531 24.27194459566386
126.12049047734418 20.0421010120673
93.41803104963783 24.942834633354174
127.021710827042 86.4354543386013
127.22770231603579 76.50026448210794
84.4081096953249 142.49726154867173
132.45061841990935 29.1073871244623
90.5179424612845 137.05942702548091
107.18345267712573 38.56206700707976
93.95189429477567 35.145516803362895
101.50486859112377 41.51723454169727
133.63437632263924 15.063925321848805
92.72963630973076 115.44515528831818
121.47443324690758 -7.8423568660350345
102.05198290162345 38.738410094766884
113.74074343423636 89.57630982766253
103.83561533494918 45.6966608552215
109.92306464305085 9.363368139817402
131.4839860878249 50.24051101007072
99.98330978327111 16.61325740181341
105.04658745300843 24.358621004344233
141.16431130226857 39.65399813151138
91.69824285627404 19.300778074405144
119.19103210717579 45.63986041598226
109.90695107875969 18.980285713942852
117.031049165236 32.62595904584511
106.51619339966167 135.89580928877547
112.33543406906155 30.075912750515343
116.28517103358611 7.286766805044123
94.38956493538294 3.551133531954705
82.14198075273094 15.162554291194025
120.77251691634368 89.2838347450497
90.85818765258139 53.303987160108896
112.24295760561716 7.186752707308229
76.66319177656636 -5.521032683944447
110.84773484855285 21.50924320237088
108.69468469456493 8.329676379895119
140.51347364733758 83.47078039902185
104.5435384623699 45.95859360890636
81.31922903936344 40.11093542338361
107.88459319273747 32.01228458610314
122.97619413872788 30.89630034698806
73.4206666934511 102.03167242373878
92.34383185856026 27.409519673086113
104.00941357875995 23.8416767066514
120.4331751644599 18.1458088527158
99.27960870870697 8.503987273762858
148.8722731661856 26.586852641386045
108.75460360698239 11.256944367532267
104.49338331707035 113.22807771410045
100.89570243782158 22.37997079065857
41.64611667239272 59.674089819355366
107.19247492198329 28.01267820407045
107.98021560889406 9.136794597546658
121.19219081501184 15.934836232742349
130.7969585082496 38.030416829980126
109.59784996615193 24.773249413363963
86.41219774386204 -10.8178264164495
121.42272567360851 -7.369888597143813
80.29731823268756 9.984790218399063
103.088887323574 144.62312938402673
110.48369681218799 -1.0186948498374997
110.04053909122831 29.049276007655294
137.53226525114405 68.67083709820665
111.30960500114239 38.66806266530494
110.09081918036145 9.785192154047891
161.58677875492185 41.241838888437535
117.41817107490273 36.12747763897347
105.7925379943265 -0.2863378593800616
112.00061338805186 7.32369289506927
126.70326003639798 20.815735817488925
87.28743732057696 23.771470695929786
100.45604187262487 140.6927489781486
113.65614455980416 12.754811618322751
138.85105740469717 -40.87652877083655
126.64989422571327 85.041794369988
123.29698275366756 115.50232681752568
143.9215287340492 55.21139926833998
117.18278905305532 34.07085963616156
82.48704516304052 18.83872062718013
129.22648575730395 16.992085374079682
149.24874339043538 144.86685081755314
117.26368994691555 62.05774922254339
111.41126798317505 49.59309533575536
95.7292871317439 35.87682957017758
92.98681308309874 -3.0896632176607044
108.62283827769592 20.386090045199396
112.93524933555709 36.61962880516214
123.28011554652538 -46.92920105879453
106.25359409833078 -34.04079244424925
83.17589782374921 5.553610998385989
97.35493679593381 16.723410225736814
55.100982555958346 16.560386820466974
82.22568613439111 40.0434513474686
108.65321507517749 11.890895423071797
91.3902146141807 66.34428906875893
100.41155019491899 39.58841335364061
82.42374928661901 18.74682700204645
111.02916860091541 13.467259398347052
82.91329071698793 74.56674717866414
62.1117275449625 18.771876974407874
109.92507997608747 30.94092083627373
92.50725525661441 13.090082966942784
108.72738129590907 -12.373720961654051
84.53235538837522 186.41877841646172
53.050659348880174 0.3864600608938455
118.98033698361616 78.0692948075091
122.71562930715992 -54.015464163062894
113.48809388165273 36.65057220420694
132.5817570639367 16.237692978154325
60.05915186231197 58.06740239647457
101.41370593058137 15.389469208834486
109.87774140184054 18.7673245141894
127.103910653799 13.989181948267895
94.43536800761422 12.092444324660029
104.16495680199326 24.611714226013714
78.9926499800342 82.72797560972515
114.59285172011211 21.66880826966801
128.3860542075557 75.07110836973308
113.6500330423812 28.334821303882283
114.29309557813639 22.657568352342516
108.61106597863156 18.42020309705349
120.7170081384771 48.081167969335205
103.72978087071988 6.723787367462943
24.629041222568695 9.735650485860763
119.63115216017185 41.72922277992008
130.979128511019 69.4232257743408
104.38673697593762 46.52848622662077
93.56552865555335 10.830601608175659
116.73613186660833 19.80802810325587
123.66793694410116 19.76992653107486
119.30521869538168 164.27194593521628
132.4651817426521 29.078173753805995
103.89186652761138 24.085710200205416
81.92592917179472 24.726976597675314
102.29285240990794 136.17666570553004
124.16460620938092 155.45276256675703
121.92257493713842 47.28494638748803
109.76752778879829 7.360224453452282
89.95858272279942 -6.218984578849801
111.14817981042997 102.03990965220105
104.9644721215646 20.692098838344897
85.8834293586386 128.78692130075436
115.43525722094893 17.89574798570011
118.51090123692136 19.93050830396158
112.92481885058658 36.08085544248325
112.78318899589851 28.324034035398277
76.98997245789107 70.62650836231856
93.37508380824121 13.444873407567133
127.51574347472922 18.587268757985775
100.37909151054542 50.2143643092604
140.45939980191798 14.141855629510607
142.90328819826482 16.78717542171866
112.00835578606127 22.40269905228429
105.8243127449727 60.53793273437434
110.33971201990117 1.0964018150778796
105.53240932159989 113.5652724706999
112.69008758410503 198.98956629354655
97.18627330628797 54.19715484211112
110.59128539822497 41.91382594383905
71.10133477511582 7.515595012744005
128.13064764950815 6.334213451654145
113.76086734463877 -6.739587514711163
