102.91635283276085 57.96256123453874
116.64843713113345 9.126659108634868
96.6859955377783 186.5374102581733
89.82209811425693 -69.21426379125278
115.2033030755514 34.80705145805262
127.6312738130253 214.51781980388697
104.7855756960454 35.60063085104082
108.31263998746299 16.56589921942717
66.25365514294147 -0.49994559969131513
118.56662294089986 28.678291185064186
106.66385664646421 18.58429364128254
89.51794636171054 11.398596544375026
111.33823389841969 6.467970781997108
132.21037003187436 97.89500583420676
105.22211475486559 -38.47581422156056
125.01993508475634 17.71567355376331
120.6144171495615 34.326306618251884
110.83059908527034 16.6985510422892
107.43657750039324 171.2583667927397
97.85435975153182 69.54247144250414
118.11791513761258 5.883594651395393
113.16132191318286 32.81961029236233
121.89486530321976 24.57781883660612
104.72721589375573 -68.46190205611906
108.48555885483833 156.1680446653662
111.96328557883888 -33.15955171739366
114.10741642460353 26.31449534539062
109.51952657380649 -11.339638842004758
55.46796897189069 97.17054589695523
110.7700771214056 42.80318997971706
122.68191198473357 84.06078967999335
106.86335539968643 11.437115596561565
110.25478621345341 152.91071752068012
112.35450177549139 -7.444145111853228
108.37256504331658 53.11621709299298
114.130860431561 30.976320052015698
136.5620180042416 56.45989729275341
103.76600236481643 9.253510234801183
103.32324833166474 105.01542037601234
78.11876323588584 15.002214407735536
138.3275455883669 212.639863490562
77.63562797327857 124.88354605382615
94.19783822949525 24.285419812448787
130.98126111882712 18.964694130143176
46.47594744219839 15.826002743758043
128.7299936566403 79.24308996564187
108.41131931816116 9.640885828567168
108.74458563953519 42.15997263217727
98.68844955116235 -2.4383947929577285
129.17920577291903 84.62389155991804
74.62276801735598 10.90418695508732
146.71077796144442 64.66970151848064
120.52975666953978 89.31048568535338
116.90977012257103 -2.282438816369538
93.43352435772661 97.06115010440308
112.48027001710716 29.101039052449952
90.52752180898091 -38.92232236161113
106.5456627247713 35.80833607942964
96.46521510434123 28.02434208816616
125.3010965723697 36.50958460989432
128.84168010561842 120.23531860787172
110.66061179817231 67.58072394768466
100.97840042903994 30.73725802011463
86.28366014455166 74.0037570982436
97.55653957849715 14.39145550032913
125.66821522319458 35.0591430337733
98.92909017880433 13.444003293235333
107.73499480711433 14.118035361641693
117.02988643775652 27.86122044451968
100.71347281308962 8.877801712551083
104.29826302698315 28.119885196110793
97.14670139715123 20.33597902008405
125.95439700868494 23.53090291956207
124.49922703645932 -2.717546770922918
110.61230812449118 -7.058623065793043
125.9502903713985 77.03058164778514
100.56535082823889 38.30636026579913
112.53585672036765 142.9305097512442
75.53288961297692 64.822183391961
75.019185385262 -6.881754653081299
107.79008736172123 34.875372374801984
108.44675393312947 8.845589949760095
97.11302998807781 74.17294626829288
112.3343106015752 168.89034226545107
127.81883292375895 13.058687295487253
116.12640266906928 23.401492371649805
73.82826838003614 49.23487823050736
110.40005145718553 43.64363616216013
101.29190318003343 19.420918963967157
111.80520081369154 35.0444907511771
109.45399154014171 14.99000682257337
121.01838263932922 116.10689863712578
87.88662740814308 28.069563187308326
117.88215781088992 146.80815262099486
116.5217531238522 89.31342703939903
114.66229245858567 42.637812652520864
117.82629996215556 147.01119874600715
89.45213958754375 62.16894237682427
99.09167792263055 35.47437864106764
118.88547666706143 60.08505062083397
96.29816403761065 40.417835011445206
72.72232667852872 47.6116808524158
118.28444410568504 18.22236919567201
130.566977998098 35.64937144423751
116.25313131496098 129.34747353654262
89.10574289240839 10.070692727843342
55.54820616459974 14.304818179257683
12.30373202800544 169.65326115455568
140.39993760754507 69.2404709646922
98.8495594749479 19.899905354868277
110.1384525836164 17.800238243077025
86.7436775618089 12.569709945839048
104.21819108353417 22.213939043741664
121.16051953678738 15.48565461048981
119.78505607975735 22.49030848004433
56.41659022540211 180.98522731345372
102.50439855044775 20.699644909988272
139.44109036315206 50.56215392613646
111.68531402113517 6.503502190930786
41.17347514765794 26.770746862217006
99.79259349579942 115.16067423725804
116.67936510703197 6.3828035547543385
96.4287895783651 23.563066189530648
69.58124958630802 57.74810738671582
96.40133992578123 5.600624684842773
97.52936362664632 98.9857852498341
94.92657134626153 19.307315575902063
85.4360247994387 129.8290645006066
101.08988078198017 10.993144166216073
101.93269678621955 22.948583225194042
92.43445799014701 67.42230577589464
98.62292357729113 12.435984061418468
112.17186529543613 19.0614515987297
96.26247740358855 113.64892484676453
72.2326246830275 72.21103532850105
78.9044037976919 26.445525523381768
98.16086913800963 104.93504063052734
118.3299502952476 -8.132413447361767
108.39181107159811 20.913990451692023
116.71794188483197 82.36824253120488
97.49521061283504 101.08613751779706
109.51890057391472 73.36894255545285
104.92997111251584 20.24137066178371
110.48951799537224 41.65688560809567
110.08065129129935 68.62026366699017
73.49610464837477 121.61122045648787
138.87317033769196 126.54190305712189
96.45409875206201 11.01633394501541
131.2919951820091 87.23335121772472
109.18773895916244 139.76474996377598
86.40594894893212 78.24594889085148
105.43909264819756 65.9336426334268
67.61741846175671 111.13010907091135
87.38241861696902 63.335694326388015
125.01805223797837 17.69943784539231
117.32530789420278 95.00929299799095
86.24485595313843 66.45655810037564
121.55524400325724 24.957549700157404
136.04568505381445 23.440538241950673
92.17010959907329 26.04465771977348
138.80377557385586 96.41431843917118
120.00291122281814 64.73791136522783
84.99246160442551 139.74502017821854
137.5683057010924 49.181106587699695
93.42226026229304 151.42863672687244
109.14415378402572 27.07396676230096
92.24537638518686 38.24349096616544
101.70886471489236 42.72941119932237
139.32380718339328 25.375763469178413
87.58268244641347 107.70904714044701
128.10500172600467 7.325623604951573
98.62721738166128 38.118515205374905
114.89054379649075 106.13689165853734
104.04189452645784 53.07530951835184
109.8806749300786 13.618169542940368
133.52871097792837 56.83975857263957
103.00854659886907 17.560964946553405
106.75605334641124 26.53963943205137
145.11226745279268 41.81561772029054
87.83810760912539 19.221096082132544
118.25980964554758 46.14180647783984
111.59734135596672 20.553588473286975
118.66007280323187 33.96792652140397
106.19602851231305 144.90396641714975
115.83528313429832 32.706756025252446
117.24961864819454 10.001615952093998
95.88769464946843 6.32406436673446
76.01978172106104 6.834722084417891
122.46335682987132 87.48663481121264
87.21809950435004 61.2772610645894
106.56343909046495 6.4463961021576495
74.88674732739415 -5.260689328272327
111.15871256696458 24.377822065644988
108.82487237746025 5.745604843706844
147.2908505492081 86.3842849974548
104.94083934248033 39.35823685613662
79.51886461648851 44.0399342376118
112.58584798057208 54.570301048100745
124.86346596971237 33.21418359962149
74.8399830608362 126.47906105422506
89.95885900619363 29.79097323207764
108.62833851296948 27.858798787473564
121.13966548869124 21.396467158302855
99.06920790378383 8.190307300753464
148.17053124742176 26.1600895367427
109.12057331584623 12.517447207079636
111.16058781827056 126.28192595526802
100.56896431789384 28.998364629403266
44.775510121744155 71.85975647429261
106.44276878354383 33.84289569942724
109.27708045843919 9.850240057972568
122.70922257114125 14.53972960366196
124.18357190699886 45.21586896200256
112.89491973695698 27.870525904703413
83.1824899322828 -12.88111605265151
124.71940897359318 -7.462775044159436
80.25248243000868 11.421238858666202
109.48435727607719 161.57710106694174
110.47904378103766 -1.1404821457276608
110.64553858801263 33.49962977735098
141.3431808779756 72.8917853809725
113.37186153085527 44.362274052001396
110.02962680797113 11.873863514945766
165.63750069916142 50.657890592174084
120.18394166205869 42.20255126108737
105.13032530056022 -2.8247738256517456
112.06201706606355 8.066632305848504
129.09902758354252 20.303349095775413
79.65903100321076 31.221040711338375
96.64750952344737 149.16966159843096
115.82196103798864 17.684033786458386
129.64273825883961 -42.890570529655726
126.24831942471417 91.56987246043995
126.28275566126376 109.1774023246038
141.12220572755336 55.361472526307296
118.20911997688515 38.33821500643703
83.55394293820926 18.659636997629544
131.20075096514202 18.437908359524847
146.413672197934 157.42736298582142
117.96437197711859 68.3728506695928
111.77542370493039 55.67659328144954
96.6755045762327 35.4992115608799
99.00713922443177 -3.925632494517163
106.46069570356549 23.27693531421866
105.58615602896285 35.65242534282405
126.1135670970801 -49.363277962059584
106.23193950455067 -32.08465340749464
85.60352892000678 8.301703890680589
95.29965589142826 21.60119144645622
57.76527383095334 17.71432071593343
80.8652510167361 41.63356307803893
109.01601253174225 25.07524110862661
94.60665899406915 61.00742230669904
108.18191825221244 50.38102416331152
79.69914239543401 19.068760732445394
111.75858513510545 14.852414681722577
81.32938025852495 73.28975147473925
66.22022762045204 19.28261277081868
110.98459454022242 34.37525957639385
92.45206383450927 13.414579646221114
108.98812436776062 -4.359726921634307
84.20155543769091 196.5075420792728
52.52500094063161 0.627497239797898
117.11046258035314 79.80608935084292
122.07831127160486 -50.99570413852223
116.53415231702708 37.16412581909391
136.1515837275061 34.57385742391027
62.711703966411235 64.79397265759519
100.41191241538424 15.413717723273814
109.74645072483933 22.389143025735148
128.73732181969177 12.51977427536927
97.82348963305755 12.197987911355158
103.9319265595396 31.433424803560793
76.50903375829381 93.60224866808554
119.3099317854404 23.00316737653315
140.4122466669714 86.81546394920107
112.73968335157846 29.38063065730165
109.85335871528429 25.1924013891652
109.2015469553913 20.572488223638345
120.87440504574454 49.35315009210976
109.20545699438651 8.333380697731297
22.27759115828718 13.353977572965606
128.08523069580062 55.09307971604104
132.71564523593807 69.33795126593505
103.31590319385352 57.46546252302291
94.09381857005047 7.681360567584932
117.14683271140487 20.077675658016688
120.24693511664721 19.710324786874132
118.1814891648762 158.46776895259154
133.824095184505 30.19569524179255
96.18550276435172 23.66235357633
80.33592363873457 25.258753457900717
103.00962761838679 135.33431109181345
125.59620606382377 167.5558761850611
121.17916279387613 46.72296786556371
109.76154717468185 5.854366262004917
89.3754404623918 -5.497362756434009
115.12470601072218 104.02025549252672
109.62327803976736 30.799500206991006
89.59206942573046 140.20739032085044
114.31998960998872 18.13356623603067
121.53682294225533 19.008879426988734
113.73908828035837 32.45406646601305
109.55320261581248 39.2107599929856
77.41025049418204 72.68087704356284
98.52477160012928 14.944234785238269
128.99339523755233 19.760207926022613
100.44184493936098 50.97900776234223
138.92628791613913 15.75138471935047
140.51874409812797 16.9879008479917
110.46496856475453 24.09466909276427
105.84179376831145 59.05266954047332
110.33104901283485 4.306039633678371
103.66093877409851 107.88093548762022
109.87466074909383 191.15632762641707
90.733630524553 55.076489043181766
110.55032399042433 41.46815433434766
69.91075935331972 6.13697747254562
126.05839045003823 7.001082827508718
115.95573687598265 -11.328656392285808
