102.45136307680265 64.69513597869012
114.5706147339391 10.236600585006132
97.58237915027931 193.16947432917584
87.32271835021317 -61.20854470840843
117.34440561951774 47.97226943657497
128.659721929916 218.45433208725103
104.3509163031704 39.230656137166356
107.31121240650242 15.635358949176132
68.82301010225522 0.218174101210185
120.29677551163104 28.992102111279433
106.74765234858462 19.479179315113004
89.79547400787159 11.11643779706856
111.3675229649354 3.80657437555826
134.5575746119432 103.50403494828686
108.88257068694044 -40.71541222142716
127.57022396063796 16.07460759406848
121.04501409470795 37.04078880407489
111.5025473408059 17.764374546484714
108.07756845105452 171.24203769878676
97.68779498550329 66.96082647118179
119.94476852971387 4.200418015548083
115.5768400580202 36.842944722115135
123.71370682129046 29.291840223265062
104.31524044927436 -66.47181642602195
107.42086576230065 152.27106158580662
112.00465304039645 -33.09124423958536
114.20191346493866 26.4230441522066
109.5283529541047 -9.779269787767019
55.950010846384934 97.50549731844002
111.01554954198681 42.54583834672094
123.10177928722126 80.62152252509054
106.99500819895908 11.715719335436921
107.16346497658623 150.04358039899466
109.58733222199068 -4.855710318571477
112.22251625045276 64.57205346739408
114.3645519873297 28.013197520811822
138.4247105262458 55.25673655111578
101.82519228420414 9.64662449465996
100.64196678800909 111.05928753622295
77.16247759548969 15.415963365962337
136.98927300589796 214.69521304580087
76.04552899374242 124.9551834572659
94.51274094445668 22.326838825736463
132.11353572699545 18.921904850903502
46.75358095475318 17.13868311853251
129.14818719818868 73.1038576862059
107.53676269048398 11.719506507948356
108.17037983410461 40.875842811644716
98.5881088699071 -1.4520687401128716
126.906075057424 89.95081002009177
76.66803073589037 11.392535079441597
145.79640656595393 62.72242361359332
125.63275175749001 88.52195463656882
118.98248955513996 -4.8947469896543705
93.09661944670566 92.16112993457072
112.66069837772808 30.30402880651999
89.97585254959945 -23.732060423031346
104.9087864354414 36.25406041474986
97.21253354413335 28.559773250860832
124.76429094025777 29.608030868532012
130.96620018772305 120.89836987395529
107.23136931830038 65.86821615053161
100.88665785833197 31.963480782591073
83.56056259970879 76.882134245436
96.57782675992787 15.305791475999532
127.75177584669962 37.322144948185915
93.14980908429341 17.385233915186397
108.29662340517183 14.553716709938593
116.9681749266003 28.718467095280193
102.3411913533118 11.798501779501352
105.20355008369266 27.709698219664784
94.93663648795403 21.11304527258206
127.52624209910498 24.711095505254313
123.52111294034313 -1.8081897747306497
110.57201364316184 -2.92384887097366
128.12826486458326 76.81435823603763
97.88556302034594 39.576806149908215
111.28973548794191 152.55952873120933
74.51873467211809 66.12852313163081
74.0991845642983 -7.668333370369558
108.13981945383063 36.67743105993274
107.97501549712416 11.642590149306626
96.96507868135996 69.64347204404963
114.61515521987113 171.34267802752066
130.01005156810223 15.790230389455314
116.71120654889762 25.2284307436197
71.89502139556319 54.505595587594925
110.95722269036195 44.15341485361172
100.19608506366212 19.416409261270875
111.21211287518096 37.58268561323565
111.95718521475344 16.17843928127474
121.59644500828786 131.41670201129267
91.33290960360866 25.603153890201522
119.04565450464219 142.68507534994995
115.20051214143386 89.4504396406839
113.32807144280723 44.19575617105242
118.04051781077676 159.4278405009351
91.21877432983678 63.71341537274522
99.57523018291383 35.7307774822204
118.19814144581467 60.981854823686874
95.59875269276392 41.64050807051215
78.31822982632646 38.33231740555364
111.70537161198567 18.316589897081503
130.49221131535896 34.558129461875886
116.17450516077231 132.7518389743228
89.2793361112292 10.721649992589509
58.346720713887585 14.308484948119753
17.57191760422135 160.32247355901396
139.3033105545313 69.97448118128585
99.6869736408461 19.866018060399018
110.25402657625973 19.594372021257396
85.67081731937562 12.005400761177674
102.34873271303596 23.659252396613894
122.53789800737462 15.375861078613251
117.89065624433017 24.844426489071175
56.35990364728787 185.9900413855187
102.32706037393457 20.849563349392927
139.70501656980954 48.73285665897047
112.44183837995675 7.219492771814539
43.36905405117401 29.8094876439711
98.59608750494964 123.19147939411965
116.41277964439765 12.71359871702932
95.7904339833444 24.111382790450474
71.0602150645859 60.572940722922944
98.3908939495027 4.62994180548289
99.75289027356166 95.81372818820904
96.03859456687003 19.16623233919365
81.38691786742046 128.4392453414159
104.21860801567905 11.769012653646351
103.33015254458405 22.87871130875015
91.91882385003869 68.41701411383056
98.9852980866723 12.69936628867488
113.7121108787325 24.0763638941791
96.83882913607025 119.50851780583712
67.1360990709642 75.74032177716798
79.06500331093535 26.26614049558478
99.51611345033695 107.84412040852733
118.94578491897983 -12.510302915566456
107.13967467861997 21.428276029310332
116.68321219749481 82.65722269918575
96.77808570471534 106.19146127522525
110.50477197515355 79.6378576064641
104.07108581963749 20.37180164579357
110.51304657504059 42.956666460703886
111.26488201936849 76.15258620419019
76.26347793438997 129.64419000198546
139.8059374076474 125.80277350503685
97.09034438380407 11.404680696852848
131.72061004374268 91.58131481904685
109.55593049875436 139.6146096476197
82.63729705420057 76.93582701953844
102.98474676193308 66.09539452110798
65.50191177239634 108.64980179223807
86.41036189623676 67.84250093309204
123.14692192417823 18.001873476805113
117.52284262350824 95.06425139786029
85.30474765523124 63.04680419988294
122.19596736814336 25.235100277815743
140.52082866700115 25.108925648679
91.7886396615568 26.505566606407744
144.14261964252236 101.13081617624482
116.16791991618871 58.89647466400194
85.70639865701132 137.63842178141527
139.79932810572126 59.73294991676448
95.16119966668165 157.16945234931845
110.14903330314758 21.683705928098327
91.66393809372323 39.62472211613354
101.88693387473214 42.76542704535179
141.63035126072458 30.409622212008518
85.30161099165106 103.10434513693157
131.11601841061417 16.487554778580545
97.00621282376727 38.3860468950936
115.38536696830289 114.07478744510712
104.2228846634886 57.057825322480575
109.85896078708323 15.815973439537919
134.25299768557022 60.4304870709412
104.61767269825899 18.056653700032264
107.64393235120353 27.52787201913353
146.48258909472187 42.466169078531266
86.40635943848119 19.18237364995516
117.61823382350971 46.05753696351113
112.43218108352636 21.32321801929542
119.34788726225447 34.53695896466359
106.1062056894259 148.24972000864014
117.50003315200694 33.814141063962744
117.61807284092886 11.524660871015811
96.74141013031884 7.958699418397714
73.58170154282568 3.07559231945502
123.26847224134188 86.38206603736973
85.66008649465643 65.58288754397375
103.75771866198667 6.3048495744693795
74.23763150485263 -4.7460206003314065
111.29386963385772 25.74785235532391
108.90165881877095 4.65824499565927
149.79729801757028 87.52204701896946
105.1666496355936 35.708276077979214
79.04097091354274 45.566504591160616
114.92017396402036 66.22038858799293
125.66600757180626 34.336275613964894
76.29909507672441 138.58285087615616
89.03361571950929 30.823591964504082
110.97611750249955 29.77567476116117
121.33675761922625 22.994593290370855
99.09971209923897 8.221798063171505
147.15962720296773 26.947222072159306
109.31260150858664 13.19500498110195
114.49807447754351 132.14161141350877
100.53456601519382 32.22664109640814
47.63010241228452 77.7272957828301
106.11103047261058 36.430605588077654
109.93190262613031 10.306836435744941
123.35889065292533 13.878732006931928
120.61071938043469 49.03543960975857
114.49292337003413 29.318785706556326
81.19429859983326 -13.482448687522327
126.07041909543936 -6.838369361183509
80.93656950008156 12.233049065489672
112.70575316014946 168.14057867734314
110.47125780428077 -1.0060724366172573
110.93765020656218 35.55982526401965
142.88067291159376 74.8706390429603
114.36612276358395 47.55735365263324
109.99656284420726 13.001075420442598
167.2707050296031 56.022300135052575
121.37558625855958 44.93032080861545
104.8648800247694 -3.7551633454319924
112.05910776654333 8.570758189875306
130.0171224706142 20.032826873731203
76.38443550172039 35.52250835274761
95.02045480157727 152.35708075835717
116.86288903599136 20.188455857263047
124.78567558004605 -42.568437623811796
125.8999436550562 94.71762543170883
127.53693746175193 105.5249308577989
139.0414156631034 55.61056246394727
118.67386422106495 40.3417715844464
84.6061440889263 18.58442985977146
131.63172349062364 19.179332479774853
144.60110845099882 163.33263137560982
118.23225548566687 70.64809039618554
111.9095491495072 58.00397328160793
97.28954079897639 35.07931475222573
102.16197439167014 -3.240096261990763
105.40773621730328 24.68645524029123
101.94499324236784 35.534521582941494
127.2342869243821 -50.00051299360149
106.24280033318418 -30.161062003528617
87.27684186750017 9.820931141071416
94.48986206735536 24.02613882698333
59.830431414436326 18.320864128575508
80.6289736072691 42.123499018436135
109.21234339770409 31.584141260649503
96.48053009544736 58.75796643676812
112.09392150932914 55.86978423568918
78.00340584076866 19.228212699223818
112.09200512195123 15.637037511621546
81.05646036241237 72.36085497372592
68.65574812675546 19.54917129223194
111.49085751242619 36.52463740416155
92.71246174290613 13.633775618675946
109.12701412345224 0.0800852777613299
84.32524228407975 200.58392854590426
53.19895940184388 0.9174968039742177
115.97230078447483 80.38271127717898
121.65765693717098 -48.40212833868296
117.94998782556712 38.053168328648795
137.6099916159266 44.07165624972181
64.25230781982978 68.19597744495786
100.05094737161146 15.51146069722553
109.68241267919011 24.180592349259364
129.3152249463675 11.863047550386678
99.67869059464937 12.408071841444869
103.91906232797992 34.58200903202505
75.69010099655787 98.39389367528497
121.46290258449694 24.16380447618365
145.96352473037805 92.82645073276929
112.22479279447643 29.73541701409369
107.62490801953331 26.411944525048106
109.50865289346699 21.636172223612817
120.72650547384524 49.522295056552814
111.96701751233327 9.278347057907638
22.60938133659954 15.222202832500187
132.18556661921656 62.134787746045994
133.29526295309327 69.17956960994574
102.88699148336661 63.171272788641765
94.52823243484765 6.232640867056323
117.22149663511888 20.20685816274402
118.38051585273354 19.675765447377486
117.44232900135266 153.91172600373636
134.25217437298426 30.525820038548765
92.47503340372872 23.34405578981941
79.91678573969969 25.46601333373045
103.51593911825523 133.97981920878695
126.15404864775041 171.6220203064548
120.71999443466908 45.91948213245354
109.75954081042305 5.211595477890668
89.3887805403981 -4.788723835964021
116.98605547291743 104.60165084643164
111.97561945600586 35.728585174881005
91.69057220948358 145.1144178657307
113.68376259086388 18.29313461708872
122.91513501127234 18.554465992422575
114.06526419870968 31.084571708264384
107.93394372844617 44.42815505049891
78.16433149490234 72.38804615524575
101.08270489650207 15.754393974720069
129.4559898781377 20.34628648733514
100.6683665805737 50.94301019837094
137.77657538397017 16.601637956919493
138.9071893271102 17.132682916959144
109.67891645071744 24.87196130699411
105.9370413014035 57.596868882590535
110.31133738156561 6.284859736975289
102.82663089289862 104.76106132054085
107.56382718758137 185.76444703332064
87.70728693769699 55.90521283863575
110.51520110794172 40.80777283452285
69.93409727546003 5.655780707780258
124.71194143358915 7.511306098635994
116.93513743374811 -12.980161525341456
