101.16747144086892 90.46654796517839
106.08591482725387 19.628150544807383
102.09337512240818 208.63982868347875
76.30488659154521 -21.125763760543478
125.18806829343694 95.41746942009013
130.05577595900823 221.7259774143876
103.23989510523677 51.64153251966368
103.68055455818171 12.384366984602087
83.27899053595753 4.956070266712423
126.47016890060421 29.42177623879
107.50509968510096 23.010149210998442
92.59095845214429 11.127720408524857
111.34307860074108 -5.033461832416317
141.44374468350242 121.59614551421424
123.1830053110426 -44.83920851835921
136.27734645898607 9.896680708225292
121.34530735765733 45.49766249620576
113.88322048183191 28.331671512788066
110.98573194330189 159.58508840711997
98.1633069551872 58.473927422936704
126.0396682481189 -0.9753111572964628
124.21337956367839 51.00519986331968
129.33180761154415 46.50519271720102
103.35432467752824 -48.298722457969966
103.43607942605652 126.3274334415793
111.87922214189948 -29.431274023487557
114.11757881076215 26.33375174691906
109.58166925130314 -0.05902148828169951
59.78562267263707 97.13707373333875
111.79507031119999 38.45471079400919
123.45116007994206 66.34409231135938
107.82371203765646 13.69863021342821
95.56028652391794 132.3425737135507
98.73779976456211 8.029899863720331
126.9446475707354 109.45339486711131
114.97854226794493 15.321301139407145
143.13561245672864 51.35973356977041
95.33824751337048 12.047685278994187
91.20841885195219 130.18628511109125
76.62092676532383 17.337273450770688
129.08700791722742 214.80296654582617
73.48961867859096 118.13054826070268
90.54065765597494 14.398224559112666
133.61077237768157 18.805262801116104
50.92817205602475 22.393049066479985
129.73681916055844 47.36320422947408
104.33761878694783 20.438060934566995
106.07428949971039 33.96493066749976
99.46333265937882 3.9704723071491355
116.06465722538655 110.05131511770679
88.437533377625 14.020386971624479
138.16678461556575 50.312151361944416
144.00686712177222 83.22515490919679
125.9315809468551 -10.414861526587826
93.19206791333932 70.88546388865225
113.15269335503777 33.79197769992175
90.48975842858215 46.83743423669307
98.80267242003193 36.52455933956324
101.29778585873326 29.67793265429832
121.11985417235914 8.540336549695104
137.0337748897184 116.34150772338845
94.33797312621999 60.05232144820358
101.02427674599066 35.45964202682933
75.33497617138512 88.15868227563713
93.71899865597601 19.272156913817998
133.98074825323351 44.053486230932634
72.41099786447126 32.90721038954471
110.67440900584573 16.857260624431824
116.09132390301596 31.035821598474747
109.26204671544158 23.94437632386932
109.30405855938353 30.800243567783173
87.41986768677695 23.98534170220234
130.9830940451829 28.794090440610677
118.24106857527664 3.887243252986273
110.30741307111893 15.336142032842986
134.8706013655896 74.96798052834828
88.30205896556873 43.21010979512537
106.41631215095632 182.84013428125522
73.61674591988654 70.26345997886182
74.70976323090483 -9.052884179957786
109.67902799246883 46.73129303479922
106.38995623871729 23.37437948242231
97.5310393699505 52.032996068825994
123.24629389829072 175.0800787401701
136.6151124513723 26.777560332352845
118.417137138255 31.796419233386935
68.00508844562808 76.8963928955565
112.9223831862071 44.052843610993676
96.8651513470567 19.40441007237375
108.72421980247726 45.607355984645444
121.49378955503981 21.081261465214787
122.67411023168175 185.21777338059178
102.54952260455454 15.273764138988916
122.47019640078243 121.92995290879121
109.64001679629862 86.98245964591749
107.8529143349209 50.86234121773589
118.11374668521914 194.58580306029117
100.3957084945071 72.62206433375515
102.62864821488009 35.03160442777036
114.45198178895669 66.22472957108154
94.36656240578552 44.99608452831926
98.80561184677885 0.31749487823131695
85.6688035581111 18.770123827320194
127.369974124858 28.243252656011908
115.22527451945095 139.24978634150247
92.20246300943538 14.255374435968331
75.16781700573516 14.88039019766819
40.00006463763609 120.64651484395532
130.76458997880715 65.89649621248587
103.99029715993258 19.68199410839812
110.6410663339448 26.624879424919097
83.56727736764333 10.821677513692816
95.87836519769508 28.845397100153782
126.871753947784 15.20622748821211
109.85137327248316 38.23555313998608
61.990410970103774 200.55173554411516
102.25466695675969 21.310349378730287
138.47969668351746 44.1575294368312
115.10985288138934 11.124950379280207
53.27079765486496 40.58846691107624
94.92598901110985 148.29294014363344
114.6109442515248 38.249821699067176
95.14220358884828 25.674987451410573
80.11799567478116 70.08625346651135
107.29070684432561 2.589050447507066
109.64542741198736 79.50296118620125
101.80901175514268 18.629638920398598
68.20408802026407 116.87061804560763
116.84030902356271 15.284051323328239
109.40491115395677 22.144279488991867
91.53615686099292 71.43598217469223
101.39356478489948 14.211294066154757
119.12851475474301 47.68019603148752
100.19136317405655 136.2080419940336
50.61697340483485 88.73832872933019
82.50800470713504 24.786236262150343
105.76905879368056 113.36892176405692
120.20912716680327 -27.30785496452062
102.63835147375619 23.242136543751812
115.9147473281192 75.36180742984429
95.59637693414992 122.05412831481596
114.26515875992177 104.91220294445904
101.30588838511272 20.799235936568333
110.54264481725477 45.629951334911965
115.7853055572793 99.25188103727746
85.90035109363298 158.40670453710626
139.4379105446144 116.14277725693154
100.79435731014001 13.589958219288633
131.31899015940337 106.44048248495996
110.99910962526359 133.4858845835796
66.17556517622981 70.30496238724876
94.20450093426643 66.51177008914577
62.29089835311936 95.79668921339227
85.24166416931791 84.95305847241832
114.89443206227956 19.3412978603331
117.3969232673121 88.00398198482198
84.07938600943596 51.60290323173434
123.06809964375847 25.875493154565845
155.3248046815333 31.001910046651503
92.0312387605339 27.538186104209107
162.30208137909378 113.49987038955528
100.6240876148236 35.47719843732319
92.29450132022656 122.87896565282566
146.19554718074056 102.83375015933736
103.60515480366654 167.41159360851296
114.0080440338684 7.464728323014606
91.05556382068768 43.39332538548198
103.37170096177914 40.291338399285884
147.67203641709753 49.04454441642014
78.70548731807018 82.18601758233297
141.19195103134376 56.20041416489228
91.45043798140462 43.15771000525507
116.87855908520805 142.01624793078895
105.44232452572969 72.08361365186819
109.7728035017218 24.892471699872548
134.42723062274655 75.32450158395271
111.3383485492536 20.113830181687568
111.2724220476452 30.83189146801234
149.5843965236151 42.28454997716054
82.5976161095985 19.045133005771888
114.4027742532554 42.23655641411096
115.40149235981063 24.213591923240628
120.90479916204548 35.64627027171372
106.1496747795075 150.22644949666048
123.20242288663582 36.304422173501074
118.17839214722102 18.325661941416243
101.32226462012157 15.651796176072995
67.45990644765564 -2.7647225505944277
124.81384859506473 78.23459658368093
81.34845822353336 81.50883783938905
93.25161865958226 6.75418491758269
74.86113745978943 -1.419590360546712
111.66588600122678 30.318034685176304
109.25079140387591 2.0097887924005637
155.47851447364616 89.84606584200434
106.50060630232488 20.348069420189965
79.53138365293154 48.15652473879881
123.53368607760265 111.26490427072618
126.94936957070826 37.05807454654109
85.33233065055666 179.6828214278599
87.9773888327738 33.212163696619974
119.95472948263273 36.77876472051091
121.57073027088452 29.028012775405816
100.4949684470308 9.50418825530868
140.3527982082716 35.67704962482503
110.12420676707265 16.293403187493727
127.10778745255172 149.5244492688989
101.18752401101767 43.165845937791204
65.62833616918888 98.50917398250584
105.2432100125017 45.419368121192434
112.45880304383782 12.981700169426222
124.72306925981373 11.564402749120228
105.52670845428062 67.83523456598695
120.23201584137166 33.457071022655356
74.0710548335797 -11.796084004000491
129.6642882474077 5.728625746132369
85.30104014705194 16.285308004687057
125.11042280709584 184.9016295820066
110.40430407635174 1.297055577602454
111.87341260806853 41.98666051449962
145.91098518566244 82.35020271306983
118.13630932177696 64.54532386134962
109.85577618832193 17.839223058275813
166.6693127785604 76.5978417001596
125.03483768111036 52.32949149947707
104.2412422741299 -4.779690911820277
111.74309490880316 11.938940672534033
131.1753421304645 18.92919081393938
66.69727953805834 54.19355479377271
90.23231951329194 155.558913162056
120.22423886409243 29.936984591412322
104.45646916847843 -36.70567554372346
123.15409515615912 103.02790971474465
131.2906842148674 87.83185402025855
128.0478748974158 58.62574634868808
119.94863278402313 46.208223898403666
91.04917088754013 18.42106986502948
131.7342608340177 22.092909048209677
134.14041911352726 172.27326991733665
118.20762964067198 74.3066497392012
112.17931350225317 65.0208349438588
100.41257072474441 31.110152968874146
115.33673074439074 8.139517163402012
101.89118591833387 29.4104594993441
88.54747904035821 38.52541705927123
129.40851600137728 -46.291712700630114
106.6517855827455 -17.717263674585052
95.8459070285905 16.581117306265398
92.57519525398722 33.03097183400263
73.18858337512194 20.781236180536272
82.62706068553973 42.22225654949041
110.02036570699057 56.097874477675816
104.76060920982175 49.58434592073322
127.27786111234492 80.06412895103644
68.79509690650487 19.814492102532625
113.22344291291762 19.08770258463842
83.61787896827425 68.6387380671392
80.75294830809132 20.65117328355662
113.19783419812472 47.93408040628668
95.55304115718074 15.060117559877249
109.71807821418776 19.61383450454915
87.47461401488195 207.57428852817625
62.22009282231393 4.059217606448427
111.07493741551009 78.54825789492348
118.94489995167372 -34.48041692793116
122.63323301540841 42.6567294898298
140.21431952036698 84.53364116509799
70.2433854270495 81.40910095788854
99.65121245910926 16.276993398080304
109.44675957590567 30.746359953639814
130.45469325761314 10.11010395913236
108.05406972924133 13.891171328585434
104.36367595094248 45.29359132995193
74.65477632857107 114.11073785191394
129.32261513134202 31.31588738174038
165.47433259897787 113.54797465662548
110.00829469357464 29.98265816141984
99.07334422069252 30.27988589478747
110.74210312085151 25.550634490866212
119.13856180356197 47.295198235909254
122.3729645975745 14.011195653637131
35.119683597829464 22.826279816075655
146.4377545251274 90.69829236885815
132.26032750833247 70.11629724628182
101.86927588364387 85.68681519641417
97.53739830323924 1.5274067207673419
116.59744283192973 20.67808757609892
110.06915408378038 19.515611515032575
113.66967752372992 127.50258247197014
132.924000696237 30.588463127938915
79.66343220783037 21.746961311361694
82.44488838169251 25.728470187289645
106.05682125424414 122.68258764620592
126.38197658912884 175.66090561232545
118.1458536598864 40.23640677085016
109.75690982211209 4.001323379334673
91.12116800534115 -0.3190908167771829
123.99627704955842 102.37534550645113
120.99333666645347 53.381336164331
101.08807806746572 157.56269461178113
110.93830648658948 19.060325370900827
127.01364932740493 16.935767306233334
114.93098253946671 29.298465155818917
101.89760291187244 62.36425134670347
84.75463238070434 65.19748696667716
109.16762900484039 19.13013857821579
129.7245833514894 22.575021015885792
102.73586594322998 47.05678018669523
131.64140268184113 20.18653043571307
129.60368104538293 17.892360639586457
106.6312264586724 27.498748037549834
106.77237950693721 47.354877025699786
110.16601408869613 15.078807070208754
100.22118623197827 91.84826521931431
95.6215844981352 154.3826791022356
78.92514320674358 59.39743894476661
110.3241932241572 36.18179561355744
73.8693533011672 5.14262985585054
118.45095896934457 10.454844181029998
120.1602373173986 -16.48631741179225
