94.82244629694563 107.98844354025647
58.892928818979684 91.05417686675781
98.57005700507902 107.6818547087018
10.546708590420366 111.69297586051769
21.37502755761157 52.03771007367835
133.0269550731066 132.5378146531638
99.49132792572941 64.18323863581206
98.31443931868203 78.84320614306749
90.226482401032 35.29282251447766
135.64138560582776 123.86789504612419
24.351443463755334 10.009628546547097
79.83991744886843 19.962796704361303
117.57215283377248 104.014720997766
16.904848565922727 130.94230345670272
152.08968243292904 92.22918854938233
136.06709178922196 12.631504149205034
20.001936206588216 57.87141786047403
96.33683837305355 123.51018136592597
7.437229826812523 86.78638692316949
36.30597158455342 136.12491342979925
127.8110503837056 121.93499069485007
142.69788872205586 61.330262635202246
135.0470794309018 63.389841742882645
96.08564908041768 76.37644015414213
93.76379501018491 92.0146196168723
52.173189781724496 93.7906526878234
24.298722489627774 99.08914372115419
112.82169775992024 106.78504855754697
13.32590619433204 135.90879233148516
109.91789032774233 46.78723464305411
139.01187206460278 99.87647079213434
123.40261868433173 15.914635718474909
65.13985445555335 151.83498444947523
17.901333372904006 65.25669591299585
27.531296017558656 117.89070494660992
59.5515067588701 145.68246700938258
142.29527447380525 92.9465937238618
88.43911372005414 5.303595955054688
62.504823056471096 120.47189991447418
83.6188558071591 32.50911653953336
30.734687872088088 103.08082895400824
63.50997868706354 99.52453750685198
14.144880697490036 24.86200398192229
150.9098906159792 20.004633453365315
38.32328418544069 36.10201705429852
130.62493935197296 142.09011853414657
45.06521115311157 50.13874372370404
141.45803302292984 93.77469810329029
101.1708842387097 89.22526944249576
59.51787420433756 148.74297460852284
9.303978973269547 25.224564291310703
17.54682396378742 83.54587432252997
11.336290366935776 139.5405573989576
62.61244143741149 153.55621865527687
86.38880506894124 133.88168975063536
40.370337607233836 152.18324763692934
86.41903030710539 84.09168963768747
47.655826827197956 59.38523909483723
96.37318234457807 35.62541466784125
127.04934719332809 122.94513164919151
140.2054077793984 111.01276786173673
62.46569728394623 92.34153067538072
99.81117601989513 53.557027402869046
93.67649197565486 92.62360801782181
100.28893654728714 45.65377663646695
132.5001975857011 59.061149080779366
26.94090609857348 46.58653622901781
102.55556402758336 29.9015691025177
116.6506755347373 35.66308716728191
14.357978333063729 124.94818661911947
106.1432567304488 98.48452969083291
58.446246716244914 11.412575967568372
122.67595543924016 19.741398769181203
10.34482922282641 148.09992253875498
53.8910577586866 102.82959203478451
43.60779410750932 150.14244809174662
40.04443404639935 105.98235123587001
82.45495392244067 87.13211694207428
68.62777752794196 96.19624767184563
93.24158565536608 76.87417643299044
108.12042861138549 88.9121088026068
15.868212054628904 107.57008936486756
97.38702597916469 91.49262119315796
149.52886920833518 138.16923832123064
33.968560808171 100.2288635628892
127.08639862128967 53.51272954217589
74.29556335052429 117.2858698518288
121.42514408479624 104.41504846540985
25.853676128269893 19.369664407011438
113.09121998241417 50.87525462230504
22.54135400643006 38.46786329118591
32.89772010258523 131.78569642805516
43.64479308889154 29.328564986597215
120.67390968375791 136.12782051948702
144.4826545469635 104.89426878383422
65.60207261025569 65.94965634557248
109.76744514962007 132.2995073464653
69.59610113043428 100.77583639127465
88.57034327245816 36.69159626473115
130.98231680369784 94.43493350996931
82.85452762685402 65.06982318667684
34.6705104227539 49.67685778045078
64.50494782225675 12.08033831620913
53.576844005001384 51.47879579347654
137.0947023159932 94.41037568194287
95.69071994477869 18.799380929642837
10.459112549574957 32.23826076711222
59.03665121111932 85.73537768122621
143.14537935187968 113.8640748421478
90.22928804541384 22.331288600282274
54.82988943185721 40.70932951402347
93.1200270468548 19.14801775300263
26.653593454994375 48.52158195528141
144.28967167250673 15.654400645375583
63.70905105811392 66.14797479499914
74.71075966045532 115.61101003593535
107.55644048909143 34.65513141821613
18.80216793625166 144.19551341594277
114.47001073244901 41.055584236980884
33.27593016742751 25.393904400402054
117.41558076005728 103.50330849243785
117.88769685414685 98.06149914002623
32.94092606190492 116.55266331776431
72.74329019999261 122.3254880683091
75.72990624872548 19.202405299063653
97.48723052100397 136.49847581844298
78.75666441674133 26.830492868245532
30.83534531409956 154.24416645694467
134.91799610657637 128.0850124446099
115.67822947500872 22.69220262233821
50.787751917039266 98.11596951019422
108.42526341903721 7.0636158907219055
118.6491355837812 125.87421804760302
93.24930620242193 122.5921145421844
79.64501181671565 107.62990734412838
75.7715731747093 38.51347211847145
93.59479389497024 130.81821060891673
139.85089501780203 97.82992312000147
90.60928411291619 31.964307664274315
18.251367016845457 107.17454968568978
29.393858812228956 138.7547346081046
110.30554233631916 132.54721705473742
28.9858452801196 25.023366273207266
10.221986304245739 62.19089697713809
122.24969225973577 64.52189458264785
10.852918866145938 121.23268396571758
22.064674693249007 150.64490893815397
95.62985466720758 22.02708711716737
131.49986854243997 106.62217567976703
35.06233264105408 116.84964875583346
15.557979570226127 94.98500571364843
67.8958798786545 67.23495885296002
59.030756009470615 122.04983126009118
65.10040826676685 106.90922719408287
33.67976091953501 24.008334702047332
117.49386507940899 67.98523528624955
96.03898301362855 149.15294555835237
14.630462808898049 32.62122475375621
146.81250196783913 37.086943344460025
76.93665924565084 37.00550469142979
146.67889598547663 130.93803267733549
62.610748235734896 108.04001289510903
47.570895060237014 118.38057163071696
54.0882302134967 123.99020392285841
57.34778677251305 91.29296633880514
98.56870993302944 117.47246703894105
91.38412445661409 52.798469312894426
106.41107992688652 45.95782833359666
34.88378613485392 62.04421437359687
70.6692210717061 95.10966150342941
11.304736974229145 105.22972003671966
104.64891198831198 148.42497878962914
51.02245107589243 152.6225999492923
97.53256595500561 141.13210851390951
62.95096618637355 47.70752699269128
141.51803648080661 98.26455968744658
109.69425263049321 27.69329655497458
122.58004860120244 37.60203347839899
47.56111860893015 87.65876981470241
78.52670844771897 36.02735312489743
136.0883770972378 59.00239466233669
113.11066096940614 32.062284709929116
138.79844184185094 91.16848021938833
107.98068317075777 115.38739583160478
127.32237442563451 37.81515584561916
107.09103049104198 27.513049764688272
86.02845278461658 108.39810290827546
71.65271068299367 146.60595130382276
129.34870472811352 94.86789168595088
67.10313899899901 116.68119491728218
74.41192030906362 120.63813636975817
100.78924357062239 11.050261877863315
38.63289106057967 47.00846963912323
122.47802608331118 6.89321695899459
30.643365332856856 83.11000249875022
11.734361844764427 116.98875366354333
43.02288609510186 58.26563860615889
139.80982345291736 137.59452471465954
132.13717755757528 54.11500409570368
87.87851547416118 116.30277195020338
41.929791424008464 46.0872407462413
14.735116193514395 102.05892028355454
44.85944015660716 37.048664542519504
111.03407690250467 9.901606066965417
148.8574045728121 113.84003478273324
107.3110415948171 30.793433968676446
67.45947810153343 122.76823737948581
31.432042749585598 91.83080178540317
63.91872865090035 94.4006722178846
10.67871345279899 38.995562259288796
12.051888803599308 31.92454708535735
26.848339798098767 97.32907423467367
22.914324214014115 78.6888788706531
26.21166326183812 39.66892537722079
37.51360676033705 10.975314956009024
127.5532770460321 146.90699296891688
77.04581628284049 18.69206087762521
133.50513492130491 144.75825775950995
131.86893740275445 14.72922217278167
119.27419206101068 58.67609055149691
10.968440534760699 140.04248029679917
130.5205740178123 84.48411516980204
108.44508082456355 52.822258780930845
19.21532726686135 90.6154406015244
134.55388050574405 48.62016110844916
106.75053284926895 86.62720248867512
132.92648853208274 9.652423296816165
56.9095742429958 22.32257262995901
42.76095489247136 123.43611729552214
80.77755026232215 72.05569312546439
124.55464130690541 37.08422386927415
34.943842734941605 58.429929602707006
123.90928313162833 76.61511105598616
137.35639636120672 136.5953605784166
63.29887929675674 143.55351448523862
15.62251048886047 50.275402432459295
134.25150315777626 22.811773149654833
142.71413588206147 111.09870508392339
59.112585395786716 136.6478528390721
129.26495548356175 55.58885868195959
29.906644433131376 64.78425588263372
95.05675240640738 46.027942584309194
133.30244516380935 127.21859632478295
32.507741713180295 19.853765134063213
66.93093318527225 102.21539177115525
15.243903134839412 84.06425057132833
12.65680003528233 114.0763149435962
81.20863689804055 13.632501270157587
77.54423080501961 65.86938739224685
11.314626019132692 20.772161832471788
45.712158044341884 122.86207960632362
112.01377162534347 66.72372486981085
79.03338641594928 121.5167392347156
21.676126258066464 124.7935566610011
34.36166977838964 22.276372495314767
113.0493231419686 44.7547237520421
49.560703870410116 121.6876898806666
35.80415174719443 120.3588950459405
116.36266714796513 136.46910812114683
88.60796851669225 26.29461779824375
110.57131546441313 110.29524949753558
33.29034397464724 125.85134219899734
16.41018748989578 19.176948828206914
119.59844505145792 109.4980158492774
126.90570161540518 93.36935192265494
31.578354184728504 129.72246477102456
129.70901836900666 141.23849532971641
43.91808410945893 87.20640322583964
95.85715163235479 26.21145682338497
85.95685155856927 46.59879278527041
144.80455188439458 18.546028740475105
105.99378006482222 6.026904936286006
93.20254069302332 45.28661964060432
42.23727556313034 102.19958338568998
46.24073501117736 83.47595403650755
139.09120867474152 152.3992331676858
98.58557783452194 34.67189591718625
39.3349228846726 34.57706065669463
54.76271014476858 39.23612426405439
56.20531045761156 96.2274865921173
92.03470808764345 23.197073885293236
25.444206057307973 28.985747718304474
12.785535290925766 142.90184552256767
138.87123507610997 80.82720201835339
109.73271117345838 78.67575222724797
81.43442749403779 9.172774250343375
133.10079359735033 23.732445709096133
36.259482222946424 17.4947679065193
72.12310807502752 66.28639977192184
24.320147168816113 150.52212192934775
41.289315341117835 24.49723936078951
77.36551515568944 31.31968095293732
100.14060689449207 119.7976359381565
130.09029640182354 124.79620087725334
20.921704431135907 65.40656539081773
126.70201003553073 108.31604422378899
98.73909636488835 8.945741687410878
133.1374803834284 109.79864671120643
149.45441293864093 111.34451522235209
118.78269468581601 125.45350907343456
36.779506555920136 17.814168297960503
136.7035183495678 8.34381132354405
55.507420520046125 154.74461592197542
28.057224122202953 117.33676734594705
13.139121605674939 58.67072425234974
33.00667143475125 36.283793283602954
129.84133016977205 20.996079189999936
82.14771260631888 125.10896568470694
50.8382206164481 38.8266906568257
62.93444420807793 25.95939314522604
29.22328191808939 36.7363101830995
104.73347023030752 58.42185217706214
127.94742172503524 106.149761107192
38.891369618702676 130.29268108489185
22.018692021804917 97.18180740741082
29.04517839223975 111.1118596204562
19.572085304243153 37.275845534559664
87.02749617179735 10.106040333713793
133.9041487858126 12.965865278620644
8.295539143514263 144.06009030128877
