101.08164170561558 96.39645437902439
103.99942652251046 23.85259713469578
103.4177010994135 209.73678072008966
73.01588808563868 -9.636016206266492
126.8122978264328 105.3401280379475
129.7802368326835 219.7463911213192
103.12301234497087 54.23183027242083
102.85539519257505 11.741553397556512
87.54173910237203 6.355965073608288
127.76347077533421 29.27864432333065
107.74118287692525 23.852604873049717
93.63279766213934 11.37434471309212
111.29694053015893 -6.739395727043519
142.76603758973536 125.05253555981156
126.40635480403868 -44.453728622196095
137.9197326976575 8.507938209792076
121.08140238705862 47.08316871624043
114.37297525763208 32.072050129450275
111.73658363030073 154.62302401902954
98.59656112554738 56.304950948634236
127.2283568262824 -1.7398423640458573
126.00336999407942 53.87903628807137
130.0455692455845 50.317220012590404
103.26597972289098 -41.67964231420466
102.54552869322823 117.39834282980794
111.7912550147303 -27.749429165574274
114.00306660645244 26.124283670202736
109.60313947750976 3.022444686179157
61.399843880873014 96.29925846280706
111.94436696077734 36.96498438568941
123.20634457075761 62.959431143197236
108.09707882283952 14.392395645518233
93.03358350997041 126.65715161543189
96.16306571293904 11.540456546206006
130.37540080749432 119.89192965595997
115.02988528741153 12.156179117338606
143.4369562875455 50.40285140161986
94.05402024080202 12.893859948102687
89.43197224014072 133.22876083333378
77.35359756893834 17.859801868354065
126.6406702077589 212.0134205290581
73.76162009878355 115.63330114053235
88.47701892102812 12.491697830929395
133.05220106432824 18.791249151336
52.75113063374828 23.64499882288917
129.40718103369846 41.37673834093393
103.67598854363517 22.66302145412867
105.6188120508066 31.91575627437874
99.85186740936263 5.739972705283248
113.10906104000331 114.4993819945155
92.10746892929575 14.763429401214951
135.63672112833777 46.15123545943814
147.79339913787567 81.74201365921427
127.27237878445432 -9.671596257359793
93.63874581443507 65.35189037377735
113.19296145713906 34.4013526354527
91.09812497518533 65.89111829895828
97.3813231082519 36.27526109817676
102.58657999802016 29.671796479683614
119.7905718735575 4.380880097095329
137.68866963543496 113.96453013831098
91.54703303275782 58.53167613544256
101.23622374907067 35.92952332829216
74.00568382043124 90.36873557114923
93.35672768959897 20.287328900803605
134.79420748634965 45.15608994931055
68.01710541503301 36.5242656790148
111.26120557376875 17.505082835063053
115.70011400540714 31.384882991755468
111.05585455591242 26.917069464822998
110.36821087900563 33.17112132124497
85.98466411012075 24.607657430283858
131.30693388881778 29.58666991046379
116.61555367305331 5.780311107359417
110.22787708684561 20.12800965334181
135.87690738845052 74.55153738076288
86.35945699116472 43.40724464345721
105.26178317020052 187.22165489863227
73.78738295207587 71.18247385383279
75.57288002610993 -8.649045230818222
110.07615567159934 49.972512853622355
106.05978794460644 26.29761867500681
98.04901855458472 48.16778647885229
125.21289772477147 173.66834618921177
137.6587108984834 29.456456726537084
118.61212774827723 33.07658584769846
67.85734842495502 82.53999889602434
113.34579887492458 43.30213480456523
96.35471417690911 19.40306366806714
108.09842089321681 46.891348330611414
123.63892139884979 22.29115333101317
122.70626709790389 196.02758232966823
104.98287084330224 12.745757604453356
123.00194633948146 115.34586113770115
108.22396497448405 85.54268899072854
106.55118112753506 53.18355372797131
117.92686926565166 199.95941093836345
103.05968300775156 74.92878220713018
103.49364186291876 34.4006542889304
113.29738259630243 67.97291305060791
94.56241048660938 45.41508899668642
103.20686741808093 -8.819019564677417
79.58841042376643 18.89631993529524
126.02287557991215 26.386785622311972
114.8338801865489 139.27090813138
93.33589322906829 15.300365281031995
80.29763615448873 15.117022317758046
46.04709511060909 110.46600572880051
127.7920165673469 63.62314588854707
105.21364937954435 19.6293063560805
110.71376510617263 28.31404270305443
83.79328468561117 10.812676265755528
94.65374040743136 29.858749508836578
127.73084299322359 15.273499218310183
107.80355986932209 42.81144565603984
64.75950868899673 202.44597900428874
102.425762908433 21.399368507240226
137.5407107955303 43.81780511418664
115.65896743127304 12.400995496618854
56.08671206376805 42.74830554782072
94.36478604179759 152.05860023805735
114.0716054819867 44.46233631503753
95.448815100846 25.889568949346014
83.07309646899158 71.96920377804703
109.60115558220069 2.4927799765050405
112.20454039325725 74.79243979216425
103.55322459708029 18.508828321253674
65.90875113085782 113.085208747556
119.8957917270041 16.283852356686257
110.96235495812168 21.891635919790186
91.66341899669762 71.84814602834082
102.17717880646558 14.754978324731647
120.26596773660664 54.09200613833672
101.29918288090039 138.70098106365216
47.65347081892133 91.67082054225394
83.95493033756895 24.26390665892777
107.43498401044737 113.4639442510767
120.35760809789757 -30.096597984313423
101.66344207239604 23.60756306958628
115.56159162938181 72.15254403533872
95.7085267061473 124.97416436629773
115.05114326765175 110.63849704011214
100.75083710797452 20.887764545978513
110.53734156309466 45.58317108320505
116.74949127867873 103.24155860544921
87.66684058079917 164.57245168766957
138.45352894262362 112.34495818956471
101.96964276456944 14.337510955460521
130.73217653384222 108.85794784302166
111.32846270890205 130.2809367736038
61.72985144075979 68.60411282504077
92.47381179493804 67.10422410935013
62.90820814267313 91.84497196468935
85.71438554018071 88.95532101081486
112.6465139140862 19.689505719880472
117.12549868107344 84.36183494624473
84.52188653959206 49.41604144797214
122.7963011861132 25.902737264863294
158.0316727697537 32.2935222166252
92.50693206635033 27.58794534711518
165.44539072748256 115.52570060542814
96.82205907433064 30.32465643589288
94.59530648735328 117.17646249892776
147.06627790633334 113.29354598492803
105.99263428595411 168.33432738614573
114.89479206888781 5.720569601252553
91.261678982826 43.567193965321756
103.90320019427224 39.29801455859017
147.92379440702575 53.16252254802613
77.71588783590889 76.74404528795988
142.9218444395859 66.62430932945135
90.53492212580814 45.39873625053023
117.12564986328364 147.7198443929781
105.88101265450695 76.04404176727878
109.75213322935485 27.056873179263697
133.87977831333188 78.86941124233132
113.0139583247407 20.621937521221547
112.1491249640776 31.327880126283898
149.45861079188418 41.58429323909854
82.06337856922208 19.01655788353121
113.45245266183979 40.66652680926473
116.01174010010331 24.864113761533293
120.97560248620891 35.705578441622954
106.28249161757662 147.83548844210418
124.24142526534062 36.42679391261451
118.01459597875636 20.0867252617416
102.73759144175327 17.7568974369705
67.17335744529824 -1.4949201115822706
124.78933024857929 75.69094550744171
80.92762257118558 85.34952320589483
90.87199388555614 7.112055684261653
75.997160254197 -0.14293435273524935
111.69909200698386 31.22963341014743
109.34811375069441 1.6999467402095902
155.81545451003745 89.79520854433135
106.90961819684398 16.372401064359664
80.42119040056794 48.202890853765545
125.42987476910085 121.15083054602344
126.81691319342985 37.34178692797043
88.1282628998152 187.49917747163423
88.0938657532523 33.51125238694214
121.95546562945476 38.12756885986687
121.34082154531986 30.325683986717447
101.09878708339534 10.1102795899409
137.69812403732914 39.24971153398892
110.326374851508 17.15526862252403
129.88819940239625 151.60384016177483
101.54252204261574 45.07285043093982
71.84600260480033 103.31074707085622
105.11929231637387 47.27340909177741
113.01226523158383 13.797801597249657
124.80930951652844 11.155668957794127
101.67479241450783 72.71807919636585
121.40844689656744 34.1092834406984
72.14342027348162 -10.52378190220601
130.01147656680683 11.44253652933623
86.97848513010176 17.411673208661455
127.98939595321076 185.55739720611766
110.37919533618448 2.2714850791932
112.05415741819922 43.07427703979185
145.7973113571957 84.51318714040389
118.92348833503098 68.94969127366313
109.81995726842622 19.117775344164777
163.96737005762807 81.71228162217166
125.46620873382196 53.70269231504851
104.21679537947514 -4.219519160929427
111.61133380536224 12.971130633998143
130.8751708691221 18.66321182670565
65.29487343050909 58.822635190745586
89.57405856688942 153.66489430120376
120.89302058510702 32.21384970538275
99.3786622077714 -34.19944455640443
122.0843981548609 103.88778351483329
131.67379097122554 83.19465312409244
124.63045529793442 59.95392199381701
120.04563320812521 46.93734583009078
93.22727972157801 18.421869936324843
131.32304306696048 22.773718768939414
130.86937632570775 170.7271349122383
117.95288887364003 74.06817781609233
112.15918439084683 66.19445029006197
101.34741581983248 29.80792555496015
118.5803889440552 13.41382803928628
101.16393833790438 30.25392800659789
85.5485660525868 40.07301878497436
129.40700015733262 -43.87550762005
106.83626977465728 -13.844662614245584
98.39744278599021 18.378848941011643
92.60707177893943 34.99424648329262
77.58302040230761 21.370650015705124
83.69166091469376 41.68290695709922
110.22174972797494 61.731226332935975
106.96778108992162 47.86974333912681
130.7959209846455 86.15846836980415
66.07168734840606 19.940124024159214
113.42248605556945 19.988108421886757
84.85000785972623 67.56922305423089
84.6807060136334 20.926666531285953
113.54026079832768 51.276324989875576
96.63391218096096 15.504157062075498
109.87183564228997 24.615606346423412
88.85770130385534 207.5520877423278
65.92652250923686 5.119174304187231
109.80553853736156 77.19693464354303
117.9851234050701 -29.792616137797474
123.57693516929315 44.420803039213666
139.80519132410714 94.31529438652191
71.85840228310138 84.75504392210492
99.8490350937094 16.563610206919815
109.39475096285551 32.23100423345375
130.4932691110951 9.962408078413965
110.29029629565021 14.424358926683874
104.62781256687018 47.42369990072948
75.37279060544955 116.94458389580295
130.87861952424737 33.52419079074015
168.49863903375075 117.837825250582
109.42739633127272 29.837897442988968
97.15545076570986 31.033206886984953
111.04096758533142 26.383807107955356
118.49009216984707 46.078048404256485
124.78600196925096 15.310828631601025
41.21220418817379 24.64454558737961
149.3773906566071 97.43272855771612
131.28764439932573 70.30383197513298
101.8043819165377 90.7656370961308
98.6664741172889 0.5824997690956597
116.20766133460616 20.766445569255882
107.92961994030208 19.47382735352575
112.57082768454887 119.06875249901022
131.89552627010582 30.317176366140785
76.83249463070416 21.2650694160397
84.14159894501786 25.655090778893634
106.78904966126117 118.21411191161872
125.99026159270927 173.6656291102829
117.30633169580359 38.227359136909875
109.7568126291468 3.9938793530336656
91.93212201190951 1.1602101656192207
125.62831720009359 100.8228647342336
123.01380785152021 57.15876759135689
103.63493463769771 157.6581548326541
110.19379696875006 19.279225619481586
127.36849977686315 16.594113220144415
115.06045337294528 30.073193215638412
100.59585113543758 65.73071341573883
86.91274126022591 62.06850981897996
111.02031652333217 19.989363926492043
129.33747410295226 23.068288865581884
103.4452687963208 45.23075038360919
129.55271795037658 21.060485152746068
126.3899470564541 18.133649790071697
105.91052154670948 27.948377319845378
107.05733384750857 44.195147004953974
110.11596006632958 17.423264582483363
99.80695382358559 87.7955896534741
91.63070000328393 144.26151810874507
77.59709261533621 60.23905750089139
110.26335376821922 34.501991187410184
75.59980268748632 5.330964628806253
116.61192881015418 11.35858433410701
120.67992627676334 -16.643587386209347
