107.29282036361204 130.98433191224737
90.4435041156509 103.13657330566366
119.71788381880255 172.23539968089557
32.875491747731104 116.7710770821096
128.3125218357711 136.46130703732524
112.92401866519559 139.6612797570198
106.06489235267067 50.615588145790284
99.62106451857754 8.731010790491476
141.20390097378728 28.350432564915376
129.71571549363426 21.47726985294262
111.88232932663209 29.02833298217031
113.72185545079955 18.511307150632398
109.82846934172655 -1.7736504241476303
132.8932020117953 121.49377842414536
143.62801813258656 0.5565822532294433
136.5531076020074 3.338728486639675
110.258015492317 40.48940715656691
114.89401142106311 90.12113702972793
118.49960970352208 53.59589516930948
109.37151499173659 40.37010682082004
126.38675589538143 6.427522517619451
129.23236474599395 58.11164591130553
123.21829167910086 63.11665017502162
105.72533582653786 65.26361933408239
99.90870897298586 3.022365630903315
109.35579620326303 20.502074823878846
110.1191602259646 18.712930746499673
109.94345216861161 44.55702465790781
82.37380149176988 68.31398707058167
111.94085181427076 9.717292118062442
111.33081285394921 38.77479317405348
111.54778767841694 24.014672845750493
82.79533488597275 36.22275871746639
81.41250700479469 50.998463274206784
148.35499297371547 175.1687122536656
111.5254281120069 -11.184395203661605
124.344194988329 51.96834214157961
91.86648364690282 25.18578884694368
87.53944879787483 119.06562305265591
106.00925174615372 23.831867756070086
92.43101381687511 127.53532886636498
102.21388598101235 60.64151356610173
47.878737404828826 -2.4116671293077894
108.35561634770039 19.07467281688048
74.91923174611638 33.614139542934375
112.7831114321578 6.971635682983866
102.49386166064434 41.8302288917854
103.83233141948568 3.628130978220751
108.2019719740554 30.003070307642858
82.54453250717914 122.0648051862781
139.1155760670109 25.19502320886458
95.97916598040341 -10.515118660907447
151.77239378473672 57.12116680508222
126.33981895885023 43.763248288089656
106.08560888574145 13.730455379170262
111.7089201149651 30.299967444556945
110.62292847884657 250.76518209222385
90.44510807155007 21.615450235378898
119.54438855416704 22.803567129646677
100.21079709358152 13.73220045492382
123.81418340547285 56.78820731296163
80.38994033208047 48.13496502968739
107.81776574556054 28.04645242507293
89.65317716856957 91.33822164570067
100.95291453989144 29.40789284149665
128.4336914291985 39.414426373457495
55.35925268669415 56.25648509807452
115.22482615997089 24.6946550641275
107.581005538466 24.97612734386044
127.50659727274612 47.724052513604285
119.49386914877981 86.30696964594
84.53219097834739 26.129887805081022
119.91551340325998 30.574634373268932
97.239150680985 31.774930274443246
109.07558282499899 65.90306048538856
128.1824103280087 67.08206817906233
82.44335968441695 29.986483822841237
97.32543129052524 152.18014524309578
103.67361383249141 81.96649126694909
105.76805333300904 18.48509342855245
113.74960634852442 100.20622748169552
106.94539080486935 47.544696715321855
110.8116047133995 21.597567290518516
134.33279805698686 96.71273128514483
123.77029859481198 48.43055399691329
114.47873000704666 36.23744301891317
94.33294635909722 123.9829126257134
114.7816138039872 22.36709985694985
102.33157332677041 19.452225724896095
103.76659698882493 40.285275252406386
131.70643288077812 32.37230702410219
114.27924136955146 233.64938672613033
103.81477992429468 -6.493543025558536
118.28351846486157 15.295265129173334
96.52034779711805 64.31934969624348
97.5969871935648 82.39387568301989
111.1705176546889 179.54937836566057
132.2207557714688 83.21554838706314
115.70169042164254 19.30365371269466
98.96514497017098 93.43919940588685
103.81033074183384 31.471344036138852
120.32552515946072 -75.66352399507858
44.45463351680467 20.278706321733086
102.30852563125279 3.833859464537257
106.86087713079561 102.29070695191793
113.17051588206445 27.946476474971174
147.98043238727232 20.314087913329157
122.55464139105703 2.3317788028165403
86.21518564451551 15.365459559059637
119.97368043716197 19.062814954621185
110.90065927903882 39.240914487319046
100.74093402795445 16.226557388486917
93.63066922276035 30.43984214548654
124.31306265838778 18.98887898945077
89.93836320451031 103.37679049813394
124.07672515341709 153.98394116685495
109.01726943067169 21.01436073153901
109.06411292129566 46.556732630812
116.75841212846647 29.185559438998204
88.41670581609775 51.761069313384525
100.66566256534828 156.46244707530232
106.34782932859255 85.1456508474439
109.68656784512012 22.455717167672713
127.77225228102071 85.0973809995382
132.69535198143532 12.006646647441459
134.44355386735018 27.86511600221204
124.18601757607941 18.126095689107878
72.47712871412878 65.34425862041437
139.22930487213728 27.24361428048273
125.76968677629571 17.71368820375895
102.44722819283845 79.4993770399589
114.43303187361481 22.97176342857942
123.04881641477719 118.28259113214435
117.35855300974919 108.9174669491896
59.785253366974075 128.76686352826565
116.23013498108185 16.122600552838566
125.13749430376285 74.96855112840848
113.74105403985058 -15.756366862531323
97.7463782967803 23.831564680127077
108.2441221490084 1.7490494409713175
106.79906806064653 125.02997412321697
118.64031522351131 138.01498322721798
101.63491247254211 20.609279034900542
109.96898789964145 26.670512972057374
120.30051468637966 89.65444963665
94.18899635515731 171.14275986065826
111.35099747244041 40.06114787294784
117.62837719817793 24.76592857114528
111.12114137086678 104.28991134344142
113.86172137769042 63.400790569310075
31.541032152008995 48.089442869131354
88.54622460811221 72.4992093223255
100.60467399319619 24.18516236939781
106.43740105260348 118.68506053060351
89.14272788922976 22.9179629438848
108.9993541662757 3.505819069447556
104.09190131584602 44.943659412327605
111.61508788874126 21.649007583814132
149.51309241674667 36.365503935816776
110.39307124102595 21.398856200302127
155.5148836665561 107.92601954075865
69.42329140332822 7.384871484838872
128.257460010272 24.685123965832133
131.55414437322221 174.66974019820785
130.65271071514272 106.73052950195398
119.92623807820581 29.55884234798977
103.701297758697 30.24224404258438
113.47416850352118 16.666427987489676
121.36354337140962 70.96117590740064
88.08328067560655 16.611586906723197
140.04279907354857 175.2127073376697
92.28940546021899 75.6482048233977
113.81492102855316 145.68602179979803
112.40499381201957 112.34524845234115
109.6181371764237 43.53815370753159
109.77519506996788 91.03820711059211
126.0473640982674 24.436961646032334
118.73107947841613 27.837858120331422
118.05902177955006 16.475585339840677
93.70953986075601 18.98895477026008
101.53351762971266 9.68499770944574
118.26933117408008 27.216226578709485
113.0064030878935 25.73976278333832
109.91515551567005 32.134809058864406
124.56754535679376 25.400060569483905
110.61735999838963 36.010658869215845
120.74372570393443 38.17167319262439
97.54579455068736 69.00464350961697
114.44137133417286 49.194215774338296
96.90111590324697 107.35801803573277
83.98455864423171 19.655740523835497
104.80720835116082 25.53256363365113
110.55883083357183 30.197498194211192
110.31149361615336 14.954898920737138
127.81172246419221 75.55998312308245
112.56625672041892 -19.572963612827326
113.66617066060154 31.312628440272196
131.74536078304902 181.61087914248674
113.01996708391148 27.979630223388003
128.4360004389406 207.2145969881666
104.64016338153348 27.470881509120495
131.14490792082793 39.66793695045097
111.06918379382412 35.70223190725257
113.19605521804897 22.696046888907166
93.7978565421774 97.25143861418495
112.02052103147024 26.838019403878278
143.7315029689761 121.3523091565926
110.89611632810112 42.48984462275478
156.19798026725658 124.46054335984412
107.47506525385798 42.81903140757584
115.57234455391327 25.3833652950168
115.18995266423094 12.945383432014276
68.34165366959948 123.57180596710405
123.95236946786116 29.41403356110203
50.35416474356944 20.953928406531713
119.04029212835124 102.05991286469309
117.92020609756356 29.142674149345037
140.81516552739427 130.7952398929304
109.74382320573424 24.17144590455593
111.68725292726002 33.351107144630404
116.80766064733032 100.02908878790846
121.49052589916367 114.10900478292047
109.48344464098346 31.095766514156143
96.65480106339565 130.23114697562158
120.85829210473568 44.38066238189382
107.56017108317707 18.34686802899057
108.86262660020648 26.52590966792965
111.30947766936383 16.966112217429178
88.84143533796338 106.79276089968259
97.98981214594149 94.49822642645773
120.40116490947888 45.41804128750032
57.265832813136676 21.795289948306554
103.21217635372479 85.53271892981506
119.0069018409448 39.63423549600553
82.7805671420448 86.6091813916365
112.6218750466535 35.628348890148374
124.13743170083058 19.37129449272075
108.4471946529392 26.326476571327305
86.66893635505795 89.0468404995931
110.44119592326321 30.203587904190336
110.07375733969343 53.1179506620833
115.0735176903439 11.70053238937732
139.81156921058755 106.41942795916512
98.9507607317157 29.33899279719759
79.38573587098463 71.78162595395743
115.58442072840634 15.334412418207151
110.36902770234128 41.966309075856714
129.11910720967208 36.38838827319511
102.98392773707648 41.69147704899808
139.84124760692134 25.06117121994164
111.6573343154236 22.76642726703197
111.64840646246435 76.01844817598906
129.37397445415607 41.371911099738604
147.85369615092364 132.7836118687014
44.30465682800451 20.474301862255164
112.17497931708498 28.387258485922146
114.67157133642512 61.45339930024105
137.28037874685978 23.072937307561833
113.84044642199903 98.66063795461876
115.24688956236764 22.582031138332578
111.10420055114884 70.79285653161713
117.62048794077948 157.41860393182026
137.255203209915 24.489168755692685
97.6350281457966 51.561796544364846
103.6268593283622 51.012667993879695
120.71600309766723 74.27532290300296
117.11368461365684 168.42496275473252
82.2058261703599 100.368493545495
107.81978395920386 21.467466011899013
109.21334163833875 34.96338603780897
118.01384251796338 15.2491560781904
132.3868079678332 22.781129482917276
110.25021281727443 49.58025057187188
110.06275382418485 114.27550306294428
128.32201334409427 80.80737035251991
159.52123509079755 121.95790667921261
104.19749797583442 20.40852005873496
88.19032868712375 30.616085131132365
113.19695240000046 29.22445873637036
106.96844375687287 16.783155425189697
138.47415739542214 30.330540321278313
146.57075509595526 36.19079881171642
148.22837682754806 146.844490063832
109.99241513931027 73.03863354944481
107.02050138465881 120.96500123418873
115.93662647093349 7.253545116128219
107.98620646608674 20.73660333619022
90.36905889141589 19.102832841411548
100.44510473723321 9.53505705116288
106.49326489205819 20.179666793409766
73.2339796357459 15.614879984622851
119.1233539686166 20.440247407254233
115.46985841097349 45.52712061987942
111.71738605695052 69.27569778507043
103.969775099545 4.8069103805612325
109.79027247615441 15.162719031226287
110.0331293744809 29.62690244454351
123.35840280040279 61.17764506362851
133.05683654521266 60.74953206328458
131.2356466803372 108.15624256013584
102.59188404881795 21.505260501372256
119.4286509900184 15.712695501804639
113.56126302546099 64.00733757409404
94.8266213922256 64.77589881738504
123.58334699843195 5.25285317149328
126.3760726983605 27.472967710825728
112.97572452935836 25.735343544366877
114.37357127700015 12.47957453705274
98.3885610017641 27.938195610205735
83.0810894425861 21.281486780642272
101.60411026660972 27.22759274452422
111.34802194520572 -1.9335488489693562
109.29377792845186 40.71542837356998
102.9721352230633 29.681972222313256
35.89848125183794 -4.712343603600292
89.30740503946242 71.31934645845215
109.35325480590359 9.133301515446874
112.83728493759067 17.547041475164452
94.58583876772806 25.654780267160067
116.8497801369021 7.90035011441468
