112.44943982119476 119.8631442651915
95.52783155405047 134.8560091208146
123.84992588572281 111.65438418542924
29.718276466780694 153.97873622889554
116.9990514358155 83.71761280132465
100.16392671065064 63.485337095213566
109.41439672939717 28.030770749041825
103.71203388940826 12.33774642820393
154.4015076831563 37.15710855380286
121.6755464341944 15.742319012798019
113.57672989346214 26.37879918800218
124.2993873018495 23.208219146101285
108.8401517704884 14.973264776180335
113.43387009697291 92.16814555319282
135.2487949383351 37.60008293182753
119.64513864576382 8.31625082292296
103.23368481326338 24.270357635534477
112.07789080056433 115.46149267483794
118.4505128262023 4.094904382795338
116.27157679018653 42.62689743596463
116.45744382408326 18.882381508745855
120.2876174358759 38.113862800566956
112.00911431923357 45.10540178205705
108.79697917008602 105.19970420428112
104.59924907661751 -32.6419706405804
107.93108739835785 48.934762691335585
107.5501701612602 14.600245408209245
110.06293666467963 55.57636066867708
88.28062405935776 46.36693288159451
110.66029741349888 -0.7755309395486336
103.76006384045185 34.60059828879715
112.69571002906534 27.239140487538496
89.62732454619947 -3.0902065800221328
88.88502593882292 58.876731507320144
136.07632074511423 157.531859414882
108.34781181700919 -9.520014682565089
105.77489758864482 65.60142697102398
98.93554956614507 28.97116616752086
98.0938789310147 83.35908713858998
125.85376468251131 25.374366456414812
79.9640337840587 50.162755869940476
123.24503879102448 36.518443285595026
27.30842961059962 -1.0128578254421772
93.25673215206584 19.50822485287683
83.6644604222289 31.677357024615695
101.32839727408815 20.432288859256794
105.81497914374172 40.888801124133025
106.0779994674913 -3.1179445695649743
113.77938248832007 39.653088298140844
75.64651742668173 91.57708715691585
149.01913682893334 28.39858929198812
78.51539665144041 -27.162447363680094
127.11865104293086 47.750049888792034
115.98630719048046 93.27173156575107
114.66590115109223 13.459753731047424
110.03478012039602 21.13695757977223
121.68290670753125 289.29377820492135
95.89463863302555 11.453776645097069
124.45966083189394 17.04152402729984
92.86275369304506 51.02134858178378
106.0933665823263 31.61752486129108
87.14911009776534 53.200469282540254
112.88068353546332 17.49670589147172
110.55780282632037 75.37112282957577
110.37618298936768 29.46249772732154
113.25107243165344 24.81514096414236
77.1065379448723 45.722552431812026
114.78417060048608 25.94629777281651
103.80906867460226 17.68554936149579
128.0048401788393 41.47831327281337
119.18480641061585 110.52183986155028
96.80055055866939 22.9127834789532
107.37241829167081 25.300363749330888
93.29618395061493 40.231839767577675
108.68558330444627 70.27949874722606
113.71138657523645 64.45564377026912
92.8160025145114 17.1610546139206
99.0435827762168 94.59950113542891
126.32316225211966 80.83530456397922
124.76621232190321 35.972066542377235
113.39551123637095 118.84416770044297
109.99468022440833 42.219387640944625
117.70554323748348 27.736162713604
126.34329460486413 34.77119318916563
105.54042364341375 43.42884413238781
109.65129581049979 30.149256913304605
117.68051215380623 112.24798029165423
112.98829202035347 8.87548657658782
110.82458550629632 19.582784519284605
104.6919081520902 23.342064567217992
123.45158721939585 31.699385238553916
106.47357183208541 186.52939736631168
82.86049011612347 -5.992086531290495
109.70976460013814 -15.203578798036158
97.43221555932116 59.1724987335524
98.88522382796359 89.25125999363563
106.16144448513178 125.58351545183938
139.13937921005834 76.418339482972
119.87801110223535 10.389217881861459
94.228109695909 97.0754603799383
112.46844021209257 16.63680374418824
88.07767285915494 -67.52478738468702
60.65739210436894 20.5575279909833
91.9341129525253 -1.4249597175656783
103.40133351222042 67.15066813645154
122.31398519868013 31.298698024084132
165.6855575509211 22.9507709546058
152.93416766308346 -39.43676502653066
73.21050358247393 -11.689536583067024
123.30616553592552 19.04801904824675
110.42024101189183 37.320981530918985
116.03937170072753 21.70743701850535
102.96107211518233 24.387381458556767
113.8703209716508 21.937447998125748
90.02979035458188 117.0037956116364
151.55922217526785 76.74799255504492
113.36035157298573 20.03855442182453
91.67440439319223 53.828128064577754
113.61817945998517 34.79087515869387
96.12954893832621 41.246063103562015
109.61536806925577 113.40113082700472
104.23614594499625 66.9318903787255
118.68645628656805 18.387671126778358
144.16237097742004 79.10421550337522
133.4237310775671 20.954537744163353
133.78240880356086 22.6186162892476
128.54470953289035 18.819092989064977
99.72638951266731 36.75856824603607
135.11166727094147 29.54028329237673
127.31829886840642 16.229010495325028
111.32665766796256 82.38954644059977
118.50261734264139 25.931837528434617
116.01317124976806 127.75645335809863
122.70185586994019 67.25156495413022
94.24910049313246 145.7089803067924
131.72201324869891 13.21651918716552
127.39490890043939 45.282919699799585
107.00086705880852 12.44543622562576
102.01743131108233 21.209498310034743
104.62922236149048 -32.39110966866385
115.54464298478803 93.199701279271
115.76213120118334 116.95091504048472
106.3871298333972 19.742920973490037
109.5461281416898 12.291165788100892
116.08599695384493 40.39013267272094
87.13749964359025 143.7866314290625
94.17748808353286 17.161972785558007
122.42995210475458 28.216373554547523
98.34889537851885 81.05614539467638
113.52053943909225 29.01216227870915
34.13984474048861 45.851797822708136
99.58136102625508 76.36356633954051
128.08210338849273 8.451079964561693
120.55001112548682 108.6420031664483
85.91087839315644 23.361977136781427
104.17553017343063 -35.73406810039405
119.23518643332642 58.17034951886676
103.71697555846315 17.83802013549948
123.37479675768313 30.261895828618712
120.82971931328316 16.350903178769123
126.25548325412126 89.84529896955533
77.5326664274851 30.10861097912307
137.8423668800565 -4.241720763584916
111.5052379882874 152.60420201012067
132.05584819870086 50.02682668499528
116.7608505109574 63.29943475340831
114.39702191199916 16.408990990495273
116.93072409051916 4.728957886547045
98.6311359277544 53.72551099974077
105.17974125156206 12.969788577990059
125.10794731432082 188.9769754911723
103.48201749970005 85.68358392953209
109.04472974589125 96.70134225166245
114.80297623000722 112.51333443700378
109.65260690360266 41.23027940261428
94.55260035118091 82.28681642896883
124.96463282038238 24.047333679922474
117.13182250425108 21.064722715519515
92.76163206321141 2.5748074609138767
110.36906619347505 19.232157381355773
98.88715382666824 -2.806370029918907
115.13196657853467 24.897849537225515
106.43577058323237 15.896811036004106
112.28791411666577 -45.94442949280006
116.74677386749964 14.883656178448797
105.98056648803944 36.01658539865565
125.3176159439978 39.25569754239536
124.85135792059397 114.44198128288056
104.76394939802061 39.3587676146065
111.66315736871942 102.95420520919758
95.47375293272985 27.984651375999178
124.26152508895163 37.526170720592646
109.39147418302771 23.342579979034966
110.38635083781067 27.16572222078567
101.3978848790385 60.15749119190357
114.7054565444738 -19.508231536865253
132.99442332987567 15.714832362217393
123.0995512712766 160.66903229671175
101.92863080805073 18.162161257393933
141.740192324734 173.36479858694054
116.74649576931021 19.497519181672303
125.87160913397028 30.64573520939837
104.29177600374267 29.573830058968223
118.87726254732522 28.644547483042896
76.56354280169641 120.04366052981304
111.8604683880966 28.230513510384093
133.54080242693556 79.49320147180077
115.95597332838948 28.791601341200362
181.22605623764525 103.78376079774462
110.00202647963371 24.79075704574256
113.33459598696291 29.152164082297638
105.91829807007122 17.551992816274044
69.3077440821151 132.92239330143488
118.31714158516414 21.09070212522243
47.3301143699543 38.42936478062061
106.66432556181715 146.1037618236818
133.06901317984682 30.4822606884215
128.26964361111476 62.76535168820122
109.3821322846177 35.32528651747701
110.15401617566971 18.50189780463699
94.6983075726559 97.3003390730877
115.79525494668499 123.26425020920122
109.4453198761592 32.02043922309007
61.297449982776314 132.34405823898553
112.38762568482517 25.643082188971057
111.01898476759666 33.868553564695695
107.50579136991533 31.064311318697687
97.73974666579868 17.366929928096088
118.44076472395085 109.68531397764552
109.55338649697057 49.396533817640574
113.94562202987741 39.34121366000879
57.167813463466615 52.18501436849115
94.75403934202502 70.4130654144524
106.29805922115298 32.68516377539856
73.46659319279212 99.29671047240595
106.03601610262137 20.596922878763458
134.38161555420663 20.24201092154072
94.37051869016199 23.762779163164414
73.16541393167057 22.800725083257795
105.7412042068571 -2.696258456948433
108.48661223815516 29.520503495995293
120.42534195635473 5.147059627916789
132.5591490836793 137.14461836059252
102.85375882638425 22.420320048086346
95.52644594899526 92.75506895993472
103.82417023352163 52.157056464447024
112.05455628449123 62.11532795272257
137.1258909013983 38.69277260266286
113.33373848122496 33.90677356216804
161.06316679029658 24.10495317414557
127.18245604868657 9.976586349691134
111.38172917655493 48.36921365094164
131.33522837423888 54.21123305476153
135.92651406157782 122.58685972804872
50.101848817407486 20.032915092034703
109.77795738170137 28.444529303238717
129.6723532098305 62.00599436661716
149.51623020749304 22.554699828105512
111.96073819276982 109.78630548489855
123.50372324272472 25.403748868636267
110.92237639890907 69.58778818766989
130.66586678030075 90.22856160750419
166.67424941246855 33.13422329941376
96.39226088332268 47.53081476467518
97.80371641721423 85.78648847612777
111.77560521222267 83.13699933495306
98.57478786368178 147.32054113948183
81.39875415096174 88.90558496470283
113.53848311314434 23.523970202166172
109.4450084750146 27.47925173234219
107.84704136901352 20.662688372913223
135.96209997705773 26.26546590608242
113.23082293474435 31.87791447008261
131.66014423066042 87.67820920897815
115.01048687599649 102.6420885385442
127.82695348639973 103.35558944462574
104.0187609338706 14.025109166177447
95.7731764842427 23.48570542440999
112.71951791053726 24.632312406989552
101.51631191693312 0.566441155890947
132.6992270962482 33.75926226770744
193.56537723753172 33.34941980802173
125.14414567014208 142.88795024807564
97.46926224869885 76.16290215885017
111.72002762826483 109.54370568255565
122.75080219711413 19.411957073638607
104.09309418455344 20.17299237370169
91.67880556997677 19.1914745873994
98.33236432392955 -16.417637960634043
92.70055436642822 13.422343926868868
85.95411747128361 14.374695781312903
134.21189428287772 16.51813687612587
117.43149186961766 17.488597225475438
101.52021493403325 4.489720485886217
99.28842620353949 -7.843408037993656
109.80962312440563 24.439908079054252
120.38532052632902 41.50752863745763
112.53632969561075 40.347678870043815
126.53486555896038 36.55388133880022
133.8422859827715 65.23957163911261
101.82853480491698 21.821404647727572
108.90731286974173 17.46637554474115
111.13401889365937 82.32345674139503
98.80723303515359 43.969662117049936
137.73846840738125 -20.186537936688758
126.04936232540602 26.888279764671687
101.2305519030799 23.62779525202694
118.26717500669906 -3.317898727917065
86.51353236074257 26.70456836786244
71.82436265991682 22.08689402617979
103.49510006545992 22.945557098462253
112.73811853030226 -18.5493571339581
108.96777480987649 42.21188612873211
108.61971071921873 11.983421081332047
18.46921670844394 -48.42660424019793
108.32811961621923 77.8331840273241
109.04559645783152 -0.0013135315997276908
134.6724179033533 26.156131279768942
90.71159500350078 31.14253062882267
110.68195635089066 30.86549646447881
