113.24112501034145 116.11683666175902
97.03294755109857 138.13057680339278
124.0349596114397 99.54141019423732
30.23775301652076 157.86905607643916
114.70963623556597 71.66476031512477
98.21342345616254 50.13078780023124
110.00920792176335 23.712833660100095
104.661539091694 13.237665614218507
155.11062198831758 38.19003371424734
119.90307274709485 14.881463775965736
113.78830212670789 25.606874236560873
125.56565466394089 23.88956281272762
108.70075724711833 18.07157721643548
109.84589225394764 85.33308621051812
132.72697964620215 43.49079387219322
116.28941424238002 9.589717214195158
102.15496699878872 21.188164491950786
111.51155693912992 118.78395832346258
118.0401566174199 -2.827947162502629
117.30424149298753 44.39849691306716
114.48867120259183 21.064045572693303
118.31687429545968 33.661271979776174
109.94034304056483 40.88475063544907
109.3730642003302 109.97257113568003
105.58211916744713 -35.04444156602336
107.7285763358331 52.88554654567803
107.18842663700029 14.037735493393123
110.06779065182093 56.135901649910565
88.73274210054039 43.46021689240521
110.3884373511481 -1.877319710526562
102.72651143694846 34.38535230530843
112.78252557281738 27.502571941532068
91.47099905306713 -7.298121334459479
90.83690254264175 58.79822975909535
133.06280376067014 153.04688358859903
107.83820322513098 -8.13592813586046
102.61090072288248 67.9851321407078
100.47030320420923 29.22662989702275
100.50169499354122 76.12436169853221
128.7518317622178 25.47242744629815
78.88514947453591 37.950660205558925
126.47974056311804 33.87637522747492
24.952981351204002 -0.06281076552474674
91.11613869211297 19.591233245613353
84.34778304629509 30.91225372692002
99.54460877311394 23.461138578143068
106.53341351352394 40.097347604080745
106.65336780506988 -3.4730933555350765
114.64625528192501 40.59879366230887
76.0446854270746 85.21137448803094
149.46827902985075 28.531587566133652
76.15679979222178 -28.18559734345311
122.20036513472459 46.94498134858123
113.92812699824884 101.18476912128168
115.96655982036728 15.573328133565795
109.74603213161652 19.408343792122427
123.28655482455467 289.83554186041766
97.31577751084453 10.00128984543872
124.70847900854633 16.105383539591802
92.1391052935691 58.63138647697699
103.10526351077569 29.082869524515406
89.2586213972055 55.10375547969073
113.63792067988112 15.7302477105225
114.25068433015072 72.68360200211156
112.00379370054573 29.071465046745068
110.47757029682357 22.05976103245981
82.42732684535325 42.67385656882268
114.54598117168099 25.925615305924477
103.36323107465192 16.454787850168795
127.47319821391855 39.388823703292765
118.68329974178353 113.17281903208787
99.4011126023659 22.205908048369693
105.24298880065709 24.140231698636676
93.24465715252832 40.84681560017024
108.65508890668593 69.17098273386706
111.02306538515805 64.37018995942407
95.16472381107388 15.005976140479456
99.54431834484484 83.51625011251869
129.83786686457395 80.40511705135644
127.54231105144123 38.402391525787884
113.17782294448537 120.74382483453115
110.54292133985452 40.37587362945781
118.67164646880617 30.734155828865493
124.27426974786803 25.35528183308392
102.48655247366415 41.32928660231667
108.79014876432129 28.798281768180377
121.50401463425071 108.78565279027602
112.55758640697928 6.770353025737563
112.2715745896541 19.61224316112889
105.03451975032826 20.17822558759331
121.4416890698487 31.244342002832646
105.2303862269968 175.4646181101736
77.70243879158656 -5.348071776640667
108.18403601072195 -16.75543387813339
97.92607594348596 58.844521961048116
99.59241847507771 89.78098585737399
105.37540418660649 113.75957602830178
139.36610812692626 74.58759873730979
120.26855033912305 9.056865373932768
93.85941576183967 96.813930088865
113.90434455542136 14.127916825728263
80.7482925167115 -63.70529963235281
65.47017313722755 20.562172846243286
90.56197042074982 -1.7733131378132354
103.01322457351519 61.20452992411409
123.26802482519162 31.462474160250864
166.66987613093144 23.316926477853464
156.53271118131326 -44.68983757105396
72.07098493427048 -15.54254377411678
123.40405070338133 19.066765554005357
110.30692789081603 36.57149932212266
118.50543726400993 22.618038193451913
104.80471943948697 23.148078701433032
111.90527795465769 22.385217535440106
90.7853719840401 117.68991374349648
155.02064866681093 62.506743924972064
113.95594275303749 19.849280263203926
89.21763848333126 56.003612157793064
112.90426551955586 35.24172278201285
96.47476849364658 38.99250482048737
111.19165997445252 104.56819622453392
104.06521391633515 60.98367060304261
119.9267735547617 17.723869946068618
145.65324515233925 77.34217976349078
132.63000906317993 22.474517949178455
132.9100535960091 23.266481607107792
128.69714659964276 18.971077487465354
104.96376977831274 32.41169367955101
133.4969141849895 29.64618624874415
127.30784714464303 16.097261542160833
112.82296039843257 82.69359918999068
118.85505740656812 26.185522796923266
114.51886065443765 126.3410747874577
122.97375058461878 60.90397398195605
100.90091811454236 147.36984692920828
133.5921578562632 12.945498413510458
127.10387807378365 40.48069030809657
105.87977620791587 17.644398893052333
103.0570549130382 20.68220575083694
104.17857603619443 -36.21822136481809
116.91613106925385 86.80361188659559
115.05589069930105 111.48906647635725
107.32875336063691 19.58579728869905
109.47762341263333 9.95242027948726
115.10725725855842 30.758532195758427
84.98123760114646 138.00429228664515
91.64311169778809 15.134663361207568
122.73817087132312 28.529595495006852
96.52259499652828 76.88158023736734
113.33121532151864 24.300273079606647
35.67225641334603 46.385440461130784
101.93012115880363 76.65035871815432
132.17968104713708 8.11319412012482
122.60754101626917 104.66234753047141
85.924421244712 23.332016688001893
103.51767874513824 -40.44437439805274
121.57544344812845 60.7443573394538
102.50799486078486 17.230371443560802
118.21830085602656 28.828139380354894
122.18972798195568 15.559008503028238
120.62968716866169 86.43286062791213
80.36959319073891 35.29279092031389
138.20448586970198 -6.921466962427323
107.93251809903005 147.24096568884667
131.31626820969672 40.888473557842545
115.89027488390128 69.53288710649522
116.15103854761486 14.10102586535826
117.308101989589 3.154439391545465
94.91935301595106 49.57193099683846
108.2947817395567 15.591243730004823
122.09100444001675 187.85177977959452
105.66505544919293 86.08250438619214
108.22908164755651 86.80080511069946
115.08636923753713 111.17203132713982
109.66294192526347 39.90796572235685
92.25715178602458 80.31740090421671
124.12766140792294 23.80229405785356
116.5065065008025 19.831511678332088
88.93193642579699 0.6854013159789285
113.30492898844436 19.28043509751457
98.77911895658674 -4.329606803156409
114.36415874392014 24.296903493934675
105.44137472454679 14.265844856897575
112.65556876451576 -58.11378964673238
115.12155414572705 13.19341550295697
105.2963499907239 35.42784810015947
125.42227925700475 38.985650224857
129.23040831641953 120.97195887852624
103.20166165779406 38.913136085793425
114.21078551301011 100.9038053579677
98.06211464077649 29.128019299373367
127.1745984349209 38.89497821573431
109.19727502589934 21.990132859837082
110.36406338622778 29.0822907973649
97.00177072694115 57.78554885654396
114.93626523333039 -17.82747660536819
135.6087881058302 13.111163907614177
121.28489391535004 155.37834492485322
100.19801495600842 16.50273107918529
143.01545197856254 165.64648558233225
118.65506859962902 18.081301144015118
124.3075068677896 28.597518291448747
103.34002021561906 28.16757915311158
119.59862599341889 29.25485451487826
74.70400229204441 122.60739301234885
111.75652990928948 28.077276021080998
131.01718165758115 72.70374784197544
116.64511802875887 25.97649122616853
182.99324318462848 100.19162030636852
110.43287721048712 21.285466310974392
112.78214253038422 29.47926141152957
104.38297558446365 18.449162468390938
71.04264732956474 134.04816060091787
116.97903912708801 19.61160375821928
47.385035248706494 40.732418716233845
104.54597350438515 151.72301671156004
135.06168152516972 30.31926329180213
125.53546547508017 51.196429584337196
109.33265605998312 36.85667691656706
109.8694865868112 15.926278192296415
91.29543604853123 95.87043696595866
114.58849032148794 123.16775977905608
109.44947070152885 31.873600293816395
56.66201663348132 131.5598493103534
110.76923656170385 22.083394687681352
111.58594770023021 36.090674481763145
107.33409117799032 31.478287130358776
95.64777564530304 17.52198452774606
123.41496568694559 108.69722973202906
111.60131210701852 42.36727053719801
112.67403913478795 37.46186923488585
59.32192012419237 56.351329372913035
93.71553575474441 67.5093508021713
104.1888345186987 31.78636004385583
73.37683229089411 100.6664252936899
104.99223622908426 17.867379956430913
135.5241632631434 20.386579500022368
92.33049188810881 23.12265460465676
72.38457165428932 12.552637712070368
105.03873612167227 -7.70568809460308
108.24627309398234 24.975089477195553
120.95274453364702 4.437858973935169
130.38347849831902 139.02358041842353
103.70033305014267 21.07045128816887
98.79853186009048 95.64933907681466
101.9625599837308 57.58024907904162
112.26519343438633 63.70384978300654
137.58971963130594 38.44528392470994
115.04592738005985 32.24124466326288
163.44821947051176 23.648648313519345
129.32477895141315 8.062527726973425
111.2824649040325 42.44057219566692
131.02023525808633 56.89291728788158
132.95768203993526 118.38689417644841
51.697120486447524 19.913150065288516
109.33766487609184 28.005052011994707
131.7111642701036 62.44567828486582
150.30796624988648 22.367562168041765
111.57204457698563 109.49678889689149
124.60812297056803 25.698290940668418
110.84301737945151 66.92114330711486
132.07572731970046 77.55432938388535
169.14766082695667 33.97973419909153
96.72167286964921 47.67841847743989
97.03431775484687 89.95498549628603
110.16574862739662 83.59302222033705
95.6217890551616 141.40535738997315
80.82469675498686 86.39602142018302
114.37959994720582 23.728392777598117
109.4942989981496 25.92021981589859
106.15309058414108 21.574418138651396
135.84338859402752 26.652162457631757
113.63486214533397 28.148318202108307
134.82699287849016 82.31909770432507
112.46026212769978 105.29053199304363
121.39355703278926 99.18279113472494
104.19658837743499 13.130828750104554
97.41515972372369 22.033910559052295
112.51281809802724 23.726613113405477
100.80938002898135 -1.6382624428400985
130.70316828179824 33.85034817176894
198.95183986759616 32.28891249414479
120.18429326808128 140.11416339593714
95.66862942958186 76.70801829144916
112.4796950883576 105.9471523512249
123.45993608850755 21.61171365478838
103.59381548272397 20.05445802965762
92.56360529011998 19.230949703889767
98.38872758707224 -17.515775181572167
90.79844816076883 12.426557533803678
88.70134274487248 14.310906023663206
136.18761006463836 15.92072259715789
117.51444594951263 14.425337582240825
99.99628501694369 -5.158173031405559
98.81989267410202 -9.165939791922565
109.81223760034665 25.91563467847835
121.82491342013542 42.810807667631515
110.42626270427355 37.98148142861789
124.75309926015505 31.715425125288
133.41514022285475 57.77597562347605
101.98000189235778 21.811347785765022
107.04111741438953 17.86444829223971
110.68670269336536 85.22837166450199
99.74772089973293 39.778865011684665
139.337158891049 -22.93064942207473
125.29900920718447 26.488114851551344
99.52724814616221 23.102113972304423
118.51727695685449 -5.268615655137404
85.23146273655057 26.166029470638026
71.41733660007951 22.144542314892274
104.01668213859807 22.12573692040108
112.83691904818747 -20.44413496069967
108.9316092606877 41.6332748406748
109.65349045614298 10.409204503055577
16.150630998919084 -50.59365458795429
111.71501185397426 78.87608752424646
109.02331431774353 -0.796047339403001
137.37730993587016 27.4469424620182
91.0387964726843 31.84747551766554
109.57940990285127 34.46895851142153
