98.1000591298819 108.64067704988823
99.1086388687219 97.28356280388114
101.27262192742668 108.71449896910588
89.01282633530148 110.35474860788939
20.785004914719966 35.447220620540044
125.63622809830851 128.07686213643865
102.68565336972875 42.125909299521574
102.22928022866692 85.58006915829654
92.89811931259038 12.175561986426828
129.6096523060006 108.33024253736328
17.491116698919008 17.48419234595454
96.62404046938838 13.27609997916016
110.82106829986844 107.43982224023769
141.84678155735554 120.77245338649449
142.25358385786456 100.36909499485645
126.37682003408516 7.2862989640728015
18.32586810197761 51.886982155644624
106.90205063088713 116.75110297519578
69.61961168221363 96.6800208999152
63.40103293913213 132.186925610117
115.93260711071781 124.18740311063915
128.05718908832318 47.29836027273945
127.81933023801953 58.10156067563796
101.0026008553074 89.82884110556012
98.83123664274214 98.74115716077723
71.21514120934059 90.31434861941499
67.68469680183149 66.59672088652725
109.70426595868572 111.14513482231679
74.12401524259863 130.0266197458905
110.66656565300279 34.70539394744932
128.72490341338712 89.65354040402856
108.74588727827836 18.697023326977327
99.96640276491445 129.23259265663435
17.434755709559308 42.94050250768153
34.257989572184314 124.16194156603879
76.03932612877429 134.54946561831645
132.24306484610446 97.09672369099735
96.01436306794258 8.506054708526026
75.3282840755052 118.78692696952126
89.97179752589574 16.95011053503302
136.82884868730252 96.73617152398477
75.62344885990963 99.00404166548589
17.44768833639244 19.091027906947375
135.55879308790824 19.647511699916095
33.5656957919681 29.16549777360304
122.69573795331092 134.26115647377785
33.0552099695225 26.342412568895252
116.71063851893203 57.861046403743906
99.38399305912287 82.27103105343318
115.54148066174427 120.16716394235651
18.60806652388199 16.268412058152514
84.17626502172736 64.47830435219305
127.21014459631294 131.66938359576136
75.39914648129205 142.41263623865518
93.06698557139795 116.42058500865471
51.861643498992585 142.39981857059576
95.21820836958408 98.15090140306762
37.359164816514934 40.64118937170322
96.71279313146448 25.82952693539382
115.83341251207536 106.9193340871223
127.78280538901872 101.97380240021124
95.7374092517163 97.51045190258226
100.75868977586916 45.05198061097091
93.60969195154667 97.41222280735485
89.71829148104923 25.051245997877402
130.2010312659938 50.18052993212213
22.897057604539324 43.70621889409568
105.99204027694623 15.896906177341307
114.68347855983241 30.688410002569544
111.53952646942913 122.46177495529298
104.62251074148406 103.7527176196039
29.084830887759665 23.3330978966636
118.94511150405803 31.66444042964332
129.54289597218295 130.9578865473422
112.92399627990949 103.29739691397694
56.72804103730228 135.4543243859604
73.10357638307266 105.97822924750854
93.7681506194831 95.11181874818435
81.6799819946768 104.56124233478197
99.11045098980144 93.76575883908501
106.12251482330453 88.74091107768584
84.04104564809138 106.52385057155178
99.54638148292345 96.31872872857559
125.57260027327919 128.4455379616411
139.7363756612669 91.66770008243356
118.82831153439886 40.653555442082634
82.82663449050214 105.87698715876402
115.00728374829052 106.69997608095441
26.02381656563418 18.60983841609224
107.12961009497663 38.665077516932286
20.959080010509503 25.504423921999166
66.27052833921442 127.68240723208386
59.81938082778898 23.50836088071753
120.71116026307978 128.341818861441
126.70304238257805 99.14668173071613
99.80015159114043 102.90606227945226
115.043107174449 123.70290364083768
82.55588483369235 102.9790412115538
93.80212230160406 28.149320296052313
120.1816356152833 78.49942868278241
95.47413392439302 40.88685401602453
37.84600350897016 42.91831529834137
107.07840247804887 20.046314972661573
37.4366963453941 38.61764517700311
114.63262440126758 65.69980044383233
101.45674465900481 12.027913863435437
16.30717320953814 26.062138831856522
85.00198406163545 95.58136879105423
128.94145030355295 103.03759945765789
99.3785855995808 19.724964229098692
46.72166584554158 29.0712272163743
104.59402484574865 16.541177552492314
24.62246542072504 36.824252347251374
128.62371571231918 15.997234177507156
89.87942821688989 98.31947958135979
80.02977956005937 111.87890927208107
99.9667523625601 21.200714612733943
100.18914741923484 141.37631584649088
113.01740527093867 30.773673757611366
26.574933489390553 30.18421377848489
101.62747613411042 103.76166696563965
111.76282129847894 104.62893865378064
38.90146439036305 120.93981492011469
78.88366149979107 119.13460620593588
94.15685254765717 6.228116763303553
99.05745327161847 120.50203812309651
90.13545660764315 18.18796495767515
50.14092867950425 138.61138451456904
125.3034625854624 127.75253217083042
117.89480826684833 20.801672719992567
59.41042551691853 98.39512429174883
105.59300972809429 14.862789413183622
118.21143355381486 123.90296612726522
103.57741937860455 110.4530426665471
84.15703132488356 107.79463630910325
86.18384812205537 28.343447297833663
97.55175805021099 112.4808908800532
116.43899937665053 107.76929031548252
94.59300286280836 24.068051661370976
67.73967379019476 108.63309523079374
49.14562099533381 131.678537370943
110.13396739225819 117.63134711030403
24.12944113846486 21.856246953373557
10.133509468247746 51.29034339071099
117.77651026078274 47.79380142026159
83.54908101022299 119.18831389413883
137.57993028881816 129.58704982597766
102.75320765055643 15.99981915873319
120.48264361589668 105.83196484343719
45.50941763863994 124.66285924235075
87.65994865147917 101.1457660238468
91.02461013407412 103.98435277653144
76.67263063995614 119.3575033597818
80.80115490461756 108.99413258821896
29.686444415945747 23.07015849629571
115.6321058559422 54.291404558164466
90.84226954312076 119.18328932648546
15.013148430173098 28.500726946878157
131.687755278227 30.633782308043415
90.58411126667565 28.825890327557783
131.57639575740893 129.53610770193737
65.54092434636777 109.26854593683004
85.85001955626447 113.29659725923513
141.4036850913029 117.64463367845657
61.655447491365045 93.86326209188415
104.84796198164489 112.67389380879014
95.50831948285415 39.42917430287321
105.34177369692506 37.23045090885145
35.56067434655429 47.902929308361365
79.89766856906847 105.0994329257395
82.8499522688396 108.10158293177543
93.76004273415063 127.44906871397379
72.58643537695737 142.57095462616502
94.19699128749522 122.95762087941604
22.371278420697035 23.9352946002035
124.16779896327463 91.7793588078524
110.66149389276718 20.513563860516125
118.21373922725137 29.877939435320457
69.56142165642208 93.85741230872868
92.37713137870097 16.364910352190368
120.30808298801838 44.68990318490867
114.8696959047944 23.482123065899994
132.44220129043623 93.85003202821383
108.02286535722972 118.18429044778794
118.55912893855594 36.551899130695475
116.5389457714786 25.348342084892437
95.44894040095811 108.02187480873442
76.53811427080944 134.14625067141827
118.33188424302465 95.65325887173127
80.97825498385683 116.4699896025735
79.93395402296063 108.1313415846519
96.98054703347218 15.082284535591903
38.708186462224326 29.727591360884112
107.43038918490154 7.643164206391525
140.78176050995157 90.5556932511408
60.5953679403616 114.28443214081483
42.392116269055755 47.804617141898454
129.7212776488188 131.89034781446122
125.77065748243666 42.375224309614296
88.77279644415806 114.53486806281889
30.1246602590153 35.41337281493399
78.26660447054377 95.99826412603751
47.70396529335629 30.463126285306377
105.84803050334224 17.232591129608
136.2722335043676 112.3292356665896
111.79002579305438 25.81695001705141
81.35205085676213 112.98055622235483
86.31976958969732 82.3349120454428
69.95705466189379 100.32637458617694
18.5698873323564 32.259515625988485
18.29601263932755 27.893923494218786
74.81384635587547 102.82477027701927
112.8301871957793 77.40642383765758
21.778775343028386 29.338890438665054
17.84033798429309 11.426708921750208
123.71396044596187 135.81493217215777
92.63925039327222 11.204007541081971
122.17196592649098 136.13489084166326
110.77614180335564 8.551183773653184
111.739396490046 49.18252929112215
139.63249251588795 117.90591720479354
125.74694693397099 87.60757760618317
109.27139423395245 31.28821868514747
133.56568474606843 97.84426059662395
123.72102139486564 37.14593361334216
105.36191162406496 74.3593814946501
111.61525560512668 8.151192252848034
71.74225734211484 20.274390501613674
57.95339930534091 129.30517534241696
98.49336229870713 93.28663787313518
119.93796598804418 26.85217874038745
26.22875409034219 40.04862756303208
120.11447818810852 75.23575217120492
128.217866555386 131.5866813667019
89.08160696479192 127.27692394115921
10.407446907592973 37.581668307414155
119.88433227756408 19.968600552504537
130.06336577192582 106.4068910676523
109.07493239335162 120.73678202895668
115.56872377078832 43.686042189176796
26.053563204055653 52.718465402859835
96.12592285139782 38.037783571974096
128.01222796588425 124.74466420024342
29.617750358576767 25.260607582497336
86.30988960551387 107.46832649374169
132.0817955710541 86.94643419257999
56.19248378671439 113.11285798593227
84.67793257392688 9.926573478119671
98.7652809004836 35.36060357804406
19.433214485498386 21.226322335188375
74.31239160109615 120.53160765853933
110.05155285525362 49.38606064116844
84.37433910498392 118.17828571571704
138.08457946457455 120.97759395926278
25.82339572035576 20.666754901639525
111.52059715038207 31.942443326785796
50.18657895722382 117.26086263515508
36.93938926703892 123.02836827150597
111.66400163853254 125.92620147509948
97.27550078937365 15.88205156500564
109.58763626840378 115.80327608213899
47.35651236509468 123.07661423932893
16.589355347796573 16.60729906515822
110.58019776625774 110.25399904941291
119.83760001900447 101.31474074805219
58.49741646756411 129.234829990618
122.92944643518287 133.23634022535822
62.82688283358979 89.12083544935406
96.97462056837544 14.788997947130875
109.05815833387945 27.17542608723024
128.02862449388522 10.404121230250768
104.35831240020916 17.311097527030558
105.91349103311211 36.424603754814115
53.876244387089976 105.01181476737665
138.80149402603672 91.49204980354054
126.7907488735641 138.97128042500174
103.29673940689983 29.659019656349624
40.56282636330897 29.18168903410732
27.232140329040174 24.233955182743127
71.15814482772485 99.72019833446316
108.0194998176366 17.418945279548055
32.92529758833194 25.018319468944092
136.9484937682822 135.4649006023575
130.2986556957355 93.98078368838827
100.98412541493481 90.53651042820681
88.03025670221064 8.603086732843073
125.20659948043331 20.791267837178474
31.668637615575243 19.752748306667048
101.12460105437125 107.12958869802944
89.7769017683206 136.1418842947682
41.328389687454944 25.276502566666508
75.85316256466787 23.991921710241428
104.40915757109134 114.9890870591006
119.13299343022615 109.58152666852158
16.031707631389448 44.517114435896744
110.33021776432382 104.5247639284218
97.87700919551936 12.982596225309024
117.226709139304 106.71878472750296
128.6082523122529 112.54793612826666
120.0766200023125 121.92134160581371
32.75024177581583 20.29859226741557
129.13903888719065 9.97432549223489
81.98071079416496 146.68859067319565
32.47838958060746 119.34415146856577
13.41018114290472 49.534632721721486
28.439936087810125 32.20795922361747
122.1082296561559 24.539294743666286
96.33654855004572 119.24387985731892
31.130864683633106 24.765502991533705
14.384981899956816 17.944968250874606
32.84447802094234 27.384876846828355
102.14743409654486 41.67672709825918
108.15369232503726 106.25950113018582
58.511902148907495 128.3210964940609
88.25414119481633 102.37185432012934
50.28411558743414 115.2940777981846
16.489003104791745 31.872240569221365
89.76181604268163 9.697414011127007
121.12311503602761 9.04404127270181
85.17874974471049 137.44697145393542
