118.35982162845784 73.32443877505625
113.94498438894362 134.7529580849476
118.17725473632183 -3.7372626178887547
50.94445576530108 154.5886981189502
94.37270772721625 -47.53784086809218
88.55059109769697 -42.629232618593996
114.7074423804767 -11.761702582489207
114.05825026839489 23.091725805988137
138.16284414476064 37.458961334510256
102.03428472581001 10.330108328993168
114.17757668834462 17.080941577673194
129.6741981717209 27.315283214751897
107.87082816064637 43.139684288240765
80.91278804513043 22.158688645697616
100.97251949876497 81.0415315918716
87.55917870022894 23.238359655709854
97.0499412199579 -3.0873849887727935
106.15689608535486 132.76285605034954
112.29495206882311 -20.38910411022254
121.64153434506167 65.13958147921028
97.23028099342532 36.9609447415966
99.87270419847354 -7.164465467277582
93.40733411667068 -1.0553609961641879
113.96525056959801 105.16158598544897
115.02011239163417 -13.541401456993732
106.86723055135128 68.617650112569
105.2738227424352 12.167388381747418
109.91378968187848 42.417720660346134
85.30462790593174 30.225736986375097
107.7807128729432 -2.384603279407422
98.14084440296622 43.2152604395887
112.43653844708093 25.665987735596914
114.76068607512356 -8.862345477296888
113.47635652061443 37.837451759428255
99.52795846550852 89.70661890932617
104.45500544525127 13.201647642477894
81.67342918171681 89.16284723049617
116.10518158478934 26.544255945599158
123.76863030403918 18.04966056115368
143.01442044567443 24.03831710379744
80.82766707669 -40.854684112609526
142.93093051430833 22.996679170665214
13.775628259406123 15.987612715750595
84.73835189280689 20.23307342872337
87.27837243726553 20.790784731369783
90.55232988430569 57.77357445646824
113.6842083911344 24.204407995729717
112.28983585383894 2.6760101294513774
118.72653454448371 38.441749050312055
94.63295001169513 31.68950979367272
136.705670002466 25.686174100761516
71.04186960502768 -13.155158073627968
78.62100254478193 49.92700651641427
95.88836189112425 150.80507749685705
123.31259350617596 56.10938681622179
107.40687049677088 5.687854177153155
129.18451113265834 235.84384895986142
113.43561144716462 2.079512850093183
120.20770083292719 10.394362967152052
92.7919639196015 123.42104147538424
82.2765754366083 18.74862576153342
114.56181989933596 78.83877499047499
118.08635344811334 3.5621008256120033
140.12306318379532 46.715392158551765
123.69144295132571 22.25967815244538
88.34612160444499 -0.6776700792226698
133.2833999760716 9.111163185344886
110.24748751416305 23.221757265114203
103.20469418725472 8.046745664109334
116.52354655862844 13.717898663161266
110.84107974638016 117.23577411099667
123.81867162314322 15.477615603067791
90.01293399474953 13.39541722365476
100.12251748303508 35.75857656816522
108.77414748846856 36.7945141979674
89.69279049391146 66.85837290241149
120.5605476787852 0.29905721234211824
107.85961566456798 -13.688202705020021
148.03408406641967 72.60858398050651
142.8415009921791 48.80666537548595
110.00408304375615 111.8656725101874
114.87586314651719 18.144629880031843
121.84934026186616 71.16247521577576
102.63633392656214 -35.764138344721964
79.92378227718983 15.305058759126085
102.19255003068662 14.767518175141547
147.06316619630496 62.23493121497914
108.07930310097316 -4.7130677086656405
122.61862094639122 19.896672887180582
109.77118554825763 -5.2806019552646575
101.24156557755771 22.953806866095324
97.40409900105311 57.65169569679051
24.914830228364455 7.209255451707737
96.70583336687334 13.673862630545255
106.44481382878448 64.78814659787753
109.51128640653329 89.25717409661267
101.1435408463562 4.024358147280701
129.47537925471678 58.65174208975528
118.94146967830893 2.7525604509364823
95.39004983888567 84.48037773352245
123.63633373696446 -2.589146682382701
18.012022550492837 -6.910125978988556
122.64207074569633 20.130013698404873
88.83911490622577 3.719800631360851
102.56200136303919 13.180174154099785
124.70076820880779 27.34364260062022
150.85589570038178 23.906342419827208
167.6458836285748 -57.55957406715482
77.86950636303422 -33.04251616105661
118.76965325444961 19.408512772221798
109.1323574123919 24.540753961790752
134.53396055682697 28.0385962228403
120.85032291293277 11.842512752363525
95.67659271395814 24.754005258968853
105.49728475788484 99.06653330484795
168.33590004380696 -52.99719152420285
117.02100965348176 18.250818100574875
76.55021604569973 77.38085703084913
105.81946064774122 32.04980842429539
85.1990473394351 15.208600641746848
122.91086120792284 20.57396163756439
105.33594171993991 -3.0067468518419593
125.25129309248639 13.348698859740868
140.52333409637723 60.710701726187864
116.87630375786263 32.43234155553373
117.49501952981025 51.53868872430973
121.74985609038278 20.491138148762513
148.47430703445127 5.712253331038957
112.56399239388188 27.02436519104974
119.82627859298236 16.933964996914778
123.04164334820352 79.31772077679312
116.84181217537196 25.617611705261492
100.87072482074498 94.72789239385136
118.45959718960633 14.219798088980433
156.5425706235048 121.30636253037973
138.751470687673 13.160198037908394
117.53453473372635 17.96968177635969
98.09905558073842 60.175798505317715
113.59173423333276 16.14636566367679
102.51933020994765 -36.799261739293556
124.6841376193396 23.74727258325744
107.2184838970875 49.00824380148892
115.6798461032199 18.394754475397793
109.1021746787283 -2.8277851020251092
105.38283755004011 -51.25968764440256
61.71391242817813 66.86739692476658
81.08253560052961 24.692656597591174
120.31600930877104 27.338955666250545
87.17635931832692 40.75481552501629
110.60741324783035 9.797216358907436
54.17397592728455 63.83374370066408
123.84947317893915 76.22774938393022
156.4689631375984 39.751246069947065
134.21500049865432 58.760632565871276
96.39843551189863 21.40977985905259
101.21336090150209 -49.82414154771213
135.82525712242017 82.80417022870658
95.75987004040765 13.576164602616608
74.35863113525942 14.69425461393183
127.40180109252638 11.238877745861036
71.09399248629249 46.05353264650305
110.63202918798395 91.6903783419894
130.6532622157649 -5.286258915386066
79.14952014446759 71.65320735106927
118.14326834655144 -22.251834414716015
106.98558364383236 119.99373655381041
126.81856527931168 -1.2354084618872068
116.89613152206665 -1.5118982953854911
71.2356310309155 5.064854572709222
133.8203410674571 39.225499911390884
93.57834764368661 143.07954846069472
124.65478068336431 81.80007452206058
101.93584010464349 3.8797223816509208
115.97874745941687 82.69185745932765
109.81545227114073 21.37528136612773
81.07367768775502 55.24326529172967
110.75777259626955 20.51781357030385
108.48761648139669 10.506882468651325
65.96873882213295 -6.86075431009464
136.18579753192756 19.779917571281654
102.80291370433841 -8.986098684940742
106.19945694443012 17.469622424409184
99.42547319984554 3.014126363014611
114.10313654281335 -117.68014083049005
100.25859499798555 3.308376244343552
101.905475298595 24.919497041862904
120.69902614442232 29.564153831747547
154.0407730499142 156.4777137539246
92.80977044442231 51.331152717433824
131.744513962351 71.48736831333834
123.05300865705532 34.974751025182975
143.65785069390535 42.744135180798864
107.86717888598632 10.355324310825495
109.79242951724821 38.63574772167672
69.50286467010245 43.04726032574653
113.8509769355874 10.283606984964306
145.06090799800074 -4.057073279651298
101.27280913641894 80.25052108997497
90.18202864651222 4.329061334342985
142.22075314223312 81.73239100611742
130.3056361258188 7.693182283171631
105.72326144661066 9.159781951694644
98.02589379727127 12.801306388071387
120.691281075615 30.256050981694884
73.16084811993754 121.8918831860123
110.45376066375144 22.75278197035089
103.06367758651999 16.434400893733482
118.52606279761258 1.286008107584348
171.54882043275992 79.04949492277046
113.4834991771308 -6.822522153368611
107.35900779889468 27.16969888500513
94.04747610228952 25.701501051634718
102.15613914554099 115.97751858825114
103.02691895858248 8.091761157760097
52.33793320021645 49.5662379013818
90.5418214903937 159.7223739146393
139.3370682750122 24.994423434992243
97.65347867703096 -37.010344165161975
109.18303147274148 40.97999768464987
107.5541166906434 -1.984855834513528
74.80052737953754 70.47741381219386
103.21950924477925 101.46905671793569
109.60808605360053 25.557092233534508
38.69045308925409 120.04462060703503
97.5385067065442 -6.902817052146757
115.34457605291574 46.73813671242772
106.94244045726633 29.75472877288129
85.54065570958167 19.78588407270136
156.29423323309322 90.63994813281516
127.00024606012646 -7.899701004298907
101.46638139059544 16.66646575896111
99.97331826256914 70.52768138072445
93.00384702327887 46.757513098673144
89.37218490126742 40.07387817699662
87.67545201050685 92.09499423568845
98.81284298961172 -2.2799730772840006
133.2888205954814 21.348899689099596
83.22892097665951 16.53627579124137
83.23699795664459 -30.06373156855176
101.7124059087394 -31.27808602185919
106.85024380534551 -13.188286829362498
119.09530249078296 3.407104222801479
106.89780525150289 116.99087336596345
112.43416097488664 10.146939935630941
129.0802031784958 106.63705818278949
90.8302937359142 83.25399198435541
112.346194003944 53.58198854868404
129.2405166590973 31.114297043740713
125.8023359547267 14.143583078847708
159.79315458400959 17.95432324313576
137.2613061660829 -3.4501599172431856
109.81320993410279 -13.410623379956965
120.20612672751149 82.0848888777649
99.05433463850112 67.5789569774334
71.51660531156514 18.6242318650738
106.11119470210645 21.231708199082412
139.91453615301353 67.76234079135399
140.34765962816488 20.151469368021626
107.59463177583274 93.13708986835742
126.59456516316175 25.09278148327881
109.66827688551162 31.06320860130064
133.54544902042318 -20.74419138989066
164.21723838173014 34.77481611141282
104.4320312672059 53.8186729107313
96.11193935206127 96.25667627528162
97.10854492775418 73.45315443658993
78.44808268080436 52.465011095921795
74.42259316742958 64.7363860165909
119.18586377464872 23.777014585560003
109.98696664091838 10.857179974796335
93.95583253152195 27.980293379115718
124.94282839034709 26.11125474750769
115.50222809383831 -4.433655603640542
149.43418287925425 33.9128486328317
90.65544207996676 105.58471558688319
65.84021367241128 55.14366560278846
107.63547223202809 9.52083483750659
115.74944011684165 9.728007539691351
109.68349821846715 14.714795820295107
99.80013738070647 -8.718560339779085
106.16105977339575 29.285691607666642
202.93354064757733 18.43633454649985
76.81424354736653 83.19218228273758
87.96446462807872 74.03238629025748
117.30722968363908 64.67742996711618
123.93444784832846 37.80883202430531
101.51410997018135 18.940083810960868
105.30265402081542 19.787025967364954
103.54405251584096 2.9582779854512684
85.17547666808727 7.877683660766692
119.52238034247873 15.91368629957532
143.34750893554582 12.847747707175415
114.84517624319972 8.443687053353816
90.84359917069088 -51.67768769700001
99.05895225930226 -8.87329854139996
109.81798368980242 35.11757696076084
127.46524797203654 44.031124722461534
92.18377304804814 25.794504804420008
103.3510358122051 -11.22202579035045
117.51635368850606 6.474794421217512
106.2739008167828 20.994003850687378
94.62998469798906 21.78849753105075
106.88625049605089 100.81286458438282
112.17160852112912 -0.47189437533741607
139.98281393426439 -26.442600731851414
111.56157552307528 20.964313665705994
91.43065965527121 17.331622396009287
116.07353809719667 -8.637772494044567
84.95529525899462 19.24376765159943
82.29944566587903 21.586340243198386
110.49659250672374 14.890989359996315
112.60932043680248 -15.062602763197495
108.87344367445789 29.092239002380126
117.4235786276257 18.221355700445677
3.5240207458512867 -22.690454348969343
137.54853735542181 84.54437444832128
109.14170704438328 1.8724587017807237
147.08135931637827 34.812431130386145
101.85830459151832 32.67410248118782
101.07359765882389 54.69103766557014
