118.66453684424874 62.33763032089079
117.76304672605474 125.3709562483613
115.67449720276977 -19.078689802429828
58.43917742145505 142.40814403002295
90.9099606463474 -69.23734701840085
89.13162715700803 -52.1479049617528
115.33846134667643 -16.890300462771016
115.95959114802696 25.26936178839031
130.46821437451578 34.55894783346637
98.57441569094405 10.354889992062486
113.7835488165707 15.264255891680104
128.54485090689585 27.20409837223465
107.82923968159942 46.31803931750035
76.89697875168885 10.389758544889776
93.97369162568185 84.8209665433689
82.89741210283582 26.19817176889478
97.02450011640563 -6.120694610068952
105.21957148307813 127.39622165619787
110.71086067008117 -14.286729687243277
121.00160948161535 71.8982249040553
94.6446098849492 39.00793932753779
96.24317994964764 -13.927367268166039
91.06977728784967 -9.525997631842737
114.57541589901955 93.60727693966763
116.87149729884122 3.5331945776235774
106.99694243711093 66.89153573279437
105.2141856776626 12.673070945416212
109.8470638314301 36.31098744753592
83.06077765037453 31.984639581065323
107.28333921925373 -0.7230628207607792
98.46617194497476 48.645516563526016
112.08192480100011 24.46879319321808
120.2131988957543 0.716768280517015
118.70142278901375 30.277985039851472
91.9979879966184 73.6183124067486
104.22944692165272 19.49187518232748
80.19360874661173 91.8582734732347
119.3558274603509 24.898601421056917
128.16506744881974 10.50849692732992
142.21282505342577 23.085678891347605
84.26685137514846 -46.6354524376928
143.1903065608892 25.659752713443513
12.070700738252269 20.40099096545536
86.12965828600818 20.327900278837834
87.98908951699912 17.976990634715357
90.73314034348765 67.12092566517533
115.09541487737741 19.501872525736346
113.43132709893248 6.271572255642444
118.57459640205668 35.17544880062014
101.35444568005187 22.34162627073396
129.6190456848706 24.343477972721853
73.65125717630818 -3.8479755277158185
71.20457462225572 53.240743024184205
93.04892981919393 152.87920974661503
123.30821393016828 67.92875272536342
107.05299027081512 3.734405625883306
127.68202610991884 209.03397031939895
117.09024598603379 1.92900959944406
117.94457991184093 9.939597773962541
94.49299737943991 134.10805260002914
79.81050806420686 21.93166479492689
120.62881915217001 84.13179879685867
118.1788021306064 2.8006643679210947
143.64945728899966 43.084149149370496
124.95265704730106 20.277277037756217
84.80275725835749 -3.8106871746785713
143.43578459609478 1.9636619843453862
109.04929521848943 22.152452657473003
104.05662100989422 7.326020043730513
113.05856957844749 7.754090190174539
108.68209957156931 112.79571160162047
128.49121747619398 14.224146973773239
88.39634367021556 11.459733855613019
103.09000857176841 32.464740260115
108.88789116663722 26.62749541971843
86.41537835621759 68.71586946922926
125.64675126508644 -1.2701865629224751
110.07059195967123 -30.024617797070594
148.41754346262286 69.874833811191
142.29537864275835 47.1930227099033
109.20864371877711 102.7313184657135
115.48233263680007 12.727562231766845
120.75885742924379 81.5746920424755
97.97936933524315 -39.55777820013465
77.1197616727576 9.071308330590385
101.3914936960622 11.793025466011256
149.26208860216636 51.97780712665455
107.14006627407976 -4.3543738893757675
123.49744137190845 19.952253125716336
111.00304055744589 -9.551570028254048
96.99253780868803 20.36652138379762
96.7631482351277 30.11949002247048
15.02171891119164 11.729192211960026
94.90131890656093 29.589869000516533
108.96909432349166 68.18808756351763
112.1050513334516 85.56477515964832
100.84862521691238 -17.2564326004776
124.84940566224458 56.62926013606343
117.62372757371504 2.8873526052680103
97.31501089878434 80.83755459802202
124.5182146578739 -3.8339776420449536
8.521445201116794 10.217933566106407
135.60887816855478 19.946871410113328
90.90446768625462 6.854450869156278
103.23430205569667 6.7038671905033915
123.56866696715977 25.319496677679634
142.26509433484338 23.44533221150532
163.60434622576028 -53.30235059117965
83.21168195224746 -30.779362567068393
116.71878572008671 19.52248114271824
108.89507715832785 21.02963072453787
136.11437834364 28.320540925770615
123.57502058931064 9.841327535087878
93.20844604028453 24.787588678876467
109.8451416185896 90.43454202350328
166.8127806665258 -67.34759908628851
116.98614483233362 18.01034344208973
76.80189111303262 81.62272875111593
104.49897720327219 29.503138154155664
78.99710278241143 9.803683819548128
124.19717875842905 5.667177627193344
106.33071922402455 -16.84211539542877
124.4830628295557 12.952336303643488
134.8239446117896 56.94334379230933
112.05046542303471 33.57912183108338
112.90310017603039 61.526730510815405
118.44960866141051 20.79099085631721
155.05696261571504 5.311943788560924
107.1158339036231 25.69888755391054
116.8650113621184 17.48758350835371
123.81360354052367 79.21667073398261
115.29725905322667 24.731311977190604
98.43821694720307 83.02693078153527
116.09121497633615 8.523208981355332
165.1665116479403 107.99540652172445
136.21095840788422 13.740256927088
114.00979932332945 18.745944422493164
97.24445673785284 66.9227359815454
115.7863326551318 15.388028691928588
102.69233200967074 -28.37472901086567
124.69131104792113 11.288891438731248
105.52468468723326 35.16364661840354
117.16125370099418 18.230776577410165
109.07789025578515 -2.713739578467477
103.45498208102147 -65.06883483041733
56.89286334140424 50.858980411185065
82.51738354865644 33.1645043694075
118.76095006101744 26.243357686567247
87.42014979317605 35.273059179737125
109.86889825415285 12.265577285284557
59.235301927358826 69.61617024237013
127.72374690541093 75.11911549270899
157.9896440643176 52.72428929818674
134.76951046042035 49.151364284255195
100.5607903183671 20.711410588294733
101.52743464887281 -43.808215493800745
136.55635653300405 86.87508160927135
95.66670663257027 13.304256197432972
66.85810656125686 11.608788292943627
126.11252789176609 11.028508490244043
63.03791695247149 37.87773892214853
118.00834121291678 102.85268028013675
126.71609995406003 0.7834954665743026
75.43857176874768 52.22501256525127
113.92230025180396 -28.541662815525164
105.10100394250891 127.91659215092284
127.22192231419443 -2.2413579511956176
116.21811795286017 0.046627266931648315
70.05829276053316 -4.494132271233536
137.9780587409835 42.93528109463696
88.65616886031059 126.21307244943553
127.96357644685072 78.83286133935708
101.05817575636385 -9.350177841877073
115.46508965267485 73.32781299058995
109.8556238015645 16.696219389817706
81.71923471754535 51.017383711558765
107.0861190373065 19.58431511060332
106.54324608060874 9.309004630292417
64.12540504634018 -5.845654804685143
139.33326863497547 19.8781697207517
104.4294917929048 -7.472443438396956
104.51998053530119 16.006735894536394
99.09390650761725 1.8037039530267183
113.9478087550619 -116.99209524930902
97.63660457872238 3.0675450995320452
102.04055136722931 21.829816635895767
118.33385093975077 26.23994910406943
154.3358235845915 158.54058263154846
91.82309193116012 56.363261911349156
133.2745368137849 61.72748850671091
127.99540557479024 34.97593984601962
144.27916990980552 40.421712898971
107.75487018931659 8.445008828335867
109.61304204473133 38.6231016141096
67.46323826425456 42.917203791745294
112.93912538957571 18.37074091042639
143.61620301413262 -5.057029898396744
97.46933008799647 60.05031691127912
89.68937469372352 2.7506660454209055
138.5079123467147 60.001244627069276
131.02282669123275 6.407444912573733
101.43026560930818 5.806879869873528
97.69033703457362 9.620227550261681
119.77606889340595 29.099355790497878
76.04691736516284 115.76989289046408
110.0827813361179 20.97743954527219
96.7996861113909 8.244332622837732
117.97410285275353 -2.5064480770737783
163.54077888855912 74.79247409955629
113.81747351563224 -11.234112946838513
106.26960152292226 25.761820226887888
93.00766386072439 26.80771225887199
111.1711157372657 104.4281859707659
100.20374684000095 6.707677352199264
53.892243631014445 47.913094755862325
89.44617400398954 154.40761900790756
136.63780436922863 23.221640008117177
92.09483504908863 -45.37695848950299
109.22172520374794 39.74017777944615
107.20034749051375 -4.475625078540028
75.12852415072783 62.83952807309551
101.10519088477302 91.58611639579615
109.67010485466068 23.209204122384378
41.74127636626375 116.95167476870002
95.26133081532765 -10.92185191271824
115.66209352190616 47.03317954999647
107.16957664702919 28.046007484914522
85.73328152437205 20.35713743880289
159.53379929575405 83.44434545202591
128.68464543909278 -13.01876776577919
99.67106758142491 11.696297895091009
111.77074393997498 67.96353839867754
95.17511624234456 43.80546962060044
87.76772410811847 44.876599647639566
93.18690592934601 86.69002825766748
98.71807690720924 -4.464978563160835
129.81438346150685 21.397989811945525
83.70566066833649 15.22174612585859
88.56400953831195 -26.006589300360265
101.76879667466599 -29.99388126796233
106.82685178974604 -19.48255982155385
117.21460987858782 5.206533582074237
101.29415176350933 102.8081168458356
114.32246961951607 8.358194125351426
134.82815622312532 104.50658659185133
90.08815846887548 83.66238044993109
111.9680549139308 46.78615208081172
124.45885261088529 28.446081207511707
126.48614146240197 10.14955454757203
154.2266030496563 16.646433365467967
135.7168062922716 -4.35413988181697
109.42609603967348 -23.579863105689466
116.46937559800828 85.48063808705845
91.71605205518111 55.75293524921857
76.07483320463102 18.37158219839637
105.72809062352304 19.42494037706482
138.2598707486759 70.33950175622651
134.10845448270183 19.624051537790184
106.79071399893513 87.70941521367918
125.57548308222265 24.250807877993125
109.37372308493464 20.75270015306681
131.26790764078183 -34.49891236488253
156.11227336502742 32.947338680899804
107.01867753579378 56.42225293912099
97.9070173020356 90.48530409567526
95.28996816632582 69.28049410165073
77.77675996625928 31.514837146235465
72.61166721402668 60.3637583244866
119.1460655079481 23.39721419300051
110.08104908159243 8.05186533245842
92.58462031999339 28.7002628284891
121.07539207644052 25.12700070828959
115.46633554270107 -9.72051136871928
148.45984072783057 25.49197659264481
87.08468695507094 101.1316905235768
56.009116130492075 44.65055152830199
108.69640365408748 9.714417282275472
119.7417325534848 7.705015200928511
108.95912762492854 13.077619242983365
100.8522964540692 -6.234519498045749
100.38456609184703 27.22971725571329
192.96655352781968 14.826187900213478
70.19995950282484 66.86527535809833
88.56375985426645 73.97879397058931
117.58056670811996 56.20117987721105
122.19030127822735 39.4977776129544
101.8270257328694 18.723232475251347
108.88863415037596 19.9205141082494
105.5298579816036 13.448825204269081
86.44934979358698 8.503250801637044
126.376158200755 16.78497523239985
141.53319044230966 12.935401012304707
113.44193518802014 12.269513797254548
90.7476523780212 -50.67915749175641
100.06019467063105 -6.024682430389193
109.81362560402914 35.87825963533565
126.78354496539403 41.758994370860165
88.94646565402387 27.217349773030964
98.70392146727478 -18.62362105548247
112.07426944035888 1.1344773254139895
107.75983717489332 20.668244335792597
93.43340727506336 22.539294141220665
106.26797269783462 100.23455229092981
115.02020659119508 -8.440751047979495
136.1784300526579 -20.734982543594047
107.81815490513895 19.399322650119366
91.95719378410351 16.13633537224379
114.50922737382494 -5.9538270547872445
87.8878756021713 17.538656731126746
88.11255863275196 21.238456683998027
112.07168212294371 13.631457508476991
112.12803710917541 -10.54712448546088
108.93763113995115 25.20331879860913
118.40025462399875 24.825125086914966
3.209253959550191 -4.094240346285513
140.92179918124157 84.85041697813284
109.24536470307132 4.090568196520295
144.53017273556895 35.022130390256784
105.73284629441069 31.13392821455744
100.07984915430804 55.601750015768644
