118.29595458086035 41.20347788732374
124.07624148506652 102.54712542382161
110.09825112461841 -39.74501413652456
74.1795533483766 109.20979496582666
86.41886757727262 -105.01149748534338
93.2864597894124 -62.73876087624877
115.98695887044748 -22.380018138827126
118.69092700607311 28.82053719014119
113.71848913574937 26.737754521653574
93.22518848609022 11.37949578140739
112.52141077830711 12.188365240501874
123.69392984431661 25.91533436669115
108.05714094384211 49.038294525245476
72.00927887831902 -6.565596850596442
82.60311660655428 83.96615620543648
76.29876443510172 31.187420491176248
97.94835981562576 -8.35193041792151
103.87102701604093 109.70419930037306
107.59286631886698 5.232968692787031
118.2389284914992 84.29848978390068
91.35359420122832 40.53194633061665
90.90011739788504 -24.586745473112124
88.33821069909442 -22.412061739608667
115.14628363260643 58.90605956219635
119.54366077187673 44.58564943164236
107.51703118607455 56.13729088750957
105.7590869294854 14.514064070122433
109.7043790067075 22.172900920130502
76.57706531736538 39.8856177286587
106.5821596506649 4.932387017515113
100.7328964423232 62.802872814884914
111.06408473227559 21.435406279149742
129.88951740641585 28.99623756544242
128.16802407369573 14.581485547343563
79.1159656667699 40.706440197486344
104.33570170778093 31.655548722676134
79.86056854678718 93.6382867619121
124.59684061816414 20.88615150933155
134.3851556388007 7.482499547300291
135.78877489987383 20.759819397985073
93.73565336100307 -47.41893420911059
140.73006197073914 36.5891079692605
11.133696444714788 30.51637110138659
92.35656471273705 20.410200235154342
84.28590113246683 12.638412203309816
93.76331001314875 86.50185173683194
117.16319765264582 10.44025646799632
115.18007662400574 15.139238026744398
116.99561473774007 26.789045166201085
115.83910774370473 7.835886895513854
113.66043304928642 21.33709214195203
81.80426967739898 17.027335336755982
60.78284482314811 62.28627842265451
90.12394290134252 151.48515095429474
121.55526396523683 91.97276468466627
106.69969163826389 2.3892442385173074
122.13873775436194 146.36801277636312
123.52515424068238 3.340376234085154
112.37602197289323 10.157190202014023
100.55477013326018 149.1354268990947
77.90059399938228 33.614275799241284
131.44441806030719 91.90880684901434
117.39636325791552 3.1314418137835127
146.92527081935955 38.57069881662932
126.08651839199403 16.29748929349619
79.96711654140286 -7.380390113043983
159.45458165269852 -9.56046994317408
106.78716466792473 19.808365937613495
106.15628512182136 7.146854580499418
105.79423994832895 -2.56377049003789
104.63338986412222 98.06113569945424
135.05178913923407 12.32142741145021
88.21528575918042 8.36423919027523
109.51334977953273 24.224570879490273
109.19543400430301 5.763949455699718
81.8655562528943 71.48461745958936
133.68275749723549 -2.3635711745271317
114.42728312895807 -51.180422340768715
144.69156277058428 65.16710483625974
138.47693416750107 41.403776955016355
107.71904128794769 79.22657876936017
115.97878820200698 3.254241280503558
117.12794491294493 101.19716335070142
90.30462033368883 -32.968675582454566
74.34627492098164 -2.1090003087850655
100.48059573555611 6.9182641253336055
147.94334712298962 36.94661607201381
105.64379632514522 -0.5308040565380008
123.76356614872775 20.043038366520516
113.19587634097554 -14.094751057577476
89.91841732019334 15.188738468441567
97.09000188005005 -20.89474065417192
1.7494306369861579 23.23994010329824
93.34054698031973 61.94034968189877
114.00274178426643 75.67826549796746
117.04006587687905 76.33136232681541
101.41994581428456 -51.75827746364517
113.94543981625782 53.0119623251442
114.00232219523339 5.179169437016209
102.77257487428662 70.54350871129847
124.81015330692708 -4.164823683233049
-7.315637112509797 44.957586275507865
158.22131312297094 19.552075499575956
96.69561839659481 14.461615469838145
105.3841717764959 4.3052047736936565
119.88264886630225 20.642694201884343
120.9789620115659 22.004696282534056
150.81632058033068 -35.263483479687686
97.22952995426624 -20.401743981855304
111.7176935906496 19.766950531992766
108.48960573387424 13.991108171068447
135.68218552709862 27.50012700373526
127.25725050079917 6.849733699892067
90.57893552946507 24.04180223812228
118.3990895834717 73.14145736836836
157.6507521610239 -78.17529141880625
115.81174720571741 17.793700602776468
80.65638064833698 89.11256720752877
102.67273524668042 23.314798175885624
65.20960903903239 0.30678977440894384
124.81292493956731 -19.45741485737376
108.70827805007285 -38.96266000037336
121.22299324282349 12.871983619177781
120.5980711960564 50.29480532304807
102.335338063681 34.23628306994988
103.56162795097482 83.48878891536243
110.797743059785 21.260272851386176
160.767426016656 10.102202364543164
96.91826625290571 22.32058550100811
110.50542691553322 18.888254858466947
123.59845599790386 77.96364541874959
111.71757559708212 22.3887442654637
95.40530074202222 60.26905407379167
110.69222262413811 0.2445278810607765
173.15309560032094 79.65868359637027
127.46093057580252 15.376491989587304
106.60921178027758 24.333391131897386
96.84849213267695 75.10408797818654
119.45085116208098 14.539642071438063
103.66090145930873 -5.780646868731094
122.31352139674343 -6.874986271405696
102.77189410494458 10.796312944682464
119.21046140896252 18.061117982975894
109.10151790192832 -0.47622794863619444
100.58612473183817 -81.4014031294348
47.3995713562478 21.203657679087534
88.70565701344627 55.1627414933581
114.51962036561778 23.059864825263986
89.57700394626238 28.48305555542086
108.39387681625209 26.27636657075772
72.52222718672903 80.51066008387374
132.51941822147504 70.93162308365275
157.22468129831358 79.6573544350976
133.00648648519336 33.105523346664874
109.49614515206987 19.194223443617055
102.7958705454313 -22.572706732806815
134.71984176653143 93.20825455884516
96.70862116107826 13.724837631276458
57.6830044619218 5.915769587409783
121.92184005357606 11.75560482673131
52.775081576579794 23.260155755720934
131.8251271157445 118.67899066420627
116.58917658944746 22.004526996827554
73.42703412510045 15.496188386300629
105.06773058791984 -30.943878118763294
101.97728021005832 138.26713267293485
125.23483567077382 -1.169058301109289
114.07310251420576 5.974586443338462
71.83970525927558 -21.128773157286602
142.6001958044169 47.42466376180427
81.50064542113888 86.57766657733856
132.1479975305151 71.5988977050574
100.5155231573984 -28.059182397182777
113.81141238816568 53.756709664138725
109.92182180584965 7.630383439507412
85.91893125000206 44.333417397253555
100.22747366904149 17.77820648405135
103.0769952861433 7.92381031245811
65.11587816909176 0.013084819042842533
142.261395989223 20.0177124105794
108.36012733453624 -0.7594293997329293
101.77249123476102 13.460465202870791
99.36760957264599 0.7245363109982262
113.20922718723548 -93.7152159466822
94.32839849830086 4.732692731240929
103.11968742074865 15.470613444641812
112.74987232418397 18.78565539419572
149.9950103559034 158.85340450009633
91.42064372796415 69.82719354718532
134.29482802455792 43.09034743665524
135.786392652416 33.05481896322488
142.28048957195793 33.10327648774796
107.74116602800852 6.12703803142217
109.24554970221138 36.81563416200903
67.79133362578878 45.40695500982616
110.80004514800352 34.279240456473765
138.28514277947556 -3.8712768299722553
91.83414812717454 22.021633698915515
90.48703446538511 1.875413861935415
127.56979986267612 17.298318416102735
129.9519986945672 5.919846624411561
93.95742235391468 1.795141977893572
98.54660821536196 4.438372243897483
117.04561541086368 25.687477824243157
85.88381774805129 96.95144146498536
109.32426872316121 17.352313062221118
86.31550087100634 -0.6649069521228963
116.04308539751356 -6.536588427172681
142.4110422651042 65.97359148256358
114.04609643285984 -16.72337130244165
104.4994442643669 22.428810080708633
92.7371923522186 28.009772614178676
128.21988954440124 76.5138128719549
95.73571817370276 5.61254166983997
59.77396292938157 41.64049226031066
90.14173859892968 140.48648690954897
127.8240534885414 19.359750281404562
82.8580820637099 -51.32814523860978
109.37445535966334 34.66258589977945
106.83593732224426 -6.991261187564723
79.7873888165408 49.646562188781004
97.85390167815139 68.75932050890626
109.79984921161953 18.191030438569204
53.77181920376522 111.26163101504333
92.60724643023757 -15.516262034045209
115.7941038692307 44.69199540382611
107.95761658853833 23.6075025183394
88.11801633035904 21.417510778413792
159.61033194315135 67.41283249614158
129.33463356857547 -11.58517425281271
97.14653678644494 2.895791845317132
134.5605575641032 57.178393293971254
101.318767414155 41.82443583601714
87.45569017432581 56.752436577107765
105.71585648160894 74.67327276550397
99.76775073780712 -6.5368692957516625
120.74632858814209 21.30661122538349
88.1133257333865 13.333586668939098
100.64304867231237 -7.897562141249472
102.67901805759986 -20.51678967669921
107.11913846126532 -27.120745140845294
112.54423724629247 10.99466841642143
91.2270080049342 69.1075998577395
117.64103227490114 6.415783922938749
143.09878611369535 95.43504114524075
90.15225042699606 76.24410671215591
110.89299639231454 29.947669033066692
113.0263839795382 22.22636383320946
125.50901151922719 3.446830894189703
140.05491263686798 14.447726827028218
129.3543616216551 -2.6215027881503925
108.70041771543922 -39.47293633581142
108.23088445269305 90.37488447929606
79.0335078053959 34.12502194892548
81.74898288007863 18.005583719982486
105.45030593519233 15.97668329253123
131.64118988795727 74.19718573713241
119.38191559658216 18.69657371955189
105.52286193061686 76.83681806821173
121.90484891569126 21.932597712395566
108.82378936813869 0.34323004486972764
124.246433155273 -47.743780929959634
133.77333096519922 27.539525934292413
112.32150778992833 61.82274299018243
102.54194575794969 70.05975743128296
93.47620465793962 62.35156194121125
79.03214016978104 -2.321927696535351
67.78460836095532 53.27841884568971
118.08935286140262 22.147692339672414
110.22383556104249 3.201895987985992
91.85482222386732 29.151281073871726
112.65493417579997 22.553559742624188
114.91635154850428 -17.729572669132345
142.54133570701757 12.304470574030828
83.38403230810485 90.89615705572122
43.00127111577997 28.359454259992354
110.88515611238435 11.20495090100926
126.20142748053595 5.194429880872537
107.67515530384044 10.760431998515948
104.34388411634933 2.1614087233277117
89.98373610763625 22.245828551532565
160.75750656924444 8.147182024346366
62.07234408036088 35.77491835636315
92.21190159669203 73.69947287422778
117.05159390846873 43.37535443003859
117.18820580083903 40.006259715520436
103.60357752160512 18.46167244380467
115.96940649317918 20.14381380850086
109.97351477030846 41.07717889656662
90.96615758298702 10.744798914155625
139.03675528011857 18.833695870285858
135.3849284360422 13.777460319884542
110.1343425415485 26.825347735010137
93.11757231222239 -31.73162350865404
102.80531600899076 2.8390121684586123
109.7999741134816 35.880745679118384
123.36503630258116 35.440637208951465
84.3162707762672 35.05234719885235
90.17261400900891 -29.16233152244538
101.2245868397443 -0.4344829688159223
110.80006679278509 19.913225090792952
92.10483729708336 23.674544748730796
105.40582435848557 95.99501888610126
119.97582907860286 -21.35179835973402
125.26366894232602 -5.304437844333752
100.657105828389 16.353240928121938
95.41734964714482 14.1404488791643
110.72534780381719 1.8605016625551785
96.96611881202638 14.364210707724789
102.29176744802987 20.38159877155435
114.82105212576275 11.543633906323617
110.78624075998496 1.6330157022803355
109.16890943457419 16.802506054313447
119.20271439575934 41.156175294381754
5.864395201245304 40.665152542548014
144.50901517354046 84.05783257616787
109.51722645057198 10.223164909997168
134.21289784753012 34.25267279096368
113.88994283700436 26.45470625146118
99.48186901575055 53.74328136630285
