112.64372729545342 18.88693621628517
129.5029175501574 32.71931032582293
98.0918973123418 -8.594379252433365
104.66715461546731 -12.445029967034412
91.17415236492312 -108.45132667537241
113.05641677761781 -0.23957071577181743
113.69193658427467 -10.737677447587677
119.56755784123838 29.59870146965655
75.74840091281986 5.7132816806121145
92.04085139956027 19.411926449210295
108.43528389732637 9.461755683169566
103.8491269804686 19.25600175056197
109.66454915641486 33.69039119741419
77.11757537062627 -10.368121016496765
76.85445874483501 39.9510727174403
83.3973683893435 35.70383749573062
107.02192511852735 2.805946372398658
105.22856249925495 47.392097978823784
102.56638732298777 93.81991119942182
105.45750758215826 101.53893156028514
93.35124157811904 30.333070399242366
93.28446495835003 -17.589314170608134
95.23987845149873 -22.3392501130959
112.596218081386 -45.39980244166527
119.83062970524819 151.49049539405192
109.86425081557442 10.472787083609791
109.5204023402581 21.814341865598287
109.43500380108418 -10.865454046438686
65.15559530673814 61.3108803510938
106.7852197128562 27.0979705089703
112.79088169897793 101.25435473777334
108.02582307727566 13.643656839930236
139.0399335217192 116.00721482694112
135.29079606344757 -16.199053263181817
72.11087753521247 -11.361404386598704
108.25521549416445 51.02614074195619
97.01189861317522 80.4699823976933
127.3748670655161 11.370490682850907
130.40559314346413 54.14796948810204
102.62112971755401 14.801838162105788
121.96790820252113 21.175991983320927
116.8385268438664 71.38945091670566
50.87095985205578 71.25049758162915
117.54979935788981 20.079948479712375
63.54192134732956 5.731216074289571
111.98905283283885 122.09658892300101
116.79888173408432 -3.4646882898053746
115.02057567925567 37.81761972164863
108.85137657629795 4.2958104022041645
143.89988379168489 17.838890740928466
77.17802391277273 13.770199843791062
116.39895804850465 64.72027871445934
68.5363522892589 87.29075478743543
96.14304337397229 124.02487871436207
109.19156846900961 134.77387102258393
107.53027731381282 10.816587665339728
102.48961695501838 -17.021597373754613
131.63482875786033 17.571786007875232
98.71385682739022 16.221007778914917
120.02715837955779 161.81811882191332
89.63389577116929 81.92368817078597
143.0275599984998 97.23153017731492
111.39455174819922 14.223296187639102
129.72618405460798 53.92295513252165
120.46827627002332 10.554166593748302
85.94899874289179 0.03690591934560716
161.11602482805662 -15.214757151875197
103.09810464521188 14.798759698965442
112.60389247006532 15.03572188413677
92.87903794609626 -12.079154621377866
98.7416604533797 47.63127972517964
132.89152541615985 13.29751846088744
101.28719328161604 8.595378760426646
123.2653456810425 3.283828280798279
110.08868891180366 -30.301579973879754
87.08640348746262 78.8475296269577
133.53560345782606 7.544858883116791
120.90304664250516 -22.325591258746677
109.63212610871273 60.37971106782114
114.45270548556097 15.583397436011179
105.85031897708873 22.890094505223377
113.31285840641044 -5.863489161423533
103.89443110371695 137.8618239959381
85.51562451551331 43.46407587635258
87.96734914728604 -12.948162650760256
103.71350888872655 4.119031235130579
124.56050321001564 16.28172017659316
105.0199602647043 19.609630295585767
117.27858613833256 20.05950063786062
115.24297948059308 0.7176056434230857
86.99949812791091 7.015227719795088
105.4472165101452 -63.81091651339459
11.563965429643602 69.06751713598486
99.09050418125386 138.42944637250702
121.47803658627234 86.78033968735664
124.20310827623041 45.70575715903815
108.32259113808946 -32.144737842550164
86.96439301157243 56.37082605063666
103.69478750626564 20.500710632383274
118.45562794432544 50.4506872903399
115.15461999494835 8.705075449280752
-24.663936177815188 103.21539983796157
171.7822048033295 18.59916979458539
117.12982569381131 34.564976642290105
113.33444357123538 30.26233682958999
104.538957235843 9.907712203655118
67.28753239491706 17.35883203237009
99.32591991124185 36.33897535918012
135.4522600807753 25.985660221216463
99.08543548258562 20.27701603356012
108.16501759203788 1.7979883116789082
117.7683076103172 21.26584800688646
124.70028399042819 9.641653529534954
96.36026280538714 19.39013037870322
132.72002060412413 32.287879028536096
104.80172825447336 8.325857332270246
108.77982873293304 18.305891168750325
107.58958514897499 91.92801703005212
103.76628290369386 7.67046914849421
31.311333073792827 -9.48776520958008
114.47872428657328 -16.84035980834035
114.79531097939545 -51.28044189997043
106.74265365183419 16.503183995075712
83.12477738602207 41.58311725507658
87.18986738697241 25.700014255709284
87.32406297081117 115.96302182669521
93.00310354000949 21.504178751405718
139.75303762621274 45.859796458657726
84.42921008326518 12.635448050131322
96.57021190932227 22.265345897534747
115.19903513920738 73.44682166907835
102.70956514380617 15.613327686716884
96.95349714275164 17.445631747242828
98.19600953657887 23.002805504286563
146.27988278797136 34.388412104176695
97.67970852064255 21.64341567364849
92.20567795107199 64.93818889374913
104.16963501107766 54.395410012432244
120.32293415429501 16.878034586854177
109.40336189568352 60.68381918665827
109.77227643362791 3.807544235919613
100.54582172248777 -2.9837632373602356
117.09037180295141 18.523064846406545
109.49700221710673 16.11533940110164
101.86915644414063 -47.87317074138227
36.01661457197086 -12.156455121752112
116.63325749714608 113.4003135196124
101.91656369389898 14.394379890490672
106.15932293674675 44.150920643117075
105.88869220830749 90.06023385716114
99.5462383901091 95.81932204863415
126.46342279323001 57.077352426091934
122.66496912964058 142.19118429542948
115.8752722719599 23.11762365014883
128.6551651591035 16.357629419911245
109.88990280814738 49.71366958351844
114.04321557649817 83.55052313500535
107.62842236254295 18.722051168810584
80.47399185030635 0.24247435777003304
104.54899819679015 17.595767763428004
65.13961395779936 29.045996073565682
148.9874326953317 138.84116081116494
90.07410409543093 93.83404815491551
92.77641343233825 -22.83210672648464
87.9594061323231 22.31938013024893
100.51627928224582 146.25221343139407
111.19493287212308 14.939377438933358
107.11217553607123 28.512805999891462
99.81413819538136 -32.753001572682926
128.5788873429313 40.74690974879147
84.06319236198249 -8.191789948724812
126.40582406207072 51.75179447098011
105.54286554223103 -3.9095580726143435
108.13730268962372 15.051004007210874
109.9711014352495 -7.948746804730433
108.72234065166995 40.255990240963655
90.62306065688004 15.553471754711756
99.39178221499962 12.049657885098654
92.97245361766177 25.009896932414758
124.2180780009284 20.00707547705909
117.35210602657784 27.616090801135833
100.31452902295325 12.79185659089201
105.78563123098711 9.095808742192933
109.86098877044026 26.714383101247158
96.26035923099276 19.448632967603512
109.31883388622516 3.9168252936028285
98.90765081083083 2.876533049563317
115.30774439601205 135.61677929140924
99.83101358105931 103.12335621885464
125.03398362217389 23.471515975035643
134.45413813159718 22.442362115507702
116.88153461997305 9.886282074242706
109.08765740072108 11.448116035048283
108.57573473463707 20.53257654990028
93.81616098335435 59.42139871917324
105.54865847830932 58.58615154754455
112.34022906394928 12.810695545063663
92.75496297595149 -41.49546330928005
103.69239968672515 12.18631927845713
93.0655889952733 -53.8353662609388
117.67983621232435 15.048417919741537
86.18273815890869 6.69128893330305
108.60838034581695 2.5174887309662566
106.85123388516773 14.150445990867373
121.87039118587128 38.5995642643601
108.01692161534997 11.124202035314847
77.5356435824523 34.844415752287624
107.12996188384746 3.5386832377947712
80.60471038385752 52.671145393737454
111.67602279370473 -0.1725609547786915
103.85302596505312 13.456026325446313
102.06026901012315 25.63967044601282
154.23540525006266 10.107021318296844
94.9821188868137 11.147029619816404
78.91608879095294 15.489236631708879
103.45846695659579 92.87206460366517
98.98513520826647 10.88661099680976
77.02649615561867 13.202423844266734
109.97473603567451 17.405934023731596
107.12732054546277 3.9541628256181065
108.71687524312524 30.8591760660036
97.60753047043693 16.979210981884226
110.04079129171316 8.547767167663922
114.01685983328666 85.57800201270673
98.71931544891008 2.5717573818033665
112.37611521861301 21.835696876162675
110.63296226075173 11.134927457754973
106.8049861698859 22.855169896262417
130.01673230427204 31.909381634334114
117.74951137926803 45.304183747224144
99.80941752633991 -4.72059433445093
169.58744383675892 11.030221826253634
120.72463658189 61.354389035440946
101.45027635235938 97.34440334947584
135.0010494579954 39.841819123401514
108.46520170751145 8.55774679898436
94.57418885609879 20.066103388900327
112.18311789358337 13.567523214493622
132.24154532403261 84.34709725303159
107.91230626170675 19.085981885179617
108.89869588705878 -11.435665961424526
100.29199660629027 28.39327594688858
79.00165085047628 0.38669363651238875
120.20784301616126 11.046559724694356
139.8003087903551 68.30006277663765
99.17093747632836 23.88222809561729
107.83479176180748 -13.818329060110331
86.06014167971253 7.492168671399408
113.39431657690389 0.16276981688205872
91.16919492820763 13.04137510751703
103.02275816410727 17.66962160879418
107.65645462337022 -34.05077813805967
90.26261668302358 83.905999964361
70.97922084624693 0.6931836908307352
84.23418190022707 18.06998288893493
107.04459843688844 11.001154024507867
105.81426912715594 78.48082449770693
79.78137759470948 17.884509256151606
105.04153200777041 50.48275860300222
106.9743114344832 15.478149725922755
108.18550655084627 -31.140531192976
99.81774613894157 8.702184679053195
68.4928990242148 9.855456975247241
121.8106303120148 76.38757329305555
116.72135591888812 -10.456125791614884
96.58803033417868 47.7925835499109
99.82767593043134 -28.26671664193707
59.52005756241299 48.10104746836112
111.1627057894669 18.15116801884242
110.21139069102144 1.7048126670283419
100.75723723017893 23.72833877414845
92.58214737206362 14.940315633293093
109.9280540986497 -12.435075228976322
108.05366268699488 16.857629350330786
93.83366727913848 59.170915300766325
61.40931064712022 15.932944203244034
114.3815653622482 20.938157544404444
128.31231588095636 10.771294895042368
106.21633469929198 12.072649445541632
115.42812738770006 30.975558930228182
79.14412843202066 9.916814422288176
52.76214522838018 -1.0548978252027759
71.73492015965495 -0.5715979455769864
111.88136815235963 74.25749539893717
111.05536814208719 39.73139519123481
102.060675800697 28.301840351893663
111.12433725772087 18.82520016630645
125.96812957447278 20.31184175004362
119.48639064967858 114.8142335863198
112.12685259383905 20.16435846762912
148.91073039421764 23.74198730672606
105.1842641438079 19.04149938813829
102.61356260735994 88.96776071703489
107.8217925051807 70.19348246688047
113.09032738867135 33.32680808120583
109.75494986882897 25.7393018906053
107.35515917242448 11.556936713333425
87.5622726777089 75.62131658767905
81.76987332697826 -28.92871953990029
84.92254180098304 30.253093782426195
116.86073214189045 18.098980197212917
101.21679675087434 24.261373401306997
106.25294688994653 70.17034840567693
124.12918447460356 -21.87891477295705
92.8774262142248 44.55163375359919
90.34989071113156 11.783775831492228
112.59944696755805 12.489671372013603
102.13133662359093 30.398929648835182
126.11923627955754 10.78280029588264
136.8671190836859 18.221354776181713
117.08732538518241 12.57797701604873
106.99881336422715 39.194577313241936
109.96859059173738 -0.35017201188922553
115.42410083251025 94.36625745749716
52.111211843291585 182.66517355238932
131.1722588276003 70.49742003206154
110.24121236332374 30.650181000241105
97.3027787334596 24.0425520192738
129.0461785251711 11.838394509168477
104.37371541288867 29.195382501088947
