111.81183341310047 18.87283749564959
129.1777072935357 26.866776323455724
97.34273956338878 0.4826719143336877
106.40203386045859 -24.721680536916164
92.83051603540855 -103.62663095799606
115.2313797128599 11.535796317854077
113.12870616669142 -7.677172774132698
119.22825426837056 29.07488444676231
73.47327894181815 3.998590682548917
92.9336186123119 20.39516503713151
108.05991147023991 9.80263003357283
101.82118347946 18.49683260388447
109.85550866551564 31.069117943745372
79.3045505662193 -6.437980682357677
78.16686113759727 33.610226079283095
85.54953236099112 35.24918807028453
108.25459621840079 4.9372603512164766
105.6901924245246 41.177729069448
102.50171994261581 102.74731904761201
104.17688513975473 101.16670436424265
94.41632932816054 28.50301930890946
94.67179492971255 -14.498227861955135
96.63427848114067 -19.989867502875484
112.0232535141247 -53.80117636735374
119.3447008447532 160.82934068254406
110.12414448698449 5.5613925001721
109.98012077661399 22.578729023312608
109.42379897306125 -13.314635618552625
65.32726107508067 62.70694368666734
106.98136877221725 29.32125971192575
114.12509352433915 104.40027662687831
107.75528705519658 13.098667779011238
138.55781168826323 124.92873447265218
134.1818699324016 -18.024808797884617
73.91186656383304 -12.801617503765614
108.81053357708491 51.84961362649743
99.99454432041632 78.0564228525675
126.86309470824779 10.799042722810581
128.47645790847366 61.48447056649514
99.0271844020595 14.36146737374249
124.51405401524784 31.599313577076913
113.3871933194156 75.60259365024115
56.79204977803808 74.67322390796244
120.13581457353563 20.016190007726248
61.327763583386684 5.862213540322163
114.05353862782452 124.78098328030893
116.39851040376783 -3.756135301795446
114.60902529700006 39.318454880912434
107.92662438376172 2.4922589859431468
145.11792335504305 22.121153577254876
75.00053157320409 13.209173224628222
120.18477869834203 68.00756941723623
72.30811360774112 88.93555052513456
97.49973665388227 120.15681344661539
107.77316206239892 137.6407061008696
107.7471224376155 12.341195363736079
100.65630687298275 -30.55676896000229
131.39407510869407 19.3730102060027
97.74352796649451 17.047053177369204
121.77699576585431 160.73484364010815
91.99420248322087 86.685739176654
142.58600091708428 97.82723361372446
110.58747490470911 15.921833893385607
126.47967833549824 57.03362565347791
119.31349391252986 10.576851536053443
88.10981195425238 1.8198463838851353
157.97374563930464 -13.900524153690025
102.97499628831999 14.503906912771235
113.19956784965613 16.28596170801056
92.4124911977153 -11.692098165907732
98.70856775954938 42.61418427304651
131.1476654207205 13.812493103013924
103.33550652668386 9.328539253568552
124.0649937378981 1.8028595961150622
110.15479708088162 -31.91746373027901
89.12000887667557 78.8665408792033
131.98023852885413 9.239938500273011
121.04561108166726 -13.799540873601888
105.43492271608403 60.91307294078516
111.26098827223178 12.703627802155461
105.87655472083412 19.074352488018683
112.84537665387862 -5.505026045213203
102.5886919068327 140.3399554459447
86.10632143728631 53.61129191532344
90.56567139047907 -12.762097926506666
104.43538369376475 4.69191153684044
121.02827513287238 16.765946633393263
105.27338225320405 21.915240156039125
116.16856014825548 20.04640911775628
115.14678157358728 4.025724545514781
87.9130672064509 6.71288568704649
106.65286536071942 -57.65556397724666
14.246514426780069 72.78671113829148
100.19467603051665 145.19254588559434
121.57066517470878 86.41591656056079
124.19467688886884 42.89538509958225
109.23320635240299 -22.66206024602193
84.86633765348779 57.64456273976119
102.85591858831324 22.252438060945604
119.70698909529592 49.468703757308866
113.58135724237815 11.016546150662155
-24.267898273598323 104.84140226061727
169.9985899200925 18.52039919608222
119.07225757326319 36.28302648331976
114.07232135731837 33.13376975422712
102.9993792727195 9.156208202932207
63.50409158430758 16.92462042862756
93.8937317218228 43.68217518423868
138.25005581285308 31.101741937097884
98.06329689305822 20.299511608043506
108.20337422570665 1.2433255938825085
115.13900726088949 20.457665599124066
123.42156591553523 10.611991985648416
97.70311007239452 18.85522759323293
133.45293959789524 29.262492982538074
98.64656352885581 22.8967271521242
107.97629113534163 18.414285306730424
110.92209084745024 90.40330677181412
104.26025131486044 6.4974775375424825
28.734095062425325 -8.930938021547444
112.79556165346365 -10.851600522400794
115.2575915110812 -48.497164712929035
105.21244439748045 17.02574323602783
80.12871066832002 42.41833952867198
86.96031063037105 24.32490403370033
86.7452500864504 117.32632002968249
91.81805329235617 21.435407306187543
135.44771511897167 51.25862942400573
84.67083527657869 11.793350008483893
95.77474181976265 22.507518359306232
113.96117013540774 72.3767443019875
101.98657502520122 15.023375418827412
97.76740276609466 14.861557415789203
97.37662445191354 28.551957052201566
140.5636276760724 32.17668896692113
94.65072250528806 22.2876121720842
91.44134129661052 69.94847151650494
105.38008471977953 49.86059177872141
119.78190159564417 17.356428145566767
110.11567129765832 66.13008981551508
108.27068158420016 9.808953197679951
100.80096699967721 -0.5527908971304965
116.3383438520256 18.63387352665611
109.55586135164005 18.34462407269996
102.59295393158837 -39.25745281994343
36.13218874170753 -11.366058450732961
119.53379541165623 118.1773336392994
100.90808209461713 13.70732720876581
108.36593478224496 47.99668301010514
105.79559515201927 96.67846232410004
100.40724953539485 96.53573236973642
124.61933967403188 55.84669043959887
117.55183103376717 148.27509416029113
113.43079839358191 24.61691182067295
129.77509914226405 16.28376393368401
110.72819886295972 56.249558147049115
111.23966923551436 81.4511349913451
108.99403351903538 19.38803902399526
85.4057552134284 0.674059278679883
102.83495426162334 18.410214996695643
69.67596336051372 32.26965010115954
148.74019323922084 140.13114460305945
87.94029284286853 100.55154034947718
96.28215143707914 -20.88294827530913
87.25904927362406 31.60148333107888
100.92334271057871 145.38014918598031
109.53044499362885 17.112004461379406
106.4507603266498 30.71432515019089
103.75181820446046 -31.15609238459869
125.32114516155761 38.67613373424367
85.83893815270278 -15.473451937684171
124.88305205090256 50.633919944133375
106.35993464663925 5.403812490840997
107.56341023371338 12.66035303606106
109.96541604214846 -8.584144812885267
111.36577125161796 41.581528144514095
90.58647284960145 15.597750496458488
99.53350508104019 13.061043468388045
97.32455619691191 27.598036331573407
121.03500935414372 19.97040259626343
117.94457609663714 30.49937892647596
100.75827445482318 13.283576333163152
106.85639212155452 10.630054411686784
109.47042508669246 40.097653742165875
97.42817543914504 21.27319820095335
110.05829403512062 3.441929773619772
97.89952978828828 1.9859158827526544
110.93036546192582 132.14298610698245
101.3376143165643 105.24885612386635
123.11443562199403 23.960977197532458
132.86101594621485 21.169329326524128
113.33086034627665 7.691783437831722
109.28253241663958 12.578762412964803
108.5575480939687 18.513388883965558
97.80104639290421 61.04279160996431
105.16971735509318 58.794664357734085
109.33128517405986 15.268657008400746
94.02756818710702 -43.54834587761613
105.65312937546852 13.841668472260956
89.8610648208684 -54.57205685374044
115.8926506018931 16.32402906827981
86.45804345591061 7.860769232786411
109.89492132477538 3.102347229287338
105.83135632385142 13.123248805247147
125.30824153381693 33.64712281328394
107.97525093088427 10.886026991673504
78.57020568761112 41.53317388939456
106.17645843434741 5.592989875552449
74.90791962668592 51.944421067086175
111.2479315703662 3.1034589010725933
104.13063975979466 12.77670389105101
103.64732934978693 25.111568969887347
154.94737571842398 6.262792229526378
95.83461116115569 12.329069709274568
80.51586962766078 12.655962454484326
105.48758647302304 86.68262486588593
96.3389183307943 10.310017756705879
78.00003851606469 24.262307150577797
110.03685528917899 15.586041069245713
107.24365631926118 6.112090361845523
112.07342806016293 30.402940584006856
98.34897264890523 13.048093493182378
110.05145756892664 8.109462683656126
120.90586295405176 81.22122978262931
100.02536920114035 5.848693166395799
111.82368722813014 18.95675587159022
110.87261156384025 10.043357801108721
109.17436016260051 22.882712209580635
125.7028674045969 29.44930460720083
115.94760536027289 54.16415547061305
100.70530438819569 -4.192317734582163
170.3319505277402 5.917862161083712
122.36346527459239 64.12917271850334
103.57663024531017 100.78030002986246
136.88110317496967 37.38644253987618
109.62506468540116 10.871203972395874
92.31595870559694 19.905159916310897
114.94060650140509 13.9874508155453
134.51758298170753 94.96144178611017
108.60555721684592 23.5466410607182
109.1388824140467 -7.767075523012092
99.39569208187099 29.8772347950273
78.9864923362179 -2.8035912221992607
119.91031189950613 12.17230876098456
137.30571193635745 65.39639087137435
100.50582396215181 17.403531146435245
107.57990519275091 -17.184420610090488
84.45454819655609 6.505769593349091
111.68611940237062 0.8546838595945573
86.50213042383861 13.28491973554404
100.26449985836764 20.38164089498473
107.6497886044636 -30.164624036853315
89.12789063563397 82.14691079537873
72.43998585042405 0.187583374984574
83.50828292544064 18.14690081573729
107.34212972817734 10.895435521862
102.97954545600895 78.59422043754445
76.4737066206985 17.95719760484199
105.21747102378909 47.74625056361908
105.37275574553708 14.967922763865166
108.21803616570385 -31.610078381955447
97.43534595350403 19.40948307186831
62.83674666392116 8.28109558734217
122.1626555530006 77.22350312763238
118.03241343987878 -18.101834519617768
97.57060212620526 46.890232816320896
102.54706152987977 -25.662108238994968
59.59446807854121 49.5125276960581
110.26736853126715 17.78051152006103
110.1859474675176 2.663978118361132
102.24569840890248 22.84019116869224
91.1679003761852 14.309582728953924
109.30530945614534 -9.916889580222325
104.0424393274651 21.165201842197387
95.83262364625966 56.059350785198724
66.98899431136603 17.72171112873753
114.45931799914385 22.06457866221206
127.61078054958966 12.154416447833405
106.24595636952185 12.803319455557865
116.33499324724565 33.685710111838624
79.6637590316062 9.020993589771232
43.599312746076606 -1.3293067680677266
74.8103336050605 -0.08806189469399855
114.12874457773343 73.96308541113824
110.24091934354892 41.70296775000559
100.77835949151245 26.247320300128816
111.91981354362656 18.924939210689814
126.07136099605422 20.29445983898913
120.10662928866101 121.27424647937967
114.49127735098571 21.212881028284393
147.20411500749685 24.102291337619654
101.85904605434652 19.73563797035558
102.07656450818943 95.32376733641405
109.64418300637129 81.59418410507716
114.09362477760988 36.283480824726595
109.75072516768381 24.220046737129046
105.65522921215599 9.226899783482624
89.00791455579446 80.20562154020104
82.38382209285602 -26.3525084990748
84.60787141885153 36.19184414339152
117.18886516577608 17.98886984966557
103.02332300611715 24.14377466762906
106.5449713911687 67.05869054263806
123.67931467678837 -19.203012889819487
89.9623806162228 48.96585101366051
90.1364546080777 11.627045177924895
114.46238621958665 12.691324342299568
101.53657506674735 33.20314257811364
128.72154079909174 10.880388934252533
139.56429693864234 18.07704704939878
116.90747408744532 13.150333723656466
106.68717654355558 42.4619029936038
110.04150121833392 -1.3006269657643437
114.61156059216964 99.28660655216261
56.89061262618695 196.2075486645781
128.5791103296125 68.67912869246491
110.29904907180902 32.349155027545166
93.70299730480879 22.63649701190634
129.71912729310276 10.526071085933243
105.31561925638742 25.447046988462667
