105.98081191131456 22.31981329922135
121.98741669953681 0.4866835437217927
95.50501323380598 78.23602328912614
108.55259233990594 -93.77611989925383
108.70296440236193 -39.091447607028144
127.74611491638447 98.47881352540183
108.51180025649332 17.610387104647558
114.04061527882541 23.204637368711197
71.61711265050481 -1.471128957632031
103.15327438822492 26.466784811373103
106.18940743517477 14.538683706664399
90.39166966302791 14.024797214432962
111.08071169197338 11.6086236422885
103.05457949287381 34.411459554518395
95.7444983666387 -10.223243411439203
106.24125608199687 29.1291969125829
116.55350475297436 22.929206353835557
109.71522582142107 13.023877066548046
104.12320481321503 146.52167872800212
96.86945548588727 87.90906562102401
105.63235652264754 14.678310972664592
108.0767940842073 17.218450806245393
109.4741786696245 4.06514734068538
107.7695367813015 -88.18153483871453
113.39751626948697 212.33758678764238
111.63179853988863 -23.45135866736529
112.84388800998752 27.10980300662992
109.43900680372559 -19.254416732557715
71.51259722050791 64.57093106460454
108.97511693100574 41.70709840634126
122.3963626879816 119.80383893579497
106.6100222399883 11.274897645175818
125.4910679730864 182.47519060648085
119.42575220768394 -20.093122276574135
93.33032704975072 0.48194191790913443
112.64602248056576 47.0354008302023
121.75306139990874 65.32565843407349
119.74359329715728 9.513320160113897
110.86118502533867 111.86992835559661
79.35755038365943 13.256884961559358
136.7968189210317 110.29584882089338
89.67789428668848 100.66967066889356
98.30642814758288 81.80344375603421
134.17256174767934 19.48923567099238
48.582090163797936 10.211498004780045
125.85368172647034 137.992306950941
112.47568867549971 -0.2569058574640257
110.52035714827318 44.04284493475847
102.41123832876843 -3.4074763086366953
142.459539603682 65.82378301007428
71.73542476802847 11.058564509343917
142.25641309831508 79.50008347824857
104.84885990647535 98.8670549776143
109.62284680647089 85.93312913301332
99.23796489558623 151.2250082717454
109.70435545858652 24.526042299510884
91.71007895008744 -94.98881504869301
122.50961755724222 31.238401792914868
95.0586446771296 22.961275498379734
129.14616152025485 143.1762102154681
111.1935853440951 108.35363877088079
130.14903516137252 95.0705738612738
105.23716407289886 27.986074442414136
101.24423532418484 80.41799874246928
109.02509747919476 12.838769211989854
107.16277617886396 19.212353181775235
123.40092970274783 4.562421938304453
103.88351624802435 13.940419877150001
116.18800717376381 25.452927494620475
94.65439063834035 -2.4482160706905978
102.08588524598143 18.552906216730122
115.30615867435966 18.410684537549148
118.22366597764005 17.054529667059136
124.98286813184217 -2.143283326595622
110.35148690399522 -27.562624556210526
107.44574940563888 79.76382923629784
117.00151889106876 23.52280959595603
118.76998188701856 65.21777085185141
80.39553825957724 65.97007064812684
90.12492126175586 -4.7088915334334125
107.10064872427668 9.603520420900477
109.23993307253711 3.9522720344343485
96.29670478301915 147.286584777556
96.70566386806239 123.96685810554884
113.44193176540126 -5.4957491896633375
110.10947380626337 11.586270464474255
95.94500630304829 39.13791510667315
107.92971359973876 36.65014784757329
107.31300081796722 19.89168893494336
113.150696252467 29.048613685339742
100.19317842351617 8.325105475267353
115.13576604112264 15.080332864614608
37.12364999571832 86.18619753232328
109.8470195666994 178.75537449715875
118.42562436396042 78.39156075752584
120.22720720328712 37.53198356903959
115.26870770748606 62.53696232276324
77.59801535700598 65.89693436125704
99.12539088378908 32.817327986709145
124.0541973223223 46.403990138248766
102.4215064428976 27.943238608551507
-11.405084687073423 92.2338002390392
141.16470996938648 18.173306537502466
128.60521177742487 42.39716712683485
117.52856877948118 48.54047440051387
94.66274031663717 7.019129296598419
50.87012850239654 14.804489075646554
63.030385678482965 86.08369316497142
147.807939864658 62.59911709909114
94.87025124769173 20.28518661602225
108.8553131443942 2.0342362681164654
96.6501727004908 15.008121227643702
111.07554173993366 19.55586164588956
109.29406258162513 15.805400301599226
132.34431733925422 18.775620080249823
60.838285216638205 124.82552631137376
103.06008610073678 19.459021728974168
132.02351130793127 73.30010735888469
109.23441880269336 3.19067874550839
21.092716208380057 2.181537321710848
101.00615135962444 50.583392048605376
116.55998539817763 -12.520117946933937
96.52144826775519 21.12149321572831
68.3490976046635 56.49722836991229
93.47502112566869 13.945267670512807
89.64067027109752 125.91292109971829
89.695399320062 20.624625554038484
100.95734923657282 89.31533225788408
95.13807974004052 7.5516653940672995
95.5391590964828 23.315896910079744
104.80156031911396 69.33559689282018
99.10316488101914 12.183893396381357
105.45068211155355 18.348188885092192
94.61578890893534 69.96593598217542
94.755180696289 27.88620187082386
78.97452262379589 25.48871392245495
92.66498938878972 103.02348956622853
114.47645504216123 13.813129097359246
113.53882228996771 21.101986790407032
114.5467244994358 87.52746021169536
98.89161798971922 63.39180102168915
105.04660082691517 39.570587440382624
109.59608729660951 19.52622140609453
109.98259219926557 33.626854302204734
109.55220368121412 33.04723962937939
44.26124838035788 12.118638109649643
136.1045864260863 148.74124086700604
97.37255248061531 11.037764696892554
123.10994293387135 79.88614354561047
106.20568498613432 135.66497603689578
95.25157126482914 95.43756506934065
107.98847909311976 52.82353676237285
82.91602560493256 180.43087427647993
96.55083961077374 46.96822798199578
131.1521368607851 16.574701694358552
115.764814149374 91.77065444108055
92.94676587851092 64.7858016519624
118.21903727815959 23.674986810197016
123.56030771672431 8.905598637207294
93.37303248342548 23.90965988221879
109.39523693741043 63.951883911704115
136.47897357525477 143.16410500141785
79.8290407479247 139.41789029371617
122.38276018934202 17.58666184257401
89.73725171190422 104.95586875130321
105.56064145687928 129.06748187244742
99.04162020044726 31.704465185216943
103.26088514835754 42.33839316319374
130.5500993872382 -6.347307252577581
100.89285907623456 21.07908460696365
102.38724368766484 -38.90665423316146
111.74864737187059 47.57457323597846
112.50970500587603 77.48674397712698
104.30928792090117 -1.1189547666809287
109.87700084254766 -4.902381944567364
127.67971957728544 65.71997196396693
95.11285728601149 16.929632558765828
102.78651252710176 21.472246425939638
128.8155190085743 41.689878936253386
96.46014498639181 19.6110309542856
119.13747489078447 45.442568493709466
105.5760686112839 18.095146050029943
114.63859141900039 22.9581191336862
107.06258638095808 123.12335973875209
107.3274113697744 32.178350893798815
114.81795016525925 5.620904734365166
93.78580945094356 2.399775008711709
82.37611409374377 102.86447486028757
113.12041155521821 112.69536133961248
106.90646554520363 37.907082010103835
117.92521629717695 12.715375479122335
89.243932658103 -3.3680019540221497
110.64137062065744 21.712012316357516
108.72404076165103 5.53815798899598
126.30775180700805 68.42693789589178
103.8909598491663 50.34370403722627
90.55919536601964 32.39105733974583
107.21654054577064 -33.310190340112875
119.48705021221484 26.295462098076573
74.84468588493597 -18.650590136671987
102.88285618013315 25.297436118528143
93.07002605430299 18.147909496544045
118.46278997310608 11.666790220349327
100.00983026563152 8.28142315942239
142.2300818189637 8.177452204374113
108.25801321272313 12.338137762834698
93.55090685241358 95.69343027604339
100.91212746392138 22.706339768455816
46.417304882622574 52.055489671039446
108.08828187319415 28.667394828766714
107.74929225950333 10.836920023784339
115.29770788458185 19.706657458325353
146.28514273904648 -1.038035028712362
104.80582120344245 21.994391515375007
88.60773975478511 -4.337953864307776
119.50572431997657 46.80474320541458
82.31640947707918 8.483830056862486
93.48600909147137 110.91451248652814
110.39357276918824 4.683377759430833
108.6683350925555 23.59344333118131
133.35124720100399 38.96213830139267
106.7479406276443 2.5388332332155414
110.03658451057284 7.5321387416422665
162.83963475771043 52.38550577127863
110.76681393453272 30.24025693478093
107.70884369894965 0.8670509818662224
112.04790883078842 5.77666306085635
124.63707271117671 22.02853323786773
94.18995972713998 23.117886671124456
102.51576798583305 115.19889763812199
109.2211745695524 4.852491716613677
157.58906696458317 -24.485421960310216
129.82442095602946 85.00963999000919
119.1013007538831 111.78607304635571
142.56699833789523 34.494918237081315
117.33298638652012 27.92626046050163
83.18491658758677 18.862009868799692
131.50719660919015 18.70105036183444
143.00168739703906 159.49601935216924
113.2643228279467 51.5759343147056
110.77045267691503 23.918506056831422
96.4523256536136 35.868557382767
85.5567687658508 -11.74518822026384
115.64612650807287 21.4067442446629
114.63809362941545 50.51856543183286
111.71507007728238 -23.332131781836072
106.56699797969432 -27.69403117801023
81.02213094783453 2.8928236914837355
100.20200972100658 11.857753750005939
64.87087954588853 16.057261619396094
84.38205302832571 37.24531904441803
108.14831852776477 11.244490869171862
86.52417850039399 65.28291650213316
91.69020374241548 10.321467610678765
74.5761386169869 18.912066851568987
109.8986089566038 12.556355098590036
86.18693795245736 76.57273179804056
68.75130435908981 19.04732234767505
107.48884695160375 32.64631965928731
96.38232126447232 13.059558425532776
108.82210537165584 -23.6604508985618
85.10943432758107 101.2053512780396
39.0944402137104 0.3726377641369649
121.1910252742968 82.85810454387365
123.62520703344961 -56.75012154713446
107.0873194399061 48.22781039895593
122.24809079402095 18.26536430053056
62.051042370867414 66.21009711830047
104.52763564240401 16.082560328568757
109.89626783526462 13.618018514636544
113.57398874806726 16.375060890268053
86.27963090296963 11.839086703954695
105.44257972636696 13.716694271178286
79.79274306657638 62.88853335383297
112.25887814826612 39.75232600642552
115.70513459432634 44.138511118320224
113.3268934920327 28.96047381099249
118.8296786647739 22.862523741921866
107.51066893977757 19.402094572259198
120.33138345858299 47.73048441112459
88.93856698857954 5.844391908121164
-1.8336106694216667 2.4178767207622136
102.9485450930069 27.9131365276152
127.8705348463054 73.58950399519739
104.7964836763712 64.02239578086365
95.07830978903365 11.383111219661156
116.15243770305571 19.825737118043563
122.52822908595464 20.027763411252455
121.28767900292063 161.53552179419793
128.7582681163825 27.580558919922396
125.56254105226101 25.468926377064587
82.29324066242224 24.210031462332527
100.13225328149373 127.1163459744539
121.4472705765537 154.38488060047402
118.98030503085863 50.13088227469594
109.72717525834167 13.156560248028594
96.26484360368238 -3.3306229630938766
102.04676007431621 106.84433953740154
93.57985144840939 2.547620508487624
90.7057505614321 82.71918325925127
117.1474622893248 17.80550746898645
116.48085905878995 22.05969499596382
109.2401994498518 49.19007421481436
117.0992988984527 9.465521251461453
77.4950627185379 66.99085279346097
94.16558397653978 12.309400040408766
125.21854711540135 15.845144108286195
100.51333013316078 47.27401833464886
140.63919413707123 13.738444829860297
148.0976036377702 17.65129983733849
113.58880958547442 18.76905492973037
105.5999603252972 58.05121604038142
110.41233624927408 -1.8305389948793982
108.29960062792661 124.2592297307186
82.11001812619575 257.6191334386217
107.00812372852984 57.117740917015304
110.5172156927947 40.75821110785025
74.77913031123776 12.855815211871898
128.78679062319333 4.39564069620668
112.7211769077111 -0.1881932737085208
