105.24882388014514 22.757753449019514
120.43088803597466 -0.9984834251287296
95.88053511230213 90.32077695348553
106.42077698882588 -99.52279008980949
111.28777744859605 -26.503458498368094
128.99943686713496 110.22595076971272
107.84008771524852 21.609168157497173
113.0429421254614 22.10144344118276
73.22875131369172 -1.2901593383534213
105.02402822723893 27.124769596630625
106.01926371899502 15.515994992298335
89.31467854229085 13.612189454449847
111.21550714241167 8.900292015804926
107.11456377601007 42.415132194741986
98.92617120030944 -15.747035144556047
109.66140935244515 27.892770129635117
117.53523759753388 25.59025996679786
110.35194680861787 11.813730626332124
104.7205214325263 149.78878114328054
96.2623426548311 84.72563238116622
107.60604495398135 12.724581478589522
110.19714695073414 22.259333628081805
111.45380222046562 8.377564499125455
107.17350024802963 -88.84878774248779
112.2924290296396 216.20036137567723
111.76030121273631 -26.125072781845073
113.1295198375878 27.503160197545068
109.44858440626192 -18.36882292940516
73.17916949253897 63.768267582846384
109.3078600573226 42.78841831768518
123.2593905842772 119.85352757823242
106.55682232223 11.365549117347184
122.61665014897068 189.2338357843476
116.7490216643299 -18.83970667589541
97.0015316885106 6.428799994398118
113.11150302683559 44.97789656075162
124.6313700479171 63.670495625101346
118.18410143133956 9.721961671423845
108.05836137515247 117.32449114237038
77.5207703178316 13.441452417256118
137.42654992177583 120.80833197871405
86.76247912273001 103.1712282839842
103.29151101076259 80.24925883321802
135.44554058643368 19.413580581201785
47.33012365265475 11.23630378438256
127.11895920121827 137.17537721277063
111.79623072601093 1.067436077733478
109.85720012428291 43.80251154491783
101.86728754288951 -3.428954596316922
140.9904714476469 72.77344325014644
72.48004968200581 10.987235264968584
144.57477412108508 79.12519522507506
110.07196519056495 100.15694162938227
111.50987667681969 79.9840405653427
98.39231462574494 150.94623122666508
110.00722146828961 26.204551048008327
90.98638109350458 -97.9291408877886
120.49440953841021 32.63638721895152
95.2782195710734 23.719964703947326
129.49731179109457 139.4548832865126
114.08282837128182 109.85023167537669
127.67608007831143 93.81084710632345
104.62049099983696 29.439571724268852
97.65295431384601 83.61363497711251
107.45663332808682 13.465245669512473
110.24081191713941 21.978555738901793
117.54274922851175 8.228936187550046
104.33546880810393 14.069479181901919
116.38904497831831 26.609950616346723
95.73130846020916 -0.27033546591715396
102.96388960710877 16.70942346521238
112.7625617610507 19.171159218497046
120.2033310463564 18.377687361569237
124.46101664039344 -1.8754010306916045
110.33783736116393 -24.40083597693302
110.33016481721211 79.7986841046131
114.48646323175909 25.611321821259565
118.08080501013497 77.7606933311726
77.80190222588604 66.61374966271542
87.51085307075125 -6.329756846714233
107.4163686004523 11.491758197612306
108.71957216073643 5.974358398391873
95.96873300284213 145.90566053443902
98.74542882489887 132.18484381709865
116.76637105127675 -3.3501334137440124
110.95310639338494 12.899996534713763
92.71567840246159 43.831511656023324
108.38510372096833 38.35910357372587
106.01641959585531 19.867139284489443
112.73780684085952 32.48398950377513
102.47488192397407 8.98369632123633
116.23099447756493 28.89826994142835
41.713996380257726 85.64398555906996
111.33940611004698 181.40077269095002
117.40318968094606 76.77281391594282
119.12935761004431 38.74868866328515
116.01144066829548 75.82756427175501
77.3988490804962 67.3442673401926
98.98527257777766 33.86346842960557
123.94946422017351 47.06623383436476
101.0130000629777 30.22642148492388
-8.189171633941088 87.78173634037327
135.64400319175078 18.162746269302957
129.2064189313312 42.168183500145204
117.64768511832249 49.68578952988103
93.87108989953092 7.282001938604566
51.35090367553326 14.651957801386377
60.178422104907355 89.85499639995389
147.45092661169204 65.80772826561031
94.98268750014721 20.25822819860723
108.98899931560318 2.717915470440455
94.38875387106508 14.344123484262058
109.13635435980706 20.932271792356662
111.09201115662837 15.500021402275863
131.24230773138825 19.46888887203707
57.03651878528725 138.11358199608637
102.55162702688067 19.624740087045943
134.35353510233767 70.96626249382545
110.0397439599006 3.265671917949049
22.05921666155528 4.504408173921948
99.49483223452178 61.85422713463292
116.44419055256377 -5.3904070198589835
95.64589690244397 21.691053680113704
68.2679129934058 59.40685370433117
95.25551106454449 12.533906996454533
90.86624338343543 126.43858683089411
90.15554588177471 20.456375939952434
95.8983762801824 93.94393870028463
97.63762250604078 7.332780344586226
96.26883602821083 23.30748339760647
103.59828912183801 68.5966700959836
98.90572734698748 12.03438743022951
106.74576423564464 21.457110769149953
94.78296140342923 75.79525978223927
88.35726179965853 29.394427768716927
77.64962841332331 25.708124335030682
93.73096048401122 107.24553144718527
115.68884959974949 8.526552600590538
112.38383190098617 21.642224574185907
115.0222951248539 88.38895184074482
97.93240906560608 71.9816788195609
105.93751791784867 46.791430757571554
108.54334051372304 19.66761982651744
110.04129763445505 35.560054776007135
110.68123682347097 43.58617879667946
46.047853250329716 17.672127710945244
137.7581431937835 150.9192420793678
97.44993676665018 10.92733142616797
124.8639827995551 84.54184759677685
106.40200488630244 139.60488078137664
93.1933387371584 94.83028173213444
105.48161431567853 53.12931637315431
78.79627060714839 183.2065210168879
94.58365212426219 51.78041522808094
130.3878068213246 16.752353240832146
116.2898174243145 94.88726973957414
90.87016375608923 62.50672477833931
119.33597891154781 24.173151630528473
128.93446131309273 10.67514641427528
92.53762853276201 24.578565350731242
115.66611588074356 68.87592434724074
133.2404846324753 142.45533613655954
80.01016254645096 142.87345398228734
125.9916532930937 25.496896812332952
91.08921236990929 114.70604270660642
106.4207061798955 124.9911994691957
97.87238124856908 33.4588488095715
103.09590514231768 43.20310878642522
133.84200690785795 -1.4358238693235394
97.54847084106724 18.30263211356706
105.08409059647838 -38.61920983477211
109.66223575115039 47.82320536193942
113.37536599095031 88.63041819104008
103.98150025571958 -2.6617430380773417
109.85879827041667 -3.309312224566668
129.49515593608365 69.88767103138714
96.28578981176739 17.251807871786085
103.5386024108054 22.69497320907859
132.90705446623576 42.96874719461225
93.28776105990559 19.55592404671644
118.91640773730887 46.918723279035646
106.46316816145637 18.941065051898452
115.66971323426668 24.664638122922753
106.78981578967407 132.07250125745992
108.94414065986521 33.24625676792887
115.35339628201206 6.70250025388664
93.88379463393005 3.3464970963923406
79.10793609086343 96.93283577378894
114.77265112501728 112.69857458632615
104.50108102254212 41.17697748579825
115.29436456488686 11.668007733213873
86.2880435067256 -4.323052366977424
110.8100860175862 23.05646895985852
108.79596080669009 4.210231865237358
130.0001833326641 69.39447355104052
103.95692763299827 47.52254093348086
88.60616082933264 34.50588315663312
109.44939604917715 -27.636829690407772
121.19660855947781 27.93520144468329
73.95990370420174 -9.217968054673225
101.17396379390917 26.45155458549597
94.58522623364581 19.785219958455478
119.51559172029383 13.365446656434745
99.50234591452057 8.025092170409483
143.25147745754856 7.220386992366654
108.37691301935025 12.851630360762167
96.31763290817423 102.98642784434729
100.41884579636672 25.23506978939914
44.672488870853414 53.37677142113788
107.64307560253111 32.25595746041383
108.402704934348 10.959461877113506
116.85515236931933 18.839226335616893
143.51687464562673 0.43973288834270297
106.32875865681376 23.385755333722418
88.98052218580838 -5.878613206349495
121.23564823944454 41.6667973938142
81.48585233776339 8.717712352740303
96.78620612040842 122.88516441077982
110.42630350914007 3.672600033729239
108.92682662831095 26.122587646508695
135.80113235674645 41.64530451821228
108.2077866210067 3.3574846836846803
110.0235575860494 7.883114012744499
167.2015476357431 49.63154950416557
112.37008073810838 33.61594746434196
107.15262560512119 -1.0287736429218866
112.12658276717555 5.693252081260288
126.31426748884103 21.789034396377225
90.00717935965282 23.553533272898886
100.64132883013674 123.11570163373548
110.55365779221135 7.015162029458862
153.5580742710894 -27.314190613850545
130.33540610485107 87.51082403230188
121.06109936890374 111.44457357565078
142.21450188012236 35.87240340955125
118.28533060296195 30.21145457247876
83.03358485368243 18.735489006311496
133.34798485098187 19.493853997642468
142.82338230045326 167.52416806654534
113.83818504701844 54.56942388139407
110.96015785803978 28.699809588088065
96.51881442025041 36.05661616305032
87.58441307926466 -10.854773161885932
114.76235082632839 22.734759385821214
111.01202144423655 49.17610929878189
113.38890286165375 -27.7798117163198
106.53533752524744 -27.21335094985772
81.59464232129378 2.7836536436471575
98.81526329452953 13.980933633896942
63.4874970384257 16.592741604568683
83.02020502085989 39.03795657781808
108.28344907030487 18.181434634214
86.77656898993379 62.35800116167607
95.4346719594806 14.992777896647477
72.72871290378892 19.038674866415764
110.27907381827268 13.1130898379436
84.37082827705395 75.80227489171716
69.73984396323334 19.277964931557484
107.91392835678732 31.382626384491388
95.65491728431131 13.08993576708326
108.95621890526496 -20.77811386829321
84.06447647036197 112.65339781809996
38.22638295200587 -0.10861254091541711
120.5200467926275 83.62427977853847
123.84078870073989 -59.23384053148016
108.6484970803814 48.825989741004065
124.80638942121627 27.916942584924413
63.05431272530357 68.75360519440552
103.90633079257739 15.984661335757643
109.8463123954087 15.627864212169342
115.16637750165819 15.523194919133381
86.46357096212523 11.759080230652883
105.01640099053387 17.54947084495503
77.17190709381646 69.85780850884295
114.68399898967435 37.98820311783058
122.93764444880316 49.104504276856154
113.02161391026824 29.678588345869333
117.16542979265202 24.358127989094168
107.80907765408644 20.44014797246146
120.45818346798171 48.830686414888966
91.3614677601015 5.780549746603898
-6.165057487557281 3.6300508690787514
107.46336475620662 34.52321382539741
129.21343905446787 73.77140021974778
104.17215492896167 67.57563198232526
94.71591393073673 9.43621995625362
116.54492181657066 19.963070195869008
121.42930975150553 19.971633105151856
121.0932806248661 164.79656929842415
130.326711101505 28.245780384568228
121.42059282806589 25.439270409142633
80.24368625183254 24.75893677008313
100.17104535651677 129.7630167578939
122.82939085174642 163.01977429609192
119.31596289455206 51.12537740350212
109.7241561010644 11.676785405891678
95.33136137586033 -4.227034296201584
104.26760651738783 109.78367709516907
95.91347674303007 7.896807726795309
92.65867548402638 89.33922775748425
116.78816033099953 17.85430555127164
118.28955949807626 21.660187903356658
109.69452995210132 47.460369721230855
115.76588379121837 14.23878363146028
77.0441798087326 67.76857881240156
95.56164064535488 12.72905827204328
126.2212995052478 16.552380409775864
100.77362743192485 48.357506234976974
141.3924254042364 14.395416434303737
147.5460480860761 17.657532845043143
112.85857585088061 19.670743894332244
105.62558678387623 58.66875864485806
110.4255657078163 -1.1318099588637718
107.38935933760236 126.17533131271671
84.0962527238127 259.7200100195451
103.73105615775823 55.65974923054498
110.51820705478544 41.32723759518009
73.11770539607211 11.607086920275115
127.81822107534528 3.9896920216432026
113.77872303728037 -3.217464241038382
