102.23745630823942 24.71776149061756
109.57440006186425 6.023078001071125
100.94590567695668 157.12860585354377
87.60203635365939 -104.92666190004729
125.40521041294635 51.543293186575625
132.65356343110304 168.41070864657593
104.32389565162963 43.50101742177757
106.71613282803479 15.388132108068188
88.08620304961818 2.3028474937337666
116.41726193952505 29.473352906318524
106.08388086537491 21.844271182753857
87.31019979193636 12.415895587637978
111.61177759713358 -4.767415894831483
130.66744292548523 93.19577030824146
119.73499847296263 -39.41887426628141
129.3121794666281 19.2699200928067
121.66005800789564 39.44441919766626
113.79802913697426 16.241306213056106
109.40185540896528 150.8991841370632
95.46233551812819 65.58191429194376
119.38077572612427 3.309351227327631
122.36296328368319 49.961952518919695
122.58325825284734 34.63128774035682
104.26105667873765 -75.89959978675519
105.4145415809975 213.60932474895918
112.05161968265992 -33.15855076790557
114.20281953661109 28.13983828007791
109.53781084271003 -4.293400752413423
85.76668774952759 51.809138418084345
111.22250544107791 44.18233733945358
125.80760237853286 115.43404084361084
106.94931602004843 13.897823613836723
103.77970269585371 215.98996604011214
100.27417549204033 -6.092575660567306
120.27591115773099 50.485972728741785
115.20434715737318 27.163448491565365
137.02369793066674 56.208461001499984
107.67014437336108 13.537265506411131
92.76034795068733 144.58825730344404
74.97619314919937 15.446765916770008
135.63205692530389 169.1682968488582
74.5332307347609 108.12045844066827
124.62998317022789 57.131037516384
137.64436680418794 19.043451025685506
44.49837948271564 18.65643207971911
131.6260127818034 116.9711423953376
107.65776391586017 12.91713680222279
106.10977548690398 37.97328435053577
99.74229153661585 2.202730325812637
127.4131030722788 107.81996590206917
82.95172796874617 12.28107461942026
151.71034314822768 63.468611795258276
139.8305050038678 100.26643554151906
121.99183790118275 44.72404946509607
96.75319932585387 131.8792016609465
111.64510458308223 34.6757759125449
90.60074885827957 -78.78151810242724
106.81806503240581 37.516931220330626
99.27978034332936 27.002895476457372
127.87775865147887 99.93726693436841
128.99301913967028 109.91454878264713
110.04717517465915 82.73104742457933
102.39703732574472 34.925428684710276
80.93824512045234 98.4390728366973
99.11246926945812 17.878001468391094
127.31282545625535 37.10896825150952
83.00022207724791 31.490903057259498
108.03371091585812 15.792631190746093
116.06301366228112 32.136232858692885
104.62411135803293 15.490047353895825
109.42962871814447 14.736303299332459
97.66769021832508 23.500991480558692
130.0156970991818 26.150363607327428
118.98453489180095 3.827063545764071
110.08559819324724 2.9335293152174895
126.51752449089147 77.47115254407105
99.21317703666664 35.705581759927135
112.09177882589977 147.97005340698115
71.2672611046201 73.51087768925096
77.20453918732731 -9.572087036045815
109.68415194239185 33.82789050510441
105.95886802913341 20.412089265411435
97.19198409879294 125.48801058950403
112.3658554101624 165.90928527865523
134.46678153649967 12.812527289068875
115.48210088068497 21.438451261017626
77.9944850656704 76.73632215557707
111.21629536171962 44.99888067985742
99.21831044214991 19.73946857931976
109.74878098154768 49.62905668081567
117.07943731390004 14.925091233237712
121.39489853169427 113.7186165994712
73.55922849966613 71.01030860813628
119.27948823700811 184.52386387964617
109.68955038953712 65.73246231016913
111.15232372390382 49.32694828777358
118.61032771754213 149.33946573749515
80.77105107813283 77.61558044036676
100.73175750376264 35.38356615205133
120.27263780250271 53.01843123362291
94.95384886188145 40.99524028011292
16.419871017147297 56.644062738471696
99.33284529857104 18.297543847369592
129.59878048292276 35.22166458355883
117.44423185678352 50.161790377714716
92.92214693481147 11.127412519311992
66.9310413546114 14.536645826337294
53.988443314021204 93.61868715166213
137.11994683269452 74.04356213663961
98.6075251322398 19.977800434906825
109.89682176169593 9.866631787744
85.14093608075346 11.899127874500135
98.39483212288528 28.546446527050886
120.79559429178158 14.706523292996746
120.40313083558951 32.859872291915046
45.906365199730075 205.3974647234099
100.72421735405085 20.55292890382797
142.63636323331122 59.640159321589664
114.58159051817776 6.912202434676537
32.9499728005873 20.560862397272025
92.23207679288743 127.6530601192961
114.26145050603364 38.74820709233813
93.87283356939335 24.7111909402436
75.90596243402554 75.60708688800315
107.76143941236077 5.994391464996695
101.048557583612 121.81910988082305
96.75488396527606 19.40241791954997
71.76971308065356 116.20552341917504
113.73952864061643 8.678006877895728
102.81590762144074 22.502298748990505
97.92984063224438 62.603146519462115
99.45565460675599 12.93704845351416
114.74621575980619 45.87911955831113
98.70534242045782 108.10297427828709
57.948234601410135 48.29432807060112
78.6770840919454 25.70793058202119
103.21153425040778 125.46444837768325
120.68265850792949 -18.91199358530171
105.23101781649893 24.37334257385879
116.67692804551149 78.05348982079316
94.44302699516203 120.31575083630455
111.56052140768304 90.05764924139099
102.83731088723884 20.491433303130353
110.3301438076467 43.13278410958844
116.90112721500255 97.26658977871722
60.27014926386912 63.95470784950177
142.78698606411902 143.89764322318845
100.47752644379973 12.669277572404546
131.74015913778922 106.47490180386286
108.22139253701022 151.8350691108533
79.23923079700336 85.07678707746014
91.9982049170501 60.8775964008601
60.21902693853404 189.45729770733843
85.53823916860341 84.7289382420303
122.22847797422568 18.45176591733818
117.72354194948794 94.72437321503847
82.34250564905304 52.38285443181589
122.98407792784353 26.116557319634225
155.91533991680586 22.2237989416598
90.57255891025768 27.629924043722514
148.97095650393226 97.06246542881789
109.94095144951146 127.6148425748395
86.63744531879935 141.5340859867089
143.43504156525773 83.01008406265007
101.49042918713955 159.17463171979196
111.94661862248188 91.3369017298157
93.40977840300317 41.15677145235868
103.44925330761963 44.32856113704775
148.76321732607323 30.552415096350835
81.1540394679928 3.099324963955261
121.30342513146798 -9.361140901228534
98.10968070344218 55.393327630029155
117.5723298472585 146.3789423444736
103.41919545063196 -5.942063699227469
109.7386215087465 11.227608594279635
134.62513366003245 96.92168983054303
105.64804186706478 19.62267306621601
108.63376830198811 28.878814587294364
152.39594473948927 46.18630021905061
78.4903913605049 19.271688504553
115.89468418916329 50.063129457339244
112.06729674116443 23.889137171143226
120.724307932654 33.65685839351195
106.11499087991733 156.47424105002534
118.21677645567856 37.45366817537516
117.20536857644254 15.801550767225747
97.90739687992784 11.478118304372318
67.26337002225749 59.69010370922542
122.80963927238484 104.05950395037297
92.21774421088715 68.58730979304346
99.64484769278401 7.735362941676723
74.13187410216013 -3.933185355736684
111.55747243624441 30.133432713925536
109.3404533267129 0.46019276892665795
146.72426806240665 74.7823554299294
105.4579213139411 25.480092366230473
83.20564933882316 43.777364679389464
122.12692905593265 34.92418783076015
128.16361687548977 35.43308542511118
76.98672365498464 62.55162250676001
93.78646563838255 31.76633314964756
106.39494923310964 29.190518016202923
122.2970649130169 24.343346106640645
99.42492920975208 8.236719253417037
144.00942722754485 12.06258850638948
109.26142327624464 17.427146375406785
114.5262533800709 137.19350455245626
99.28546354451225 38.47916216461533
48.94006814165533 62.730265953960185
105.61154302524146 49.54313244797064
112.41083328278573 13.460859594021871
123.13730057806971 14.026792080371184
121.45107254169501 23.34782662720618
115.70360246144773 30.040514561376053
88.41423363369427 -9.85133760260571
129.2636105720884 20.955151387308902
82.32042060708321 12.87557907688096
117.7795917111685 176.2565936582363
110.49549785688949 1.8673448496125826
110.48592674295493 39.39806410339396
145.4754267976157 60.942652417149745
116.86788053703391 27.13124365147618
109.90215902449468 12.878770993826167
179.8871813944396 38.87297806309801
121.02227151834643 49.75002192446243
104.4640479078148 -6.475292485703318
111.99830372464004 8.014826564201767
132.63190931259174 20.055745656804444
70.36635024752542 32.243640053866585
91.57942849675428 157.8333475234424
118.17108277471591 21.166479615849735
124.04963064458296 -33.08422531888164
128.4968392738636 95.71108283851848
129.68365944457886 103.08282004035806
135.18393475347838 49.6446170519761
121.75170150616349 41.463637236273094
86.6800977079084 18.212967190499963
138.70329134432706 24.032734831986048
136.18769599804406 197.6418159035474
116.2736326474413 62.976364674305714
111.54972708733936 53.79818366225482
99.71212768180642 34.524453543570665
103.53713930027325 10.523576652843841
108.71532734762242 29.70412420972485
90.25460792193257 47.482568820200385
122.03698182565648 -43.493387119292215
106.77486399251217 -16.273705770351953
89.96542541753597 5.198512799616536
93.17807952194191 27.000282049176977
62.04570622332433 20.2185508367373
80.8101826132292 44.45876142509409
109.36867285448265 57.4518552098324
92.55431514608432 47.97589390102581
119.9264382149638 53.59713404767913
62.42856967527288 19.772946468579246
112.32213553577554 17.414040156909177
78.51225489473322 74.07684989085213
83.95624285854818 20.765817124062075
110.6142860644252 33.95162407786593
94.34178303850464 14.043434842060483
109.8468305081985 2.098037287107932
85.05940969366792 170.20735647499734
50.69919459033166 0.8751325970845101
114.12637570286206 85.1518322736457
122.50032034604334 -56.6075586860985
117.59213609129478 54.80930317988335
135.7156970963472 88.63744149679465
70.83708090271283 81.95546925913362
101.3952203531681 16.152222748034973
109.53989036297354 27.836875321869677
122.78904230773618 11.550547810374505
93.72037603586028 12.642604492825452
103.40824013434008 39.73642008808016
68.801629681431 109.97472892901702
127.27853861689104 37.08387171613399
162.4929280878331 79.17106553057086
110.52424845685512 30.737603130624503
106.45931821104104 32.44519853508762
109.81960338333248 26.173358570281806
119.19273980586469 49.55898751606185
108.20819006840455 7.5502633103464944
-11.327452345382754 12.690304373444265
133.56487737004684 74.68578550196965
132.57320630369972 76.57886725304469
101.73909106835387 88.19161606552312
95.9770685090005 1.0308919700295671
116.94937911381373 20.712998345903078
111.99928163224901 19.594641651746244
117.90831108295436 162.04099395955683
134.56952646070985 30.53866123094077
95.71326210087842 23.700376531703938
76.36535334567371 27.075861053139825
102.15836732032434 132.63159944247255
128.14721201425928 195.4594240975523
118.429168393541 47.49931367261768
109.70959998747695 5.1820394355993855
92.74091266743449 -4.049125614284469
117.65959014676034 121.92999803833881
112.82564392657144 40.610745295862
107.28276080982864 120.60970759876079
113.22628864277264 18.456562791914607
127.17129802042419 18.93706827223071
112.30022334529768 37.19798838983846
106.63700664397953 42.63493729324785
80.536546153904 64.53233184225707
106.36803618998142 16.645712054137483
128.32406274470085 21.083048030464468
104.29337467884947 45.73427610684463
139.61461336436335 18.790571581939403
134.65541507158488 18.290590897629436
108.31139033840681 24.810382836646134
106.57567934446023 55.53813489486395
110.33539741071397 5.520797793114704
102.96945299669675 125.17309511145228
90.1490660094154 249.49092689818983
85.78104991322634 51.02851165630672
110.32808062608571 40.868401837365475
69.67370578452618 6.0627336419950275
119.43742439105522 4.489583426942274
118.94069089205489 -17.201079765974534
