106.36504976556674 115.54300397535869
110.66157040480262 100.31934137901827
105.50071326065279 113.51055942110938
88.1294189304553 115.81749365798312
21.461457597861223 41.450465396885164
127.4142623887035 130.50890165558022
102.05178349900882 46.05132656067651
102.54797909491504 74.7387873271851
101.12311051439795 15.51752372446979
128.6034998800201 110.2681379391808
23.838384260946057 22.654410156689913
106.31941531728653 16.493174931895457
110.4165397923282 111.65085074984623
138.84303437981526 120.38518986449583
140.2544581334261 99.761984152328
124.62299410573057 8.767684937429218
18.79384554051076 52.464746535764114
110.40579816864137 121.40078406440158
64.13800575073846 108.2406109600121
79.954411778133 133.5129835487631
120.19033982956383 125.71740156785499
128.9896838742652 53.30997233076579
124.25135113651794 54.39986257004378
101.62664483942223 80.91830960970546
101.46111107546014 104.30845860807281
85.42586417801438 97.66258165952951
57.612040809694214 61.47060476488881
109.88495110880741 115.6154194403624
66.71532673152338 126.81854268527673
110.94456329851126 39.39005432924294
122.24396860408332 83.72860744658448
109.57794247299368 24.191431732124464
90.52983393613795 134.4421438765936
17.280676721029547 46.28522705089792
52.023471463592315 130.2960154830018
91.51218388784262 134.4747514148507
125.38754481526703 100.02103419927585
96.07532205845524 9.133954050996197
81.50269775869879 118.9112530902906
94.77896049100504 19.111529351542853
132.29219528886694 98.07248831030138
75.88251371496979 100.45852621291007
21.16766607906082 18.438204064333135
140.38650167216466 19.51824417274629
46.42728054758948 30.326294815791947
123.63671780957573 135.30870673074327
49.11332546133932 32.17981100770637
114.31430126921339 51.17628465651954
102.57606203625447 72.03547184487414
105.37204470758127 118.93387955828486
22.025840139772075 21.05629346613423
69.70577809787044 62.53850169331923
126.88355623623697 129.93003693596071
90.9738260797676 144.8597229209242
100.64096769261168 118.73585033305534
69.73598355636516 146.29642994192002
99.52838962883416 103.17794051388533
53.30349777893152 44.17736871237542
100.38459779763038 23.30301180329639
114.90758392656626 109.79649686587217
125.77979349518695 104.28227378944247
90.22986311403201 94.64359447506901
102.02619259433139 41.77828439334435
95.97372769698067 98.76937052431232
90.6814011392834 26.316676757910685
128.04929815833998 52.88541270859426
22.727273817168086 45.1052251402582
109.36742880414732 18.109950334741587
114.6434829637446 31.204209371888513
116.69386960765674 123.0279025375402
108.12911319676329 111.52257014937763
39.20733062336477 25.199933223580377
120.85236427296756 34.17037190899958
129.96689326572195 132.1068720000677
105.16082793221659 96.47567647662018
76.18737926539372 138.8715293333653
89.68334827826021 111.08577605691012
97.31178878863612 89.28995811929991
80.56647009111465 104.3783047104022
100.98630007846126 90.25216173508747
107.58917003398525 85.03629892254477
68.64526301890987 110.61484487212344
102.42654838240784 95.83886592763663
132.44647066800903 132.23291205830665
133.04974218699684 91.58146498744043
119.87993271942916 42.1200919025981
92.78024369332172 111.40106141983816
113.82921981364693 109.49881429839722
31.000482989177954 18.51952787374555
106.79256078871761 39.836265767515165
21.593432778979672 28.37571230367436
85.59748894382757 130.21710148741226
74.28245062055775 22.77450044050113
120.70407735870867 129.01485476528939
123.14492873082986 102.57347398612518
96.05853913056087 98.8400914834876
117.70207347847082 126.89759784220325
86.00056056419511 101.68992220488546
96.15467642160874 26.549687513416906
114.36805041493898 69.65423652064578
95.44418188686376 40.065163254624075
51.8707235210933 42.80784730372494
94.14933557643488 20.827550058587196
49.11716575429374 39.92792329930657
113.15693336448659 54.20185733308499
106.95730205439418 15.439783022309285
15.694418742784743 27.43909289658481
96.96088568042352 97.98736375847196
125.12183323324018 106.88245317546735
105.0917934919589 19.615682064191553
64.44902409959492 32.14515489858039
113.91703832333005 19.920519730980583
28.374365416937696 41.76719854849367
127.71844685549323 16.249506945462908
88.4795489616927 96.89502819875172
92.50256584886046 115.42783090695337
101.37258867616667 21.95359813134522
88.72548054310889 138.4329778102856
113.54859459269737 34.1219056275597
32.874561565357006 33.601007702960125
105.66288622831547 111.3206991249703
111.09025216938952 114.0905073131072
58.084777420957195 121.68064141773107
83.35444206224749 119.218164178203
98.32665474848505 8.573393148180644
107.74965099151683 119.68603645963107
98.9134400840602 18.654331809901326
61.346713354967775 140.68990664797505
128.97809538778904 128.65311747659797
119.34623285683985 21.3267562577193
74.63412948574006 99.63402073515056
108.70936624272294 17.35297722279472
119.99043992343503 125.3759825837147
107.0581676914732 115.98385602275772
88.12467749389627 111.8633155378017
92.45361069932017 26.459390305497962
101.58727274536689 115.77715169592958
112.66974865378971 118.5862638877161
94.03054128447218 24.192698499663344
59.054255474465336 113.68002162401997
64.34593175218312 132.7054819678067
114.09266876730034 120.46909040562248
24.877894802245095 22.608511513541814
11.377579921535744 47.05716271117619
118.21085620092157 51.67322635826741
78.1442154061838 119.91720355416682
130.00332563167854 128.50242012755757
107.07851305423213 18.14837419133846
116.98005608387702 110.70998785486431
61.844980681167144 128.57409419850308
73.29228149065618 108.92056936645302
87.03392784749474 98.91795677786216
79.75584729454741 119.57438804980174
80.93950862225267 110.17955633237918
41.194343379512375 24.153014720127953
115.22049953635162 50.690784318301674
94.60489399571432 119.83536700093002
14.770189436703625 28.423939914071983
132.86484481509157 31.23466054694622
91.26849915189852 27.902197148606135
133.89363430194638 130.00675276297605
70.60199779134071 111.43009493918298
101.0974698524245 114.55175947946022
141.7862042521959 118.26648981928982
79.01593316702034 98.49769494900951
108.80317434979042 117.44670446187774
97.40340567543808 38.95538936010775
105.5292531639015 34.966085446702984
49.28674003538175 54.26238221008176
83.50924194607772 105.38514805961718
74.71514595224116 110.45276426048605
93.3785283691241 129.08331065861447
89.90897361528538 143.46533086430836
93.64997374019319 124.75367276549444
24.762395825661436 28.70917775066752
121.57713130473358 83.64789237573301
113.35536641858869 23.119930684427143
119.7162695480882 31.242710910249485
85.96320183050733 96.9872499759686
94.46715494768979 17.99681395397367
121.16921747351677 46.15761222458533
116.10550933005567 27.55253971625856
126.3927920100442 95.04242301779284
109.71668435097712 120.67821170630171
121.01430395781706 41.059491994811324
118.33602927981359 29.454714223452477
103.0114991585024 111.75453825709104
75.79648670951808 134.2837472940047
118.63328674421115 85.99622774847127
82.67805289865197 117.07471715132831
85.86488232708284 110.51318548946281
104.2766246040437 23.30497842936281
50.96297428307251 33.28548870041216
108.20505599940027 11.485669799589784
132.52743790283904 90.0051539776513
60.6218534987683 121.90142297564117
55.947643830464735 48.484165438393994
131.67201470148544 132.69829524841646
125.84119089164004 44.31428604628133
95.4239963201452 116.3601082960717
43.22653629427683 39.051187015408836
64.1995461286586 99.70637550315818
62.79516691621323 33.23032039102373
110.20610048132271 22.171200609938353
131.19525565089006 113.21202510098955
112.77404346265543 27.5825801262773
87.24340090403109 114.66106557025564
76.16302286810638 74.69844755804667
75.515161675709 102.15478357215447
18.187477111082785 35.37829105776266
18.27958498525878 29.974352099131487
63.640002503581734 110.57709978756633
98.92381789702954 69.49478019494347
22.730225385167895 33.341842084233654
19.206798521228155 15.736076087699603
123.2316058965455 136.29563941266966
103.59609275681946 14.536579175098199
125.65216473775132 138.87473947388554
110.59235052291888 14.328786797000209
111.51284539858865 47.19382501965257
134.0971471490083 118.38986936562921
121.46212648820355 83.16373783046953
109.07633521047848 37.93280755634544
125.08418994682134 104.1260914187683
126.57860088010105 39.490622078354804
106.93488151147301 66.5875415903413
111.17944880066644 12.73720062958793
85.74943056226746 20.221171327099754
72.56664607335479 132.08246408045315
97.82194614252396 86.64113711587393
121.203538359323 28.269311908479132
29.236322579177884 48.14892509762528
118.83332827270694 63.80537441422469
129.57872588493942 132.1073431630056
81.76553287015732 130.63676464523104
12.802485073291978 32.421345922388575
123.26483825441001 20.27379213745513
131.5121678592337 107.02544988109487
99.3916764319748 125.69320572680735
115.43339428398296 44.03195018195624
25.41156611905859 43.475994475425615
98.65641168250988 37.29909529851659
129.08453642953438 125.21511747613158
40.25894741831417 28.198098856809498
83.13263490954998 105.6956687483883
127.75989153353848 79.87142740774065
48.57136006366317 119.65863438140371
98.10184329387475 14.374500810946232
96.81726760067673 38.6385811423498
23.599144847290077 26.99943455541866
90.95718105469095 120.51741931410905
110.22782190342473 56.59700602199194
90.85214453237059 118.64874890298772
133.09209681221415 120.53603085862663
30.08200264074497 21.152627311100698
111.96186933581956 34.9955668493951
68.32318100602131 117.07495326910697
54.859265475153045 124.85650236810648
112.75037373546293 130.23454581594177
105.7713569483774 18.271620622115773
110.35727342092679 126.55445332341016
63.41777135139445 127.01499451247469
22.302584342989892 21.21694758903771
109.334554176593 120.1492269893518
116.43435542157171 109.40007364435179
78.13565484225114 132.51767166860182
124.8668257279314 135.51546809392224
78.56983799394233 101.36115940037517
100.05807930681229 16.917162755498982
108.74419441430194 31.287045599073505
123.33224988027514 12.89929729146746
110.75021671629221 20.326966242521635
105.59424651471828 39.00472973993314
69.61743948383851 111.08040906655123
139.00212512030754 85.68917558589658
128.1837988365422 140.6436493093641
102.77596462617288 31.98416587477299
57.008423215189495 30.703201426644974
39.11167772337142 29.009971799382818
83.59896817772069 108.39009663908284
116.95517812292147 23.074602448761098
44.25176403679967 27.016609534272597
136.0600724681104 132.7393309258541
127.06615517066487 88.29387411905596
104.1720440592679 87.0166460384636
91.80152535367559 10.780355763958564
125.3058632057331 20.714759580584072
43.502091816784905 20.087002168275813
98.04154327815586 101.64073652321149
97.1200815153013 135.85562514016524
59.794506363614985 26.728302234212354
83.39542692741574 23.187159525897624
109.30948896900313 117.973185149272
115.92141154668373 112.80150189203839
16.223439707564076 41.699385018523
110.80708792592698 105.84568418395027
105.10531936201481 17.391615094665976
119.65062307546546 105.65955782338958
132.7059348507549 111.24741250197395
123.0582577367795 123.05141359753033
44.42751963721817 20.802599517882076
131.8218797937677 10.713165885462319
94.07771809909241 146.1974927414288
47.005232226428085 122.60675311508736
14.69778637826461 47.658138904593734
39.71144802863732 34.506864869293125
125.39414552613609 26.07774561369901
96.10042201752269 119.03594806261593
42.72787845152484 28.981081450231706
22.822440874378593 19.040969058612543
44.45794324821544 29.626965595779975
102.34044764935226 42.88022592353334
108.85324123340044 107.2292935555621
75.40275860084395 129.302408297815
77.23889361140745 109.72852915200178
68.04589663672986 117.66812261839246
17.3995202805217 27.722056931607685
98.17443545882294 11.258197740211093
116.43332292712098 15.115643852651537
81.58490667003534 135.42008597761097
