101.94457330701782 25.045200926867096
105.8198171506275 13.697226953102902
103.30505164361068 172.81230256282274
80.58908344262882 -99.18284547578611
128.9165552880108 76.11443343203874
131.99575338360575 182.28806406387415
103.50961229020649 49.31064617022065
104.72297094725863 13.380468830686834
95.01623950035875 4.518137314378818
119.92274733747836 29.757987673118013
106.41290598496768 23.937396446192594
89.18202355996938 12.374912850882918
111.56036002544107 -8.149690485927438
137.4975679406533 109.75314963231737
126.39066952378045 -43.01314852239841
135.23260079026107 16.276451246005912
122.18338714481112 42.63522307779897
114.6842556697028 20.504516534432042
111.21993437986632 146.40067758135828
96.33186787947292 60.17367493302208
123.01063718968705 1.5698456083280554
125.6485963272775 56.775986297613656
125.50455279165054 42.43174062327234
103.70069570786441 -62.726087072282844
103.27292066911026 201.98218792449063
111.98547900278842 -32.41535790413259
114.20310394901784 27.821443187010996
109.57564172749065 2.7713785003562403
90.73451572239762 46.35730698144858
111.75706606316533 42.68609898951553
125.4422563322216 110.39216628724569
107.31836304461925 15.112246127805562
97.58880192878856 217.71719306913107
95.18481944070197 0.2809637170860273
127.7699412913949 67.5234619766197
115.45241200950446 20.14241650012021
139.1675453823834 55.24602620222742
104.13455203351332 15.48116225937985
89.07077565404911 148.74547125168525
76.61768893842023 16.42434919807394
132.9078722598467 177.92338664160263
72.62841567731982 105.76913659274638
124.49433260746366 45.09549693434496
135.85626367408963 18.969876901740324
44.267130188217415 21.28043270733665
131.0643158674971 106.2350461090604
106.37388683341577 17.758147339091455
105.15879915343044 34.53107155912217
99.69459744883451 5.5412035362624525
121.80321576020141 116.39707266003398
87.96683865220916 13.436427570191508
151.66943900568626 54.07162841995848
147.93298792190038 97.47050714086303
124.7012301923784 35.8159817168699
97.66116996466208 118.8147708830914
112.06442885153797 36.482902486836714
92.07829890641561 -62.702347069352335
102.19679133717631 37.424347697238694
101.71339149695358 27.45905725136147
125.67001699351566 84.02719711045494
132.74275072350284 108.17758364136412
103.9228719573958 77.66579104295079
102.19025061574686 35.49571051319751
77.82932856326113 101.72180143775637
96.99228901784603 19.575343347476757
131.8830653782516 41.113828490531674
72.84441451991684 38.75464068181653
109.53882881661252 16.688936663454726
115.3581570057174 33.138213310951784
108.0831931666915 21.45862862283088
111.74348351420576 18.215756692817212
93.30539082880432 24.65019090668071
132.13482492502 28.316419787744216
116.0467010608466 7.528167043453311
109.95431968642559 14.151969239963972
131.06245686555545 75.83172091856372
94.79819484551514 37.78836197317063
109.82636901568877 167.2287956533264
72.89199785109687 75.6873214080761
75.34321667631916 -8.250777931029948
110.5001536843183 44.82802203520784
105.37121188506167 25.40455965125899
98.35543982613876 112.5163024937345
116.99529614293547 168.74961034633534
139.01390905104168 19.08618028487513
116.55354683239268 24.253710353103614
75.51121872327478 88.05387579243006
112.09077755138851 45.87375114330764
97.75920269686524 19.70544199675686
108.67831421922803 53.14985789871798
121.57510190220391 17.287521717647195
122.56455986848913 139.77113570150215
83.53905368074115 62.032227301235714
121.09338512877811 175.5327372423311
106.95708018005244 61.82493323957089
108.28231040640264 53.87244594793833
118.88058486123899 168.94191039193407
83.33238511139898 81.41238322389827
102.06529277508989 34.42355489709898
118.0671772768535 55.06375783477497
93.783935111794 42.99439863849375
28.911517000081915 47.128589747117324
87.27363069138448 18.42377176496971
128.17976381034694 31.23737417059288
116.73048402988898 47.45746138662245
93.94208982460071 13.224807265476386
75.71219153192894 14.867046343849694
55.666660980056406 89.57844260749876
130.60908241704053 72.88844140992099
100.7444329317639 19.861478008509135
110.20070346554107 13.062117570545446
84.0623308678989 11.77548448432474
95.69840674135392 30.55714717917271
123.32401613448678 14.83855749244147
115.58357974902574 40.659473455228344
48.26137492254241 220.1148183526229
100.69438156884651 20.797110922950758
142.49426203355907 57.484866924000414
115.72980226795332 9.388006326635114
38.41031081808898 26.025366360992724
90.99750344557502 146.09890985778281
113.10235939796767 52.615055159300496
94.51829092579189 25.527359159184424
81.06744389597361 79.92627846813818
112.29603216442815 4.700566442572
105.08640858752047 117.31961203182128
100.30797053023966 19.05731048706999
66.18291457918171 120.95413411134932
119.1452270964612 9.866819757740345
105.55693432992469 21.902497794626235
96.64870717054167 61.99312063049897
100.36573872214218 13.73812493959176
117.10753213638783 53.91667110325314
100.99584356558991 116.63096207494533
51.89863977018613 56.26075752968186
81.29516137478727 25.29610698737603
107.37061198658436 127.67952257287904
121.6082858377925 -25.593433817879966
103.03885473856928 24.902608941794234
116.59614400816075 69.95474779559324
94.3256104174374 133.58286927824753
113.3695496680085 102.94157235050714
101.31650005004691 20.72710715683574
110.4073891356409 43.976591697250136
118.53661105924857 109.87396081482466
64.66830026805398 80.39123530351178
142.4868003816373 135.5682247038904
102.26358174950781 13.994110822951878
132.436325437166 110.183088085657
109.0466964098397 152.62946192976844
73.5246098590143 80.7802997965573
88.82714419122422 64.97298904842327
57.22795997674951 187.361753700681
84.55754466298625 95.28479440757077
118.25082362123115 19.18540280999912
117.56043831510844 89.30508796876572
81.07086680668239 50.23853320667879
123.10380178990312 26.336211994627266
161.7513076224264 26.15146080320595
91.02810444156313 28.022536089324653
157.82906095574572 104.16542417464738
101.73065511848158 119.02469172081155
90.87113689580268 135.71013161344914
146.5959830928392 102.75483707147882
105.76409751197619 166.6269650990535
113.66257190532987 78.97019377676624
92.93147023681115 41.88942682304758
104.03117319762289 42.87800572291718
151.03675024477195 40.81208031464559
78.09774726782376 -0.6629858559424526
126.19617835736238 8.12547092541119
95.13815573546579 59.621551568920964
118.28516162711534 160.0625762269644
103.78093914784063 -4.36528778094683
109.70024706850103 17.033727535864934
134.50309609953257 104.9560322572061
109.27387858512714 20.49416101811306
110.45815117392915 30.158262949280104
156.6466059647063 45.524854447352396
75.77534042283538 19.187118849879774
114.43567297855778 48.73074555264979
113.80972944544308 25.336962375167797
121.76814989127209 35.88249530053859
106.32429667471791 154.91179211759356
120.83325457894261 37.79891593977261
117.15364588387075 19.296994304109514
100.25079805576237 14.999782664252894
66.30753578948355 48.23249194873534
124.36339028204813 97.8620679770188
89.57044745161767 78.54911933734991
94.90219905158244 7.349022467162581
72.77778624458752 -1.8577430512715882
111.68198773651827 31.995156472275497
109.53907471032757 0.6573007439844027
150.64905738946013 77.27069306693508
106.3558367157579 17.267065663759148
83.44547027148205 45.25790896411809
125.45232051293084 60.94604713818338
129.19478306589275 36.649950013805125
80.36788479732358 89.13006197387844
92.46892323683592 32.79334245327278
110.84507097055622 31.864525857523837
122.03612435481772 27.89307990585283
100.25032858421622 9.08972936591548
140.96721839367265 18.033784851769678
109.60268992538245 19.219405515845253
120.53823572414746 144.7377820116997
99.54413889996998 41.811811846671134
55.09621266864042 67.29699676780348
105.27321921660247 53.244435131491834
113.57463281061881 14.93208977570379
123.83943908743578 12.809447289795832
112.6357396516066 34.37340848256126
118.59320207672108 31.459794363257064
86.85036476936139 -9.106961034052826
130.32121552408154 19.278569276555526
84.9875545452067 14.947055436906536
124.61851458609279 186.05374359176352
110.45676220870936 2.532956196590551
110.94525552367188 42.40384077313468
146.09756692684016 68.19483865347989
119.43694264970993 39.11094233587262
109.84983061240787 15.047893785898328
179.12031229372744 37.71606463035978
123.2047961882689 52.650425718642104
103.90902126261818 -6.03192344116052
111.7177912063936 9.788631083690447
132.69561844679922 19.414662321098188
67.10170354170573 36.64653024319721
89.90380462984857 162.3517902135417
120.21449222122745 25.953433382907658
112.6562151850149 -31.405135126114892
125.96719573725991 96.32092389642784
131.07278530947605 98.4257307817992
130.49616076796417 55.09525647851033
121.88433129120416 43.00144260829243
89.56454322686777 18.154793750887578
138.064375671553 25.187361052903068
130.97649912988814 200.03711918504663
116.66809532369099 61.34569482867203
111.57243550363357 60.04889239450303
101.43312030230341 32.69287283062866
109.45592712526862 20.929150796545926
106.66031178748207 31.291299101710997
84.64036642944484 49.52180759618268
124.08276175714857 -43.52301578665804
107.06636637475079 -9.77649758705358
94.80481008961625 7.064971164918716
92.52391884019498 31.028386085164524
64.7325860037226 21.423032135287173
82.82234159343864 44.03430000925667
109.78191290607059 68.2000222356655
95.95537469024252 43.92603610455354
127.73938878220373 68.21029460522504
59.229577191989016 19.9826946945444
112.81715320112795 19.105904570336744
78.47164513990693 73.87327799569488
91.13772170857314 21.250150209000587
111.49174200578004 37.70658045732271
95.28115608320718 14.783706129115886
110.14467788829666 11.271280517591219
87.11952467276367 183.22104289722776
61.12097784508324 2.5311884759149845
111.47894377351777 84.69059315434102
121.15638163975713 -48.78657764521769
119.96666216305411 58.05075791624204
137.1783162294988 108.26507466933727
73.20593459542958 86.20505079552024
101.10500485457145 16.565798917040812
109.45121671954323 31.549043434988413
124.16373781254563 10.643090939768353
97.47794134797321 13.32130667348384
103.30314906471997 46.2704537274164
69.04231893631625 121.38797175332161
129.92834010406065 39.30614195579741
173.64671173783051 89.05760491457875
109.50664894248213 30.140995385915453
102.95038398680444 34.24309093138599
110.52890573092546 27.673538245560565
117.97722821800716 48.296848039495124
114.15187380470354 9.047880751891242
-2.048749740893361 16.17722979351253
140.92323599759362 87.7679167343813
131.68192150000627 77.22561440287576
101.46384316260837 94.97157995430427
97.52276623501122 -0.2029012080831084
116.35730965750027 20.901713319823937
108.4363855455958 19.466570647034178
116.05605007819177 154.8600409810796
134.10011845906268 30.40499474040203
87.90206159747764 22.67621826665831
77.49451844975827 27.389741010705865
103.48708496861977 130.85212928252506
129.1011577685457 196.5017858578286
117.44583876833654 43.56504364279461
109.70697988392268 4.1089801185461114
93.04258631667948 -1.8424214612518184
121.7706430913316 122.5540239226129
118.70547521115341 50.340119278400415
112.66364221932022 127.09282213355227
111.6060174979451 18.76275047921154
129.10332774524778 18.040011299307523
113.02940395617065 33.95665395127555
103.71555195033174 51.13943416832847
83.96751860416714 60.82836664896705
110.45999970107738 18.189629666507855
127.3307472121089 22.5398464894193
105.93885830834712 42.06818357375845
136.95792064274457 20.326293308146937
128.12332936747896 18.66757404030624
106.86602305449051 26.21638665438798
107.12582841063164 51.610505053273265
110.25322660900125 8.595417678443635
101.99037081312908 119.91778294388986
90.76099847990422 235.27415790540218
81.31228466779073 51.724673317795386
110.21762772051737 39.01517376418541
71.87322728338978 5.251358562363395
115.81444659868508 6.21671140965686
119.82247649162444 -18.351240385170083
