101.9920608731459 25.180495493929463
102.21098383227745 23.916074707755204
105.95451773705663 182.9972622278552
73.48462274912387 -88.58269301757598
131.8143579286588 98.08888370352422
130.11859768569474 193.1795267506065
102.99638539518736 54.12482524381163
102.95115303900242 11.555936444750051
102.89180525692991 7.154046286442929
122.98059720223651 29.73698493373639
106.89578760469952 25.894923351089524
91.86737238437831 12.56296436240599
111.41070155969192 -10.38888402923825
143.06134320558024 124.52563437709146
132.67555190132478 -43.563987980745864
140.08765900801387 13.381754973829015
122.32603477164767 44.82668675221328
115.36089043743246 27.18529023248078
113.03979837962567 138.93222975489297
97.71032901496704 55.81603900432941
126.2223902723585 0.6490050224255974
128.41237092562693 62.55211545855413
128.01381445696754 49.416678566885956
103.33743380303451 -46.96787548334851
101.36195702270099 187.31804012019143
111.84586367241423 -29.385153039701468
114.03463564628377 27.188742895470583
109.61998081797066 10.456806555138233
95.52733589081153 40.66034273029928
112.15449695695659 40.22442751441628
124.62441089779192 103.21040695062712
107.76400855778468 16.488786330333625
91.84390149308253 214.70136087273863
90.77636348799652 7.379361422742827
134.8265894202084 85.1605589945984
115.46476197022041 13.078918807653329
140.45995277693984 53.64525619844297
100.87396175514688 17.61157805036004
86.24068140500655 148.2392536611274
79.63158172820458 17.47853949761209
129.11942127318983 181.7202591990887
71.73275347452719 102.1364346969951
120.41972440937498 31.889307449912753
133.2169074287249 18.917413545703088
44.17695588997027 23.834378696638662
129.70541528545908 94.69143616645802
105.29501156373827 22.663560657211764
104.39970189732708 30.522163140452108
99.81058523009686 9.41788310523131
115.75294574205199 122.54958043474812
94.34666056721208 14.93067423101905
150.57037166421128 43.25408789856097
154.09967481458474 93.2527617551124
126.73786853563527 28.494641178064676
98.91948944766109 103.1490915443563
112.39269090307273 37.85687217876627
94.19010501627804 -39.07919336379693
97.82183082854422 36.723416939994124
104.51127328739605 27.637553683501633
122.74169103157338 66.78187230354067
135.558580812761 105.06907474256057
98.09179847792215 72.18116007192425
102.29715377587344 35.41817173615392
76.25261503260059 103.0612401407099
95.44248059483957 21.274688723913542
135.50318249365898 44.20869811915876
64.71686403864184 45.096831995297336
111.04543948965006 17.75572588505014
114.34441599322861 33.37532898205254
111.62311593396122 27.32627048882554
113.97740463979773 23.521369880587617
89.58350229598138 25.6655249538598
133.29790079105112 30.12396739628855
112.84815675017781 11.844565240915822
109.81494592447486 25.626642104573783
134.68607853186435 75.00608787508158
90.80202725640899 39.13149445380491
107.58279633740058 183.8317099698675
76.00441127519746 78.22392721687879
74.96800808458545 -5.808892581384113
111.29165721870011 57.01525434342177
105.06144358237415 30.16300155612152
99.88564467351421 97.66998787539937
121.36182104117461 168.00811421640617
142.65078599531347 25.35223611391764
117.38921736759431 26.822497708303064
74.9898980000685 98.16769487040133
112.91235730118436 45.44085228555004
96.70758534158125 19.680399359196063
107.64128253135013 55.67802011410791
125.62978666503729 19.769805076672064
123.26779204553337 162.15228230134255
92.68598102807726 51.73075613953954
122.43774887670818 162.27871765320413
104.36853363174943 58.93071609456395
105.5645875254225 58.91385681687101
118.89056961243266 183.29655513869446
87.28692152072136 84.79687170246049
103.82962192393924 32.628949481626755
115.31419921483398 57.99650534235728
93.41954868160072 44.17816951646749
42.38886937312289 37.730907943802066
76.37871213452092 18.58913454021309
125.84951847470732 26.756681623785113
115.66929160812192 43.26685123489066
95.52469862252462 15.437000444789097
85.76414070683505 15.43383357186945
59.57911737113741 81.62595656193939
123.05730560379278 70.72890973541695
103.29378069203318 19.738388120837588
110.49256416045898 16.428139078643742
84.03378265263582 11.902192032192183
93.57884611375981 32.14709711944406
125.26124048791436 15.124273682706495
110.4485397720517 49.61550228864644
53.013681519545614 230.32587914535804
101.11601948547134 20.997773489531458
140.86957321515828 56.96052655460249
116.63321331895379 12.212775216895567
45.31145079515245 31.152204625101504
90.81714176704176 162.52917742773164
111.86242352509993 65.50994963116149
95.8996987112444 26.234860649018444
86.9775155569025 84.35983813721616
116.7233620961472 4.188386686055688
109.32826664505369 110.21774914797565
104.27113799948333 18.73643793024656
61.63208435755794 124.80690074706382
124.22319944948656 11.196088084944893
108.43433047277128 21.19467057454514
95.84249912616175 62.01783885476762
101.62763558361532 14.798751004339508
119.02442741764601 62.80175705445671
103.64783453532357 121.74780867091553
48.624744385087745 64.11203233631463
84.42351900723558 24.79636058359902
111.63094522285623 126.67499716697469
122.0672238196718 -30.508436219199172
101.11071300599185 25.30325987285138
116.28500587854452 59.14113019234111
95.12075475733361 144.03529030259875
114.94131784990395 114.94155143160975
100.12162571570646 20.916594427787476
110.46716435917115 44.152569655565685
119.95287939201945 119.70514255703866
68.92664840346717 95.8678835602273
140.51764126651966 124.27977649573393
104.27080937903973 15.579139437401842
132.0732288890404 113.28102317870393
109.91727284862468 149.0869304806301
67.85454387533842 76.26623317733174
86.27027016913236 69.03822182813221
57.07731385356919 182.06304440956177
84.43379756441173 104.79154058538936
113.88480632834867 19.942101357990353
117.0471301807901 81.14043922093971
80.5791420173464 48.2085437975412
122.61175574776746 26.42530745357309
164.5024692960533 29.80439264301453
91.97762630495693 27.983781416067973
165.73925406528986 109.72074810241946
93.72911152806955 109.07963960520961
96.02397523804999 127.86863623849274
148.7210290047796 121.71779878688703
110.13805566555725 170.0156328716761
115.1750610261521 65.94586026394684
92.9125340152876 41.324633388214274
104.85061905603061 40.49991046647822
151.69581452957513 50.05719161633467
76.44352513330122 -3.6010002294459786
130.44854580775905 26.747086808747603
92.84873029117308 64.54753033373161
118.66980268803994 170.86385141388237
104.34670841626924 -1.7761019194466385
109.66511435840663 22.917930781839942
133.39681100776045 110.81356188093693
112.93270741213946 21.346484619770234
112.24604335894864 30.859723379302395
159.0827225055558 44.0167786602687
74.3700826821291 19.121382577339222
112.78928806062105 46.05502751725872
115.3201918163771 26.623812161214733
122.34324582859544 37.445504829855196
106.660420032635 151.17758375253666
122.98133713641987 37.35195650554146
116.91606876114112 22.791261838530566
103.0138326329778 18.65545239130968
67.30072487951588 37.79188413944098
124.95857263751867 89.69464153208384
87.45169833689478 88.33989987664805
90.92509105673484 7.386082450998148
73.32409750340318 1.0853958758744215
111.73512032907614 33.3507519431671
109.73778736733769 1.7233010285038741
153.37681887989868 79.58262219653241
107.37826669255321 9.09432436243449
84.74891010589768 45.69172568775886
128.24849631412323 87.43864464362964
129.38305597934945 37.02035466339574
84.87079314003168 115.17897161903832
91.79506802891856 33.19557402207198
115.25746910845385 34.12593765607011
121.25081472679479 31.279556554674354
101.51253373718697 10.13572814480183
136.7677429281958 26.071072045917983
109.94805577724502 21.009130897730067
126.1740418140408 150.5828740692789
99.99830631979954 44.193488513052074
63.81850159659613 71.46173397524494
105.06287116133471 55.5789606324978
114.53233460806867 16.53869072860655
123.96871584674284 11.818985846090463
103.52809081131846 46.34678334410364
121.15207202624545 32.523496681180085
84.80631451901152 -7.126885231631158
130.94966157226315 21.53837094218639
88.50890900212337 17.198524604108115
131.14987367809942 188.93715233396878
110.39045665545002 3.629118446889463
111.31464593338605 44.518123278272995
145.92843134723225 74.85279869894663
121.61262316112129 51.39267591769564
109.79412078328853 17.368157176201112
175.3402767893293 38.38192854262959
124.66844153591842 54.342530696092325
103.59437388701376 -4.24937295988822
111.3459264001435 11.833143658275706
131.66800860246863 18.788996541683915
65.90379321179148 41.86234903005232
88.78173053361644 163.71109013770703
121.75965331008025 30.55114011457392
101.08009937493232 -27.726703569533
122.77710632225451 96.02739497912897
131.65875531050236 92.35320416940557
125.2902312893288 60.4852232902179
121.69107461732735 43.42705874278847
92.9447437695031 18.15833916409332
136.54900268732078 26.150318865976583
125.07099929116069 198.97970227969887
116.78730231105916 58.33054098613426
111.52239235834205 64.73070001927572
103.37169653438447 30.20696377848916
115.39317335232217 32.23335171139343
104.73798040989755 32.37535275853645
80.04462101283404 51.96351799241099
125.72354206852428 -40.35863516278619
107.46482500411199 -1.9563622511778807
100.36522348781334 9.381351481891459
92.880822945674 34.71452080258388
68.58788875447395 22.5282787073639
85.89844974049947 42.62955877841222
110.19449925084619 77.20670893492454
99.84473012199157 41.53278243216651
134.99339891730475 82.93168853337694
55.88443869845943 20.145538140011716
113.16615932307379 20.825825644533445
79.55909701320995 73.59691464845857
98.82109890715292 21.71053592196171
112.28790153678584 42.250440920745504
96.91316096356682 15.698592357945596
110.42775028697486 20.651708496901286
89.98209790654556 193.65656028453546
73.55075059155956 4.842874287800297
108.76998730589457 83.23043066735286
119.31200883190951 -38.05851210813253
121.82894312811871 61.142971239898515
137.82125277453494 125.47663701322232
75.99262299465677 90.65816660866392
101.21316687748673 17.12788529216279
109.37262692272445 34.734081216380865
124.94226044265805 10.144505354950265
101.75485827864972 14.196514905598448
103.40464882459638 52.17936463050096
71.58584335728763 132.481360535728
132.10514654905347 41.94307368670696
182.30002221868878 98.66266503353138
108.48553368700112 29.279109787984666
99.72491655550348 35.165515250844585
111.21080892051616 28.88924668647203
116.56993399788561 46.01928551118527
119.94147243135696 11.025032535666549
11.145630155579479 19.694544804807204
147.34931683790168 100.29135833019214
129.5179337796928 77.13283592021227
101.3482718481359 100.52297059644809
99.52857541627134 -0.9725428997478356
115.48571711437829 21.041426161738745
104.92640919767878 19.352803557441696
113.86135398538643 143.59264219335523
132.71611685227384 29.898089119953443
81.20946468148905 21.550868532578583
80.14576347985172 27.252350734478767
105.0083441282784 125.76071290998856
129.2334670521767 191.1255538244227
116.03786120515554 38.84969884939054
109.70562084268074 3.7395329807999467
94.14851655534078 0.90623087658472
125.41296634153234 120.99813310228122
124.17231131731859 58.45492404355478
117.88022475893064 131.00379414786855
109.89258827507582 19.111572805161998
130.27941195856405 17.244651575291186
113.70886249412435 31.954423839670625
101.12912178364758 58.1862843710629
88.61719157635305 55.945017106071006
114.512632599134 19.804101326150523
125.51919889305682 23.852907574718603
107.70846195638904 37.46010573614269
133.45568643105105 21.825120375024344
121.09252700243124 19.084600841852076
105.51312000784489 27.31570442204456
107.76818338487357 45.92164284352228
110.15645468615307 12.040115464755715
101.35631111005803 112.28510367289248
90.704516106304 215.1637472645762
78.33745178944774 53.16290112361788
110.09074911624592 36.622434131411964
75.26763118316062 4.995702613726535
111.92065006163392 8.461588454397534
120.33447686072483 -18.34543520409248
