102.08296779230884 25.182288780039165
100.51507032288293 29.86327263816588
107.35198450254225 186.25160823641983
69.84725493200408 -81.82806974626259
133.0393516861881 107.71113183777904
128.7790969987126 197.0325164010825
102.8147951350944 55.8820984369109
102.12041630033092 10.711935774052648
107.01049752827026 8.734292528089721
124.39257024830997 29.6540653928737
107.18492185101535 26.831852882542186
93.39376604890036 12.717211368678774
111.30495450733115 -10.82607995219377
145.36243188257447 131.20273523311002
135.5581236138256 -42.83172361951401
141.98490559607853 12.039415533886118
122.09373534478813 45.60891091170359
115.61639875114638 30.880262596306434
113.92248534742455 133.6484337400405
98.64605151307931 54.34742344037748
127.5321517072645 0.3849502436170879
129.61549129308585 64.58161610758904
129.07672115531938 52.450154064878845
103.22569898926568 -37.88993877406969
100.53256952126894 177.49901704118307
111.73764055385777 -27.131109661919538
113.90210826153651 26.731635370544716
109.64389803683812 14.462353745429494
97.89154702634634 37.648311675542494
112.3103625457307 38.57027421310573
123.99199190836937 99.60388687413268
108.00700591829259 17.216434394495923
89.19223716435138 211.7323897661803
88.7718433744301 11.083921548935393
137.90496928384468 93.9698792233089
115.36225877423985 9.62920780155571
140.54053222046292 52.94222321100731
99.45152712974696 18.69187832768436
85.19413039876598 146.05372295267557
81.5924974793679 18.03975017965773
126.96423578408935 180.94890883844874
71.45152277515443 99.86095807994862
117.62746970352869 25.090779399679633
131.47388098558662 18.901966486144612
44.42104094593535 25.010470484977628
128.67804548265724 88.46823215413949
104.81029086312016 25.076445399524804
104.1375598595241 28.35490793029549
100.03948391750875 11.49147254832277
112.61478194117069 125.18065884703636
97.84307022392093 15.751961610699583
149.38738946652535 37.47990029440251
156.82618803701007 90.4870809966373
127.60209872494954 25.210614186474025
99.693318266648 94.54866483296229
112.51678930691975 38.159208262075936
95.3619118078747 -25.209306147266723
95.6902360736532 36.0002054270086
106.02374027616284 27.582739953687497
121.06588777838267 58.002190576748255
136.56442217853655 103.2489893835426
95.46875422595468 69.60429212800341
102.40325106269714 35.112650328314885
76.00225330328486 103.63169402751514
94.89390951608524 22.099064100052747
136.82804276812956 45.275685499284386
61.69613284988583 47.80566190851649
111.78916646930283 18.32003115758082
113.76144237267208 33.33998538211942
113.36779260016911 30.181793978150818
115.03597351956321 27.402282491682726
88.03295329334809 26.071536412552433
133.5642580086426 30.8345112380047
111.16531560160207 14.179573335350875
109.7444725403373 31.289950459378055
136.15007476456398 74.74475448571881
89.05836720649835 39.570854005188345
106.5106313822602 191.04252273484025
78.09807291084314 79.34861183228607
75.47359266251483 -4.403002377471342
111.67468763759841 63.36076008274227
104.9831278072228 32.45494210510704
100.76071418855275 89.92345366204898
123.37447466666066 166.26121058695705
144.15805070310455 28.417064583439267
117.66542014087389 28.024067184614587
75.19456602365446 102.89828597549084
113.27074249950195 44.648938701637164
96.41677182377364 19.673276673850488
107.1547038156897 56.671851644252705
127.53539311517243 21.01385810227685
123.36407039720989 172.22871453663225
96.78191203526869 46.29119327260815
122.92731255110736 153.85036377495018
103.17075028311723 58.03074727382157
104.28012198973572 61.70076031846774
118.72700745504658 189.88270069586056
89.5716493826541 85.99080111082046
104.78704878295885 31.585028882490406
113.82088470376414 59.67703472865701
93.36218845062696 44.30349749941905
49.432497738836105 32.82519314188312
71.38275559373122 18.68295131103058
124.33064316280483 24.389110138334548
115.05771477863726 40.90977072564446
96.55826889149812 16.573928042990747
91.18906348888933 15.793268485492518
62.302705152486666 76.59329384212043
119.08580707939683 68.81943301943791
104.62790899409768 19.676337506440863
110.62077296308482 18.186138279129842
84.31887225823299 12.068488733132492
92.82550885444252 32.82488062662316
125.90567192188945 15.337025707256693
107.85631053753825 54.10922739539802
56.27297862558869 233.88075207378338
101.44894535516501 21.081747628135325
139.3399818483273 57.23395140907796
117.03790998413774 13.73010451555584
48.942902598772974 33.592428505158686
90.98225337331249 170.1603542578977
111.23649498508631 71.36151483623004
96.8812981760738 26.498878554943246
90.22311659980274 86.28015825580432
118.82855432716565 4.258285041142541
111.4608197874485 106.03357500487242
106.39016194996087 18.58879685216537
59.86356109935783 126.07784977294261
126.5245726842052 11.963554142383385
109.89406314437264 20.80105596625423
95.52529912262254 61.94490536273169
102.40791418090423 15.387466181433428
119.77383383576364 67.52633017704603
105.07384141456384 123.18795297961798
48.24620191918573 67.98382475336864
86.14281123178004 24.489006687388166
113.72291506648344 125.05583065937331
122.06486338005162 -32.51947195490769
100.28370287449307 25.448470568153876
116.07069139099431 52.83112867447471
95.77350135192643 148.1074534704427
115.63317391215509 120.12292097429356
99.6069799103841 20.996106159517076
110.48685016010842 44.0737963478061
120.4957947968811 123.45823989858546
70.95135176723043 103.32883735406907
139.1461225136336 118.08830990903776
105.36310305750646 16.426768341570664
131.3084510862147 114.61083414481708
110.35650716718105 146.3359334815254
65.00031841039674 73.47143776110153
85.17854981758131 70.9234795957119
57.97075323091537 178.51938054016887
84.81411313125774 108.84792144034385
111.60324226419527 20.317602939689873
116.64740923277742 76.41747841373494
80.54129413387304 47.601526865928385
122.17975112152952 26.366565642535715
165.08715656737485 31.415770794437563
92.6820904572086 27.84134983079317
169.3816127771059 111.9719295469859
89.92397636649804 102.99078422401908
98.88210123491291 123.42431226042429
149.1068366799732 130.6619366716551
112.3321742981619 170.79640560306612
115.84516318319143 59.48345563604792
93.08764370353568 40.889429685539966
105.30860489968637 38.84390763194616
151.53536785122265 54.41445678458772
76.23653758161002 -4.705267022937893
132.19900349280996 36.689194859563386
92.12250739070012 66.98729271473442
118.74617172021979 175.14665453695636
104.70072798955273 -0.24857095432546195
109.64786347214387 25.836250595943177
132.3240818398917 113.42056291625853
114.72550574050524 21.746371858826617
113.10409142883847 31.125583455033635
159.4354898694267 42.905719986356324
74.15887610381452 19.090974120997053
111.90204867636606 44.27082290627233
115.95562550862473 27.16978833380899
122.41083755044899 37.93144139735003
106.9064065847632 148.52524299805086
123.87230154967199 36.89870946506533
116.66681615587893 24.485043718937277
104.53774805612893 20.508228839950945
68.41342054851653 32.88413632311485
125.08207714931434 85.31898089632723
86.8347347475535 93.14105143173603
89.02369001955486 7.666151336781465
74.33139013239904 2.812931469091901
111.73199899895234 33.869505363453094
109.83627863650169 2.399228854364802
153.9773424365511 80.41634854539436
107.92403312726454 5.098980253565655
85.83929124540184 45.68609565486358
129.40215455894725 100.7464358525774
129.11316651868609 36.86839262515362
87.5588933178208 127.84309950274458
91.59493670538463 33.13777044640066
117.3952407544438 34.9646132676737
120.61645886751077 32.8569083543061
102.30283741229601 10.83068821146643
134.08995826613503 31.27900591006415
110.1161766093394 21.883926067496628
128.87283922643036 152.11128679250524
100.30895292772358 44.835482433178214
68.83525719426362 73.25953687450078
104.99942794909074 56.272076882014744
114.96871799739674 17.386572340937896
123.84063188631751 11.430178512469785
98.98593803045038 52.37952328680492
122.26960415469942 32.89318593967097
83.44578102627554 -5.891074513813965
130.90005711118934 23.60583470118919
90.40884305127004 18.349398620495478
134.10834877546242 188.67685401232453
110.35161875623294 4.4263816180374755
111.46770267012334 45.264930858831654
144.95656751998254 78.12053933355297
122.57818284276414 58.06143247569748
109.76530817785992 18.579140655774346
172.19396854679005 39.26250082228671
125.06718889264447 54.668758571645625
103.50821010095626 -3.0196333663315
111.12350985765009 12.95897553377089
130.94541556081143 18.487846597001234
66.04035563630119 45.0749142302752
88.38262186723351 162.89002080705026
122.33009613110193 32.724544007976384
95.42440726946988 -25.229894065310802
120.87872610253329 95.32725133201649
131.61842360219822 88.68529266482534
122.49701835679349 63.71180540702295
121.39654531071545 43.266236640360034
94.9223783561762 18.18248891640692
135.49081444521852 26.5398974597249
121.91868812100613 197.51248444476093
116.73389569832356 56.145029122465665
111.46494379428691 66.60613923324328
104.47912563845117 28.849716514281692
118.2978995243566 38.61122685965309
103.83489968011415 32.74509881464712
78.06313951774221 53.11248155067285
126.2460190568574 -38.08544453813123
107.6800831310773 2.3143599782449042
103.36175880123811 10.649277262592918
93.22410878751717 36.39115267919487
70.7653019638737 23.019555845080692
87.8489159608835 41.68113367612122
110.39812587689593 81.15774629304293
101.93513793059452 40.76104946431543
138.09009921238908 90.15361181407218
54.140176539830144 20.20564352530436
113.29060885252994 21.673421156355406
80.63904979932184 73.60506804317843
102.75717849661544 21.922511391778478
112.64075684165266 44.65886201939861
97.90438784667296 16.186050809135548
110.56375916433903 25.362185325860644
91.63618451285906 197.58828129453582
80.33689164451127 6.2990549615962035
107.42864861142084 81.90516334961752
118.22274582381725 -32.2523558001767
122.53634332214877 62.861022648368646
137.77018561483146 133.40776750012662
77.4104742231835 92.81127135230342
101.40204363531772 17.458651213368427
109.34102855711285 36.06783409426174
125.12417767584421 10.070586990261262
103.98358382100768 14.704315749916857
103.51719710722813 54.87344746433943
73.30107280847228 137.79569824805347
132.757409330162 43.51262262110335
185.48762514242915 103.20566114969436
107.99598166399834 28.68802879932755
98.17921380931799 35.38853892585264
111.53078530712985 29.37878534787545
115.83162252823857 44.63739024140179
122.67680107508602 12.210710380794055
19.68045708688397 21.40985760090976
150.30136557578842 106.14819497473277
128.1623223267998 77.5568497072709
101.47244041597332 102.42930083469079
100.67273934787778 -1.1235837033571543
114.98956844335362 21.08860454125528
103.24931638446952 19.302741757645617
112.67746186878821 137.21789454831642
131.64534682688983 29.49500310744278
78.38122724449903 20.94725607064296
81.98159877399534 27.00402973869119
105.84397891540162 121.93058128320313
129.06474545924254 186.86456932649935
115.22345150618297 36.219409646010284
109.7055267256379 3.9118012403526894
94.8553254254739 2.6072426836438853
126.99171314644995 119.17399256438947
126.65389181185725 61.841733449193164
120.33763532804414 131.95670487344202
109.03073194233981 19.295797968533883
130.6339134791061 16.88732289768178
114.00301674424462 31.65969663255915
99.91927329591849 61.16502076133562
91.3621397679738 53.36914292688337
116.47071267866734 20.61493104699532
124.37432132187547 24.45032538641012
108.632970847963 34.932830181339206
131.22453386914444 22.541346493739397
117.42400994208684 19.307739723390384
104.91111305849864 27.76238307796309
108.10803210913225 42.44804017468581
110.10273220609314 13.848817168879114
101.15569292765822 108.33125753179266
90.06683365257385 203.8214535891265
77.37387472481933 54.51376761490358
110.02364503120555 35.20285673318386
77.55745755161789 5.0223561976438535
109.93003450461401 9.6471393753164
120.38674799419287 -18.079278886035482
