102.37702518542886 25.0358298491737
97.29499854243952 43.790211686235146
110.22421725164199 188.70572693251341
61.02646143202444 -66.28241480893698
134.73859649177828 123.78846158535912
125.46974913025127 199.65597084326657
102.55216666440533 58.72461227828773
100.76089620638332 9.340283171579678
115.23197487425846 12.097974839705664
126.81108006139681 29.11125013868591
107.82780561924895 28.50979416374197
97.14367940004527 13.190363717822118
111.05482361212884 -11.297832337592329
148.89649733809748 143.2347639197444
140.49716104002198 -38.80230504797272
144.5599635635476 9.488415388047478
121.22678642836883 46.55733495364648
115.98563708617972 39.06721521897799
115.57503577875373 121.83630673771374
100.82198593743257 52.21965138987062
129.5891061733536 0.40104277711810205
131.42984239112636 67.21017628657027
130.7227622465296 56.92133033370477
103.1692272620239 -18.16202385582343
99.23803750575738 156.99023210403487
111.47219991880965 -21.779405178188256
113.50669497359875 25.659255585655202
109.69606147702666 22.58724386573224
102.32446689922921 31.505074687266195
112.52222294046942 34.798980501529016
122.30809748335014 91.96830241941143
108.54126568209077 18.7343631578549
84.3131238536473 204.43349195125987
85.45289572130314 18.79602524762366
142.8489447319659 111.07312713155943
114.98459318287505 3.116220855028233
139.50805946783797 52.2042443549183
96.79338291622608 20.86882955906888
83.73606039526089 140.09555897257104
86.25095173991826 19.223625388775083
121.81962357404883 175.14828857916908
71.87024564475927 94.51633467119204
110.59673812950622 11.438863106882025
127.3467946867322 18.883601008878554
46.16691098521044 27.120342538089403
126.1268309368913 75.81060414259912
104.05394188312475 29.73012455963356
103.8749548885993 23.924405576023187
100.63587701892841 15.913933746206954
106.24866085341137 128.91854368279843
105.02428044143285 17.53903208825618
145.94492592914125 25.307931736743615
160.9614251316224 83.48676347174506
128.78148280629773 21.199029963757724
101.6708252741041 76.72057352158171
112.69693349508661 38.07924841523338
98.30325560329804 5.560517399492893
91.91184192345365 34.253401611440324
109.11686094533904 27.209998804627897
117.38352693936561 40.642290579676384
137.7832616651344 99.07764525761796
91.03468619015719 64.72676708943969
102.87743782827445 34.09519802702882
76.70176156571551 102.90559125580077
94.42312125756672 23.658719709730686
138.40801381632673 46.36046546867611
57.47210111949769 52.50490240070006
113.20369819025682 19.490786591843438
112.4446359807193 32.85848914661273
116.70056052078833 35.54036254280659
116.98194513121686 35.70666598141805
85.8931499268621 26.646956874554668
133.0059177201295 31.838907479464986
107.7763757169048 18.91509335208595
109.60542327391221 42.13585053894433
138.49787453150628 74.52968903661267
86.3656954683127 39.84875454984872
104.530836435053 201.75928582614821
83.21054821578662 80.87114097604857
77.77756776381135 -1.1727466895801426
112.3891921087178 75.90001309001477
104.98405466238312 36.66848050958693
102.66792154389456 73.7074146769664
127.14766577191102 160.1655082908437
146.80998769533304 34.388790388473936
117.9250738185495 30.18759072083856
76.97310410344835 111.87368970804658
113.90615375662999 42.55114263407871
96.11711633667284 19.663746771010498
106.28419190898612 56.978582567014776
130.5543570354825 23.444024495830238
122.90367006172104 190.31149454963207
104.26009061731807 34.62281397594271
123.43373938538436 135.3486435448666
100.9335683172109 56.46821483111748
102.00902671462408 67.55419332667354
118.12847790300725 198.5856975280968
94.62864410306902 87.60216627108207
106.75456238792381 29.325810689484122
110.64648539677016 62.77280890845044
93.75671128491607 43.67549275356977
63.32535414700985 22.62584894477916
62.078516721783366 18.899372965933182
120.92282549533546 19.407778647034103
113.65793045036317 35.34932656057202
99.12191993957163 18.94652930287192
102.40714178548404 16.65700387862485
69.20866239344328 65.60575477562043
110.87198020493963 63.652473851638035
107.41144292820154 19.554703592750283
110.86190113273874 21.737626470330092
85.53300118648154 12.61726234100149
91.74445516572865 33.54869758379705
126.48993065894184 15.944386214757369
102.77531567787334 63.06165596768228
64.55839830915525 238.42645520916363
102.36364911465147 21.206199550260084
135.4835052234583 57.3407780056601
117.66400821261658 16.978629592433116
57.273947756839824 38.05143649670842
92.0751572135258 182.69897698682138
109.96197011724496 80.98141705435204
99.2350348350265 26.856925431874956
97.20774832615481 90.57748548217452
122.77911167336802 4.706928823137705
115.63442925974552 95.49007467393866
110.66669102748854 18.31862600431381
56.710309649866744 126.15140984646207
130.7489050181 13.632644264126187
112.79444734050215 19.962598801965445
95.58710614006418 62.545836940615644
104.1187928611896 16.74812882529417
121.08756005593781 76.90484337316514
108.04571122542238 124.38738636644257
49.581556992248714 75.09884174776172
90.18886774671593 23.708781918760312
117.78553693225082 120.26310209910281
121.57543056628666 -35.43107831837825
99.07842775076941 25.450854056031297
115.37981350067243 39.4397012679217
97.40820936516535 152.49131314956344
116.7872680185847 128.4622059071313
99.05687541229014 21.14081844868714
110.50947517398934 43.31856590081769
121.29108403914574 128.77004442882986
74.69076411464253 116.56790479538896
135.52484051673864 104.54058248165293
107.69868785541772 18.174727022334352
129.038291434779 115.90471082821554
111.22095798393363 139.18368101800783
59.10775594730591 68.03203623973141
83.7627272570743 75.02549903877072
60.74693161841561 170.1247061870256
86.186760474343 116.01751797113683
107.01683451261668 21.03824607545515
115.63137635953727 65.45201719790728
81.11289230965012 47.19159442818325
121.03184471928341 25.953105071597232
164.00514982147175 34.18925369818036
94.75178722729909 27.317095902524898
174.78005171332094 115.225277038134
83.07859619080617 90.08790746519324
105.045408018926 112.433707611227
149.35979448344187 146.03646390470445
116.66774431182465 170.80894968717283
116.88754188010222 46.786038213017385
93.76277240131982 39.09256724683025
106.30174474063487 35.23157520847567
150.7241444247611 61.99975791940569
76.5306883520563 -6.113449941856495
134.94600659560456 56.332491142710914
91.36678085750442 72.06004315597583
118.66060128131402 181.21080811428882
105.62693668404827 3.258281085398925
109.61509641464617 31.587243926779276
129.68122643979166 118.29336352331629
118.09809693910218 22.479581998734687
114.70070751064469 31.511459293200375
158.46820469890116 39.832540236692566
74.53475343933461 19.04773974122325
110.05781133761948 40.10523639395574
117.0577196208457 27.947168315618814
122.12216331059481 38.130560159875046
107.50538233709429 140.82421188100366
125.15869749863832 35.4460737324473
115.93293960383293 27.70661705798659
107.77806911191159 24.187300643406125
72.14730529839767 22.98588065940254
124.88082762115653 75.3777448370495
86.02898583002367 101.57985579020684
86.13774736774795 8.731626036835626
77.53590653823618 6.735379693134026
111.68671020360543 34.444204678533666
110.02171219678057 4.272240127557028
154.47617332158316 82.40106277771562
109.07313271801529 -2.174218980493467
89.06597330279843 44.84291440397938
131.40443930479594 125.83106015684574
127.88261562674451 35.95586496334298
93.6700653771488 151.96342624338374
91.69039069569216 32.73401033569762
121.50704315132305 36.168947059220194
119.09997546388026 35.58413381076341
104.13845217807575 12.462592232714107
128.1634559412849 43.567988629211946
110.4321117900133 23.56201723099397
133.4203759094209 152.52159469505648
101.07361423779676 45.12892044277399
79.95675213291429 76.8985376001013
104.99185804383323 56.23190395144137
115.63719395867642 19.170825491076222
123.18337388371592 10.915103658514969
90.21013780859145 65.05149124362883
124.05794852065344 32.98289903752191
79.38579190647532 -2.5718053946197688
130.2781600943363 29.234915604849753
94.98259081651851 20.68195658395627
138.95003604617713 184.95904264476522
110.2492869546542 6.4253808297343715
111.71671945997802 45.77754940601896
142.0837909709919 84.9307722945569
123.98332278832089 71.61574138973333
109.70757517680333 21.03472524259776
163.54398382895326 42.60490188556436
125.45795337446992 54.451308813814904
103.4479030235986 -0.03835443797116511
110.61950847569038 15.450718982982725
129.26098434566836 17.907936121693375
68.07133670961744 51.4306309548795
88.26601222420584 160.30167896915293
123.09426230551564 36.61311705613069
84.45909794774253 -18.7867834018387
116.87889118918254 93.04600835306744
131.01961536390607 81.3628187488502
116.64996667365037 70.62861621917199
120.67519947574613 42.041633841425906
99.38287714683544 18.29698120879404
132.46312744833185 27.07094869298908
115.09363229433717 192.43278664792734
116.36908093114981 50.568658915141995
111.29319734338026 69.35908308752617
106.89799925479022 25.914887666141635
123.87821161513385 52.51264333972312
102.18742906120727 33.08776123328053
75.00548836221753 55.435440433217835
127.09548645398364 -31.408846902626806
108.1698845931507 11.262777608693591
109.45878804636209 13.545345823005512
94.41547738530699 39.18088635124375
76.57437386462516 23.81226857494572
92.44913527651822 39.25279906855499
110.77866627612319 87.12070097380061
106.34949623681342 40.92695104200145
143.2851678503399 104.08784419322923
50.560715073936855 20.30346963305441
113.50403275661778 23.304770041580536
83.95719670647725 73.74550954150814
110.78689572382414 22.28269488181325
113.22721926521139 49.41199798789616
100.29865101067669 17.247651147737134
110.79528434218074 34.62791349562525
95.22377543363076 201.020466956079
94.74980607736477 9.670793228384623
104.80003295072704 79.56696513328585
115.8500391255113 -18.60188939796077
123.49502145171824 66.7841933943741
136.45409944340847 146.4147406689189
80.3303835870973 96.99115205499395
102.02687229642359 18.18223312635602
109.29432060435734 38.026565849260244
124.87557454851365 10.32658789265639
108.61770541601467 15.828767773556462
103.88589204609929 59.37824440802975
77.69524794160039 144.68236003581742
133.2503890341647 47.945317648438994
189.93917630412915 112.5307899712798
107.07272118151924 27.092347312116793
95.51465517270474 35.314960386507195
112.13312788779851 30.265434334168432
114.21478891213128 41.190333993828276
127.58239959008027 14.838943113678502
38.368778705426564 24.6736195493723
155.4144851174702 115.95103237955588
124.60469852813253 78.37954159551379
101.94397157048114 105.57618114730369
103.26649148089722 -0.8233507216780576
113.82856308604416 21.131441011726857
100.00621398400556 19.208051243119968
110.18609987416482 122.1950648387692
128.95120370015286 28.456624173195443
73.84761178611679 19.69367174989099
86.79337369458156 26.16532039245083
107.55907220311894 112.79874194157587
128.11648309227937 173.09429757061483
113.40624728769096 30.895524940726332
109.70612959241166 4.750399147955667
96.6858442232813 6.412830372725615
129.96978970568816 114.41364109927865
131.0516387144549 66.77560463139724
124.83839225094948 132.16673551812386
107.3121209458261 19.678053529191228
131.0635164494736 16.24384741704607
114.50930049361449 32.84496802020214
97.92378179399144 65.8833049361431
97.14433859651271 47.36687317893667
120.17012922937685 22.197078641204065
121.79778806154069 25.37636197378843
110.50445231141883 29.46038914228691
126.33548004048957 23.88310300660755
109.8196014841141 19.763225213255
103.83292319836154 28.499967137419738
108.83959889284543 34.96777085070364
109.98099594279014 17.549634989609718
101.01205315369508 99.10145491345612
87.4616631986074 177.6173565674551
76.21302880497878 57.879836714636696
109.8827545879643 31.993701500041645
83.3056978999235 5.503306095191923
105.97663426541145 12.334708434568984
120.13464517348126 -16.656989329835476
