104.5985894892558 23.68993826511804
91.041425594659 81.57119620342552
117.08285224125729 171.21992985705418
36.399185877157954 -14.776316018307433
134.96511817091118 144.3969360219162
114.53045828490272 197.8981111171497
103.09426444285567 59.82505118575935
99.40620598389197 7.08426731745589
134.25317936732048 21.15247649643318
128.60799619516106 26.152839348871257
109.8091196589021 31.18069054881747
108.229546133023 15.401446825414409
110.251980573793 -6.857037389006433
150.26760948616806 160.54273863078333
147.13752683686184 -21.274887863498652
142.81064715677536 4.369776490507717
116.93599072425705 44.50553347432323
115.76254393107251 64.1996454468369
118.59514567755164 84.59250275179724
107.76911979562149 49.92342517624377
131.62421782200536 2.521649088085883
132.2183700397841 66.1380815999166
130.8885895219939 61.69150909132499
104.15421384209105 34.92352552484926
98.3231406867828 96.95132567239762
110.52995401784521 -2.372404430865438
112.027177615621 22.16441698391427
109.83458843889396 42.193915674557616
111.22393071032145 15.973376985922378
112.33321978702665 23.00648911553841
116.48711034600757 70.7649014507704
110.04576829530154 22.52413921342812
76.45073307571721 171.0866074051362
82.59819898676409 37.42825721948849
149.03423428315853 150.11646894884586
113.00449788341554 -9.49009709181516
131.01673808080272 50.89256778679749
92.83378594592158 25.7845697994478
85.30057982368265 111.26213394721209
101.08863028773376 22.126980927865404
107.24314806567239 139.96268677198842
78.24105956598392 78.13185503794026
93.90793080641473 -20.172504421377024
114.07169256420781 18.983267381979218
54.78175323008255 30.403174051512433
117.23679064223118 44.45849896447636
103.4052477030822 39.50544487879172
104.25569631556299 12.388447064250744
103.77475854680712 27.14171947170374
91.62587594989856 129.3140235675788
122.97955147999112 22.28230209624941
132.81276780810182 -4.949462420534384
159.87249171825613 63.30066291086414
128.0103659919024 21.545474672002566
107.9292989723705 34.21398490628748
112.76372830463808 34.26951292930634
107.67260968831333 89.06022711840326
85.26785643664438 27.353621702154328
116.65697101952509 25.298401437138594
107.10027595754464 4.645474947427769
135.4332302829009 84.25697468036594
84.61591499229738 55.7283065011127
105.12308185735398 27.84556715124253
83.24378722980939 93.71366098420644
95.80471508502222 26.416569849191305
137.92529168068077 43.36857883096049
55.10563748804122 59.511700190898445
116.2071726927718 22.333622855711067
108.95110414673384 29.373851080769462
123.38218185955039 45.33465732372894
120.49562440807067 57.267199160612435
83.82704336096842 26.910494196863343
127.72556326426967 32.10292157390513
99.84396075292136 30.30191160039775
109.31271752453983 63.94144133446068
138.76210550642696 73.68689247397616
85.1839868137068 38.29448820025255
100.82587024237196 212.02091064700252
100.12093525366043 84.1019897897023
89.32605798400557 11.007629017118381
113.74064584635516 104.137685852668
106.02980453212703 43.517846805809604
108.24759686467158 34.856500824447885
133.13645280841178 136.47179944776684
146.02637653383428 47.54240322520685
117.00273756638754 33.89182181260367
86.82709318433997 129.22173362933657
114.85427571777575 35.09123400753755
97.79616655372875 19.682661171444035
104.61591129343527 51.237630847651275
134.62404671223564 28.57696226606621
119.52181973063853 218.04038919540088
117.01381035967337 3.3462879644159447
122.36370256334389 75.50646096091924
97.07142827134652 54.86801510099674
98.755232316641 82.03951569610155
114.79162607554862 201.0353815747498
108.7681363082143 87.99704995972603
111.92392954884453 22.056646829058664
102.66227502493163 72.79124865351645
98.23671993813578 39.28481270799472
93.6984506971778 -2.5631518283557497
46.88040077815938 19.518045918103965
110.56570644530076 7.556589508839078
109.5178727989993 19.39064009229411
107.09152715349704 24.85974251494689
130.75986696157122 19.1730247926312
92.17871088888317 31.61887595827702
91.00719313768658 42.40218282985708
114.43738289472556 19.28181427355572
111.23897625894881 29.85863832465713
91.98292998769094 15.088416933048887
92.25290870672397 33.20833629968769
125.71553555321827 18.3097671303158
91.90346288726074 86.49470866180987
92.59342790795017 227.80179069224647
106.20179376998492 21.167842889896306
121.28597666465308 60.44060301775174
117.75243546259073 25.268862969217658
79.07101021488154 45.163229811247525
98.57314386805771 203.1432235057178
106.94199407800448 93.30119127961953
107.2728110204232 26.560533948867338
115.74327886609339 98.92220887721759
130.22209914579264 8.942607885603481
124.54857777453367 62.786994731311125
120.71787362514438 17.865371859246295
56.215213382734966 124.12611135796655
137.24449760861086 18.602672172258288
119.08646572684076 17.83899657070392
98.57171342313954 64.91364624534677
109.03205522307314 20.533631924911067
122.45282396382754 95.21844685054153
115.4412923341714 120.24916182503145
62.577902008367694 89.49240594570966
102.95459814476047 21.023807465547172
126.34536283283353 101.61004537037806
117.92007881830042 -31.43408669646044
97.98255434124738 24.301973572542558
112.43627637753458 3.2000899056772836
103.3491830457163 151.97080005415063
118.10914360568754 139.23593330227996
99.44084052221983 21.175294817614777
110.47837485305197 36.96567626121235
121.12497626656284 124.7864348926717
81.69387106977338 140.05643486016373
121.50020740965267 66.08914068796115
113.7186811691889 22.593318548761243
120.43484148132151 110.97937529917107
112.99691814530782 108.4262663229845
45.24954486745752 55.35736400739225
84.88955989798458 85.84318610496638
75.58515066739555 142.6202778796117
93.51493120316944 124.0251198442324
96.46478159867254 22.52726245396258
112.44939731942615 31.400389363995945
87.61911551981405 49.09224219273881
116.64797740342954 23.682174085352848
153.1254764311984 38.523825410644555
101.4675061459763 24.485278220783847
174.65992287538447 119.88586841030946
70.47385171171145 56.54274825293389
120.82704640798364 79.68264365890255
144.32516255470264 172.93775658446617
126.40126676382397 153.30813009403116
118.3279827492375 16.94184792524949
98.85048191649896 32.28100557483705
109.32059047164348 23.946272532076453
143.10111220271884 76.35215889924866
82.91939662627505 -4.825284240983461
136.91696477731227 106.4522985690973
92.74100114207234 84.42226788056664
116.85433551199188 176.15220393858363
108.52909961317569 14.706600190826869
109.55460404471269 43.67116771819879
120.69745393382607 122.95360583557837
124.51577675809281 23.80459171352878
117.84963296374636 30.75812355670695
146.98365077676374 28.157739131431264
81.35019540261426 19.002074946906934
105.58091580051094 25.923950547803738
118.24477966818934 28.292883373085516
119.29986228906094 34.93986003611054
109.40327289449615 100.77836962819923
125.66169498305946 29.515607009285326
113.09486829721894 33.5945201277569
115.9011047268821 32.04575864812941
86.255904008658 5.645541405466604
122.3147504415964 50.62944542260437
88.08706769824612 116.40985017129181
83.52354559483963 13.110488276838923
91.495803561633 18.74390840546787
111.34898345123547 33.80856447929124
110.38335556747137 11.90976812372083
145.59669742996965 85.33584973483065
111.9880239158092 -16.518729237604283
100.14927657572426 39.3047871320656
132.7724271911153 172.55226566717397
121.69750048752074 31.534753071720147
111.47929082988942 196.0382986072053
95.36436975572231 29.792556871039103
130.13902448246506 35.45954559165191
113.80363874261998 39.94883803974368
109.3483532918926 17.555521413332357
111.00629582846332 78.2812069749063
111.07328175494033 27.06800542932842
140.123157916757 132.22295513748665
104.75740034989936 41.15194755585068
111.43177133333198 87.34467023423011
105.6608490988429 47.87266317886052
116.36359741848004 23.607942738725896
119.46696448537097 11.108297302455801
72.42133469210303 95.97993763642559
125.63248813981531 31.562598516798374
66.51880380922998 9.09065899416233
124.43195895021746 47.95010648427722
108.28885568547318 26.279617688057474
145.34534891471972 162.9300187598508
109.90873143488542 13.77242980032272
112.04691965441125 42.6050890378285
131.10291382804138 97.2926353668235
125.337894316843 105.21310018822243
109.57143678253324 26.784450398919407
133.02367463113757 55.132251452002656
123.31026685547728 49.05990146303578
104.4302658600784 10.0116725962163
109.24888552314951 21.9188585929879
122.27037866910872 16.86284037961277
79.36559117258223 68.22865348811797
91.68352546278993 137.94057431704354
122.38886646809516 43.51101283130959
62.936033369663534 2.6210610289027017
106.31114708285862 86.64542195698077
126.70995235115483 62.56938684929125
101.07758278432533 87.04988170201848
117.49095588672729 34.8235988391664
111.6164889188576 18.872557595171834
121.41824768181277 27.55009616052351
97.71958353786276 166.28735612012915
114.76622651443022 30.577083904958585
110.47642019682282 65.48185159121576
113.11163923096083 18.101869146632065
134.29874094313993 86.18729365524156
99.3956292251698 31.163821747142702
72.01287528118671 62.45974750111851
125.99763337035412 -6.664713926872665
109.60277502756993 34.69163183811261
124.02793943335547 21.326897364854208
99.62972240104874 42.73196330615809
97.18155658775603 25.224131543020807
107.01943993457498 30.347174310779064
111.4890383643968 87.29749531428347
117.56611568930398 47.14208058663854
148.3276471141072 130.2169184489079
43.85015700635533 20.307305433094342
113.21876090411035 26.637393954507605
95.56557166960852 72.47750685637534
130.2449633280915 22.797318623566525
114.04864123835239 68.14274005775405
107.76864974504136 20.184379572288936
111.2712698307162 54.51003027403334
106.49048112022982 192.24222436310995
131.7551037178325 19.315212232040754
99.16436557974234 73.40085124519187
108.95620799089185 20.67432782527778
122.81699192652539 76.76368876959852
127.62155252106615 162.79639474435962
85.06383419689942 103.2682898082334
104.60072573772527 20.220525425900874
109.26164448444626 39.95170867942578
121.56896720398558 12.575434727272514
120.01626539720006 19.426047884893155
106.03746228325056 66.65509304738123
91.51760042254008 150.3046338151818
130.52494351068614 66.89445260563807
187.83856511644322 136.26113531562163
105.2168697240034 21.787266819456118
91.33325656554393 31.763163051442284
113.21839763173865 30.978927189797925
109.66462191719212 29.886049804709614
136.46153482345093 21.963411885079736
92.2671797331655 31.465064941538365
160.18888131284973 134.45248539731966
113.02997544911064 78.4370004598336
104.1967929271084 104.28952416514134
110.58611030758314 2.923824618019013
110.17937951392305 21.003131332271348
93.60310911594144 19.025704805099068
104.09282460420147 77.36525544164851
119.40592994555207 24.601405986827505
69.3539306147947 16.641401647674016
101.16825966303138 22.824834132840916
111.91886297902327 84.28262952359788
122.00744617229061 122.08393131648704
108.2257287923491 15.808071897547803
109.71353540249555 9.060533488390915
102.81833547654709 17.56192544639923
134.69244026982585 92.43408667362019
138.46343220384983 66.33073799731936
132.84329684557798 124.13493407225225
103.66651223290738 20.593083974121793
129.7641447547916 15.302366806853355
114.74660538374701 42.30238330974252
95.23473940120215 70.18923374276385
113.5171586919223 28.218427051151313
127.32798629045195 25.45420373258742
113.68764627357348 26.450106029239066
114.87473937664151 14.856438017521576
111.2006914036968 26.192638880124974
91.49258248538648 20.87968570714414
101.99989536660655 28.836800433814304
110.72461653112433 14.864405389100526
109.64048651574156 26.947960600428427
101.74134480449763 71.1150895066026
80.01851864356433 99.18364858384076
80.47507971924283 70.18772710042053
109.5175433879801 22.786499672853083
100.44607011922967 8.948582612423342
97.25240916646636 20.489341274767376
117.70486792355777 -9.062673447443466
