105.27790359333878 23.30383498894316
90.24994302921434 89.10761832843737
118.27880790882566 164.49357203522084
32.30110730922419 -3.272618710890603
134.43830476455574 145.50361502811572
112.0754551568444 195.14704311567306
103.4066876256658 59.10033661901712
99.53686037928114 7.007665808227299
137.25258077047593 22.981919675923304
128.29318646208927 25.383418754304795
110.2421341236743 31.43539028456658
110.56604359701738 15.96476688115896
110.06635829930013 -5.111846526162263
149.08221198176815 161.4597535934402
147.72557810145057 -16.17015092005865
141.70784156291143 3.62827342290237
115.85660225031633 43.387154199243696
115.53058676611343 70.04767726363974
118.91336538988402 76.17853590476214
109.31107917732402 50.479252779249826
131.5041292514966 3.594093902023219
131.59005893748355 64.63372888090086
130.23852622375563 61.47945987728177
104.52566171156997 45.551725911225056
98.59338507687863 83.53516486627473
110.30529282105448 2.189385090761597
111.68141893228095 21.369428500343627
109.86134269253782 45.567255718054696
112.95275697666403 12.910851555515997
112.18667950700625 20.366596657146474
115.08914464357463 66.39922205755857
110.35355901751065 23.211578534667048
75.77169476982353 162.7023776917347
83.21717849562366 40.734482066847136
149.29701857924786 156.2995352712516
112.4996887758937 -11.129514825906009
128.50706528939438 50.81050935838912
92.56317831740836 26.640753950699967
86.62831604980668 104.35473211766872
104.34727196372651 22.66063448073795
104.24281984071655 130.9436286698704
80.7273146749822 74.43570644660696
91.10230041653605 -25.81341969327642
111.11632236317743 19.022828873748765
56.83690025921324 30.724984166084862
115.167527316168 38.19796989394037
103.44339177846813 40.96221143347636
104.48524925368824 10.201274333911801
104.63605945206295 29.253208877063784
89.04466612773118 127.85341924864737
126.34437232428932 23.17104292151827
129.62092374263344 -10.349385141793029
157.87303934359008 59.37017121760202
127.20658985921814 22.617586380334597
109.24357389513266 25.935679834723437
112.70201481836223 33.058343380703526
109.64936453882832 105.83698567123943
84.65480637554413 25.67460894927083
118.01551766976152 24.832176491475998
105.0216769128477 -1.628549785458799
134.35240534031598 80.30556499630079
84.09505797300417 53.97404413611544
105.73699895677221 26.219905957897474
85.63016862695007 91.06939534705182
96.45447834037225 26.79382695552354
136.90084615286744 41.932483591151204
56.263925535263034 60.03209777385659
116.65197240078713 22.855126245576507
108.2494028842339 28.322641906686215
124.36517776506983 46.51010386295536
120.99087550762307 61.46375654313227
83.92311267242205 26.780276146889886
126.32468018571967 31.73611489521965
98.49576305432329 32.29702637319779
109.26990538806457 67.12642754259468
137.4958932378338 73.38495775963334
85.73058209141175 37.51785555419688
100.38651010758888 212.21706413650176
104.146218303004 85.12354590804699
92.29449005691718 13.824303767506555
113.92346911789484 108.41506282497548
106.38299077171115 44.265835219469636
109.44946492383376 27.828814954740167
133.55484374353645 130.367098697282
144.5687071553951 49.50840141264227
116.65397163863715 34.4103223377418
89.74461877422887 131.14046721059375
114.9196563740141 33.30398441480534
98.51712549153905 19.69456508236453
104.42097088359898 49.08580951118768
134.7228430131208 29.32782287217996
118.5087348494586 220.40403152542615
119.3417704671281 -2.688785182112957
121.92380701155403 62.793754717168504
96.64086256308866 55.25064491209935
98.44466771866286 84.62596328208478
113.96472375155875 198.17814811721703
111.67657209802137 87.21647055288139
112.93346917177959 20.4451982394944
101.12646421976386 74.74471217811363
99.57916543446437 37.7069104231765
99.31905401254677 -7.085914660528555
45.79449077566068 19.64142561990744
108.37739764229164 5.510203153612627
108.65908681711063 16.05461589739206
108.8536112808491 25.91354547788612
136.12509592598957 19.709123296218195
97.3000245075421 23.96386199843815
87.39370628126014 37.288854614002275
115.74448291496398 19.236117502270506
111.27261391765566 31.23019532694723
93.66126356361411 15.727709473860045
93.02098708504774 32.70092919674648
125.15533682297202 18.867012120901283
90.00445722847508 90.95819052662998
98.98879746937253 221.8981206615608
107.09291420884942 21.10800917459835
117.80094224775397 61.51048499681313
117.46448089466048 26.821313802481242
83.08079316438553 45.688033586366174
100.26175521125566 205.38137894122298
106.41317236518395 93.986523934848
109.02467997180456 26.23768940567258
119.39564393700515 100.49722254118781
131.22601840668614 10.185136828267513
126.05841735358179 56.00889689220115
122.41905149878644 17.81439705725414
57.706061768679994 123.66518849388245
137.86332803427143 19.64195362152598
120.07154281940153 17.45435767801181
99.57799973525006 65.42451107440316
110.04865460103446 21.296209917276684
122.39226673670436 98.31517886103916
116.79073167259821 117.13549590952633
66.73189627391683 91.80244802380842
105.8136942382654 20.43837705052529
127.5746159489411 96.93422135137124
116.80782901402068 -28.857584577655604
98.109199551393 23.974117142479482
111.68984114568867 -3.9331362176932165
104.76367290800098 150.8733110292376
118.18202209932346 139.7097410855565
99.79427655106451 21.114509861531808
110.46169742854953 35.05592249414104
120.67609470478344 120.69035030088921
82.6974679836103 143.10864787198193
118.16856380917385 58.33201903902116
114.84351332396349 23.40247369688357
118.23476365405564 108.68105071809126
113.2904572529999 101.55824860456731
43.576169686126114 53.27482153063517
85.60853543942538 87.8565945543499
79.72894329303818 136.13899196236054
95.5566052399728 124.45370836163808
94.71160059650941 22.754121363398337
111.70749554746803 23.924722590688543
89.58049511249155 50.07945540689593
115.58368955354025 23.041402096524447
149.58366136124403 38.92461492023671
103.0864872125684 23.690194017014967
172.57695978508627 119.95050110749388
69.26199711306631 49.893975577764564
123.83295921392325 72.69035986321911
141.86853495552774 176.8369767520371
128.0964891243125 147.27661856497738
118.48647309614397 12.308630767494797
100.21120542540898 30.44489170241208
109.97598234369713 21.458945449225986
140.47519575410809 77.83765150286575
85.16515377191367 -3.770792816085457
136.32353234993542 115.77911953515974
93.63359530550271 86.61997740826531
116.19914229992693 172.11675688549968
109.18311371218446 17.239899918469497
109.54658879181825 45.4259633602294
118.45653725119224 122.66526852738791
125.33849057156915 23.99656002362742
118.22622957250455 30.22045054504332
143.504997083354 25.323212067334932
83.41202619135257 19.005342856751582
104.77163307719177 22.765760832841906
118.18142230825438 28.10719376898445
118.51752762397182 33.86435461840876
109.82961710732164 90.74912124931458
125.19810246130939 27.966377886273936
112.39178952148343 34.398040151241126
117.38212057566251 33.32105363013393
89.60606646171809 4.348768377884343
121.37435052302297 45.79184244704412
88.95691512124291 118.1851285650801
84.00083903505123 14.181857263385183
95.22393353834488 21.273856540757134
111.23444319845208 33.18472966134122
110.4333827711137 13.864395856619083
142.41047943038728 85.32326315772504
112.53178143276939 -18.41003743000906
102.7509330445888 37.51194216180062
132.22047380269282 178.3155952818746
120.06339581639537 30.162570117432907
115.11169810866058 201.99731520621864
96.5894258130056 28.790770230077065
131.39263546591536 34.77713598701205
112.5525944946922 40.373471880500105
110.44528838103282 18.672947066679356
107.44614704360004 86.11661098637371
111.17093447959112 27.532313057373816
140.71931810443175 124.77805559393258
105.6848450243657 39.69719944471901
117.9244102749358 89.08507830230363
105.88969902089832 45.100635347649025
116.2300772315436 24.443163938559927
118.4207872827363 11.36007355658224
69.85391033793513 101.55291632991384
125.64071660226561 30.872190221328527
63.41974273825292 11.80183135614598
122.73600376448499 52.22172323983636
111.12019777575674 27.230352211548787
145.54156739323153 156.3228072535437
109.83412495400941 15.430974808936126
112.03785962545068 41.477681740685725
128.4709518949574 99.14261075557204
125.0985478347298 110.83571313862181
109.54801613363449 27.75254881682937
125.98792075429778 58.388155923551835
122.38023686902076 47.12712573245074
104.812468746416 12.444853353869082
108.97669880219964 23.195056327386194
120.52506867218334 16.76327475776525
82.42661587619051 71.9098614541654
92.81568815987313 131.0152961044294
121.81828923306084 44.26442380792042
59.93894521963892 7.522835769988165
104.22048785703386 84.75306560715018
125.34475216571019 58.89389001571001
98.16519254136378 89.49071774002194
116.61375539667263 32.842133052210976
114.0857925866948 19.017760684448383
118.59369704950906 27.42498155235167
94.4946678593566 158.87725259778048
114.24250736551016 26.027268886759654
110.27720493623649 63.16686905452565
114.31512851483426 16.522919837339057
135.66350830084457 92.33608495477866
99.05448259105765 30.21501628408715
72.29028630121152 63.63261965409292
125.14758392172031 -0.31886766705740577
109.90014415129693 39.06768542226405
126.57827048287528 22.894490091006617
101.0344349178479 42.74708353243384
101.8459524584479 25.4117439188298
110.18443084710584 28.10780541357125
111.58756432088808 85.30405113404902
119.65770166029077 49.215652658946226
148.0071187645916 133.6375281905038
43.43143828486625 20.27762043484835
113.04991600180085 27.090299213469233
98.44380629979327 72.42444686922371
133.7636262203484 22.80187416605798
114.10759399728325 72.21116861606927
109.35256114679264 20.776329382031573
111.34330299478695 57.746082854991634
108.91945543872679 187.8832207889167
138.608120966516 21.321216695291888
98.31505302787214 71.7237406566344
107.53857689122289 28.801016442500817
122.22675250733626 78.63807758864051
125.37854232948075 162.96765810891876
85.8998608159181 104.03512754145659
105.31011691659 20.637116807977463
109.26947840280125 39.768019534323486
120.60476588638589 13.273296891354
122.0370177064425 20.191973494542403
106.60644619082514 67.18538989371241
94.65729641799103 148.62393831849985
129.21904509650372 71.14249857049123
184.89300280835255 140.56235119224564
104.9765128490085 20.617653876305564
91.10373076855794 30.573176649355617
113.33526277230193 30.7223710149966
108.7313877978522 27.254899122115845
137.42833785072966 23.3700328818306
103.71143314455107 32.606278186766616
159.32756871957807 136.47826784077873
110.51418769462083 77.82428297394941
104.76291944441921 102.64939796440702
112.0565775966159 4.121998897309208
109.3928986449131 20.935212789119124
92.83162973610386 19.006066914201618
102.96357960961606 68.01250602206835
117.15439327525654 23.614091037152896
69.75420907629778 16.096776998078955
104.37061133856811 22.018003914460635
112.74619819752407 77.61139176121632
120.35472410174734 109.28971276845739
107.18327414654895 12.79661466226902
109.71596611657839 10.169878177115624
104.29486439916492 19.928251359111545
134.91211938439747 87.02018643731017
139.1653356794959 64.36803381788687
134.01848047712062 120.86184593189769
103.10931536045656 20.75652650199498
128.83459232530424 15.217656387207102
114.62691086537902 45.437093528036556
95.09996053478554 69.58994548399649
116.80069416878139 23.923741943435083
128.32216770898862 25.90853334413339
111.88411480490817 26.444122633327257
115.58899048628207 11.961988056710359
108.03226889854824 26.398344364588752
88.28840727770726 21.080631301476057
101.81682491328927 28.566818968362814
111.08163283339074 10.846822865932062
109.57553940489974 28.703420612888145
102.05938333234496 65.06761924040167
78.10801855872258 82.36200650400781
82.4758606792672 73.09094481126111
109.44922679898364 20.779364973486658
104.04418102908168 10.07837423852049
95.84806759125453 22.19434588983282
116.88156708287505 -6.641928266551994
