109.7470049052461 20.438717692556146
90.22204055076647 127.32542130860392
123.57768520506464 103.49514465764977
14.864025350780878 66.00084669057595
126.7601185739571 125.36956642647775
97.70817789549876 163.36013171157725
106.4883519184739 48.919135132104984
102.84569875573179 8.45573468803193
149.7884741868798 32.375186831295565
123.64530798778307 19.75402585588464
112.73320198025537 30.49298089834094
123.31635386783097 19.928085859259415
108.94118479449685 9.364230008854246
133.7728936983397 148.49786323060266
141.97141025598265 20.65033274620876
126.13689130314908 2.827702849697042
108.55138624622388 31.26567507459518
113.37697267829141 101.71850285370648
119.05041786379192 28.085534030955813
118.0439649151264 57.512105861931786
125.18767652885508 12.182526955868447
122.59780778221277 48.44906950018038
122.9313449926554 50.53560321729963
107.6444825862992 99.12608446075377
102.16274625419635 1.6616058902939184
108.83473908458735 31.726300442838845
109.43774416095192 16.533948026248403
109.99614779593001 58.990346784435616
121.63883245854076 -2.6972039847852085
110.89707552198259 5.282716968199113
106.30962761342668 40.68075187318585
111.98218914689393 26.603977984216225
79.7633962357376 107.06898015212421
91.66375003885835 54.58142899596735
143.312805518113 169.83340661581673
109.01476877518853 -14.167285871991057
109.75752124870027 51.87444105164781
95.33710686790607 30.09777186006857
97.29876140659843 53.82377246704626
123.56461858720839 25.168320687800104
88.28174001550133 68.07879602744427
99.65725143742935 57.94302634275951
80.28420199028213 -48.594655111674435
94.04108372013503 19.36155288098107
70.36618351567043 30.057745607399998
102.47369640021225 6.244021819044639
104.77514772865716 45.12006974721813
106.89736687744974 -0.4904573814661546
110.47076553636919 39.08330286405464
79.54868729409421 108.96413243201148
141.1799398257839 27.720626559499102
107.34317591116638 -33.22913415760101
133.18655849118568 35.067420483900094
118.89285038299485 34.22364101121192
116.77286676855387 -19.399410536156395
111.67597315876245 23.280967795401516
120.81154319870127 198.03913789781876
87.48333599563564 15.148746560999498
123.87083818617695 21.02686466281694
94.36069910850752 -23.157601187893743
123.22321582712024 55.899925560978154
87.92391931461646 46.50904927066361
110.08887510442861 15.34344973615826
103.93874755467652 73.24130907132705
102.51713511267367 28.027944653885783
126.64985870022265 28.764539820581167
74.90110233395717 53.058289565159114
117.78269825301713 25.47057364456599
104.7127194776637 21.07172042978921
126.63778841830569 48.153701266053446
122.27543488560643 88.08833376229968
89.09226021822593 24.522647782152017
115.16370416994808 27.17589693637145
92.52385734539429 40.98918118174025
109.12301757045705 73.96176257267078
125.83763061714207 70.67930256997253
93.11093003763293 29.255941083478877
99.75991916230451 189.0462363486264
127.79527064306055 84.67855121804206
112.37793774438263 30.86071968779799
114.18894000560105 123.95233666113994
109.11563489056098 45.46898140126633
116.24749200023905 -2.7017869135538217
130.6167470790401 82.31585249823898
128.09293756340762 51.999173310215866
113.50719146244244 34.76953745388871
110.8686010951707 131.48566248309896
114.09644734885673 20.50549686467387
104.21620532702754 19.810357130709072
104.30980359106309 29.49123549793454
130.74920625495483 30.724713806538645
110.99833234469607 211.15640662293848
129.93977446072364 -32.67190179028444
117.03776341663108 -8.03001708084229
96.59048563929825 60.52599453224259
99.03716684895353 96.87354656714817
108.20286218957848 170.98957810037132
126.83748770932999 78.8570103628258
117.81262992617945 11.130637908591734
93.9434447978094 85.44532742183281
109.35301378259054 24.83681014854522
125.98272768610852 -27.711630935618363
51.109578083018945 20.254776026298188
96.46733971608856 -3.2964464669094173
104.07208774543446 -1.6819773672513638
118.8926760921653 30.927265550692855
161.6770768247962 22.60068591884064
128.9045879512169 -20.559648256631277
71.45373245849855 5.38471616781581
122.07784502130289 19.06422776893561
111.16853157978882 37.03738562391638
107.17429413746765 20.127957954439267
99.99790549960512 26.434580717525346
119.27219954136814 22.273899538288482
82.35690491594839 115.02320452439072
137.02027662798662 170.00271606411334
112.65412075868382 20.494506516072256
96.32137896559736 68.7629564012192
114.42882786718985 34.28699918737477
100.25726721085317 42.811344970649465
111.96032183136941 198.54947849174934
104.20969759891894 85.4704365476676
118.97864239793441 23.264050364742342
137.95196254805154 105.28386060544848
133.2356109329847 18.56072511856029
130.9986158204534 21.082678314329275
128.56706491394647 17.90615856985187
75.21000499003205 119.09013544584779
136.0639594027241 25.23997496220478
124.24683560753094 15.72793197120054
107.79634858615364 67.1393786623648
115.76345344305832 25.42679325499166
118.75637674977185 112.3961068860249
123.16599264506937 88.62576896528377
98.11489324767881 101.2837005250625
122.90797936428748 17.011362940976834
130.90784291250074 66.41006965116884
109.61632812580365 -2.6934415318611347
101.45324513935896 21.247158083274694
107.10614817854224 -38.39709001980586
113.77463201540944 129.37148128410325
116.97200205685357 130.2633163156255
104.4624520104584 20.490242268616726
110.18724885021057 21.44985107155719
116.00530052187472 86.57696748396792
84.98967099555148 145.8579271654363
97.60725653669546 15.922232762404082
120.43229264784009 27.373183524947244
103.85017892625693 88.19601012411434
114.08430935750899 56.366793262319774
40.91300638182892 40.89205946282998
94.48238661147457 93.49321326172496
110.8763682139974 86.54263715890016
109.70528570749244 113.59011109961308
88.07051709738683 23.573769835419533
107.02756324911888 -19.163414547513085
104.74871962297199 58.929087075923725
108.46783550372389 18.662287068037372
119.37367246214009 37.74697186976362
113.71548904548698 18.570626036271506
147.99988626775712 111.75440878345931
69.9905916396976 19.227515094392587
137.96166078389686 32.59229852156722
122.23882838873777 181.6109914356
133.56118153975743 95.13577947501867
117.75204768600074 -1.206765916510866
110.21309019359717 18.295650171564116
113.65528118422881 7.085675434785987
119.9345156848144 75.00306652069106
102.90897335821406 6.39228545929636
128.79918275460312 162.57822447308635
101.93635550316127 99.27272295606178
111.32034614951328 126.40302561387469
112.98750725207029 32.15382226255718
109.54171172353816 50.2912933757867
103.73708190290805 111.67724554399992
128.10796389352672 24.25911385051765
118.40821327248159 24.513399718252547
118.3196685859547 8.130065453746845
101.55481204631955 19.1182508005958
100.74314269832719 4.174750551651767
116.4121359596865 25.766242121793315
112.21438499790072 25.613952728802882
112.25809188022394 18.77483462088354
118.830052021448 17.792331203107135
107.85728050721781 36.09069772063027
124.46309292368215 38.192536318372454
112.77023229320943 10.318760868905173
113.84057355394485 24.561551138964546
98.1451035518722 123.27838379812064
92.58162305874072 21.347778681867204
119.56546407944674 35.115369763976574
110.22971944086872 27.039480648279905
110.49452914772303 25.989804804449623
116.66367133892906 83.07105553319941
115.04506602692896 -19.789412303526948
119.24631883925764 24.932910133953715
125.29373033482615 193.1932058225235
108.31243542642437 20.215774663326247
134.05618757474042 221.89571755776186
106.22083087673717 21.18631234039266
133.71288257335766 28.940377804236167
105.00859015879372 37.412620402965764
116.50386989211677 25.27929351081916
87.41568896808442 125.7618561059534
111.42429175758942 29.050852805184576
139.31187244998858 66.91397804707232
111.80111222140103 26.431893815446976
152.22260892583753 94.94796322678178
107.68617696671743 23.256618856442834
113.96474374411345 28.36362342019204
110.48292452453677 14.060187726895716
62.280599335537026 127.66714075456197
122.22402067492808 24.334089995882522
46.581559916421575 28.61356767840853
110.68505692434846 77.73573743951647
127.07577049204767 31.393054027693747
141.628419323556 103.72418719030652
109.41753186753662 25.679599512383753
111.61976875537067 30.26477500131808
110.09310580956165 102.0264063627671
120.91956110064356 135.06759359890276
109.44456915649556 31.852564523498692
82.72885120680664 77.69459635618875
114.97051134052124 30.336704734806904
108.24169099914528 27.643973649761268
107.61630254086761 29.695630412305256
108.90501539541553 16.995645980338164
104.09570986730475 93.01139610211597
102.96725110663621 75.70036289433418
116.40140873061195 45.13261212055481
53.57718452819636 36.539895389875724
93.78567563542636 69.42366362605756
115.3768537426029 39.44241342595939
83.92536230120665 100.5717436593558
110.18665036310301 19.686137989451186
127.26097634957824 20.057401636777513
100.8471282275664 24.96556197223866
78.52766760895241 106.33441762535767
110.259733020763 -1.0598877648100347
108.9613311972951 36.330596418089364
120.59359517900775 8.855451638917675
139.06093594734932 124.00355058465347
99.87611359128228 22.48374941421433
80.36830184312585 74.05639568193192
117.58817874587011 39.73777629405472
111.47977088170107 61.929882219513956
137.27881326312615 31.008322822230358
110.91000386780763 38.51649702400361
130.02765449146088 24.9974040358589
128.06332966155526 13.878599832533407
111.71088435297116 59.97544144587492
129.31561416498673 62.40260455051438
139.18505108194594 141.47468225980012
46.573340479323264 19.929445128985957
111.49520283668298 27.780714179349886
116.89658127940622 74.20108564695575
149.01143329409564 22.248207001921674
113.45106111491432 96.07259434240648
118.62183696728499 23.90035065007918
111.46949664292664 69.19775245938648
122.75441939019684 139.85564436814877
170.83755165408743 31.967003587050787
95.80469221276398 65.61928157539069
99.7308952507144 73.39444605099243
116.61556521996678 88.60084895101502
109.77811694011277 144.4092490305676
86.84774972975123 103.64789507909944
110.05872269776891 22.87402527699318
109.39007852728665 34.357446920233315
112.7732694168364 18.69178120200965
131.87125773309117 24.507327278172326
110.44861512048054 61.7212526718387
115.6407963087278 122.855028285598
117.94589430005847 93.9634238131421
149.62321573985207 155.98924669583508
104.70364933206531 13.841590127321467
94.1390604593781 22.039269360398727
113.23194127631093 27.225022683140132
103.68796216632352 10.845819950755121
137.61685959002125 30.13552489856504
170.29475846209618 37.038114822976986
144.94482941027894 136.03542411497787
96.09597676266323 71.64789155131253
108.82367195981494 91.38618642880793
119.79788191132022 13.316832891788819
104.93150333581568 20.365555542343802
91.45074569362704 19.01389103670112
97.86581176152686 16.77693051543914
102.95378210752574 17.12431113048367
82.01214972658963 13.588126813367277
123.54694550437998 17.014794764134756
116.91656330991277 37.94126785248812
109.39352127091094 30.75742303750698
101.83562895875359 -2.508218783823122
109.73471381558277 18.40825717545725
113.68621450131745 33.08811726834464
131.89148515395962 50.937098886726524
138.38660351849285 44.24267259775615
136.06711777242364 90.06493103589955
101.02825178872678 21.420308581032867
119.77620143999627 15.742301079031284
113.09845436477728 71.03242304315495
97.64253865614893 57.94314700881054
133.9892206921315 -1.2008524125858364
129.36868691373294 27.40897098009515
101.26583489079766 24.800868507498848
118.13343017555007 -2.7090267741702956
90.65304821917813 25.969558617961447
74.89888845121811 21.918930069069916
102.16080698449335 25.785710912185515
112.77923695998182 -10.085378492574868
109.26369473767117 37.18124774628204
105.60128077570776 30.391649580306193
66.12101172095764 -9.912644098322076
100.65113112738821 90.8799023777137
109.1298232746203 9.312024506024931
125.45869589299124 18.553387464340407
89.88509966615702 31.273060276209385
110.94669712501089 12.441326183198864
