110.54089387506156 19.911546219154577
91.13143961573405 131.1936218011544
123.97052112364874 90.42080374337017
14.334717188303669 76.77167101658091
124.78653986621967 118.57272177028062
95.66341757898911 154.7215935075017
107.16411542343278 46.21168287722718
103.73286700958047 9.148555994247975
150.55349804214174 33.53289499627825
122.44288541950581 18.765268081387696
113.088289120467 29.851084653307364
125.00578127942953 20.625383593133243
108.76867853657633 12.167995664734503
130.14157670493316 142.55336036860191
139.80077233041823 27.154543138301385
122.59024125069168 3.348481877128865
107.27394877124411 28.81874680044283
112.89006463685912 106.43834291576829
118.73269255196219 21.01535155109616
119.24678749439592 59.104175053852295
123.30284955196296 13.959611144544748
120.48324985858983 44.637502740152314
121.15384245304054 47.32306243378721
108.26819058497537 105.939643186554
103.15841050103597 -10.777968507258642
108.60375255113478 36.48589774106263
109.05876460700448 15.829610889357557
110.01419190589365 60.12927432853696
122.71647890453487 -4.361049698750284
110.6152993779558 3.103035480817208
104.91409236226175 37.58111498131534
112.18927043966906 26.97701539076973
81.51006045277636 97.37609751372044
93.69650255920023 55.33364818894921
141.19254679523792 167.5153262000776
108.42633602457455 -13.540442153508469
106.38147015726057 52.79622422743532
96.41417383020584 30.234943116520128
99.73468542248692 45.48217850267018
126.41177475808885 25.373552466982776
86.20925955665206 57.32681913361984
103.16345168639222 55.9488902939107
79.58625815035285 -50.1319253381911
91.63413217772265 19.436583585996292
72.56469104572794 29.63664852740355
100.48483001022034 2.2138274531128666
105.19759900525375 45.155177553989645
107.43696343740648 -1.5788117241107138
111.45809822803334 40.12861862753234
78.87564274148566 104.4495500469612
142.3297466702584 28.232170926613616
103.486367304319 -35.37193415376591
127.40721155470098 31.312770196669103
117.22128686555153 37.476942225468676
117.84455246638421 -25.827169091070623
111.43946718508799 21.450670874957257
122.3250678185619 210.33387172317944
89.17443861275837 13.445213851422627
124.41677685671928 20.273527196315154
93.11127372650049 -23.544442865121017
120.69247915832175 51.84815839588046
89.50170751952524 45.73636404479082
110.85030139814218 13.594656105035922
107.35465445665656 70.49910556713566
103.73224173906242 28.08671675512371
124.32038601702429 25.978689367172116
79.4888084281771 50.290107272939586
117.65183339432402 25.784285524180063
104.23166080232947 19.738146103388477
126.22938715053493 47.69866248948
122.07853482249715 92.58946330221491
90.64443630645006 23.89264128865145
113.01153825061854 26.09526447454448
91.94577691136023 41.817115578707195
109.12792755540039 72.87617890081769
123.20631464242592 70.50097664190615
95.09447999728785 27.38241518233127
100.06333950072641 181.98273652278337
131.39953008705675 84.2304299973127
115.79691533071225 33.42701209243852
114.09736998674109 124.95201515272997
109.64034680689514 44.79908661837663
117.18674534520446 -5.185087644808442
129.3240206793031 73.35217733981497
124.64213978914725 50.960903799844615
112.76215973164341 34.22654819164238
114.55560262117952 129.5161042768789
113.7857403809468 18.236307321726773
105.43266957775197 19.83587726262005
104.4046177053019 25.671653358032803
129.18575611357147 30.5955882892727
109.5832555438276 206.45566796975157
131.01646220049457 -36.16108123006889
115.90582483332985 -18.149094216202535
96.98682625421189 62.006312441288216
99.53612172639744 98.10762251747595
107.20768431558398 164.45976923994078
128.73050674516628 77.36188876546095
118.3761950456239 9.779816596861748
93.23795093264401 87.1192922405535
111.10457493422834 22.412046138476114
129.03972995646117 -29.96975494993537
54.1801937771171 20.32929170947183
94.85064444664062 -4.148616650382518
103.46037053976794 -3.90505827690262
120.34416946519855 31.387727266826946
165.004892817289 22.947917634813432
133.83258021975547 -27.008662909530823
69.98182855972519 0.392677366235727
122.77791429915371 19.05419413785044
111.09981307376385 37.47117254015281
109.67169530710099 20.886324603976696
101.57616971460097 25.071707767321975
117.97326678879067 22.803372874324825
81.85166007072912 118.05171708147002
142.65111225253733 158.3909122051003
113.51297038087847 20.35418838529579
92.93525644797016 70.15809671696051
113.70517469501215 34.982615230680395
102.15841753942944 41.41865210061125
113.92372402783217 194.7282975626636
104.06153253826503 80.92926566011846
120.29515732095386 22.61392107890585
140.25308444303946 105.16124638652451
132.81355990669152 20.04042878182103
130.97272504452786 16.323089677025315
128.87291365080566 17.994893615446315
79.26699109086393 117.25075809235322
134.95659640996803 25.95144726375144
124.5463439854656 15.548320157918123
109.36033181130234 67.57699083620834
116.62404514219537 25.987455240236425
117.69412599349977 113.58270935505445
123.87275384084025 82.65796757152937
104.04679952071747 102.10272837362692
125.52046536013975 16.499472558715162
130.61406391785593 60.888917089419536
108.34194365979718 2.854429567380472
102.17731800700675 20.704759488196412
106.38226266005512 -42.01840024718014
115.17884743021798 124.02667485949432
116.5029878395283 126.19904978625267
105.49761605708285 20.364448179635673
110.12344038876999 18.95143384125023
114.97970430088867 78.2929686753378
84.74968059923373 143.53658795764954
94.39482024779458 10.631514676504457
120.93889943626255 27.802037706866763
101.53433844533346 84.03731434695517
114.05248145351239 48.64360254129439
41.54558986651768 39.981240499614124
96.65135687933581 93.17771250728818
116.40694938953689 77.20094635682395
112.20292745869735 110.41316989189362
87.82708130381026 23.55097942870364
106.30427817326571 -25.267473166832687
107.50523919630446 61.01996004517076
107.24529656441622 17.92935751161888
113.74385209857806 36.93522613805976
115.45700396814566 17.706170548891244
141.6560412349457 108.64096780703355
71.39930304361722 15.844416065442111
139.43585072594976 27.226197312463217
118.45028549176511 179.1015041287202
133.90545665803972 85.36438587836584
117.33425311395177 -0.38484390732274676
111.99906917923973 16.20192636658504
114.15911933306678 5.033393012919223
116.02898744353124 72.86698056165719
106.29608691908943 8.441639335784135
126.75671751265564 167.86014233948106
103.69112498927417 100.64779130751204
110.42491793814929 116.02956077734704
113.53674999631667 34.3814154093172
109.54801636536737 49.946879862077864
101.30519924056726 108.27064229001618
127.90553815051533 24.19205673507383
118.1245877548847 23.30798744593288
113.70352617239416 5.437854852825069
105.07875239028184 19.154284649725742
100.26855022278276 1.268584933452273
115.91712889090635 25.144518407985267
110.9814035931907 24.042940667979142
112.60254974446048 5.883398848537327
117.29191695712022 16.0853119705333
107.13876969795025 35.788901926698784
125.12437386582154 38.458295834158704
116.6958905510318 14.260619094038852
112.37312004507109 22.244979092422756
100.19284882147991 122.7839794464094
94.91594839543816 22.553919572641565
123.5489654984965 36.97913429272892
110.02893281603376 25.825748746579322
110.46403576303315 27.950807077595446
111.66446864537221 81.94966564061805
115.32080917446663 -18.50428914560655
121.91222954500302 22.51217711415232
123.70580457001684 192.53308646606
106.26860709199076 18.431557653860818
136.2414609105325 222.39795852869298
108.03943977854235 19.782891845749784
133.27777653514028 27.648991273750063
103.8285576629564 36.124320537504424
117.29140947716449 26.23630534360165
84.64594065845881 130.93487251696817
111.39407716690931 29.02439492308651
138.23421961088644 56.75854559467837
112.79628187942052 23.629219391993907
156.5393340050402 95.25303455583436
108.0693968340833 19.161984048040445
113.38390425889752 28.762660718082625
109.06098997003009 14.746995071298018
62.58169748767469 131.37439811213585
121.13023156765622 22.93984018751085
44.747158992097525 31.301573428386
108.50115438215121 81.94442446521433
129.16960422221618 31.622834846823345
139.8783905947253 93.0240239869515
109.36111550529544 27.2458305247785
111.49114710787809 27.843097954919806
106.84082869203336 100.91591428771382
119.7700128874494 136.93935065710627
109.4378518830484 32.23712650450114
76.00330616544554 80.43937892585687
113.49454900545499 26.779230656291432
108.91988156651468 30.043477305502716
107.43826648575802 30.50771113847046
106.90390568324837 17.15976633681842
108.0686588847499 95.79870386019728
105.03566422887177 65.28550646966448
115.20931717519963 44.32979027073972
54.50958353022567 40.76698621389787
92.66110057413016 66.19221085741935
113.43170791025472 37.34797753871951
82.56951698067054 101.37270676562378
109.02530207823146 17.388382335008213
129.12460107799723 20.239357934444726
98.04887180866886 24.37640999042996
76.99206840397655 95.88315782957355
109.51510751585286 -5.241498244780506
108.7424447917241 30.663102900310218
121.35644666398774 7.94745922484131
138.7160482366887 127.72258841689775
100.44941473698812 20.948881908624056
82.78461230620563 75.79836666083976
115.93355306939907 46.08291055158741
111.69302795290936 64.71869852335647
138.32668869768173 32.105628489971245
112.6097505114202 37.41779979529877
134.48254766726083 24.68865997810335
130.5404993904606 11.546104160495885
111.67502632820343 53.718440999044816
130.55154797562813 64.29165585278197
136.38005395952692 140.5155317688537
47.47229333212104 19.832369886353167
111.15429603207417 27.654639462640272
119.89006617983632 74.45552598299888
150.26123535608275 22.091798762798962
113.18774421806393 99.12960404443636
119.9875922467179 24.32672524433377
111.42244528743907 69.38758664521382
124.70696968712161 128.9889955670182
173.98743460747065 33.37432363309733
95.84390459142408 65.15800614628793
98.65549409574643 79.84913886433921
115.45104408509258 89.7805797309506
107.0426468667015 138.62027419064995
86.32157349984314 103.08776934004368
110.88379248187094 23.157640566296656
109.42075803272594 32.833518626334154
111.29176987114089 19.67324793357327
132.8376356907298 25.157436021046287
111.10447515130677 59.807894713398674
119.16335587071373 115.91029197164113
115.54561055744473 97.37954604058424
141.71160714332575 155.13914721711564
104.84409051636905 12.862536904912243
95.36850817951655 20.441031469483026
113.10150834960211 26.381094813614283
103.06134056416674 8.277490736148327
136.73308458422832 30.884531625167288
180.2723187353985 37.278687194235346
141.16699246893143 134.39420474621744
94.03092698568474 70.54029631445349
109.55194695130173 89.56471516192083
120.75834654093057 15.125962177980353
104.28952759453207 20.242697823013874
91.84928507597738 19.038355308904368
97.38715930165237 9.476821045210299
100.68049203868951 16.070259603289653
84.88142359292107 13.405479761755998
126.46714850699918 16.20451524223725
117.45963177240965 31.691214302666108
107.49777519643972 18.28562730361952
101.16128768566765 -4.4527624900505565
109.73809757218145 19.914721450085906
115.19174033025065 34.82330696808789
130.64524723001477 45.213325253198306
137.16426136184734 40.00360564277331
135.5835426037345 83.87875342834047
100.93015794476133 21.462199588476018
117.90999756957721 15.967204760695164
112.70833402353529 75.66854477804458
98.55489497032575 55.00225605741968
136.2528581262219 -4.793950225067801
128.75366552391876 27.46444322522336
99.69649822786553 24.358835205229514
118.26957057226963 -4.480289099737698
88.19539453787863 25.591047684648146
73.39150986686184 21.99160432150878
102.45625796569553 25.0651605959148
112.95778823697012 -12.622998954496094
109.23187692963995 38.14902713917219
106.3988298374455 25.36039820240594
64.16633435705549 -22.086252816440727
104.29397823593405 92.98919767044832
109.0946671446277 7.623402080108697
128.6843600746421 20.090338726804795
89.49454151059489 32.4659342139665
109.85337546460846 16.01981166800635
