110.79311138655272 119.33670285351262
114.07760645373772 100.59847884375895
107.98242649375541 116.31875676749824
85.89742914054571 118.89138305358888
21.657770920901488 43.11537201158994
127.33833858747805 130.92041527621961
102.11906302779174 46.315721413175595
103.23547891665056 69.65946392167845
105.69650368257088 17.361967874040648
126.96754047984514 111.91528413418023
26.885288568774683 25.00391412063249
111.51887042969244 18.343457586745423
110.11675017638474 114.31803034777964
135.6269516644378 120.20806023613925
137.45182626659198 100.46403992294474
122.50935402912195 10.112863586317845
19.0291335969192 50.269718640454876
112.15390574994433 123.67185115026842
61.19465755974382 114.68199225134397
86.70600053844588 133.52315606971618
121.61055730177254 126.11067081857841
128.428385952751 54.62083256432847
121.37150181770997 50.642274411786886
102.40313081142823 76.38211579608236
103.07756315500377 105.89060613636171
91.27060588534417 100.496020433946
53.44028642239122 58.3608203212008
109.9707454836269 118.07260574128243
63.10835399620688 124.94918405085599
110.97604524519589 40.44100938087655
118.25438482645765 80.32798083960574
109.95991393047844 26.6766269934957
86.74787979224612 136.04459498988055
17.310971848388856 46.42854555549021
62.33652416287887 132.7507524304102
97.71469512612136 133.6175161840763
120.82223265895456 99.89566511066808
96.74640337346298 10.003962006928901
85.6760106526392 119.01393148909686
98.10877886073749 20.22257355046093
128.59035098540588 96.9082329424852
78.64141489817025 102.05682907900878
22.952083651214195 18.116318798235213
141.4191809053148 19.454766324587343
52.86378252347952 30.28757811603546
122.90594911340722 134.77111184367197
58.93570099276606 34.12991011877112
112.72653493694801 49.40387526047329
104.71432008385676 66.79636582920587
100.52628846085585 118.34677714531273
23.635665332646866 23.256283968935854
61.81861644440763 61.79276550449242
125.69030806976605 128.52062929466908
97.33424409497526 144.89570816710346
105.02987313811622 119.92926485599179
79.67821937842263 146.973995954091
102.2342784125622 103.65502406509965
62.069050524242556 44.349736133884335
102.73776761109508 21.646221457957328
113.92793774863027 111.75998529286849
123.98895742073819 106.30916187509042
88.77821429357127 91.47774327486869
103.17600750185157 38.892830052782855
97.73896675623153 98.45900167937377
92.01048498250677 26.462900411908887
126.05659093036357 52.3900859722166
22.446366697947656 44.508426926330664
111.0917887519187 19.251954104948137
114.22186033977515 31.004587129698564
119.0125385053914 123.20397744684274
110.00842683776393 116.17679219738747
46.22336023683677 25.80497060680974
121.42208910702101 34.703680051266915
129.31791085342965 131.8520964403476
101.96321795962173 91.71346238585288
85.68135203158988 139.44613583466892
96.79031332386394 114.21331066676747
99.68014276783322 84.83767867123379
81.89098541219212 105.15103886472339
102.43955586333914 87.53659562060284
108.47932400811958 81.78224421483552
60.29952249466865 112.98637551691436
104.11553106154312 93.54785280961558
134.7836113071158 133.4890094202968
128.0857232776881 89.11378748667339
119.7990815055201 41.52064394533009
99.21481152976276 114.73122385267823
113.07334527991071 111.61558455849134
32.774224392505275 18.478691934162804
106.76445732026625 39.45205847891863
21.766153383611826 29.225484396589117
94.7824088326514 130.7885707248932
80.65601007907598 22.183854564295405
120.12920396050659 129.0657139037421
120.40629552806335 102.5419763892618
95.00083660750462 96.31363637374118
118.57811879467233 128.1976310422504
88.81377390502557 101.93272848397204
98.03402910022135 25.449414998434527
111.09820791086244 64.98258859161604
96.20519959125818 38.62476117918099
59.15557871220854 41.58096664112132
88.37519302966417 21.14507683477262
55.54885396833742 39.178037370045786
112.15937846124483 50.73813433511135
109.89230419106399 17.442085211936607
15.600869615621974 27.601772948586813
100.83068634547058 97.81956362168093
122.25274646378699 109.76931930522805
108.26932385625686 19.533720820656537
73.27061383506432 33.02264946853654
118.42468402682724 21.608376224018922
29.881747416866652 42.720335187887635
126.05384816703236 16.577801165330445
89.28681765831044 96.23329055618366
100.14372597988618 117.60123608443617
102.33922855226048 21.976716865431644
81.85217157758002 135.686082382343
113.60813854871918 34.93322816200528
35.917913865710204 34.4066700113157
107.89662850184696 115.65914775761857
110.60373492451522 119.41232363600751
68.01521750656751 121.98747490325708
87.39164519378116 119.29112061054977
101.22217632763986 10.247649258587968
112.29028114792193 119.22530995930119
103.93878177180264 18.88440793876864
66.94832745747537 140.69642835620024
129.697538445656 128.76028434565467
119.47098922927766 21.45402211435052
82.37366855274603 101.53178869647348
110.31839914651692 18.73295286888416
120.25433889010245 125.80627236989397
109.06169052732695 119.01137792864397
91.30082619905559 114.47729687339327
96.99178111586815 25.23258381419344
104.13815541091174 117.57685349055467
110.50490503814594 124.20750073760601
94.7713721099351 23.950893085283763
54.95107020076435 116.55379192422009
72.01202187867318 132.44690208993376
115.94673306255542 121.82827762675603
24.859979423683267 22.748669028337922
12.354615959259974 43.30642265139412
117.82994116215549 51.060142549721135
75.17795911628433 120.43940816933447
124.99936441443178 127.272444340586
109.49198084626592 19.33981967685102
114.64943052131271 113.86857118453216
70.66067179019063 130.26024175708812
66.09484724417813 113.5796637433134
86.1783515766194 95.25643271426026
83.03897420441253 119.66093708885398
82.84926609450996 111.30006164708628
48.126428268327864 24.311409354646283
114.44610413194259 46.55866318034296
97.61172581579052 119.9507762600306
14.97455306313634 27.75867933519078
132.2699291414445 31.04568049906432
92.63699893813111 26.703672090730805
134.1732441125568 129.829626994376
74.84560626335134 113.00451324461085
107.28278257601922 115.45253091414122
140.3176873111614 118.60797216144644
87.87312958858192 102.0947260206815
110.90277597731216 120.0612145671754
99.09104084787427 37.240267099521425
105.86920525338897 32.8547550465976
57.27484633600012 54.820757112276326
86.63841863557455 106.37802132947921
69.92718921439754 112.33022173287301
94.05681106894882 129.40904827653452
96.94572999083293 142.65525206819245
94.2918950386162 125.11249019713746
25.73624364825903 30.405280319459198
119.33947986482005 78.53584741837237
114.50733409929612 24.221618930671035
119.87251881969755 31.185009157419618
93.66718511754318 97.80275652731994
96.2795565005466 18.41862774518633
120.4361116905127 45.7960965500672
116.43701098701294 29.325822875576026
122.4919748159472 94.29026269710603
110.58404125017118 121.9300660098184
121.7312063767943 41.78143732215323
118.760317448535 30.91839904461585
107.21879187142905 114.05392751285447
77.51358475352869 133.52923060940674
118.41546192040501 79.80336287924959
85.74575487928082 117.5135608843769
90.44552915577405 112.3070789352017
108.30383614151255 27.1803226315502
57.830548240120734 34.16154470441762
108.59062701457147 13.81106620564212
127.41633561422972 88.11966368310065
60.05081850203967 125.79728682222162
63.75688529138112 47.45336407378605
131.4844377946484 132.46363041892343
124.96930506617012 44.242365621179
99.61907558272276 117.44580891118294
50.60273572005344 39.48305735436219
57.124556076262046 102.46274803724116
70.2350809182679 33.73140896858292
112.32380382589128 24.514261688756427
127.48018945891174 114.08102780038062
113.14738194513231 27.987349945180267
91.46192052836683 115.72572440339154
72.57925812386884 68.98227716730582
80.00439684852759 104.0505303684735
18.086803525751822 36.17055530167527
18.32195531397939 30.25200369395161
58.433125899770104 115.02590768937496
90.15430320141498 65.29992291744793
23.025768625254482 34.76279246703726
19.911777953822774 17.949820234125816
122.52819176938976 135.18731370472707
109.6650438889647 16.53015546705605
126.25108253991716 138.97733648666684
110.36236345006657 17.444467214028347
111.29123999536526 44.36684717777558
130.03886184778682 118.6871462323537
118.73958879586505 80.16079581556153
109.00362317715448 40.361297077115225
119.76179792928275 106.80939933672602
126.56855683517168 39.66732661874717
107.86865917113371 63.043807217912914
110.83607970994038 15.35268582226932
91.59782948197932 20.137749959602242
78.92118033713625 132.868786974517
98.02566596149335 82.9862932982659
121.12196974017053 27.994848424788113
30.02133014720295 50.7063359718565
117.66660337704057 58.165205134003486
129.45439868876431 131.88608652423963
79.34025540176249 131.60151578106826
14.522785221968933 28.876955403020933
124.09596704872767 20.36450604976786
131.09415455591582 108.10865433541656
95.06884561773263 127.89400266162605
114.92241394076217 43.06795888439058
24.53489246339931 36.92263516104905
100.78526269121019 35.61688084961202
128.36416029109685 125.07374712640103
46.75024103914172 29.278249563245158
83.50496253482451 105.49806501872018
124.75605901209347 74.74693683163319
46.55797766574567 123.13698670568287
105.59107759177972 16.973841575737875
96.70040990415777 39.01556479286642
25.450592754605733 29.411296266344436
98.5130705501539 120.47574324086384
110.25514048894632 57.786098779617845
95.60006936450753 118.98959106983327
129.3247706459721 120.33573850287435
31.64133447697394 21.234454912450854
112.04816982111065 35.61139256916825
77.23473475335805 117.11540479685875
65.70828351862433 125.55998220961733
113.13528575342396 131.77288670632402
110.23709713299256 19.5562939932147
110.71803273544421 131.65203853108358
72.20043175211981 128.62436592525404
25.083060095763393 23.40168595886908
108.71438890907876 125.17898405533796
114.43106276696362 114.15213149665726
87.95157973036976 133.41040481211772
124.94693919810088 135.80316547549762
85.78813156405188 108.59618414530357
102.32089359663797 18.041625766223117
108.646465196747 32.529150263310896
120.21659026862264 14.500502773704902
113.90133062920465 21.787491259913875
105.65622610605064 39.56643061894379
77.6968428133887 114.80621246818636
137.57714516434172 80.7081402822532
127.5817158201964 140.47417561186364
102.8503959882915 32.503570149024014
65.09106375118436 30.752323171709186
46.886320984449156 30.91136864476767
87.51392326342533 113.30211563442086
121.00047974986879 25.790265303122787
50.949072260181104 27.559191930870703
133.70875708010303 130.78713843353435
124.2837379682484 83.17157289340226
106.0343435242145 85.4992145161993
94.70271971160979 12.450213852918747
124.55992104003145 20.60432615068102
49.59247142353598 20.19213146655199
97.16486485802541 98.74574841206409
99.31881265384803 134.58469363244805
70.48971791304942 26.90176303553274
88.17807514364969 22.556489797532745
111.87241298349092 119.56431496836784
113.70255502909389 114.75241984021311
16.499192074208175 38.971083222926275
110.89300776849697 105.61614585121723
109.10371021585843 19.714251872516517
119.95151161742656 105.27110218452377
133.6054212379104 111.02129484212328
123.70286716843884 123.4634904504878
50.874565020883374 20.986843674279722
132.06394154974637 11.458474437974816
98.26926561913925 144.44391052588878
55.62235366766781 124.13617291724971
15.608725114223686 44.652699737317555
47.86092519533298 34.53179386795896
125.81045972759924 26.410597583138554
96.71925545933726 118.97458367563273
48.94872476199488 30.244008793591405
26.937489330097286 19.55172282731586
52.43993346289943 30.047168993989757
102.81162682988172 41.85110366204328
109.16406950573713 108.64518643524832
83.45894701474371 129.26077016899254
71.64297321452506 114.26898695483521
77.6658312147449 119.0202553408588
18.018447787862954 24.757316842487036
103.1035288972788 12.421981935372578
113.84304437026498 18.433629350638626
80.3827138471955 133.40107435370476
