111.33427810604438 19.38462770017663
92.19272797011348 134.00591244755427
124.26461192712138 76.97030777022549
14.713032436486445 86.68704527909156
122.64244231178219 110.85078131397903
93.7541933382181 144.68559810862314
107.85693799900723 43.07403154150215
104.6854668658647 9.989845773085891
150.65684059931266 34.5486059550725
121.0806821811765 17.788574532961203
113.41002260410585 29.089474698805635
126.58990622617883 21.31066776878016
108.6016623419407 15.022658459866676
126.29145303883382 136.07005388939578
137.26184948340966 33.61563305400941
118.79425962108803 3.9705908754096404
106.00977833916643 26.324510374419365
112.35574553540832 110.43359909437385
118.3178946391443 14.654050103323726
120.40898074735348 60.79557742420281
121.30160406736444 15.767483922701535
118.23275018100055 40.421267103639465
119.28697824099541 43.96419466567094
108.89839549436202 112.26530729865028
104.22468924634067 -22.921583032857264
108.37940505524175 40.95626251223761
108.68964984593637 15.166829258988932
110.02838186703669 60.88548613142639
123.6054573280263 -5.905533134784284
110.32536164206759 1.220089710736988
103.59744436543225 35.191381049841766
112.38681488866978 27.250364952723423
83.49275739410128 87.37680669502177
95.85622023342872 55.6028895514075
138.79555318610952 163.7695792877576
107.85769503963262 -12.490161199392096
103.03467443078323 53.726467825193204
97.65946511407263 30.31198950015396
102.26155220850296 37.18494875161751
129.11764875432104 25.5311289919184
84.3758692362518 46.704999184760126
106.6906525642462 53.88860544894843
79.38030485791462 -51.021101185256924
89.39950005548977 19.512196382610576
74.83981762249581 29.037056362134255
98.610129005915 -1.1568638839463774
105.67407356725187 45.141767401698694
107.99415713558079 -2.3309571608330915
112.42773159998325 40.952277993976665
78.637839703553 99.6424716247771
143.13659891612278 28.64674003729164
99.74968694008518 -37.27910261599497
121.52178394413545 27.885554331561067
115.47517351284063 40.65662930631285
118.82131935190279 -31.97849707739366
111.18843265485665 19.600896016905228
123.71563706472809 222.04143391889218
90.98769655579625 11.823724031083021
124.92959620049398 19.513746227238414
92.13824542753802 -22.17236944073181
117.99078926555077 48.147659196575034
91.23727632810835 44.981151896534215
111.60284932829802 11.910466515962202
110.790504085087 67.79168368135427
104.97990745703649 28.03819064526232
121.75279924949027 23.103941568266727
84.20638042878203 47.17625547505413
117.44346145593651 26.0677346044458
103.79060973455564 18.403147065613137
125.61297614167789 46.93819865934433
121.77924100491065 96.79568596699683
92.43467655952071 23.2545323590382
110.8203566043042 24.98598715904913
91.47013356144271 42.22901011901419
109.14371743134811 71.58220805878018
120.3688227092022 70.18341882340958
97.24213980265672 25.412674436638785
100.42817216834443 174.508440080574
134.7912424346828 83.83963602257283
119.16890707533923 35.86706097757496
114.00194468612868 124.8918548609539
110.17148039877944 43.715171494216825
118.03002835029551 -7.219441695314675
127.76882122350347 64.46030451333466
121.08283851568738 49.82732729770639
111.96127572428615 33.56595519516988
118.18418911043818 127.2578906234467
113.44769843735179 15.975673787733946
106.69650186806484 19.86210417582314
104.56076512864097 21.795304820029806
127.38650268986333 30.294303842474584
108.16418563713943 201.13691388029414
131.87427929691387 -38.97408846674479
114.69432745488577 -26.617875999778725
97.56148802750486 63.51266023920197
100.19114447359847 99.08390371771804
106.22316870546442 156.9717978755509
130.53228959115316 75.84214121100476
118.775392680756 8.53934719639408
92.66038232570176 88.33263878888616
112.84608761222094 19.942116389757686
131.08835990553726 -31.758826064212055
57.76499644902912 20.401359376637
93.43796561255388 -4.86683062352412
102.87846855568918 -6.058366783711861
121.64555185950493 31.716865870287535
167.97859596391675 23.262545916693174
138.54719522339943 -33.10088950297055
68.72559516963814 -4.282570778869807
123.39885054144584 19.048584899228814
111.0220476214304 37.62699209247564
112.16706720958416 21.635219182642167
103.26505139808677 23.703149983981863
116.66902478737074 23.300634053309846
81.72418786075902 120.44169405550699
147.94568944454485 145.20795523186987
114.34132427203129 20.206473753358537
89.81346406567872 71.94079343441207
112.93422740828785 35.487005344991914
103.89133565523838 39.85054686861264
115.85313526635962 190.50002253526517
103.9987328786117 75.62392145952717
121.48387895822245 21.9235899482318
142.10294785726518 104.3427836897969
132.29545586062008 21.518537294601494
130.76905471486572 12.436399357324746
128.9915527825529 18.102758184460857
83.45135621873314 114.81862110714405
133.6080168208984 26.580084046372523
124.5650496176891 15.44286600990503
110.92973971077681 67.97860450745283
117.36198014894646 26.528925574253453
116.5450900277001 114.48128469457382
124.45837792350376 76.76653820990293
110.03791068227886 102.24920069819372
128.05985977133926 16.035186939397686
129.98272946532597 55.45598324037512
107.07930911654691 8.539050488409742
102.96901261478862 20.157533112900584
105.68832964201162 -45.325095444968916
116.48435769130992 118.44254261530796
115.94896453179022 121.12847100959722
106.55197140972237 20.23219258971134
110.05584693395757 16.45913839455454
113.92985490269989 69.27286428087649
84.4696406744011 139.987073081304
91.3550868170641 6.315713112115072
121.28641845552467 28.16456044236568
99.30783941173425 79.98985309860282
113.99259150288552 40.83021680533889
42.71522590608365 38.95644923457964
98.86501321205802 92.45724681359265
121.86135617062801 67.60692801543948
114.6898077916113 107.21020721370992
87.82700013337731 23.511481024126944
105.60071808774536 -30.85443242854234
110.30288044790004 62.91864720540332
106.05237144714606 17.215265513661443
108.09440356624711 35.87929483550796
117.13472288913168 16.84427112131581
134.92889629046334 104.89394202886464
73.37003808301132 12.839403475700944
140.72147849696367 22.640644899844837
114.4910342351971 175.7373372519011
134.07329603371176 75.27171059839685
116.87299499972535 1.5137857776935928
113.76852336930823 14.1557916718741
114.63131523453883 3.115409373477843
112.0631909517383 69.69650783752691
109.73603452793456 10.562103479724968
124.51935967419851 172.47566700080458
105.48503254470309 101.60796948076752
109.51959459726845 104.73050868366789
114.055120750927 36.39256827992794
109.55617832057186 49.19164566823278
98.92655836859896 104.62013196508701
127.51204875834307 24.04812670876914
117.72872335646124 22.08521572775475
109.05613618933597 2.7606674519954346
108.67566402928213 19.193854404072226
99.9127700120771 -1.3848265940988758
115.40286611782415 24.49783745932749
109.74441298966835 22.42608381127976
112.9193332161446 -6.881382228075621
115.69874034063552 14.421622348271512
106.42990060083063 35.34698656829854
125.72969266881881 38.61234980843388
120.52108318697016 18.58362892892552
110.86979449421109 19.974290756343674
102.29705246382791 121.97135605574732
97.51174349351471 23.730923270040794
127.41890864363481 38.66441335960193
109.82597164524178 24.537295635567357
110.42185452597465 29.853343479731734
106.64819439128111 80.86717179511743
115.54270758630408 -16.936390320731203
124.4465095124511 20.08130479570626
121.94331162376638 191.12152878342062
104.26929486640553 16.65539808740077
138.26136502498204 222.29823567651962
109.87135340414144 18.378535811587188
132.69693895476468 26.311650920472484
102.71564613677005 34.728523430712364
118.00630085200716 27.108290854252694
82.1957096689637 135.53362540254398
111.35001895897699 28.888251972765765
137.01392892079386 46.78169874085815
113.76276231607908 20.76429632885408
160.1779399406717 95.57069142547657
108.46950212422578 15.074422853372832
112.75182048895793 29.04375482104428
107.64518286234217 15.483801539558923
63.59902070211776 134.96253857664155
119.92775018104314 21.512235295771212
42.972991586578004 33.955677804793275
106.33239811189722 85.70527049911152
131.2261863933597 31.720764998183
137.97055221876175 81.98229522535536
109.30903480057043 28.76899998418333
111.3410626536098 25.377736693029643
103.61838552334102 99.42614688652192
118.47932214529162 138.10991895694667
109.43608352378213 32.566204890150786
69.65002654782951 82.76164896554319
111.9934772551587 23.197800429828227
109.6098670082622 32.24667425435264
107.26700967776974 31.22242262350986
104.93185774481856 17.32898835406486
112.0511782904979 98.19391146454753
107.12032825141793 55.255684961979384
113.95453695221244 43.29166735815722
56.09952436081154 44.86484981590697
91.60023655735313 63.170422545688105
111.45569966360095 35.34313767019705
81.32117713237153 101.7342699646504
107.87273158963369 15.118663491166732
130.71790685952004 20.41861438120392
95.31409102257705 23.756619648956445
75.8550504291287 85.53025712030414
108.7704692810361 -9.158381887359308
108.52818873291106 24.890656238060913
121.93475081646817 7.1880614127343
138.0797285617841 131.38025693275395
101.0711694210031 19.402198672733668
85.62519495145504 77.32944411384118
114.25955720503907 52.252300541560174
111.88755891569734 67.19039458290705
139.16296430722878 33.12089741366213
114.27285999515621 36.24056047936267
138.55551396879338 24.280656912249626
132.81007290232043 9.29488063620881
111.62547984019393 46.88889690982935
131.66125128668006 66.22072507204994
133.48332327461043 138.54010363807663
48.814108279147426 19.73138113049836
110.79077554355855 27.486829570301737
122.71901412395599 74.4669282610899
150.9554969096692 21.925053277301394
112.89087652049741 102.00803579485385
121.2730887095379 24.682502583424593
111.34885824846054 68.79668532626091
126.51920244477078 117.51413697873092
176.57033650548425 34.72312051463791
96.13040135145212 64.97625223460973
97.645295238298 85.44283794904383
114.1803702503159 90.81971580374652
104.34039801049654 131.59163865935142
85.65012829616016 102.56554187859642
111.69332106618855 23.436502035113485
109.45520409022184 31.08825704447048
109.79451829667356 20.655386826326446
133.5136387951501 25.782081270410036
111.75371407012977 57.44148853633824
122.63602466080178 108.02765016997132
113.02506888119456 100.69161294242647
133.5418202938857 153.15134776604043
104.9903687434863 11.940371655460044
96.72129795102236 18.832758291402413
112.94568617248862 25.49615583672089
102.55026038838649 5.8742495664699845
135.66099297112447 31.482110752775192
189.85409982142053 37.334826599476514
136.9278588783163 132.50974557685493
92.15179161359411 69.11722693154482
110.2783572650099 87.83522875556936
121.61138770477568 16.975039120086198
103.71995383597529 20.115818327123108
92.4358066395809 19.068121719920676
96.99656518500036 3.1867453856341985
98.46523366689439 15.023390859725687
87.86950921835418 13.265957686202668
129.2960379471658 15.440576575366622
117.9470673967001 25.934653947777036
105.62093335652474 6.707863801898606
100.56564427163069 -6.384761099514538
109.74147404177663 21.421289884968896
116.6352796777593 36.496765292603605
129.05717958813716 40.11753164203438
135.7498116531624 35.440662471616214
134.80620641446424 77.35939435737542
100.87650206875557 21.48207339307915
115.96896309851891 16.207948740864964
112.31013945601252 80.32160985515877
99.6024382712578 51.78583100589668
138.2573560710684 -8.310164890037885
128.0162996714157 27.436500884244985
98.25377390467062 23.874021083155565
118.29557008200163 -6.08487275932394
86.03380374348247 25.14990827413579
71.97490686634671 22.0368474886193
102.81464724595574 24.306163397155164
113.09073709515906 -14.739362423733898
109.2059784666047 38.96809099112554
107.25414011732536 21.05338019527145
62.47225624915161 -33.88011044338784
108.00345689487534 94.58816980480746
109.06237916238689 6.028023554732988
131.69603019285702 21.624724206565926
89.2757961548157 33.50782609434205
108.75955595342369 19.66491556796789
