112.88648314841753 18.34651638181598
94.88593395245972 137.6220920192779
124.34773465876594 50.150572326785365
15.61750271005794 105.13545227044156
117.97372994760748 92.93388837148075
90.37317023815076 121.51368252716725
109.312627610128 35.92758937087322
106.71637165336927 11.938262543473959
149.65967997895996 35.96695491122228
118.1007785276836 15.892883749863945
113.99466888922646 27.325701282876302
129.32860996290694 22.654611214271984
108.30393867868382 20.821712476081725
117.99261356107547 120.74341336372149
131.14472910696495 45.96239294743509
110.90598070536939 5.827897241770076
103.58530632801013 21.079771285055443
111.17909944141428 116.36823282019746
117.25795187881182 2.8148050440565227
122.42759727880419 63.890891671746935
117.0075472600456 19.48173226017132
113.53769433091006 31.396625323422025
115.32707799021051 36.90395741420631
110.17624629078493 121.15458701290635
106.50481985373176 -43.404055130309466
107.98284511253323 49.515578727974734
108.00384625336369 13.95314554316662
110.04995550534908 60.979163230947734
124.72412834043229 -8.247258496593304
109.72532804424107 -2.2354687839183423
101.14363343984108 31.27904778386614
112.75462977438453 27.599687291589113
88.11138444701822 66.57414419223042
100.48338499774987 54.97747037376378
133.05789569464008 154.99033009031388
106.73886171863424 -9.477270573182873
96.47685332189994 56.471504785907776
100.53353251699605 30.235393133858565
107.47902571737244 22.02664204857098
134.00968304654964 25.649033189526595
81.4856945230582 26.12402388171865
113.78538578578777 50.47443570125153
80.31161750122868 -50.76300790286638
85.21327720256708 19.66148829025988
79.64262623738729 27.487706227302223
95.34632856426266 -4.9798441022991
106.79170810573625 44.30375352002936
109.1551840631403 -3.0114204745102846
114.23313945059934 42.19888077321507
78.90239045623053 89.5970197389971
144.2113284024858 29.183323608456828
92.7046374646946 -39.87279595639683
109.54079589981876 22.304468740655285
111.87395181636523 47.02996885171569
120.55092393395117 -42.41463111111389
110.65290789194712 15.924341050141534
126.09546261145206 242.95777876658687
94.9432189413652 8.853221919655326
125.52953637233374 17.992361737500936
90.87193697790833 -17.84932002384493
112.32966841557658 41.48129275618729
95.33836089698707 44.1125684064091
113.07502161012029 8.730631737189036
117.61743677489744 63.038378678394565
107.62950372681811 27.672397046708696
116.44577537557498 17.337542857969616
94.4104284253423 40.25720793460199
116.93631083612134 26.387910926036298
103.1892786176147 15.787986460575361
123.98900465983886 44.703448353677125
120.80546577323055 104.18196936193016
96.5206971326456 21.899494451616334
106.43214293313888 22.580230171267242
90.904299085137 42.58001818511144
109.19018368516794 67.295369468735
114.45474079627084 68.92914028437016
101.88517380101064 21.350581749400252
101.42569427302212 157.38876055450717
140.79135492710702 82.62598674649023
125.69783059906833 40.34985378794442
113.69433173135428 122.96866725728574
111.22889448188829 41.41570764449342
119.54528364693957 -8.004403551826883
124.18140844602074 46.81985181081643
113.63895583469579 46.74587477797586
110.29154966151388 32.039873500359704
125.11725350304907 120.9079589753344
112.63960601278296 11.525195446143094
109.3271814360456 19.917046762010493
105.01967657723631 13.996789871624271
123.03136989048335 29.207745239448016
105.36020186984935 188.90096654367036
133.0886665016317 -41.995161001931706
112.12855897917473 -39.07389195048671
99.21892968665425 66.25740739049766
102.01445956937569 99.99686391028976
104.36144973131009 139.8945402652174
133.52308674899925 73.0034969526045
119.27463696605133 6.410366788944757
91.93430764851398 89.79928708694169
116.2074253804619 15.022751342387927
133.13667407522277 -34.07543630947173
67.02161413365536 20.49884840445204
90.8016849626774 -5.70444586079512
101.90107548092067 -9.249879486070391
123.71945738202197 32.126826476848855
171.7517732385927 23.7562886445569
146.66848280016418 -43.0805942764309
67.20721106189617 -12.864855976239298
124.24487346197816 19.048206916614948
110.83350791554253 37.04635819811099
117.05343851271056 23.057612098651624
106.85874172411475 20.852759982209143
113.8532310964681 24.13688681674406
82.16874616222375 123.02793491685475
157.45389755469188 115.9556926315981
115.87112148636608 19.892521226113633
84.29273220525182 75.05460895112901
111.22630626980332 36.09324115187042
105.30860284904652 36.02121951687774
119.48603429476249 181.1765350398426
104.00476489895 63.6585834133523
123.39460290135769 20.49249962970258
144.67034576601804 101.87309186798959
130.29250220186876 24.359464083915466
129.57831787887088 6.897947698478111
128.42075973334042 18.346305149254928
92.53734581277713 108.29522469329162
130.365503974209 27.57974769705306
124.14438213504648 15.351542991126498
114.0343765717097 68.83432137797605
118.5331519098318 27.397770591767923
114.119292984787 114.17226326599723
125.14975921655287 63.64712533017719
121.96263159573746 101.00673684949703
132.5799636623206 15.268537735177402
127.91724863277837 44.885121706953385
104.61543015188738 20.10839002299054
104.73088958078546 19.05754298117051
104.40076131715668 -51.0076176517204
118.84500692952899 106.17551260776861
114.72526802824594 110.181513131461
108.7575669879504 19.952615504240324
109.9112014872133 11.577957984466838
111.7386344239945 49.77817346000741
83.77928206286046 130.81713621425274
85.95660263126665 -0.6322230049899482
121.70621642203535 28.533624053831133
95.1701908709294 71.42013968156509
113.73570430670597 25.232194540691438
45.89973578991088 38.42916582647588
103.46838074611831 90.1957181762622
132.3907910338499 49.42845227563799
119.51152529739474 98.58708438127385
88.75265020956691 23.327808318208287
104.32757852356262 -40.532224603234
115.8547100661611 67.61483168455591
103.7745808385516 15.825156374878166
96.90687275941721 33.25519923364756
120.18291507641706 15.265468601271376
120.5372776402704 96.50083358108421
78.28041419551626 8.692021196863928
142.00758816071846 14.912181631882543
106.51857233579516 167.97377529260075
133.55141177381094 55.113241797354235
115.79142309610505 8.00169433052297
117.11582778265578 10.172503313421913
115.48975376203141 0.0012453387644422165
104.11825735079206 62.18922755796853
116.57722040741938 15.000521762434573
119.45765505195865 178.76626195472895
109.1216322773664 102.18042953622499
107.73718081651798 80.22772581795236
114.9690923424358 39.97267057615731
109.57520017664419 46.69864654078205
94.45919775404406 96.28521422015965
126.53161581667524 23.68936222236521
116.67016139469473 19.59880056989859
99.85655546309101 -1.935368078862051
115.84363713691673 19.282599141996666
99.46862078765014 -6.461571254177667
114.21905361369392 23.11452020937075
107.288801394463 19.048858789830668
113.4354311041449 -31.56666501606569
112.33792624947228 11.27900276333583
105.06837394556382 33.96293528097955
126.48024662947788 38.32702691109363
127.76922817991557 29.24969052963425
107.86184817184522 15.452162286733905
106.55363242471822 119.40297990683538
103.08581875122744 25.999896457848596
134.57063299639398 41.233117461467124
109.4194166320863 21.887762429897425
110.30687743729624 33.25574384677334
96.69002113387776 78.77297060612938
115.75526245489883 -12.264390790781219
129.0797866176042 15.25131017234027
118.14697932539325 185.7340365020505
100.54087640892399 13.245517130015763
141.35431846302112 218.51121244096237
113.51224778538916 15.602097569380316
130.95069652104303 23.366488954627112
100.71526810731812 31.408644574300194
119.26086110697325 28.648110862669874
77.5979110513334 142.50450626454958
111.20601026347128 28.492957093206
134.02219751443732 27.73347910156672
115.51825740102649 15.036901811673896
166.38088636264862 96.27929037577374
109.30558771041002 7.019275894786816
111.40668734100731 29.293530541784918
104.89714701887458 17.020259729008476
67.0141973065398 141.75226427352695
117.37014440582892 18.62011025084108
40.95818865002583 38.780467443713356
102.13251547226322 93.25328547728657
134.56354133512906 31.576220366913937
133.52418197143112 59.81417462738297
109.22192928102567 31.693005286784086
110.9852079925184 20.3504082557265
97.26180098620084 95.9941653924889
115.71486084961687 138.57345551116936
109.4448891644873 32.96428528856275
58.09051053160427 87.50122762734506
108.9459265060727 15.98213511037967
110.99158348011883 36.199620681526355
107.00801518336891 32.300808042521915
101.20164616632742 17.759291270368795
119.94971034414696 102.6764975145235
111.33910209224014 34.94926356433752
111.3418895186068 40.712449313140986
61.1812868590156 52.36392159935078
89.81309388727865 56.6659090694239
107.45763286628535 32.51069929257855
79.67709557365005 100.55928515941288
105.62235181320555 10.793683274116855
133.11063990953065 20.760628820463047
90.27579719209254 22.435230421004416
74.76004227300605 64.84057882325327
107.31624060939954 -15.751543003068605
108.11944719267093 13.281159776673457
122.76634255044681 6.025554511286437
136.31136497031883 135.70695478764316
102.61635766129007 16.331113806733605
92.27635311087717 80.34856202031114
110.80566041704537 63.163300775603915
112.20657300126943 71.06075369359765
140.0795767073112 34.74008958492034
117.47627930701968 33.38310016352157
145.82894983719018 23.307275894816065
136.7507009642338 5.003513968892137
111.44773660074043 32.53753038636756
133.01849059140488 70.02173558630757
127.29108014590375 132.7376204334416
51.90408571930279 19.515320245325167
110.02289780406258 26.90303275117285
128.17384142365785 73.9197662284448
150.97018792457627 21.537566590970194
112.15045666759477 106.72547097373624
123.48725930057454 25.241627184984107
111.16575892477624 66.62803872904216
129.55392759159403 92.25936197817057
179.50607343599103 36.94207451460393
97.25049390688893 64.57956507506587
95.98540169078154 94.48936845421528
111.58217984239663 92.60909791161319
99.12002400201513 115.3958000720673
84.3753023738376 100.99326465750534
113.2626704280593 23.93801764402075
109.53084955185676 27.2477828239296
106.80690556189583 22.578225049346493
133.7930584276446 26.833696322963664
112.95208947275556 51.14873801932852
129.23463779999463 91.72976057002467
107.94245353404334 105.97569900728021
116.2522288649005 146.38795398694987
105.47530574282924 10.28496201851288
99.85593250438461 15.648716901993392
112.5625751703056 23.540583853927885
101.80342759581454 1.6255709623309071
132.82618476466723 32.32921508921084
205.69682593398824 36.77488363993215
127.6588228007848 126.5410679023955
89.30109706205255 66.79562371436346
111.69684000885343 84.39188424865753
122.83134466634834 20.729126522514292
102.77030428749289 19.85452963100453
94.020853233897 19.131508176883244
96.3400039395166 -5.674891521493809
94.46592018153217 13.017680482506428
94.58075782160587 13.201048215638204
134.35168386246647 14.019953675621986
118.65834054233147 16.118229881440172
101.96893926848142 -13.195234820732868
99.71548786906551 -9.516233677655322
109.74806992209906 24.35422961319592
119.2654808630415 39.07995178208341
125.35319304070003 29.849300035758674
132.31173118647092 25.7924818170686
132.50558067361212 63.74943230408822
101.09960991232035 21.483913793913256
111.88961453348341 16.75325102485618
111.41640914778255 89.0206721396136
102.05647658237068 44.194741115007005
141.07142460126394 -14.387838390881278
126.15391173353163 27.147962648483755
95.78723555073344 22.74611451503445
118.03867982438443 -8.749446363039334
82.42836593176317 24.04467886589752
69.65804151364317 22.026941491681292
103.68523114817097 22.68996954942527
113.25835782516701 -18.324738673810227
109.17751956288824 40.299128386078486
109.01996027173318 13.531241976369092
59.298742774789886 -55.94771852227043
115.4113373072285 96.77740770161373
109.01412097894435 3.313265810333105
137.00330212599235 24.602316409507107
89.90020886788912 35.1406745406099
106.6312863206277 26.930335982849016
