115.6153610125635 16.513155594978034
102.07653063860784 134.49301039620167
123.13970878066533 1.4934630745266269
20.95295741176465 135.857474197033
107.99428170429992 49.005102315487726
85.36237302247264 68.99573444403649
112.20771590034576 20.091948671575313
111.12314620411408 16.634490614137427
143.32883782180457 36.37087572849795
111.25906765937772 12.617690351400853
114.73806947276768 22.942450485069017
131.9496120089644 25.06790778707944
107.82513036315089 32.25451680848865
100.51284090327255 86.80242538297784
116.30090364272758 66.90555330096026
95.15941497006426 11.2437199583798
99.45048555444993 10.563636981702757
108.76412881428557 119.33234175775137
114.385776171253 -12.390940486073521
124.99041126793696 69.88702237773843
107.6376204159328 26.6842864678225
103.90733466590899 12.005787760306973
106.67382018046061 21.484039656511673
112.62618293917346 128.72930741444046
111.42394135696502 -64.42380570249958
107.45988841318777 62.772779061877706
106.90275861585518 12.184345534710317
110.06805858926349 54.79520135772125
125.03939704442645 -8.887221025405207
108.52945309216318 -6.717304085376475
97.5140796470567 28.03439044188297
113.170711756993 27.25318195383659
99.76145766524337 27.36126019398882
110.5289819813731 50.03933513622229
119.16672216912269 127.33775370257723
104.89965645145165 -1.2529420773881452
85.25001235317175 62.373416822683765
107.62143236128435 28.91047259781964
118.0271351540718 -1.2798758391738252
140.44543757121497 25.24607951888719
78.48977686579377 -8.384151066873923
127.11033195132053 44.92890666875199
86.16778449752726 -42.02450422425804
79.97937421464735 19.946742390384475
85.97590820966762 23.186771392809398
90.44007942919858 -5.702101798596444
109.46612646192555 40.56497804455387
111.49106335861795 -2.796084563122367
117.19357958144624 42.684199975203285
82.58984642296362 65.28468074036124
142.15997551732127 29.268167030420276
81.68890249804771 -37.747344505991094
85.92993670060099 17.623204178804016
104.61740262142574 62.10149737301414
123.09883311074539 -54.682164454101056
109.5077008945551 9.039215329135363
129.1518822981382 265.00145945170834
104.2904765809389 4.456722259891655
124.99969969657711 15.116952502915561
90.78281393397992 3.3688232732458703
100.89573346450182 29.99764616527161
104.77337247286096 45.28114356226332
115.63634807869454 3.8295975924484553
130.48081695720842 55.80765997720062
113.07528262838959 26.022644457052976
105.34536219935681 6.347072810708038
116.85378640855545 24.2809808819379
115.08968799156848 26.158155978909782
102.75884151604726 11.176784988149528
119.71962250639798 36.96074954011692
118.02747778513115 115.65230084647318
106.07477637185306 19.03823051692993
98.34737172463582 17.485722567173664
92.05223947985843 40.86465393855204
109.37883978102022 54.05875546567853
102.2657492343531 66.70363587908459
112.11941307334111 13.267164965098848
104.47862303943742 116.64131496196036
149.12341500766132 79.02959492465145
137.68086950436043 47.519022325296234
112.82335702117629 115.1879569020184
113.18239808548276 34.86711363950821
121.0071516337959 -0.9036430344426702
115.63370768152085 15.158477872828339
98.40466409638037 37.59719372659019
106.95354207559146 27.073146170688705
136.79486465084184 105.76330084194015
110.73099017079491 3.81162989245087
114.48646536265589 20.025906798867833
106.428230026037 -0.358871399343375
112.79958699599851 25.96133846044219
100.37792556044553 155.19321160663986
133.05436252690174 -41.2458800329864
106.88180389057413 -52.44491457713147
103.8054340989797 70.44339106945297
106.75126850000044 97.67491408918637
101.11166776457493 98.26907131766808
136.6536202933218 68.32413086065266
119.19543325263568 3.780630298168154
92.85628610119417 89.6341075828824
122.23300676504053 6.196734470393826
127.21123621972168 -31.965816421400962
89.47391242434603 20.534130479354452
87.47360900202311 -4.270808911938969
101.21221149037484 -11.995995916631815
126.84469118572589 31.12005821452267
170.833461469539 24.27026155238672
158.62063794540356 -53.143858040125465
68.20092647133535 -24.124615248495697
124.24969759958802 19.107639887648894
110.31534184607655 33.36945510986443
125.61881405183303 25.5523109653396
114.2443086168943 15.085527760835035
107.83559450934989 25.183158549790928
85.8412088930089 120.54301220465716
170.84804983542224 51.406996956028216
118.16303336850498 19.245945056016353
76.69289252681112 79.56702458049531
107.67244216792247 35.012587284090614
104.59797763602859 26.413074056961115
125.18398937384688 155.36151015632177
104.70430438372887 36.6541123602626
126.31322191785145 17.602817526430307
146.08900509175925 93.09938739329395
123.28938693774057 29.32262230620395
125.09711825963834 5.413999715160674
124.45926366320305 19.001777213387168
112.45613212815607 94.3010339403316
121.72541630691008 28.16274354043238
121.82407903498556 15.680911021867875
119.620717908888 68.66150980899417
119.90823355085983 28.176476882887293
108.88222511502639 108.8689813874938
123.98767359970996 37.639968611251646
143.88261745457555 94.39506796308207
139.06449915554617 14.25901923648636
121.99920090492404 27.47017930886814
100.47887042218812 42.58556900746983
108.72869805430854 16.99695379439687
102.64462644609563 -56.182142027876125
122.34900665404608 78.65170320512172
111.71022765100096 84.34327949102433
113.20488244239954 19.389368959053478
109.60619685867995 2.484548046440865
107.3129153775175 8.39817381803892
79.80590154381404 106.64532588349388
78.01298241809646 -5.748314381985025
121.25793804092966 28.096717494801148
88.48806008759462 56.45031776277697
112.8957582168925 -3.0911561319747607
54.351101510867444 40.7735138127775
113.0448670437588 83.78986919248747
150.02107873462472 14.542885525960706
128.17303730148538 78.87009700551283
93.45338530638911 22.41378561781931
102.34973663680648 -50.94483009972156
126.01356255036004 77.27611910433374
99.95443651236174 13.529897715570467
77.27417698835933 26.774669191746916
124.7597209377247 12.628312237354073
90.57426519004223 78.20055684388062
91.67058082600569 7.809125346345814
140.8812509284125 6.279028979622699
90.93307555379245 146.17097901150981
130.03361981256683 17.983004797403517
112.91086993019196 29.16238621104749
122.63222264795981 2.6898954201928253
116.7203963367303 -4.375015459962656
89.41318579145053 43.15306709191869
129.23253979088756 24.082018097522678
107.99625543644977 185.04165194299722
116.32846437582235 99.90228517549042
104.54564092220919 29.649878181798
116.3263170116247 44.83439155381483
109.6234238288546 38.70583622678872
86.93771908318544 78.99152620471821
122.27987010874114 22.60499425085121
113.48535997055738 14.701478786206899
82.8307367415189 -8.286961769714578
129.21423099405212 19.478407887470667
99.77136085738583 -13.303895372580449
111.2662462136365 19.941970369064315
102.75079761632847 12.373753663062981
114.04716548242232 -72.52197030571223
105.37941877248906 6.016958043947651
102.9210601552577 30.048018101397645
125.53922140180248 35.2550271865473
139.63158622199987 52.43431067663644
102.28504979304249 7.410050844847802
115.18984696080122 109.95617635543533
114.61083524723462 29.86677037074999
145.82340951287142 43.11713560094473
108.63819052407275 16.483469603096772
109.98458874011945 38.29259131390512
78.46642840981968 73.54114340569896
115.48161693623729 1.1178564078287678
136.29529300198718 6.568151493298064
109.84085905839748 166.4862722075287
94.30199721130205 7.163763924826945
143.22057819016928 197.71236831543388
120.43567568912908 10.627919167080986
124.99563253113187 17.076958387412727
97.83278719385471 23.471963501536074
120.3684833090966 30.734632116091653
71.71783464956165 148.10967868625778
110.71006084925737 26.88865502244655
124.50754027332465 -5.269502093589913
118.26683952126969 4.351021236020187
170.49092432872584 97.45582498682519
110.98776798615019 -7.592897154728495
108.58335024612937 28.370858771742768
100.03305614925249 20.23922106899365
78.66421600542868 145.4305256569599
111.4778566520552 13.091542641559471
40.67799232595878 45.841949469346964
94.94628675608756 104.62670752953193
138.0957753006402 30.01180388425936
122.33295252181951 18.401694895708644
109.12098328428615 36.300828130064154
110.1053214594467 10.4864086816633
86.41783954993839 85.42678481352922
109.84395294295571 133.99325592105419
109.50870496815345 32.74527112546466
42.32136977134252 94.64786393850886
103.07446260153226 2.2789848163517443
113.56017349636507 41.107016971441766
106.90393856755516 32.547881079183576
95.39512845110522 18.970365099148914
134.37915271381996 108.84781570434855
119.40558821644225 -2.9466013792855374
106.06930412780916 33.66553601743274
76.80715634512642 64.40112324448741
89.31047474306556 44.18547482694589
99.9469044000278 33.3233372422369
80.17730915726095 92.9339918946882
101.46434388973083 3.088659849437854
135.12687969051555 21.29298533948938
82.75018794679121 19.56130856059863
76.94542934096398 23.94606311093144
104.60631152047094 -24.665211704276626
107.44638744905956 -8.730912564859715
122.9423288966724 5.418847611513289
130.13046616456506 136.8545136926801
106.52970200928928 10.712126967324041
107.02192710586581 85.47591364747427
103.9239496866804 80.09548552886822
112.5880350331833 72.91464975478837
139.12046807336833 35.688454868633734
122.81205713904966 26.390974692818702
154.81209645564078 20.941823077593792
140.46824458662917 -1.8714580224483603
110.87595332951886 2.8195941327186747
133.92227840086588 77.14175785837156
112.50890563000362 111.63342034441563
60.24072843121547 19.044410783916934
108.4421290198021 25.016739107215695
136.98924150970848 72.71479148684034
145.71917749298322 20.6304052615531
110.36343679137858 114.34387676167812
126.0811326964565 25.5043078334191
110.683398765944 58.60643492667584
132.64288870187167 38.58075436791144
175.927645676958 38.6930699177557
100.86082851610624 64.10938197733151
94.32497013174326 106.303977364715
106.29682371679414 93.3492019024582
90.61842254237415 78.78212353829518
78.74713151042495 93.48943321099739
115.96530695249696 24.48841149446042
109.70106790077773 18.9567534698215
101.16028008414733 25.942307855616697
130.2930995882954 28.300032266204337
114.82275811826761 34.63752059148364
140.07154641965005 57.41290126879734
98.18571976657738 111.533133958201
81.69089925223206 126.2057228578032
106.90373369653977 7.9487805624356005
107.37895429481836 9.785271854372386
111.4185672386776 19.183928666361385
101.17757837758425 -5.04902868845275
125.20986822883364 32.53478160454551
220.8150685182521 32.650340028333694
107.00303654392805 109.11005696345562
86.21100923881681 62.91099180297321
114.14743364096282 75.38289307058015
123.9644422680911 27.947707440396897
101.65945049624507 19.33423022042147
99.22476071333675 19.31064249446938
95.82162964907229 -13.641518498392266
88.13277614300193 9.857317830498605
110.08763180307815 13.976561083028228
141.07080220310795 11.832820496931895
119.23375195998071 3.6456196658565485
95.49181528067813 -41.02408909389647
98.91068989255459 -12.68176202679926
109.75974295024271 29.327394599582245
122.76992415395338 41.0932358606466
116.33224142892084 15.13880145236364
123.55310099902609 5.987748504287631
124.78016262468091 36.06334455182691
102.40983200850457 21.311616858692805
103.57678114470686 18.156112263091583
109.48366693466728 104.82258860161427
107.81499062331636 27.181856134291547
143.95762704851978 -22.867587198444276
120.58315176057759 25.675694867132492
93.19291879729543 20.251619283839016
116.45763690747576 -10.811974759886022
77.85541208404312 21.228044622137887
68.59976810996348 21.732536084015766
106.10383482924755 19.157657454412355
113.0828074684743 -22.192716348438545
109.23955664467853 41.27547272039436
112.59255848831043 2.48484425722865
54.05082847302813 -86.29063991395576
129.23644649347187 98.41044558633916
108.97042966046614 0.8362477090220919
143.76375831523856 30.128006522321208
94.31558380885843 36.085737113673346
102.81971262015078 40.18107316853896
