116.16996895585555 16.134454490161012
104.17906094136231 131.58384304935447
122.54736562516716 -8.647388181963976
23.264370027334948 142.18218446902586
105.4641203716418 37.20566876167546
84.40911660868673 55.122499274320575
112.87203767507754 15.999452757904994
112.23179742649343 17.878522954217015
140.89205499097253 35.937108918201915
109.45860227283514 11.976337140812273
114.83895432779313 21.783402276054733
132.02308838924029 25.556350513715536
107.7474382903858 34.92857477403474
96.20202549395063 77.61874988657041
112.28288511933371 71.21499020855802
91.52436765660234 12.878702561968092
98.70150846904535 8.109463496640506
108.16091499401304 118.13399980221652
113.60410447947316 -13.750452146186122
125.33331337880642 71.44604730424223
105.26180897702446 28.36023520149756
101.57265943928022 7.183500131086011
104.50690579526916 17.50492593529853
113.15955031514862 127.21712828799326
112.62923761210519 -65.7135198291374
107.37539475799339 64.93777174863502
106.69287258851368 11.965209577991754
110.06823681137001 52.583796841994825
124.53641761987846 -8.570870189703612
108.24565764895034 -7.126314583064637
96.98185982899317 28.204358419360815
113.20591560414957 26.951783830390852
102.89857329457875 18.491613892672582
113.07703896406683 48.005037156785384
115.320672372407 119.13081312717566
104.58374800775698 1.5764073998348187
82.79153177443116 64.19515938375925
109.49736722887482 28.323402940219818
120.58264670599539 -4.697983331888018
141.3438744738273 25.009511770433157
78.57069447738813 -15.228531953804556
130.1982040947944 43.7282492922955
88.06390635901104 -37.903599630143944
79.38206674436023 20.014279192209905
86.89522160838365 21.958897979440135
89.56546672502937 -4.514437820610661
110.18608986527583 39.21652849378828
112.05635850890077 -2.240799682956285
117.84799932813154 42.437549249722714
84.01640787230734 59.13025597940935
140.81092702765034 28.96181830978075
79.56461975260628 -36.02296023113183
80.55549999685738 17.321390914942608
102.84797825430863 66.09708932753287
123.55612922621201 -56.12049993410999
109.21813391257244 7.543326232263177
129.52649578912124 266.1930017406154
106.84813374101836 3.703513178182361
124.48577965133549 14.470434323477008
91.17671549863735 10.862828916832392
98.24271121192757 28.16846700564987
107.47774772685321 46.230881584516084
116.15176234885806 2.960196731670817
133.4752110799224 54.436799031506176
114.35670109309909 25.43974500446101
102.60351858047626 3.8529073220187406
122.51894516157842 20.09522285398682
114.47740251838891 25.91586678795674
102.89831762362257 10.172228556733556
118.35235457929672 34.3482752511429
117.17739354682132 117.13795850707123
108.59186850265937 18.322203064626805
96.61580135953231 16.232213326017924
92.84790270006975 39.62142035592231
109.44040658895283 50.00025298520667
99.26058929584252 66.02646786541146
114.69209094312998 11.392599211109673
105.35996384318797 105.30916704923008
149.87176612343643 77.77874216212909
140.1648000164238 48.767755065875114
112.54297663261451 112.12859300514889
113.576191637645 32.829126648825834
121.04842338033822 3.094743562971871
113.28814344784342 8.099899445618668
94.78356069456454 34.72984664024037
106.1773123123249 25.56264550707284
139.09581222615915 101.74998052867784
110.21711392475719 2.299080647246633
115.67313796335283 20.050660195208433
106.86267315778545 -3.484991447969396
110.08520323113719 24.97733548876428
99.35196032336171 145.320136534142
132.28234775903903 -38.94355920231448
105.59972247756532 -53.04492143166194
105.05572610553818 71.6165257383752
108.0936740019331 96.55160491050015
100.45442582483996 87.22435413444079
136.8165512727971 67.30695219496313
118.94673528238117 3.603120237644544
93.64370216017115 88.77052534737501
123.58216906832473 4.353059984133511
124.0040477463146 -30.19616051875002
95.80898821913979 20.520663169500498
87.06648937626882 -3.491503251734449
101.25037380903422 -11.946382821731204
127.41934549905014 30.541837486686674
169.33153018828958 24.26289649546778
160.4334474258737 -53.38016472277871
69.67402118486606 -25.427850807074243
123.77133612185537 19.13925902113665
110.15930275138038 32.03581341240659
127.28263756553964 26.01936445711374
116.00119877865752 13.732003357752149
106.34451867780831 25.316773443152357
87.32831443678421 118.62571321627426
173.00826992256722 35.4195532684392
118.51623927215797 19.09254980703836
75.68166149368065 80.37142756598908
106.81101460077483 34.25989750097438
103.63471051192559 23.792887976932104
126.21237701856637 147.37479767798857
105.00602635918543 29.292777132854596
126.81780478013124 16.921115712747604
145.51388640813153 90.45167831760409
121.09385345062371 30.308927770758494
123.45554279492782 7.22292307852806
123.08653088657714 19.189993811601433
117.52190216498944 90.86524614749804
119.32540410780048 28.015146710301437
121.03021171244976 15.86969094183783
120.78197440092347 68.20748937753467
120.0266032161505 28.195000533664366
107.56594976464764 106.11301680098522
123.28118051596441 32.311347652292135
148.62470143798575 91.83423943413315
140.00931488364034 14.160301784664021
120.29576536411331 24.417292339168014
99.60998799587601 47.76520717059309
109.77426436002736 16.556774591336527
102.39191060249983 -55.0385440381428
122.92453582083863 71.49693088560494
110.89334498088193 76.8962957378667
114.24640219638971 19.255663264570003
109.53074848194841 0.48348284654584184
106.26174357082412 -1.9928942441320778
78.40192143187346 98.88262507576108
76.6959290488925 -5.798623972035424
120.74424493913823 27.77367607857226
87.28107994309143 52.96534816241117
112.61734020402038 -8.255774414515322
56.86021496547062 42.288192739048746
115.40770154805469 81.88068487664538
153.32826744161184 6.323978506984879
130.07834418526244 73.5469483167292
95.09477954649117 22.083508544971874
101.98902646682492 -51.91640800651159
128.1953332136563 79.08629710674677
99.24422655882258 13.089510838813307
73.08536853495401 24.984437073480624
125.57161439494888 12.104294457589821
83.39444764663861 73.51499749104138
95.76713392588888 9.047401479563472
139.88335124447136 6.037358429894453
87.28028585817586 138.234927729121
128.78990523104997 9.286719926469873
112.08099796477771 35.611677816133835
123.75959004091753 1.1237244484751399
116.8846108500709 -4.7403650469089476
86.19900656008812 37.680518379978196
131.94802038355593 26.299226658539617
105.1142671258211 185.05339617504114
118.05304064998633 98.95093775453375
103.90174281997886 17.465935346242045
116.58228535111988 45.66377115755624
109.6384944893948 36.30503929507621
85.36213317853897 74.60063083034592
120.88395313360905 22.237597072751697
112.57250505441718 13.57253874408558
79.17124366874165 -9.305292670156584
132.15917054639638 19.5269750792308
99.99015533941315 -14.0520580789331
110.4646920554801 19.130329574989084
101.70876925986354 10.81032356545032
114.12445227696544 -79.89178924351594
103.6963631501353 4.952408157799292
102.55119032603483 28.91104720239866
124.7496426587555 34.084113494446875
141.90352032307916 58.24376301346303
101.01692600310459 5.585390549084572
117.23536774122225 106.57695852497417
117.45243417899258 30.620223084697916
147.68879700670723 42.67884475100452
108.45667694937296 15.19889902008233
109.88912449113039 39.10674652678582
74.93276459260133 72.08558839835608
115.27987399856738 4.8048083294139525
137.54262464713784 4.76111643345874
107.7109672102649 160.1567453090918
93.10217109517599 5.836620260786605
142.7539682267713 190.8327517410894
122.02949502850373 9.52683323047355
123.0071050800903 15.524828660284879
97.4150318678311 21.34490635612745
120.42645407114108 31.068807538905535
71.35973044013153 147.5079269667491
110.55328767699383 26.302319638597663
121.59504389098772 -11.362233444659807
118.79773331836786 2.0694099859365256
169.73240841067255 98.1010832971433
111.38386053508374 -10.762247320454415
107.88226575492538 27.915422588664686
99.02978820639383 21.017664061221218
82.14627029686928 143.64701283921204
109.93188670077173 11.788248897665
41.64972104499438 46.753906330065355
93.38226148203752 106.28205315908913
138.32372031565345 29.39647524548103
119.06410266070625 9.466561665675789
109.11516906329234 37.03000616014198
109.86515281745814 8.21512274623265
84.1728108574378 81.90148987117087
108.35913125313253 131.23047988647036
109.53095252355013 32.29945592818924
39.65567713300622 96.46106216217724
101.74634358463129 -0.7051357683738457
114.1381467688005 41.662552527551625
106.94451897066436 32.241746529618
94.26869524452898 19.301158576792027
137.40728275474476 108.92175233709122
121.18955411362447 -10.623567232851123
104.81029795273889 31.444714811286556
81.4451367529579 66.5007732771989
89.72352905194087 41.54556425602316
98.22456303883686 35.30959284201943
81.01668085761939 90.20076397889254
100.60196467232034 1.4244752417637148
134.97433208762126 21.399082514721986
81.4017856405666 18.827070468759416
78.22769240869053 15.373163341582758
104.01121624379498 -25.88341541177336
107.3232445391572 -13.701569852365964
122.70609435864866 5.683616680104113
127.82375281424764 136.22321933290516
107.60632660123079 9.440044832898169
110.82972703028507 86.37628678383388
102.29087231213839 83.0458998996207
112.61101808998238 72.22750688655746
138.29300809484735 35.59357095010579
123.83016564023404 24.46326559217044
156.06074109846477 20.293778428020225
140.80541943854627 -3.1039985218449058
110.69492303097344 -4.416695774508864
133.58478136617842 78.88410491444593
108.61848200799184 105.09145629045346
62.792738369664804 18.926891283564117
108.06412011248246 24.330667769650525
138.60292375958994 72.16631595426475
143.49477883083276 20.393198229445183
109.88770859664515 116.07235999522716
126.31274064567596 25.394938082011635
110.5401560742442 55.33682021819267
132.72757080335742 25.77681177236382
173.10052145724381 38.62757096586542
101.99451930136422 63.74091695257055
94.23283284711225 108.3922330622052
105.01540287222761 92.78005318926395
89.03373964602122 68.76815137546832
77.08164099721706 90.72456833853215
116.49799017611208 24.54561396261206
109.74518380766162 16.856812884184276
99.88493965253308 26.576760009789975
128.94699539474635 28.52970836567474
115.22511261908424 30.08686969411925
142.02044192807466 48.618971760919166
95.90456265786867 112.23174832966495
73.71282500660772 120.12609862732519
107.33349978364315 7.708802761697293
109.37440367588526 8.50651299251465
111.08804930737996 18.084532393469047
101.18330423722918 -6.211994177039592
122.8623274888901 32.293499214136226
222.1803549723041 31.163553059188423
101.8029312039926 103.22831596137745
85.96144598404172 61.95561625802473
114.63800439126638 73.59650423586588
123.95711911493294 29.61889746541101
101.55132768095865 19.21368032567248
100.8495415219619 19.36232144018611
95.93542016506439 -13.28815286707986
87.16657778536549 9.313472752691407
114.07483743468066 14.352174297768082
142.02675548726612 11.380500130769807
119.19817388368052 2.5007372344650167
94.09674783969693 -46.06572250239314
98.9722481316533 -12.779150585929402
109.76216403788227 30.320228807741834
123.18894057842542 40.9480406419135
113.921344735435 11.88740812131153
121.046173187108 1.2280719620143978
122.47737650889516 29.95534265118465
102.93815727397448 21.2301487560901
101.54916738246577 18.55468347377137
109.00150424288007 108.4936126744992
109.31280894464717 22.661001547703762
144.29977811635644 -23.89526595082369
119.04320205651979 25.16067938766056
93.00955340699 19.599511823831694
115.89749454259547 -10.649997131426788
77.84764728121802 20.46885750979923
69.14234092130707 21.624539673588615
106.7899356408705 18.263595914364096
112.97037349227611 -22.461402044977145
109.27538479454364 41.202562589540285
113.4163095083764 1.6790768018877675
53.12693088630025 -90.73358577838998
132.20340575120787 98.69215862409072
108.97493848240163 0.7325370449464749
144.4936805557482 31.34966973699038
95.99355328384937 35.85562368551127
102.0380886753885 42.92763856659783
