116.68042732788692 15.811040745480621
106.33909851222379 127.89205867969129
121.80109245041596 -18.212427855094035
26.02370506982203 147.6079398867689
102.98939936209578 25.174515446166904
83.7219815791101 41.60282852474796
113.52004320830643 11.954917618023007
113.29699173458833 19.131179470520774
138.1865478972888 35.21481531806262
107.65960670973838 11.469821971156135
114.8810951936164 20.60336785033784
131.85339651657702 25.994342651645287
107.68032305819558 37.451197733967774
92.04964961396654 67.99808866371504
108.2630283414173 75.3412964058001
87.99750505149248 14.587004991293048
98.03258845160852 5.742878398057316
107.57534299859759 116.91148131374337
112.79585056886098 -13.812592758868998
125.53674491718753 73.08176632153315
102.89556389339822 29.96172573434609
99.28042317853752 2.5413479238361223
102.42818616189828 13.558755104663085
113.62961005813477 125.21767545656455
113.79262344712787 -66.73127988041375
107.31362303025203 66.61920901359478
106.51543218268964 11.809618929855997
110.06577869821234 49.965117414083565
123.83770032451179 -8.020308428157993
107.97960775117667 -7.378002819460288
96.6730275681413 28.58829838868675
113.21172159453698 26.620809611017165
106.11827683298117 10.212422769659112
115.59589601298421 45.755534562209576
111.42400943282973 110.36999105463663
104.34177363013497 4.553200469160668
80.58111428328459 66.2561978759136
111.3742493326479 27.595588779725748
123.01580888566313 -7.251118400244831
142.14350311299512 24.73515452333271
78.85249988541689 -20.939439061184686
133.03620734598096 42.72209232705336
90.1954623851353 -33.05723549290567
79.05883295236539 20.074684477281213
87.2939879846892 20.68671600337826
88.99592302864139 -2.6778676538704804
110.90759142345735 37.66669953815504
112.59628252206092 -1.3918905399140307
118.42075529870442 41.994871164366316
85.7261985350617 53.19085514746257
139.07323357610096 28.567185760681767
77.93481590477697 -33.594886021669794
75.50153179748018 17.908244840234545
101.11960516368488 70.1240485611839
123.75263620479704 -56.36468742407375
108.93418086652916 6.126877861038032
129.58701460390088 265.3752763574298
109.44498555887361 3.1592443347351313
123.76114745472648 13.858713082551299
91.64715983305187 19.373245489123867
95.75560161195273 27.18760606987468
110.20806608660924 47.489139168202094
116.56086080320694 2.2514177755271936
136.07375852290554 52.76579449657964
115.60056476501772 24.77724945517372
99.92102891315503 1.3769767049811272
128.0825201766665 15.897374323479308
113.81235447550141 25.575819229425054
103.08740007070345 9.24141553694926
116.96444970541717 31.557859921065475
116.26660538927597 117.70690930542422
111.11890325932872 17.61851630246892
94.93958550795544 15.010671867723868
93.8816071704801 38.120290437435905
109.50662809184638 45.58149940030546
96.30968418071582 65.34007414596695
117.23288336247882 9.679919173664166
106.2873103294903 93.24471185501551
149.9101363408754 76.51122004883185
142.25059937896376 49.616419617342345
112.22637523762754 108.78921050791304
113.93565268736413 30.680426514958498
120.99485969705908 7.387786944426065
110.89461654460234 1.464520394691002
91.30767237603068 31.658299703435112
105.43516237451495 23.984574999569002
141.1299667304191 97.13347445104849
109.69990988374037 0.8819266742145788
116.81138626640845 20.073463944128864
107.32176851248583 -6.434088045921434
107.36065686378006 23.890884037658697
98.45372240398422 134.1397053007975
131.28981475860112 -36.20205354861501
104.34364540450377 -52.02376617501833
106.34676749246333 73.0720830361389
109.45606977434316 94.7751443328176
99.89045523170111 75.86693292024613
136.7635960830485 66.55652788563951
118.62581414632562 3.481079402037596
94.6527988114284 87.70343068626876
124.77344559670584 2.802148620939427
119.65216560698454 -27.669805299545267
102.29289219671199 20.496139344109984
86.95071153016455 -2.3998599973099646
101.37711467542869 -11.668335403083075
127.80331760373574 29.83899825475711
167.17517062751685 24.168726138379586
161.76185309982858 -52.797734225045836
71.36971885789063 -26.10816225466331
123.23998022390649 19.17435958603623
109.99605899682756 30.530730513340014
128.84889611163962 26.38947763904326
117.6946302011107 12.418715141149443
104.89097985372277 25.44056960933821
89.25225977028346 116.60682360900654
173.97591436408578 20.01979201036918
118.86290120981178 18.948750841510392
75.05691884446817 81.1941110386348
105.98188694766942 33.24782984449661
102.38096687903315 21.145508978106157
127.03914633400126 138.3132952173862
105.36196487546903 21.819921042419487
127.17302438571384 16.259604085300086
144.3947402938359 87.29549978071114
118.81147923643965 31.16446419326754
121.60800315067779 9.453248385639718
121.57185230346546 19.384866163094067
122.53327062149692 87.31286505274512
116.81047672650863 27.782724714193336
120.14209604248128 16.070393040465916
121.76614848483946 67.9627098793139
120.03506871640046 28.16246743698104
106.26655678411551 103.02903033983756
122.4279049453389 27.648048629348455
152.9407158009205 88.91185800490175
140.5602022403175 14.133523928220649
118.50221030232446 21.656537882813893
98.89246977147349 52.81730069634304
110.81955390170492 16.132082646254652
102.18858983156738 -53.023663461108896
123.33544433101733 64.38049195874314
110.06892917846308 69.3386122281699
115.23924092440909 19.13039909597677
109.45790017713706 -1.351221605296546
105.24708258264634 -12.140421745356793
76.76761189043656 91.04251591340544
75.61050344064223 -5.419535352406475
120.18689663936169 27.372651389318182
86.13389643299656 49.56593981483596
112.29021086796605 -12.836960001698596
59.3733102827017 44.16169636008204
117.71076041837331 79.99607973619722
156.21431647757467 -1.2782960711856832
131.7393939153357 68.15898128523541
96.90216689327345 21.729114413331374
101.68377670868688 -51.9322732658363
130.11912350181262 80.65841246602385
98.57678280260572 12.729969916421732
69.49295662214078 23.160455273729376
126.3177955944223 11.686711451158207
76.3016985117545 68.57472691736261
100.03157821964648 10.510511022277985
138.54661114277857 5.975043746127599
83.81077207317087 129.85684928749413
127.30713925026365 1.4553472999183068
111.2217942091379 42.02649157433803
124.76360802540631 -0.2609126905623873
117.01114538489284 -4.987780207658493
83.18208636917248 31.862536185327414
134.61117403856076 28.472407506830564
102.29573478993397 184.23485658446484
119.67824037759175 97.64707858105895
103.32132396933117 6.3037548495350055
116.75371223047205 46.13616123049868
109.65385083662822 33.7571235532769
84.05932905532684 70.07001235960031
119.37524819751225 21.85397969491838
111.60996680704181 12.477477337603249
75.82809266278848 -9.959613890495596
135.0377479423878 19.573039836047226
100.38629926285776 -14.6736918344309
109.64965804446935 18.332285610653003
100.69112610511962 9.363011118964241
114.16026314453526 -86.89161311907576
102.05699236703786 3.9258364072276914
102.25144256128384 27.727531435471775
123.83024596041403 32.752627562937356
143.946906664495 64.08296681376028
99.8981745114875 3.8574837559203297
119.21451027244683 102.97847545443553
120.22792746458535 31.31985967753101
149.37035981759544 42.08446767048487
108.29083722195658 13.944445142605264
109.79151234674605 39.812515852634675
71.58035331836462 70.36662197797654
115.05530409088084 8.64770812943154
138.45730778676295 3.155226195761543
105.6077881720071 153.07325614235845
92.1902979389536 4.643559752694473
141.75701706368093 183.25905988226438
123.48983003767754 8.555480248397199
120.87208458864039 14.019961801731416
97.03284502855118 19.2071080787572
120.37417168035873 31.26628990593753
71.39538516591536 145.99432505904394
110.38903317531 25.629358839154857
118.61839215354091 -16.336626763854877
119.24754357267263 -0.07561784104368785
168.51757018172842 98.97296130245454
111.75886844058893 -13.493143215117055
107.20983097515601 27.411387054314325
98.130202163954 21.770918961954873
85.81627136600696 141.8099229524648
108.38442814448575 10.549542653562455
43.12200569454822 47.45782277688905
91.92328271811857 107.21698890370297
138.2614758287023 28.63488002153159
115.73374428943768 1.5263635973749201
109.11795137814805 37.590796933555765
109.62323995360674 6.08361843748554
82.11616654943673 78.3666431893477
106.89555420978941 128.40610908113584
109.55671605239155 31.79886911180265
37.685513924281416 98.50477729926983
100.50538888114042 -3.353176228287442
114.69084576862029 42.14083938707821
107.006328541763 31.842971642250987
93.22920688086366 19.63801517468546
140.0414829106514 108.73375885293501
122.77811970819454 -17.050946311350987
103.63107487079793 29.181483289882603
86.28814407492784 67.92614514049211
90.22541949035957 39.0340975688748
96.61678094696074 37.6717097636315
82.21424428926052 87.25383119535091
99.79870878209428 -0.10211019256852771
134.4239002618561 21.488046191489726
80.24620744239806 18.108313721859364
79.82870491111439 6.982476319112301
103.44463242855275 -26.633611553380586
107.23050602088695 -18.586592168998976
122.23164045926126 6.097750891259862
125.27405793861519 134.73003851816543
108.70499197864092 8.260680347212062
114.63088971898121 87.39852875840522
100.72670352688786 85.2132411206995
112.61324383435688 70.69461476163137
137.25093024096435 35.409138787865324
124.61169244558872 22.491372942368134
156.9661693950331 19.63350878021587
140.68675355385324 -4.102668671696166
110.50729387595658 -11.327966572241404
133.0089788965995 80.64264947851754
104.74246836846156 97.76898455054761
65.5080209333491 18.812843739228043
107.69409620142909 23.58289783025011
139.92883228299792 71.82089955466137
141.10619276053097 20.155221997103258
109.40601947646772 116.96148778394688
126.27601724547259 25.213406472911856
110.38733123882244 51.87016050676782
132.51783936156085 13.032741366663682
169.9356055894071 38.30757275756256
103.15970127293564 63.28438178251207
94.23910845074633 109.54871668073415
103.78155530290559 92.13486030638809
87.48925251646493 59.000566921458585
75.56911461022564 87.61673616857558
116.91294234387998 24.582434714486368
109.78926477781665 14.77181827168132
98.66953240919497 27.10865503321406
127.26379652557779 28.694496651150466
115.55701376742881 25.453424813407103
143.53572386535077 39.88680964161491
93.75173094470982 112.37183683460476
66.2305153299641 113.27235889379251
107.79444548217647 7.5643496878447545
111.37339762404802 7.351264305934867
110.73990831093725 16.999522197074842
101.28649151798169 -6.940400842639376
120.34326792027711 31.86763078124227
223.2828459194179 29.546621683912665
96.67443200923066 97.20848896475769
86.1105603782892 60.91401353292487
115.07145485984577 71.52504662274423
123.81304237147687 31.25251748493818
101.53762147757458 19.097791579076638
102.59908285931664 19.41532534223599
96.21005495951628 -11.75652241797655
86.25939428236168 8.890584920105422
118.02150278489877 14.824565289807786
142.6799623224755 11.052030736374027
119.08754972632347 1.4074352909469292
92.83458696088884 -50.588161577529746
99.05424317536158 -12.616697385566496
109.76418901195618 31.206337188384943
123.4713314578783 40.577688134363946
111.50158567598805 9.471754829066047
118.40953338797458 -3.49723647364634
120.12359463339881 24.68705130771652
103.51566377092891 21.13586128238929
99.66039467203741 18.97409384848398
108.52902539556241 111.96753635844047
110.81391983254515 18.106705395511078
144.11723669590413 -24.354686078980517
117.44799607653019 24.571310880914872
93.03280903385982 18.949558977715217
115.24650777263345 -10.090666750116341
78.03091644628752 19.688053257595282
70.4012794596805 21.500792945077404
107.51835449424901 17.373353110943302
112.83985230724903 -22.232982702542774
109.31591534363393 40.931364711531565
114.19779920554555 1.4349906606294978
51.858932120954556 -93.9682977231327
134.9973544455778 98.81575833060778
108.98514472219917 0.8264958975003744
144.99919252376472 32.466641692231136
97.79007428639939 35.404485259100014
101.32055996596142 45.35978885816798
