117.40306894944803 15.295920522129986
110.76125982818657 117.60049982382887
119.847893831143 -34.03472717502677
32.348410447808696 154.79951655438083
98.31483638744268 1.0211569150432993
83.62883141457006 14.442911608059411
114.76582139662206 4.078289079250835
115.31916781375634 21.642454117944876
131.68834127221575 33.31883484848266
104.16847774505374 10.616737730380352
114.76569325516346 18.229386025807656
130.84448094989355 26.718908275460738
107.58322066823072 42.02828355836091
84.05349783057876 49.74100121406978
100.32055932515738 82.11529590848977
81.60506736798757 18.134040106711304
97.03291624633474 1.6801240953790622
106.45267930481053 112.8385018400274
111.1175142872757 -12.707824818903099
125.32019806298904 75.4009010073941
98.3510270953541 32.84365391190029
94.9382379188583 -6.614570065578563
98.42535153129738 5.85279824576765
114.33935642927977 119.7160277661332
115.9859609298989 -65.43977443553452
107.25613252606354 68.23695257395592
106.31023443956852 11.706828850654013
110.05348898092011 43.83350471344393
122.14519421153481 -6.4244973791062865
107.50303304610942 -7.168277370519491
96.41475607156707 30.714733991190947
113.11125498846629 25.73297218036286
112.65557713003855 -4.404274640132262
120.49255647061293 40.37756840858762
103.57927045351927 91.11831914452718
103.99839677377848 10.992724083134451
77.2491936121297 70.07300652271269
115.06363818633838 25.87703279556947
127.48163184895263 -9.329795279730346
142.85105495466547 24.087034889873042
80.32780442806875 -30.959347355819364
138.25073631187936 41.83577608138267
94.99690889454855 -21.3096547460783
78.73251083029673 20.175250604618324
86.91196033842641 18.107273890518115
88.56627968100136 2.3668842496773834
112.33086452951666 33.92244092343741
113.56902126944861 0.780006872087641
119.36496528932628 40.33470553170177
89.92262814154363 42.14167451605428
134.69481900861405 27.63431138590212
75.55117519514786 -27.852101714323485
66.00174659356848 20.674022611811615
97.89970140207927 77.52399116862594
123.66610763274501 -54.050051880446624
108.39138906869839 3.8816972875140214
129.26100839089895 257.8662547286681
114.60780577938382 2.6602412026625606
121.79613340264962 12.844463410366634
93.22481856913436 38.3705415400901
91.32797295677864 25.651546994624123
115.69376594365714 51.26368473066452
117.0966276408378 1.3818153413717633
140.69473390087117 49.63565641016427
117.88870627093812 23.374046141597212
94.74611909113045 -3.3341324290958423
138.68813177534045 7.693772272818105
112.4404842294092 24.726294300326558
103.57258825105392 7.688974050721326
114.08994707018203 25.718070701190634
114.25286633267226 117.16088139651468
116.07498274982366 16.262428547193498
91.9848684376104 12.755719742777949
96.06289292798213 34.53101550812611
109.64746955981481 35.52208950119406
90.95905836808451 64.29355291685218
122.13973884812896 6.5057689068201086
108.26152140039409 69.2065949224356
148.25712065810757 74.10776879696192
145.32088303421293 50.128022749790624
111.5045107897282 100.29442058802992
114.45808793766192 26.126751948966614
120.53485922837912 17.81828086957349
106.07325768639839 -11.015365636894046
84.83309854180162 25.126033721490714
104.07399627182863 20.71465937512305
144.36534934668262 87.09249068546796
108.67160131973891 -0.9279252618224281
118.81813598279182 20.116582455985128
108.30072805951524 -11.635949703754259
102.00186655364213 21.565761824452032
97.07392475483121 109.64524109324321
128.41901253381891 -28.78981532692147
102.07971724065105 -44.46302786111461
108.99675986070051 76.32198817573857
112.21956398225994 90.7028494423309
99.0660473315985 53.1937611337046
135.2079018930435 64.58076717979527
117.73875835807996 3.9193255758116217
97.0581633830227 84.63130354404352
126.7772106642773 0.19868148180082046
109.95979030551618 -20.069961414837056
115.40400820014291 20.425469583565896
87.42318562963551 0.12419945657544229
101.74044374704116 -10.564887888935221
128.21593982646485 28.16027633790116
160.84067485682127 23.814980925764647
163.06976317315375 -50.41358288142731
75.58838469666001 -25.725170886863594
121.79752731442528 19.25416275964515
109.66504870168762 27.137919549647087
131.56823143467247 26.84238300189531
120.8097278966285 9.962456843687653
102.18381535422155 25.569516947103622
93.73610335075955 111.3398966587442
174.40393315178108 -8.773546672099089
119.19815763425312 18.67432248125599
74.57312042883089 82.6530493767896
104.4783217400835 30.631861385739185
98.90356113410088 15.82297215891618
128.37621674460271 118.03034443957536
106.21515073240926 6.85421711928229
127.37642608797901 15.054619813450545
141.4514324864772 79.74396215069729
114.02811546781749 32.40424133446756
117.70877743280539 14.651418481663132
118.15614451406734 19.78336187967567
131.92285093471074 79.84085353289433
111.58130129079773 27.000704739593377
118.00212791156483 16.64809345510383
123.4241358654248 67.38607428472402
119.76264083105019 27.662471297160764
103.7453585403134 96.650510529494
120.34438659391344 20.614256645383612
160.63569203166475 81.58482102746328
140.2050872425007 14.28746793169701
114.601186197999 17.833009635075854
97.73616410589489 61.40471057311004
112.86445611670085 15.468649806201862
102.01251627956582 -47.75305655832185
123.91811155741776 50.59491372687864
108.4210042248113 54.25368734747988
116.98862107846367 18.9062537694643
109.31512702787366 -4.551780576338178
103.40571151196339 -31.499162937076335
72.42178109877158 75.25293546861528
74.5214359691198 -1.3048304073246753
118.74064615958298 26.223202341730875
84.43927683244581 43.670097660087386
111.56149002102585 -18.152799175217122
64.88969575604062 49.07791535195068
122.03184599820332 76.3510781169045
160.92010094799903 -14.325798815563807
134.25294838959528 57.52921438140672
100.93652270936748 20.950790352315252
101.35893839239401 -49.41925919745476
133.45037946395533 83.99546615293933
97.6302685041157 12.156650970816692
63.66320832581875 19.439321699593158
127.371652179489 11.214902231814747
63.86575810291592 59.02777877828866
108.8649065273796 15.565709783580655
134.71554027461715 7.647033935632789
77.52060754686411 111.07561663761184
124.04740607337347 -11.472132531598335
109.45884856717133 55.355550511060315
126.37933074545869 -2.6370410557570994
117.08029998967821 -4.7182778947971995
78.133280442435 19.951296939866268
139.55535143877682 32.56380539633977
97.12494730176238 179.6159369048477
122.7171191754865 94.4819318940843
102.41550201252693 -14.850657149998797
116.83527821294192 46.39910533238127
109.68579219214124 28.495603785499195
82.35551141300941 61.14888798076669
116.0702666088841 21.03298609818131
109.63163779591258 10.435356517080622
69.81676358482372 -10.527647049176164
140.22828538165464 19.662320846371436
101.54106930245108 -14.834800107839373
108.02277329094142 16.808820299838306
98.94856207681532 6.665711844064322
114.12555561274951 -98.22181938822237
99.01872205822845 2.17834818397544
101.79621355953105 25.125085141690107
121.46041179539249 29.735028114974387
146.81690571450812 76.10649691721635
98.06729636334441 0.86120503141134
122.93566114836058 94.00912891216258
125.52629952465456 32.32046095103676
150.743617081509 40.03717785022491
108.0046604227083 11.689736593548904
109.59022069150176 40.76261422127786
65.80266656552932 67.08478931841779
114.47275269560471 16.586299076613663
139.6700905862261 0.37773100121729164
101.5852962641681 134.45402295864878
91.04040473766348 2.6172651602769053
138.59178199871317 166.07717520045512
125.72433817667726 7.083118629842753
116.16144005600255 11.16089370519862
96.50871573241791 14.984419589123355
119.908317784205 31.206697748189285
72.28066552650186 142.16638135213165
110.03724900893373 24.134898990266585
112.48799268147273 -23.40785914586104
119.83575530634229 -4.135786799446367
164.69014680018094 101.24113683181422
112.46265926030527 -17.781829196360455
105.93793584348289 26.262386282940415
96.72093217933042 23.171950711788366
93.74279647246767 135.2302243503193
105.32605013524116 8.47700591810771
46.37614160553406 47.808484155498235
89.55191532678339 108.33976265631627
137.12795605814435 26.84083518435204
108.9040588935594 -11.532407965614798
109.1426934437882 38.17571724306511
109.14297501925856 2.4716347681077795
79.16799486978823 70.69710553490329
104.08209575320829 121.1304921899698
109.61601356932619 30.516931964543705
35.39354439948747 103.24886072406987
98.31863542131131 -7.506248812009254
115.66446244293684 42.29420435670092
107.23153508995705 30.676270695194187
91.3876899727571 20.314104941434348
144.17871223703318 105.967776655313
125.34813216081739 -27.805891237955112
101.57528750341588 24.484573234315892
96.54704140119277 69.61974495752996
91.44319471160642 33.953025730991165
93.80652666657993 44.127608676883455
85.52993785770525 80.809921676586
98.55806865721387 -2.4221786105745933
132.29343017142287 21.59132449494364
78.79645592913229 16.729946852174397
84.15117047180891 -7.158288975810472
102.4627232962244 -27.080892591560826
107.15018206323079 -27.277418110691915
120.8730880068407 7.259143865376116
119.84618176393937 128.9065053570227
110.91953318338612 6.227693821306201
122.02872518617993 89.03772847590729
97.8293474199315 88.09458870155419
112.55388626099851 66.29224773369413
134.14481716205054 34.611896365213425
125.65022911744849 18.526041105172855
157.4998069597888 18.294546464011297
139.94357241468424 -5.236194692189035
110.1108012312778 -24.365328042161227
130.92285739275215 84.88960131842798
97.14207776523526 82.84515838613457
70.9158318216293 18.597187258467088
106.98876307179557 21.960912172407802
141.70891920567195 70.69252797397878
135.83008147536475 19.688205888059823
108.45336082301979 117.8324835371335
126.04575163295345 24.719733259877607
110.06240080560377 44.01653241534189
130.99702105456956 -9.575059383074876
161.39508620891183 36.95913888246643
105.71316663691474 63.30104110677294
94.70376345455772 108.8443594922677
101.42506593502961 89.86080949360708
85.27460485304792 40.47555915418617
72.18695492065825 80.57751054195614
117.46273729938964 24.56943661321339
109.87581192999002 10.865495956814598
96.6605005330495 28.019797090280992
123.5383773124239 28.62407988383455
116.14830651912877 16.04733281041872
145.17801766420118 22.37998448588204
89.78330758836364 112.08598646677783
52.86564442484333 97.98439980037274
108.75171464232338 7.806000811548865
115.32106908504404 5.352783428370636
110.01589184140671 14.909210870946076
101.79210489205201 -7.934404548872635
115.04995601436957 30.501096502592492
221.50638631109234 26.109434417372118
87.01149890729955 85.48096991752182
86.81247871454823 59.18518689577072
115.70254942373083 67.09984224164849
123.00003602877456 34.10182340993719
101.62865229029433 18.87634132666105
106.31244424299726 19.528917910587822
97.01500814966313 -6.5261695253277505
85.37528752746633 8.407968219210906
125.71621926619261 15.963640292533382
143.00572955268404 10.546100217717543
118.65986117357123 2.3458469325151565
90.73164370145484 -54.038437305261695
99.7301645972374 -11.185572047587042
109.76726996371127 32.60210458958574
123.56371577526075 39.16460360574559
106.6516045722808 7.835769820875738
112.94293385526949 -12.51930531846515
115.04282664856225 16.506741092562066
104.77851809868723 20.895901797584056
96.11937829784914 19.83724384893239
107.65428508608262 116.79506220220591
113.75827101380578 9.09925751627295
142.9339859610122 -24.13422027808601
114.0505425721856 23.312150134058506
93.47267418947374 17.679429949879246
113.68562814014712 -7.70845476726103
79.2861994625702 18.106910993206803
74.29020209760264 21.2244138752333
109.05493854040823 15.640216657076712
112.50309849783446 -20.610446155336568
109.4134288152799 39.88173222527308
115.61661666102894 3.5533370893979255
48.7919387708998 -96.88048215788866
140.06552412448795 98.66218742546319
109.02271002851334 1.5340646198282077
145.33852385886627 34.17104756553874
101.90053387982945 33.933604883316505
100.13012730220625 49.450486021885645
