117.56498551798657 15.059767400870118
123.49907359738495 80.09278041705542
112.13459993639668 -53.34146972193254
59.127893937959 158.1331580661699
88.11629280550386 -63.66831292429883
89.430099473069 -47.75442367470225
117.07373361876319 -15.79226738964718
120.01388469000028 28.29687885968867
107.55210437606858 24.665952002824245
95.28754902226903 9.85412410571636
113.49971091621364 11.836055512721558
122.786704050782 27.50759710908933
107.88076459212294 48.33433602803414
66.40411351788181 0.9021900118589485
80.01980956760653 88.90893498965059
70.56037325547166 28.594762951135397
97.45675358103577 -6.425670663110486
104.1439415312473 87.48394548127496
106.27520769230635 4.27261775966811
120.24153693069537 81.91660409529108
87.72206747467547 38.380151631947484
86.55252635651685 -25.984337291637598
90.412013286244 -12.195202148789598
115.18762470366185 77.5585256972993
120.87532787486512 -26.4974987531914
107.61177407358392 60.27098533135536
106.7368272790696 13.231101630424815
109.94399173356896 22.806486725019468
114.42244655532474 1.3793050265936457
106.58376838621254 -1.281760488903095
98.67440702187952 47.49927491911594
112.32252387642446 22.30011419855902
130.56822491691696 -23.580524544006895
131.714906073572 19.496301122398236
82.54999898051936 32.50066729290754
104.07548085379494 31.305025000071392
76.9254148477098 81.83061102950867
124.84154241374729 19.5456071782427
135.26038672616332 -1.0365067747012602
135.9538655784273 21.107100599216967
90.48357242627735 -40.623999422687156
148.59141577650473 41.5947777650159
112.78937711493155 21.23395321198397
85.18820201666816 20.32528508880169
79.7685727396489 11.094648651409265
93.13456172019261 34.309421290921385
115.99347255219416 18.848828012079945
115.18479257919459 11.890466733671573
120.0765108708065 30.324096817970464
105.62450301555886 18.007164658345342
115.61629000813167 23.203958344092996
75.29860896244057 1.6990194279746333
48.19832298153343 39.62001971893289
91.92740763066604 94.35243432293721
119.70967432795051 -32.72456248212029
107.16155330195623 1.657056081908124
123.0157897398429 209.79072649933084
127.61692259288208 3.612352868152591
113.17510339026099 11.258799264500363
101.96013682125128 100.82227336039142
82.60099140526133 28.352047470570916
131.0508816801532 67.78299587101954
117.15002962095132 3.374424977007954
146.6037270856174 44.569574442042494
122.25202022857468 18.58719599212714
83.35423347438854 -11.72891700565998
164.07924894091602 -12.597223820795804
108.07835455052455 21.281091477122715
106.09102814121353 4.930617901631355
104.81590698459453 7.423751707325868
107.5223938884028 104.42613060773519
128.58138060818942 13.121753971234911
88.55884045837122 8.013611007374125
105.2638568509275 20.12988102727456
110.0879346543863 3.363682127365343
78.93221852922744 67.56960621017386
133.61881184875668 -0.14436709660540237
114.25450245239237 -0.9874565193190659
135.527007904712 64.79547702821093
146.8070440774511 43.05017546558363
109.08589110984171 67.79084584334196
114.8508260335033 11.19822171404627
116.95707224866477 62.22827328893689
92.95714252269505 -33.93136900200557
71.7709354732856 5.262658895773649
101.56424504247661 11.101512540626278
144.26665621408245 55.238411102173266
106.02446034310213 -0.09799191969551568
122.87450225779453 20.192703130653616
111.36044722825692 -19.712969876239974
88.69535815893907 14.450566909630954
96.36928121607949 30.561682626751313
115.46982494352233 3.999654841243779
96.76450761094004 8.814764299433692
116.6108227741319 83.50083303138294
120.00950324828013 76.45898889913545
98.6086966148866 -8.919288846864891
123.87537527147015 61.800496444862674
113.3101865493808 9.080227566949848
106.93365463087436 73.14961042658166
128.78672967461551 -1.4357794248622322
74.12872615656352 11.33680499147633
150.20098726090666 20.04849622574429
93.9998972295011 11.740856471494334
104.2303762899168 0.5430705792840187
124.72535773924243 21.281909085376622
129.7251653635004 21.955699488963457
155.82517116051923 -25.633189431697176
94.3544598672963 -15.239537137700115
115.05287541335912 19.567011604554754
108.7396186215339 15.618456141637086
134.26423415989066 26.265520859686056
127.4218919577404 5.03147403580696
96.43672756773093 24.65081483860756
110.8680411574699 90.07003928057186
159.028116611714 -65.45037528756444
117.75342407633309 18.10657485539748
81.0015293725999 86.99624755420392
101.5673183002854 20.741632974815566
78.56771093496637 0.9217517191106155
128.00185072774335 53.598393449362035
109.39243255565955 -33.87275586867297
124.93550514297061 12.819478870347146
126.08922963537857 58.4642563602432
99.36452418353949 32.574190525144864
104.46776805865939 44.32555177180042
106.97232811346808 20.885861719759472
152.35714740632798 60.19132974062782
96.49433408668708 22.626679846398215
110.14566168048233 19.104663214926173
124.91363043063338 67.58280970027376
117.37559131543931 24.408583856559623
97.81697411601107 71.69290718791483
111.79630816860848 14.05009729012299
170.3395534511965 55.54557707765383
131.85794495851965 16.042181245795188
102.5299408355876 21.124394813163164
96.89448653791261 75.04467220663395
117.87715773359916 14.79900729870106
102.95282650566217 -17.320861545113992
121.676659702616 14.23330404013101
104.04217360203589 14.381985119789421
120.19353546524933 18.499504339610446
108.97205857508484 -7.172984256895356
99.38382907982908 -71.67365345362855
58.977099434986094 30.787542178305813
79.13189996867496 25.311733670033597
112.48159245400302 21.165576644225332
83.29998353223989 32.89291342728414
109.09105358659508 -10.717179683593505
81.788767714348 66.96379338165505
131.73319624536418 67.58539714008258
160.94531550308687 -36.62641048947321
136.110423338247 28.680150881960497
114.53220405111021 18.41204487605441
102.09666571292225 -29.589344995461083
137.21098977621278 88.66709666348969
98.32680099396158 12.556330478685247
56.754568351028574 9.126654027305666
125.95890903689252 11.723311632056767
36.807305184267676 35.472848509969296
134.167247865657 48.18782948250566
117.79667312121066 25.2134210826078
66.98653014828689 51.99571632418519
111.6302837526246 -30.05711380050596
104.53462095035874 94.6053790153594
128.59239693355903 -4.131651955350599
115.42012403984604 3.651362085332308
73.05638380538561 -14.536689112240618
145.9424618494018 42.8651396179522
85.59521517100754 150.15264862347837
127.86485025124631 80.21408165045843
101.29976357421506 -48.76243363722952
115.64298651632656 40.30841248329046
109.78174814742972 11.57349472890477
84.14681009326787 38.32564087113994
105.48776239604342 18.42183136213434
103.96427765303082 6.83949470066598
60.80239831180762 -3.739561581844499
146.69448062355755 19.88414987331114
106.77021720846732 -9.064934478825835
103.79171795994225 13.294807613536724
96.00745644643239 1.5440825527046882
113.03266289546865 -102.86983852001279
92.82172620751996 0.32345975239340974
102.20008861262188 16.415877894708434
111.5504505716799 19.163769764817527
145.24298597185626 108.60744964977134
95.57554370423394 -2.970761922089755
131.28048681146043 63.04853635458614
138.4166589130198 32.290510046866764
144.48268983012028 28.545789686349043
107.49760110389425 6.4393277129417
108.99136670687871 39.048129256435935
60.524875865701674 58.386260895721925
111.9922448793037 40.316877232360724
134.06352645815312 -3.6877015373351667
91.70745529816207 61.30755991519425
91.50822935705656 -0.16500507571852227
123.41011095094096 101.52832418756108
128.9555218880759 5.667412107442029
101.13131259086273 5.431587858906763
99.00237352743356 4.196004445268434
115.85568882958457 28.50549795811661
85.7826425254666 117.17770066102119
108.94257019034708 18.876795913098007
94.49808707650762 -19.93087293802082
118.77343624244313 -10.279053428288083
142.83245053369427 105.78516662523701
113.94435798641936 -22.33034820205535
102.89474037282136 21.905117349612087
95.55824455149536 26.260496103490084
120.29980336594507 100.70961873519904
97.39404805945732 4.977138546589513
61.84306550168229 42.01928698643458
87.50236300317333 99.73846914516413
128.46262781243541 20.569453668132358
89.78203864850344 -23.282960668824717
109.37727827463013 34.40896985833397
107.8930899335127 -3.0104025827931054
79.20868071529651 48.50014253177355
98.35769941870474 90.3838471623126
109.81580672482484 24.337129816175185
43.37325205513444 120.45953632047946
94.03690235282221 -11.33868382327325
116.57206608301837 37.51199793992592
108.56409641666718 24.418516097676566
90.92222021145638 22.12212848514955
148.7569331499912 91.39535250810043
128.0745415063141 -35.29433039263274
97.31148355021024 10.034664861461454
128.90259923513523 64.93437009830328
98.30056336678432 30.061280722252505
89.22295216714986 71.35394814689052
99.92304675673844 62.20789106994022
97.74014855659208 -3.169138751769622
119.95748477405608 21.426977744052067
81.34206087319077 13.184388382075909
102.56639820308077 -33.71125364353832
100.91405754151884 -18.19383326092198
107.41452401600448 -42.18395877247759
114.965555753215 13.046859435705493
102.74243589354269 100.86411553060725
116.75736400181201 3.7023946943994526
141.04602289733037 85.3675375325539
93.2259004450183 80.1964969289156
111.68301347007018 43.98298219179651
118.88714784114288 29.15886196236099
125.10803898066708 7.427629608476487
147.12010747465757 14.720368511136373
130.97749060790144 -2.335299420831777
108.87849913485765 -50.996532544266266
120.88024406864369 98.25385443701028
77.66112940074001 35.91370382812984
86.90622426506084 18.2099653321485
105.56118732527521 16.841787900132328
139.719015288784 69.88238587850634
115.71785623742856 18.522069062654055
106.22286508491116 103.3964721770368
121.86821013992393 22.245032596774646
109.06057118197138 16.587764712861848
122.1256301559448 -54.60531733438809
125.49207463302717 28.48301506775359
113.69882044746055 61.115806912767226
99.17477429843674 84.57878339138425
96.58664701114994 76.454135121377
84.27442312494638 -8.039068865833592
62.46860761584438 58.61740015131085
117.32589379745988 23.563185119647013
110.07263506080946 2.3987979886924937
94.18620910396312 29.431042116889785
110.32881109331309 25.989516218543105
116.09462494711704 -9.565545989665697
140.39280018995885 -15.646373804703837
82.14197145865158 100.08821337545062
27.787736447319773 50.19490610973875
111.646347313323 10.72114943837498
125.66732579807815 3.42697670171375
107.91536589189724 10.246934133042632
104.97595210281128 -6.700524875719435
98.80349827390832 23.953272636591034
184.33488181268277 14.327519525204032
65.7895720010661 47.678538484688424
95.34216887137364 58.18712014396121
115.98741735601936 55.18621294953347
118.09075244563485 38.42912316494274
103.49746843532704 18.42751501943849
117.52302622714711 19.895263754182547
101.97732432024159 23.287980689214297
88.36515921306129 9.14110160926477
144.14179460361115 20.002753543664742
136.99099839776525 11.20731332344721
115.09900684655902 19.091791310458177
90.02741476290862 -37.01023864883741
103.97080755592249 0.5753129602582296
109.7711289239732 33.530759885823905
120.77866122202987 31.812601307550306
93.68567010388196 14.572196124303485
96.69386389181956 -30.111926280893403
99.05107211954608 1.233323852187313
109.63893284675976 19.971930779749112
88.56907042575993 22.29962172639248
105.80017093218055 121.61157828044233
120.88120503361584 -13.693385444594982
133.21971108565018 -14.843702890446998
103.54001867646124 19.118372651417705
98.34258718476083 14.612692685424104
108.34156388146711 7.253234081567346
88.31378194107188 13.685208327531365
93.88611867168379 20.04240074722925
113.55355361660901 11.27440469569312
110.78444754268435 -6.98457759240825
109.77860283427607 32.41737050599455
118.53189968374579 30.90481741063838
35.961272681080125 -56.96203771292737
147.89075303003997 91.85970609482503
109.30982326213098 7.394072431035695
138.63092429369087 35.81032737847835
116.02417949231109 25.741788683678656
99.25680878452316 53.52381616849259
