116.60567236708363 15.572969160128963
128.43014733966942 59.321880335154304
107.84746457087574 -43.22856046407644
72.56924162190901 146.92944851014704
85.76854727104865 -88.44943688662728
94.54858139308328 -65.90556530577886
117.18691883204332 -22.023477181617064
121.10081463045032 30.245077224318127
95.27593555193911 19.489902550269935
92.10762799889905 10.951005541856485
112.40271761385203 9.682112943933353
116.7391577029409 26.832221580410796
108.32888557811054 46.56526268639391
62.59545378357978 -14.068410547652672
73.29589255021531 86.46116937618606
70.10407940591547 32.85222850631548
99.45484077002303 -7.375369900036894
103.74639267711528 71.68889999015887
104.47040181646237 24.972337881842293
115.72507452956165 84.30805055010596
84.53393221367595 38.333185377418424
84.98748661876479 -29.211645196770576
88.78587841117975 -17.430533216635304
114.96469878932534 45.69326489536576
121.93932437423273 11.376398898706347
108.02651583423672 50.320291046415086
107.39179229315458 14.882513660030655
109.860378870394 11.734364657224834
109.55903562454124 8.000933990846743
106.50389405295452 4.249530399051084
101.49193298713647 60.7215500771337
111.57460402660396 20.037329084275243
137.45556766529126 -19.08073895627723
134.5882501613257 8.534525051583454
75.57642017079034 9.269988339278946
104.83834960911685 40.577755941748116
80.92658832156201 86.76816343670427
128.53536498615975 16.22536046225973
135.67327946768305 9.239080482081892
127.8055058634615 19.268711115025813
98.46382147174539 -31.509299700629768
148.90331027176796 43.958776784591116
122.03347774920218 43.0359312197147
91.70889043120619 20.3168808797004
73.5670289102676 8.554298560460081
98.68387359868227 55.313534483914246
117.2365073300107 11.117343428678673
115.18312181325003 18.74530128981203
119.2190095513504 23.717083174534203
114.32416666173755 9.137697269682064
104.88600643398506 20.34342643533682
79.52586247740587 19.70557727584236
47.02561490674496 53.19437064714529
91.76488304023928 101.1410858600517
116.58649859456293 -14.77383546864164
106.98638460721808 2.8696755622827177
117.80968554628727 176.9174557559119
130.9839275635787 5.646886987694744
108.22890846457433 11.644728905392384
107.80031337701425 129.48241728325678
82.17159792593893 35.650521458060105
136.96924229524646 76.17741352981284
116.28872067598844 7.682838179840616
144.89361680161554 46.40300340449064
122.64528590956994 16.262065638727755
80.45709979094889 -10.732640455135497
171.86688682877866 -18.07227818540859
105.9869654349021 19.34211416831132
107.95573198121384 4.664195462653865
100.66926925476716 -0.5252531430208944
104.27730430872153 92.22688566229115
132.64856998198718 12.47476598080013
89.37699449245065 6.9866280998617825
110.57532086177491 12.33446726392662
110.28387457172497 -10.676346849446247
76.01880673757262 71.48363760618547
136.5991370651869 -0.6457859842603466
116.85578709956856 -26.541037792286275
125.47850823853074 60.07119558226086
143.57957816594464 35.54379138357936
107.92482010938735 50.963856270839955
114.39781684763902 4.647203151811807
113.93587020329164 88.43985806717248
88.5962021674382 -34.557424346216514
70.07232785587337 -3.0176767855445186
101.65297274693964 7.131966803391219
138.46552250276423 41.51691986664133
105.13336851652814 3.702073406467924
123.05807907812611 20.192209712935195
112.73159372421833 -18.294987854154705
84.38771473231336 11.427592940452246
97.67201278910257 -5.197438870340269
107.819714280307 24.56436785402863
95.21489118813679 47.36956957736785
119.50330890534929 85.19338858413484
123.06444347803973 68.44648281664897
99.70256012402315 -32.45476894698327
115.89646201132518 60.87482841433036
110.51167920486695 12.814263167052905
112.22168233633627 68.08789555473427
127.8824580221132 0.359357205848993
53.36789525776403 28.73212616080498
164.09291305237517 19.78658566890526
99.55354381070416 18.848420883829668
106.16385048466171 8.771914032692642
120.74404794480562 17.479385116219376
110.88983847195748 20.662987403225998
145.61386571900897 -4.71133409606894
106.34451123006566 -3.2718016165815857
110.61235423148185 19.73958669919733
108.35565515273757 10.12991269753176
132.1852469965002 25.073368558713618
128.88177923956655 3.860261189629148
95.2599054940478 23.487779717515114
119.72458390896408 76.4749101357161
145.6047933802952 -76.9060957675381
115.8222717070795 18.00397785893024
87.8990690931774 86.89657952993716
101.18065595337673 15.520743255919196
64.99868080609954 -4.193694214640143
125.47228037918875 23.01824403825109
111.1006271039885 -49.531602410828924
121.95725289285969 12.843724223750218
115.93702165559925 50.193911135289184
93.07908740302256 30.713131985077027
98.3854228421538 61.88282374428667
101.53162720831322 21.28381638231261
157.25907015747714 52.206104735054524
90.67075566611021 19.779308241195118
105.87015222715948 20.452403446753987
123.80501271241187 67.40039980594129
115.08803291590247 21.945630806891575
96.68191367906091 56.58944211193742
107.05362177172732 20.803853189710043
165.84123305759792 43.72037334396265
124.95395803497152 17.424240691856276
97.2399898659695 28.831227758209273
98.04673712439762 72.94981890348441
119.28115721867722 15.089340264473542
104.45550183864118 3.123984483332486
118.68788388420428 3.950350578618115
102.65184315356778 1.7491780511467372
120.26234161434121 18.527021814402133
108.9034367838789 -4.707064149198761
98.35447768698258 -80.13385985535054
53.40860324633797 14.756540057126696
85.7595801773079 42.71127007208057
108.88173398893606 18.302656162517962
86.33708393187062 31.729107674722382
107.88843282324017 4.109176148835962
89.76362619926908 76.07823288423864
133.94668303107906 62.156411001860064
154.79326551506247 -35.81003253618354
133.7132088243169 21.679934134043908
120.84283485693139 17.21988889818855
103.46391620271713 -12.462307018368755
135.28175448878787 88.3873298116059
100.16018117054321 13.931679683010119
61.22993426543347 5.424723883573131
123.08654153375068 13.009770812688489
30.959375298689736 27.492361972248066
143.912848450907 68.83839115894567
108.07211065900259 41.503674437080996
67.14648517418726 25.458481659683763
104.76910300758892 -25.650370972744717
102.6874606187315 113.0200442329298
128.11505311621218 -2.958773358104317
113.64970861013319 10.883201786313553
74.68481101863082 -28.76964867456882
144.02128731689498 45.10181419385386
82.53825162161094 130.37327500742418
128.3334513378681 71.04804792366637
101.798891832876 -44.451324775239414
114.34163805240436 34.57015165916787
109.82367848712117 4.052625135772358
88.65802849448052 29.591372586106807
100.40668063749321 17.167569338464908
101.65383432442827 6.663931057888273
60.83672496679756 3.2375657790350543
145.18709961234165 19.942358451554647
109.8582423254879 -3.541326879701607
102.58867644031517 12.308417580701727
96.59724046546373 1.0036395123283195
112.07020867578254 -91.50100529040957
91.84191547904727 1.6550579637031402
103.51764123601657 12.333797446233937
105.96949856254112 13.765179846800734
139.2518878275728 118.7087412902132
96.55646492962073 -2.4878551947563072
133.01608788349603 46.955121118468
141.5777455341963 30.75999634942568
136.29125388906553 20.838743130238722
107.48876582202715 5.264868680684312
108.73429940784116 36.072532186189854
63.895681097709605 57.22660317448819
110.52313800104393 50.737414929508994
127.25676504819438 -2.0828625640279075
88.82249952966805 24.963001353400426
93.47294742973118 1.2047983831230566
113.76355983277432 63.53732987066294
127.67395078039615 7.026917055756995
94.0546461626036 4.422897759368172
101.83820250965307 0.37648147038685176
112.90451364027285 25.938152988826225
97.21885944067434 97.67355408926687
108.44466895666883 16.202864501811
87.53190823196208 -1.5213909073952108
116.81382690011657 -8.787408829641212
127.94958133109684 103.12600178955907
114.1164273124778 -18.58274565505596
101.98437554444668 19.408396124897735
96.72968268355409 26.92534019464257
132.23875007250754 77.36743750175732
94.65252830221212 4.737127504369232
70.90376567803986 35.727382145422
89.45043565758765 91.51840828172354
121.69077109133505 17.15546727348185
82.37631914160151 -13.911136022489176
109.56180973089228 30.178969177762795
107.49778164465826 -2.937114712637004
84.35088069999782 40.58089418733927
97.35932631095169 72.85352208736347
109.91023852712807 20.56473864218769
56.47482578660394 129.57212073645667
93.84577902322958 -9.032630611889836
115.71202593459678 32.445917429209516
109.39971202999186 20.52390555629569
93.01758257429451 22.753933305639887
144.6497295611091 80.91081939452066
126.57849589338142 -22.674484669594495
96.30589862729707 4.057935282644685
142.8035267921932 57.94596070312068
102.90157815212649 33.638887762729
90.20387077834592 84.40973899785904
109.13411163656913 53.03253806244255
99.18437122352601 -0.5091111317988997
111.87561857045512 21.10991285237536
86.1200793578397 12.137824642135492
113.17093561890003 -33.828596339568875
101.45797820248409 -7.790661793508946
107.82072162483087 -44.50590228658074
111.46623495682425 16.786745284498814
94.95678562482318 82.02786633696834
118.82165964699873 4.850302626226026
146.1678287750269 81.63432283896667
93.2235819445041 68.0646205031582
110.93215186640194 29.451820654863575
110.01543204853422 24.710197232458263
122.84467911805953 3.307028583801552
136.50845191518596 13.536358287976235
123.28644768901333 2.0037207074517864
108.34109888103049 -55.567102287444115
113.63957951872277 104.31382260185329
72.51248562808932 17.39387520502061
92.12556438041734 18.168158554155745
105.32039312732174 14.60768852604385
135.64376266546915 72.1387089391079
104.29589463299665 18.160663752375868
105.61444908135265 89.96802148157421
117.91506094185259 20.54498038594424
108.6196031818761 2.5959168546272577
116.12248416907285 -60.112133926105926
104.58561795061185 22.708882871911044
117.28747006276038 60.92377497294884
103.03120596933259 65.13332416897883
95.92943090357024 71.46581333969364
87.52056052124229 -23.347046283314377
56.617571080596214 48.76730128815749
116.2545161046943 22.40734939693042
110.13024396156969 0.29778249673687596
94.7878037282965 28.906071974688643
103.47426663687999 23.7352837351609
115.10832420937125 -18.837946561943458
133.6696323255645 -25.796387435374992
81.8070326365323 91.00504017999263
26.117625237796123 30.741190671089843
112.82389793040154 13.71769364484396
129.1575111879838 4.544632225085277
107.06115469409488 9.139563557039095
107.21613126263306 -3.262379064468156
91.82421745622538 19.79945868928624
155.80981365793014 8.787178741419305
61.204177081949396 29.28397221952273
102.63115225369953 60.517650020176525
115.2756564324022 53.36077399702064
114.30029644407162 37.90322418333097
105.0847632614608 18.399717579690545
122.2696372832027 20.060623022061957
105.49184696910052 46.55342757081439
92.5483418528297 10.669574260290618
149.47590219557657 22.063201567665786
129.7692762685552 12.490148392525136
112.6062039771272 34.37353111102448
92.78739371797431 -14.079754996229887
107.06644535946978 10.038661210270076
109.76915007719478 32.65501902369613
117.4646270056146 26.79720131046034
88.36629762750196 25.210806401678212
90.05625867800258 -32.95301630549922
92.34210409467141 0.9944139955653297
112.19509313251152 19.483520724777335
87.51019274215274 23.285097883353572
105.38654655417649 116.13282733399774
122.99234947240917 -21.694371506395264
125.06177207102604 -5.438926921077259
98.86360033528402 16.96625829110346
102.29000081594252 13.770201067503002
105.73404257174522 16.879452279870883
95.61712653462794 12.064656835604305
106.56131793737285 19.39239618643438
115.36353777705743 9.886094857880071
109.61726363320041 3.7605867438703555
109.97671086686225 27.105364400266797
118.97507550781948 51.13474409954217
28.969496111278602 -12.629793409935889
146.83958117154268 85.00858520718239
109.52968161854949 11.952806797452325
131.5538554738108 34.57349228086634
122.6872262231063 20.803855633125508
100.30170363838822 50.896288569992485
