115.2043400763424 123.1681054014097
116.04261061584118 100.3753779241105
110.54999256362447 119.23536306362894
82.80720516445811 122.10835597134518
21.781183407145836 44.15214566302154
126.63179122343635 130.96010669107523
102.54566967666696 45.12537369378477
104.15740837915378 63.99661923878933
110.38889074797382 19.208958633008944
124.72073087918028 113.78435373420974
29.668319526987943 27.04195635625795
116.6557665972352 20.22402353678254
109.7813076695336 117.25158665173053
131.43563780655973 120.07196172051822
133.67568929726846 100.17771298105555
119.69917872523082 11.867699977050075
19.255809420468896 47.031536575922736
113.80234261755571 125.76418403849033
58.471606431805384 121.39639519306111
93.01518936148186 133.01563448386597
122.2635161855068 126.2379378446696
127.28046150912392 54.015508594533316
118.00629886030043 45.86495453818568
103.46078372911363 72.62033869199888
104.89665380845878 107.1473505459987
96.37851138637744 101.89671343619472
50.29986498295212 55.341245587984886
110.04922305001517 120.6089628200855
59.308646671151735 123.0227821404378
110.93022784392848 40.34610087873037
113.84634515351196 77.3215227654178
110.2967361834092 28.825349284564922
83.73584736536381 137.01342582047582
17.411125587913997 44.92766294440651
73.30552327904928 134.79984583379047
102.09876644836858 132.44822642732697
115.7369958472448 98.80489003597383
97.81764358013777 11.245902098165804
90.80361986079538 119.14888652124358
101.743303534808 21.312630878160846
124.34392632081016 94.20931603368746
82.71680540767173 104.27740881036128
24.597086443237885 17.82024261514381
141.30449819336553 19.39757701191702
59.2256079619369 29.824975696891105
121.64387813568237 133.4879992740422
69.39717466404757 35.600440978961046
110.7354191223763 48.37927521506171
106.93967752355003 61.67082770287793
96.04521591272508 117.78431098407037
25.098716591272773 25.235824388821726
54.50955925242166 61.28009792361662
123.72210780421563 126.8828763038472
103.22889149325385 144.52470076722562
109.6125742691767 121.071855838735
89.02072827190143 146.72649482621821
105.20765405996532 102.28004918562573
71.67130616497296 43.56123083816148
105.3244443757066 19.875664476661683
112.78099994968572 113.93348184625202
121.49193487010082 108.60559044985412
88.83197723932388 86.8058713808551
104.60914227497491 35.201483376094814
99.76096021069004 97.83032664668748
94.09133249592239 26.099361925714977
123.54005730481714 50.361479556058384
22.066213150839584 43.15572475686978
112.72578428094685 20.365789272106312
113.63379868308586 30.239965371695067
120.88974125022371 123.30512078531082
111.88270801822453 121.01294228065126
53.78221279033474 26.151540161866315
121.56414741272825 34.830110044381215
127.80098136809862 131.1639122885575
99.16382868649805 86.11978140047493
94.94688387710723 139.23246403632083
102.96090288185586 117.65470608755824
102.35035041266175 79.44342624068753
84.60732373268233 106.9003982930566
104.21109413029649 85.18682971049154
109.41107835036256 78.64753600470966
51.915741773214236 115.60650349599607
105.93542897001957 90.83252335553344
136.3007382780283 134.08883595743657
122.70900010132885 85.69701901485286
119.40642493607929 40.0813305098964
106.37772632106795 118.29632765627248
112.19105206338726 113.95798419062427
33.85558615722469 18.44259558219474
106.80860213578477 38.096462976356804
21.84552837286686 29.724859082184125
102.56408311243617 130.87080201404487
86.91502711613884 21.47025116525158
119.03287429542526 128.86862229442042
117.2834229567152 100.38717673734675
94.6720446081485 92.41781405808132
119.17288314258855 129.2706807793408
92.49120972942617 100.45674634776482
100.43005208436503 24.139614159406584
107.7018716954304 60.05641728712494
97.27231245040343 36.58790977157946
66.78028189192774 39.30714377245876
83.72324241874732 21.40650567704308
62.46898403802189 37.979209435333246
111.02390297205515 48.91953921493025
112.8166951851559 19.530679654010704
15.598876203718817 27.3281682000634
102.92687863977217 97.78701292768928
118.61870019298689 113.00161713366026
111.50266875988287 19.435942094535182
81.41382701002004 33.410650108821315
122.46681017977511 23.18899546515484
30.915177960710615 42.99444502046525
123.6664499488001 16.960453356414543
91.04481713048843 94.27268388596684
108.11684297312333 119.94230872390187
103.41895742889879 21.782700958213923
74.93246890563654 132.3906097357314
113.53570132689238 35.39730204066161
38.3488315398002 34.8571804184281
110.15417940936842 120.09993034167255
110.08354175474074 124.75246529610166
77.76628153683657 122.23889498332325
92.1176241869754 119.38721115981676
104.63340523229598 12.204155452019755
116.7717987101293 118.77857232297168
109.22416025410827 19.097678120544437
72.23339446474478 139.7861695175363
129.95615790601153 128.56295468618953
119.34213826333415 21.45755392570733
89.88308841951643 104.45702552249982
111.90691016723633 20.112560533374033
120.07154132780782 125.96887764731075
111.07202182795113 122.04310036080106
94.98368983461809 117.32632382695932
101.9415501459497 23.861761860400517
106.86894677011766 119.39489090100271
108.35109607646395 129.7062911169734
95.9005057516551 23.518329545079748
51.54131159537276 119.5301994155726
79.70539593788368 131.55887814834415
117.6941311377827 123.04836240731247
24.646704687661902 22.7343342418195
13.68554428851359 38.70111701857638
117.11142563554382 49.22848052409364
72.40256399772821 121.03668212460285
119.55183397783888 125.64699092345141
111.8944882971392 20.536702007884738
112.0267361033883 117.197586906555
79.85657805882045 131.6293386775732
58.64417856027039 118.55022075128146
85.98383339865434 89.89304545690133
87.2179575267144 119.72368442571221
86.21017208444769 112.69643229267751
55.993764091790695 24.28494042159332
113.40679371392652 41.12486332559281
101.11863371468442 119.93196763105793
15.492315744983726 26.855823552993286
130.313197899963 30.403130766902574
94.49512902135402 25.305152694052232
133.48800699625355 129.2007471921207
80.75443722526602 115.02857373652773
112.89355579015412 116.43159084732156
137.81062751690874 118.937092970449
96.94157064427696 105.40301216662027
112.96083165621353 122.67704583985757
101.11996763294796 34.72503731931495
106.371615171119 30.151127914959982
65.53838897011346 53.74136825253578
90.58879712077871 107.89527977401579
64.33145508024025 114.56360310504355
95.25759677489769 129.36651107274142
101.92357253498336 140.45284448932026
95.48039205790461 125.09211271300877
26.431725843441704 31.459179035175513
116.63471270993678 73.33095539089926
115.44060868753319 25.101147284791935
119.48511414163968 30.723305278723267
100.16472524401291 96.75512493382563
98.87043540592639 18.542808940997524
118.96173524549953 44.245463253423694
116.61532895120108 30.788557128308657
118.2218892078557 92.54067032569705
111.40646509773238 123.12996726063253
121.9262175058951 41.35098951756236
118.89989125879758 31.82343742861193
111.53782090399295 116.52565530210777
80.73184951096142 132.3663095642691
117.75672678828491 72.99848252753938
89.91969419822686 118.03250536496509
96.06772399620863 114.30467077813425
112.38288717294793 30.799575420470394
64.44967503240503 34.54312428185166
108.97138630167896 16.349060205832597
121.3390800271487 85.71202648441187
59.11378556724033 129.58252255685034
72.3556074302758 45.022775660461946
130.82946687072297 131.61271699509652
123.46180779976997 43.10294897565064
104.3277557649765 118.65470196116483
58.43292967687524 39.32582793626589
50.67450696651877 106.0795436807354
77.53322244428499 33.760687258487835
114.32231621247892 26.696100693061002
122.91465613144797 115.2042331062581
113.35407548923247 27.966718490666775
96.5390331162293 116.8943189742118
69.93902862849289 62.841974142024256
85.34122494051574 106.38274795339478
18.036662194348335 35.86235470526542
18.39977658293342 30.197476568966504
54.08003359018644 119.57328733999363
80.37048472368697 61.2690268366246
23.225382332369023 35.509018075628845
20.613366200838172 20.161370056144797
121.39043450356787 133.39085981723525
115.71370573274004 18.596570014394935
126.02485958238893 138.49545165788385
110.115575080851 20.599484887998145
111.01956455622975 40.61300334782241
125.03235960525451 118.9908038328748
115.48969183885603 75.91687454496848
108.95642515168446 41.81099364917496
114.12445120837728 107.58332922294424
125.70440881164738 39.191230422801624
108.83680084514931 60.05643427092279
110.43127782634006 18.072418638271433
96.17784059858029 19.999736945667546
84.4023860908809 133.19954295565617
98.70201220101782 78.76054952478198
120.7878095504404 27.31854568838883
30.28147126974905 51.599530544256375
116.1202041311134 53.07815963240773
128.71867441519382 131.3300260148935
78.16282091741024 131.87697271699795
16.396172922014628 24.91048715917775
124.68266027019972 20.41978354293349
129.6081959565625 109.69242602475968
91.2574121233031 129.74570647690123
114.14318400748861 41.18153775274025
23.308618475424236 29.74016179045993
103.28702278678205 33.34258271454765
126.32761869991974 124.78122224487856
53.62496550752006 29.953959798786297
85.2394946989364 106.04640663396614
121.15573012499597 69.7461503953135
45.03959167469721 126.55120261628339
113.26101221536044 19.687480938814158
97.21830252590945 38.21771464481086
27.002347190852657 31.447816935209236
105.0415398403183 120.41995523294042
110.25153850693837 57.64155900137454
100.89654204686796 119.3734124682994
124.59857329159178 120.15865086939607
32.889809568012296 21.247445375293662
112.05815242535664 35.6352874040525
86.02632289573889 117.24101270963777
77.49458264907516 126.04703223594042
113.34928078518224 132.89857259295985
114.6815704201415 20.820715450097207
111.04749250236385 136.46766748943514
81.03018539631452 129.88084939968368
27.67404426620416 25.32076471977938
108.1374258036487 129.99853262694097
112.31791740758038 119.12716121950291
96.79033824701925 133.64344373943896
124.40465403946592 135.32170641955958
92.5436265675386 116.25808263199524
104.80285339314533 19.183272745512753
108.58197057270951 33.20649094619878
116.60246479215525 16.241030090324525
116.8922976229014 23.125399222970337
105.98191793793653 39.07583502136486
86.06187576898313 118.72184064222667
134.93698726247268 75.18152858323614
126.21617618394423 139.05191993634952
103.0833650237669 32.3354060433985
73.23880427897959 30.511122763730167
54.86630320458938 32.33599236172334
90.416281031791 118.36741780592367
124.65986356322502 28.317708901439943
58.48231495767323 27.67264117518902
130.31692866073692 128.51049739502332
121.00423776361006 77.87890306160674
107.99777670214863 82.96882903874715
98.02664962394027 14.337558998111563
123.26780488714842 20.45610822473231
55.98230228209761 20.24700491769919
96.87770158037571 94.65565625964113
99.77195718317334 132.77207528109886
80.86386104533952 26.749235230275783
94.01528271894414 21.83758989439618
114.38781573007181 121.15656478711878
111.32507192967961 116.84359289588713
16.945009400899988 35.574113258318526
110.80778230628226 104.55191692914894
113.09392421014395 22.033534028132173
119.4428022427983 103.30688592420567
133.64620428883669 110.99371717199196
123.57240992273992 123.78798850991102
58.669344331713134 21.078047038423893
131.37156306355533 12.295272896553856
101.35912571302839 141.50341617830998
64.82416323757447 125.5624375407395
16.654611226006082 40.152756082691795
57.10405206561635 34.02943187868353
125.84775527379546 26.460900200141694
97.73351456204095 118.97009280956621
55.79731365100657 31.175134425217284
30.73874977239558 20.031776037226937
60.125336911574024 29.986617278507612
103.51787862260582 39.64220339834657
109.45025661058023 110.62310199722417
90.70359200964678 128.9561877228928
66.07664646501048 119.09452815898226
86.17589207420708 120.45784579169172
18.734677251262703 21.49675688217787
108.45617893938382 13.817011693248698
111.155590754213 21.801509774262414
79.24422306490457 130.93721338637664
