116.17668114547743 15.853473750502989
129.67456466543055 52.095106280738364
106.42198392244119 -36.91076154081819
77.06972578283512 141.9156255810088
85.40586289722604 -95.12834065192354
96.49903901982123 -70.06967648539364
117.00853202752037 -23.53571089166552
121.1677874471116 30.599197740442875
91.36912623292802 17.74439890295982
91.26812239763315 11.480822355063127
111.99945909466702 9.221671397913708
114.57426565890842 26.46523243008192
108.50744968965725 45.3292414412689
62.212631693642265 -17.225545314017072
71.98248141241379 84.13397229325165
70.652076835201 34.039121733475476
100.33369695560606 -6.871673644367185
103.75697340679174 66.01780538869386
104.01985977257796 32.975459206747615
114.06476769708725 85.12846286211409
84.14748490480845 38.0843047021314
85.11939248273966 -29.25427811338116
88.64123875470193 -18.134919514760348
114.8063573494991 34.46988640899529
122.09735337797572 26.035773009958884
108.19803163724464 46.23173289906405
107.66419228854261 15.496056292004997
109.83175574655955 8.131295605964347
107.91773489048255 10.561406482839502
106.51870853367329 6.4612938761303
102.5407311355927 65.85765029315529
111.28621258452836 19.255489349128315
139.15775633737005 -15.836696066429724
134.99132817915296 5.041114383517035
73.83270688347481 2.8312158526025737
105.17544170507817 43.36798087487082
82.79338610119088 88.20084449648348
129.41272251040135 15.162521522296126
135.28884268539028 13.546389962001268
124.60259601053174 18.647743190566313
101.4138379375595 -26.34149241894038
148.10156425379913 45.173391018522
124.8750328650691 50.102289262788496
94.2379726378565 20.297207427406168
70.95268349731593 7.883592890736744
100.72355984992782 62.52576805235398
117.4885982329168 8.604835736147004
115.0760798747512 21.059866409162417
118.78876750763938 21.419933792459638
117.17863923119535 7.538313835785575
101.32874291739094 19.355362135658986
81.33399907480396 25.76031137788077
48.069162612073285 58.47532163212678
92.14909186919198 102.79565519069699
115.48253143923746 -8.154762257692035
107.00082253307127 3.626076727645422
116.0028838138902 164.94882304551706
131.69303929943996 6.5594144504947085
106.57976177567578 11.976388582478934
109.82395579375458 138.12431568209152
82.63959812921843 38.758684597457346
138.47524205782918 78.64014931013556
115.95907446217072 9.33995605531916
143.5610702546416 46.967572136898255
122.59363657244467 15.559457441099454
79.82322277814171 -9.640055382002506
173.12785075031425 -18.809254997210687
105.36798476365189 18.69065337271454
108.60587936363262 4.6964850088543555
99.47804116532946 -2.771777294143452
103.27152538246315 87.2563862812824
133.65317994911595 12.429387211144334
90.08801585300212 6.776940924191767
112.34219295057719 9.821914246811009
110.33911229780982 -14.630166901392364
75.67815930064641 72.81045065324774
136.94129768377366 -0.28913464071234046
117.62906895563829 -32.3838397002113
121.72622463291678 59.233403904331155
141.83334364776775 32.72828358566007
107.5663177753934 45.679437852539195
114.12478882410602 2.612877147849072
112.7966098948141 96.56094731540132
87.49771402624737 -32.803196458565694
70.51409921534325 -5.3997001815068035
101.81579004654085 6.18996152485228
135.75131020685654 37.68706785432071
104.95387747621959 5.247035234678472
122.91334623614074 20.185654030323885
113.10844367214071 -16.816436460475817
83.46775355310477 10.55131230082027
98.27309355443997 -16.184486375744623
105.29221518213865 31.365125033050663
94.82067400117701 60.886024582614525
120.3150638032538 85.75621477637857
123.9275872791054 65.6410599385095
100.28064210473262 -37.80091438677312
112.96392599453601 60.948790302967986
109.54648258072424 14.171503870811632
113.93073800536305 66.58604368538822
127.21626363568075 1.2859690977058085
46.41508097223554 34.42533137040792
167.91999000712417 19.691490499846488
101.56807797283113 21.24880667950392
106.88429004187338 11.779870817675622
119.0935134881456 16.239770385548255
104.47698875254304 20.185267762597643
141.48317091304958 3.193878346266928
110.45750749049333 1.398652540162037
109.10397393551627 19.794687697421292
108.2401001212175 8.466640623800613
130.91243147545958 24.597836397034182
129.02792470839736 3.6349935559044373
95.12083328301253 23.02833248459671
122.48583938145136 71.94795349093575
140.1005993227541 -78.5003036652838
115.00746599328806 18.015465098953065
90.65932624354856 86.91309715296957
101.20681232268934 13.832741208297874
60.748801705971594 -5.387521635806697
124.38481024345944 13.551832669235123
111.66237215941457 -53.97415957322152
120.69520747226804 13.073458116128771
112.3668195187277 47.35288423513587
91.27055436971116 29.824419429674577
96.64962352056351 67.89688972343116
99.83874195952005 21.396682458565643
158.36106016821455 49.4196150803553
88.98439794315381 18.793035563307825
104.49716083554506 20.89346450844137
123.16508054993865 67.43222165972705
114.22780098364184 21.063415633842254
96.5571606693308 51.99681924714556
105.50471723470545 24.712189867323005
162.67343109087352 40.340793114692474
122.24036048605066 17.955975295754858
95.7646290753187 32.27095609212851
98.75051081144137 71.09335458895694
119.51183791501633 15.23574422769702
105.09276350702208 10.47430131555895
117.44648416520722 2.1765039070410817
102.29920964255253 -1.5908221369761746
120.05448286196498 18.56605320283461
108.90196757053354 -3.7125017908492834
98.27645234078136 -81.21805413068695
51.947327369795616 10.93908758125331
88.66356492351892 48.934649275637526
107.67932114301827 17.36250912078916
87.77581586434191 31.610006426135257
107.52498963454181 11.104754096041397
92.01028304692962 79.34206527771013
134.25707805950861 60.61643511395123
151.92312905974595 -33.885135086259616
132.47318306757822 20.45820025002074
122.7967850864241 16.865431580165684
104.0550660570858 -5.69202485726168
133.95738935090168 87.95007237757203
100.95139228461375 14.532852605192621
64.05428878109161 4.444336165627051
121.85622338722152 13.522776810248306
30.724156888113484 25.541238775222816
146.62559781339618 75.38374131040155
104.81596021092953 47.59029553148935
68.27146679518142 17.511793867280694
102.516908918493 -21.979989169276422
102.24539886608758 118.71232942914023
127.61906091015197 -2.2018644026937007
112.96026047788867 13.49065480269905
75.98249618883281 -32.732416532122414
142.32905736020723 45.33972446027122
81.89472556054557 123.3610591567705
128.18447800042378 67.97388773334956
102.13627365312581 -40.5370590747771
113.79925147052673 32.40137549532329
109.83621958229207 1.8580321296522149
90.67378825374779 26.926981203131792
98.89771022104424 16.791387289914304
101.00187986740364 6.82009876801962
61.56446456723928 5.847549555370286
143.70861253358126 19.955060590883125
110.89908174933942 -1.1696272364854674
102.36144004601181 12.146493614626237
97.01094059903018 1.0523905287127435
111.70168426154159 -84.59409342477127
91.90722960906147 2.5638018085786314
104.12874110862631 11.142622272392712
104.15881804717732 12.07452127577817
136.65621491304634 121.82662738192654
97.14062430368328 -2.0168823493462664
133.08323603047262 42.24382686007885
142.0937863137857 30.12119474959172
133.01692922998964 18.1922702803997
107.50588679174768 5.170673831378683
108.66238419466352 34.89706297366189
65.95379150331601 57.460996506791204
110.01844320065177 53.837316248863104
124.69102721519857 -1.0692446612211195
88.32485040402823 14.129825531126789
94.33213201911285 1.880199731751384
110.42150532218541 51.12421836823626
127.01482184774977 7.748468330789635
91.8422170085621 4.449914833336331
103.00213385026467 -0.6412243773908306
111.81620913124013 24.860234741267174
101.35342604540831 90.3970175999335
108.29867732620694 15.369811373643719
85.62611089510384 6.247364505898769
116.02093941239526 -7.616940721440429
122.63414434850586 101.35583855647307
114.05910783072777 -16.765071390261504
101.84434628469803 18.57252388039146
97.27147216287568 27.00087126133089
135.8613098736582 69.55797738778628
93.96604789510366 4.834303054276197
73.87310249092225 33.296357586959886
90.53929757454884 88.69558720837814
119.15624542169412 16.033115590345982
80.30076994717268 -9.271715119086615
109.62842812361839 28.542096178847878
107.40783424495012 -2.2684761804389795
86.86261788221424 38.829947367160635
97.23945389868915 67.15862914873546
109.93925773003758 19.288981323132006
61.80712597009169 132.4733436799009
94.04006842993637 -7.753427999473624
115.26396977129701 30.490694744744687
109.6874881985806 19.204263295385353
94.14473197051713 22.900977762775515
142.60323536575524 76.75028290876772
125.62565845720168 -16.629154775336207
96.21442793883766 2.2708879498694188
146.8417248355094 54.9233113220381
104.5954409912006 35.24343135329343
91.02858005210625 88.61998912369494
112.2457283336485 50.32907925301897
99.8233352410145 0.9899487196995005
109.10796312329113 20.979759878863426
88.41667414772024 11.945556346255087
116.69817000712982 -30.720808699849712
101.76553425394856 -3.7515397440964637
107.98617272067727 -44.31438074662145
110.24301079268344 18.076055878613758
92.6423892907965 75.15218262889728
119.40126083232356 5.5199947319439175
147.2527404195456 80.1067141251475
93.49967426185823 63.50742358857758
110.64745098900592 24.350996534847297
107.03238870894309 23.09965561089142
121.89652328516844 2.1597253328598036
132.44459745851435 13.2316626621446
120.53371764506798 3.983621535840758
108.18783405221593 -55.70252553224245
111.1398197597779 105.81929913356173
71.60912613496141 12.584776004732927
93.68556555668066 18.174123754646807
105.33864249673348 14.01414361505729
133.64150279288498 73.49440150095703
100.48947758417319 18.06824284493642
105.5052908278496 84.98449663586786
116.38751386029365 19.940280493436834
108.48442484124936 -1.855353065138714
113.96369805917558 -58.75972640998918
97.58576918280946 20.68366112714143
118.300281769722 60.77096273339014
104.40411808464157 57.767368421892826
95.92781862531174 69.9322832739876
89.18286571648866 -26.814898418381965
54.47659328680108 46.08555945536452
115.71608694633805 21.937601773447167
110.14005985167503 0.05605614210104823
95.36738176360164 28.4850227581352
101.28150632086863 22.91045475184095
114.66405423139409 -21.42848878414658
131.0291813780032 -27.596618248905138
82.00583373455015 87.59988936451309
27.48814709036083 24.754662796595895
113.15681058390398 14.83201586538883
129.91449670379635 5.267122479645917
106.81112502379219 9.015737710075335
108.02603835794596 -1.6491456499222614
89.75373956925803 18.390284819084318
145.47048632565367 7.106939808284624
61.146925417639864 23.911409589666302
105.27392010072532 61.7153905430122
114.93653251468025 53.02272214664422
112.92439443186954 37.477590814048966
105.66123923762362 18.413508067061052
123.64112688060659 20.109750558848518
106.76698323414581 54.948212357085666
94.15047188612076 11.3467367345279
150.62375854548242 22.726418172673693
126.90919342998359 13.019626245498022
111.70143121022983 40.69481821931601
94.09549771558011 -4.896101255667709
108.14898622222675 13.501498173723231
109.76771236229622 32.14767394493101
116.1805490170578 24.985180060597408
86.7860451692119 29.90094646244963
88.255630174867 -32.9751587023895
90.56487860708654 2.958084814583599
112.99252262081636 19.32889448249283
87.60548438061413 23.53762460501821
105.35200580652752 112.93549031538157
123.21499176145973 -23.707778748305365
122.063091617941 -1.8129926267817695
97.48017770018858 16.264769563654735
103.74975767359149 13.60775160255068
104.9268340276729 20.229048282856137
98.32197166077269 11.659969002723166
110.90524822846464 19.18168571763287
115.8803473541853 9.64149223868209
109.21940633447102 7.677776313134601
110.040102557165 25.198628371276513
118.95506397464379 58.02474187570611
27.310115159411296 4.959431001746754
145.23938405363995 82.16946415435527
109.60810781289676 13.707876502200333
128.61697431190214 33.95628077255343
124.6370556673336 19.127797490546637
100.8741526712455 49.4281145194464
