115.21937804543441 16.554848849872023
131.5418444154052 37.62689488457333
103.77929970184374 -21.350968258951184
85.7195795560743 130.30779793938046
85.55140729358007 -105.08503409977185
100.82777030093474 -73.48139286413618
116.38197137013111 -25.20780619208387
120.89510347581295 30.87268343866879
84.14767007985476 14.286506270923093
90.31137891841165 12.883980982231666
111.14489269048475 8.68906948618842
110.16016151535607 25.5141540035047
108.9055753813769 41.896758554370436
62.45796880570779 -19.164914477488242
70.87553307027504 77.0015721717671
73.08529446423468 35.99510481756077
102.41885683966744 -5.3531352850007945
103.98527252590254 54.28691649337569
103.37697635907794 50.25912141822384
110.60313078646429 85.45919724531944
83.60573409081171 36.72628220151524
86.25284650693087 -27.293272637081575
89.15898992905296 -18.582837044955294
114.3498892156045 11.594698640425737
121.96256724793122 55.668959296503736
108.58407331590168 37.041789102635185
108.25952673354374 16.86170047097076
109.77600353340696 1.4231836288754351
104.71369876709396 15.895744688353801
106.65128855132455 11.439710386170157
104.97612903890507 76.41599515013202
110.65845787857579 17.707559327215947
141.2562261415997 -7.019723078487825
135.2593550433736 -1.7588514582963883
70.8872361209271 -8.632950781701147
105.99892432170353 48.288170080849966
86.98589082133071 91.40962640529042
130.6014961118701 13.192030684397881
133.77422878886398 24.029247168323742
117.49725061376337 17.43630184850322
107.56106026676207 -13.890494094201825
144.81704944923396 47.88816222209611
129.91822515796696 63.07352261274574
99.80003607410826 20.2318094602919
65.45323161106558 6.91971965984647
105.09560261843522 77.52335750746238
117.76314017805468 3.8921942693511085
114.68551460795531 25.63706794307498
117.6894561108802 16.81006724989833
122.70471613335452 6.853128969566957
94.37827836969392 17.39199562752856
85.71467999819346 37.65655813914631
51.62639675877424 68.75642401044404
93.3533320309817 104.21989572578
113.1587216624336 5.484284358064108
107.09167203728434 5.772691498626493
112.1361215955199 140.34559502359787
132.36845830541856 8.64280309348562
103.41118138503973 12.893977027377547
113.86271258376907 154.79898421430883
84.53968370722362 45.9606215398523
140.82248122779416 82.96252406281195
115.05843902945206 13.065558982603209
139.6424346210014 48.851083719525505
121.95760170982517 14.29764167083992
79.5122907310948 -6.3885969490978525
174.31540066507569 -19.18062998236926
104.34115105053036 17.447072056278287
109.92605468274789 5.23977825511279
97.34222783694676 -6.123665826468952
101.55299293185598 76.42178884504943
134.70994464490832 12.660268250002723
92.34826890867954 6.86654900356488
115.79005053824856 5.0745855118139085
110.43113762877427 -21.09331123658318
76.10323176696336 76.09909224108428
136.56468035164423 1.2320945317696472
119.02982082903078 -42.53519050135936
113.94572669480979 58.85102610559463
137.18662492813885 26.80540694600105
106.95812049069464 35.339381172968224
113.4608298176532 -1.1969227400802294
110.40737830815493 112.33918335948975
86.16718055500007 -25.48716920350284
73.22064683293283 -9.315800382323777
102.4600343980391 4.791449116769145
129.60149612295479 31.170218389907262
104.72724846922705 8.591445273061147
122.22344686142495 20.16472481767079
113.77487272286828 -12.708050095753402
82.5946580507104 9.110789712857525
99.69613981836481 -36.38958315180328
100.43498855923802 44.51033941923387
94.65698286150105 88.82252973307948
121.65531012930074 86.44334054161126
125.38339789649426 59.7134726529781
101.78682317089041 -44.781182609288464
107.0333627980018 61.02173241751894
107.63821089150917 17.108152407668147
117.10643499983287 63.53305043701463
125.23450442726003 3.6568113864793625
33.60368145236062 45.378115193236354
172.94170266933725 19.48703940478141
105.82108306569499 25.929635821215882
108.40384665941633 18.076321565665744
115.48323943525594 13.83493156778808
91.8932407173495 19.205599046575184
131.8364251172553 19.408348534340888
118.56388365030632 11.189660804645245
106.1050395140062 19.90592994786039
108.03205933404489 5.51428571165724
127.67395709531199 23.44708831330747
128.59359328515208 3.5825718645860176
95.2984207643526 22.041156931049695
127.60311375501371 62.88692718094062
127.97667428107134 -76.16215386504565
113.22991501623108 18.07160415425972
96.63387462731107 86.67728379872592
101.41825124622498 10.631805701075676
51.72241895752021 -6.918972102772152
121.71224830949663 -4.596060154359309
112.71760467631931 -60.03512854655518
117.91094839681901 13.697537501590737
105.22326365310116 41.66534826927028
88.40913395533478 27.80324559494339
93.5525053216455 79.99556664855278
96.62298692590925 21.573259346454368
159.41180009464975 44.48652652431532
86.55783668726198 16.851245581045294
101.98012265735478 21.723550995763176
121.58399445149166 67.88375117754853
112.39948041686755 19.261003037232882
96.963972204991 43.45853119116656
102.53495285973678 33.903075776985645
154.7040196712273 33.691729310856886
116.35228795820801 19.08101422657365
93.36524349562703 40.303369836542856
100.55828951697346 65.82509963004124
119.49156595301073 15.61435868322515
106.49582703055609 25.44863112118723
114.68009103594204 0.19689933027291506
101.78716654604708 -6.255576398767678
119.2102424034889 18.683539653386916
108.9188403002327 -1.1510397707631952
98.44967936855586 -81.55733347403338
49.742679099825565 4.68690862613793
94.97101859813127 62.63472055291417
105.3402794594902 15.541720191042335
91.29921693619875 32.8472323327107
106.83478705127281 26.842451764150084
96.5753498240539 86.70878125082038
134.48073881411528 58.09116372631159
144.37832728835377 -25.55003694793067
129.33117503783856 19.201304727020258
126.39474778873318 16.228106066003527
105.36688304666909 8.945940472473072
130.52504391505627 86.06064467089683
102.72060328783365 15.834721592299688
71.32944416750618 2.9656476658332354
119.05868242868308 14.69691507388119
32.318192310240676 22.604745811695686
151.10791266010543 88.31800756485995
98.50042672323035 60.61253385092702
71.70054689947239 2.8503125075894964
98.24120228273408 -12.649642898726642
101.55397374567056 127.42482246752569
126.23866924251423 0.07453625596518143
111.49595387937896 18.745954484377467
79.3869564498681 -39.266279373619575
137.54913519538258 45.05367186953986
81.23186587383356 109.3051742361244
127.22217417917528 62.26012345294614
103.12641121038952 -29.856389522024514
112.63266495906035 27.763742967690217
109.85821854875495 -1.9236785767711189
95.08137185838069 23.51093159066155
96.21014443679536 16.156631017893776
100.03257626667482 7.644688030600825
64.6621227745296 11.46165075144457
140.0659390317605 19.96697703133234
112.94414052375662 4.230739895205877
102.13076256239579 12.012418814484459
98.2245809821246 1.5379973100714586
110.92972926200255 -66.73198185828919
92.54462282265585 4.7386404811056035
105.48558168544763 8.989327027466054
100.69827879143197 8.90303280731235
130.4654718166945 128.01363804296238
98.57118278949923 -0.6226198466384714
132.50211287686074 33.727418256224844
141.65812052178512 28.481028113546405
125.68391870261787 12.961855802445523
107.60144878063828 5.243649718412763
108.54851498310904 32.090553481757496
70.57693366563392 58.396965364715335
109.00698962924203 58.97150048087065
119.30365409313409 1.4440479541787223
88.01375252311328 -5.5506690551211335
96.54374181322804 3.5363896189206323
103.75550208616055 26.59092295590896
125.10718428556316 9.695167395078563
87.67593065672229 4.833581090337769
105.53350811375635 -1.698316478895554
109.59601724481405 22.56785098154193
109.79734795559663 75.4430075152985
108.05715027558982 13.844693741615766
82.42434307775113 24.94306130304618
114.1704544831444 -4.1245215961804975
111.83034831133214 97.21189977040129
113.7772497776505 -11.990427945270403
101.80749219949978 16.940515405069593
98.6536651726735 27.032831923824112
142.29612628813686 53.82202103691121
93.0263333706145 5.535943729748144
79.23193926566044 28.121676989749798
93.35809246026328 82.90465105253998
113.73601733016909 13.941791329065426
77.05362675995666 2.2964131140618704
109.76725901626043 25.025059851100785
107.26267788748007 -0.24347880249683307
92.15455047499552 36.52133425325232
97.26504100136977 56.40920686165863
109.99292136516596 16.756547000874193
74.24786466012519 137.84508866184592
94.61897063007183 -4.475998379502208
114.20193940145855 26.280964302291757
110.26173019229005 16.592416881747766
96.84983077899234 23.14496425588853
137.34430945622938 68.78400311030087
123.63664856482984 -1.3030440557717444
96.46611068183911 -0.6501028667804514
153.96927567111453 48.340958721729386
108.1855503647638 39.32859235659981
93.21769214770593 96.13149099843993
118.40321168494489 45.51895913018221
101.33217430092218 4.4752694385927025
103.62559570881173 20.680646703799535
93.47907663739252 11.840855382504138
123.55017675052666 -22.448872457996313
102.58664789135473 4.618086608482784
108.33763076805035 -42.75601692622107
107.7720760793196 20.681841445840927
88.56816426337637 60.824833629689664
120.16929415385582 7.175334264878695
148.21411789610437 76.96720615370886
94.65594597593362 53.02903540442256
110.04277434355218 14.033327846686502
101.21755404441394 19.817801906686896
119.69050639473504 0.09007040447951786
123.74215361408349 12.776412885684582
114.81322598794017 8.380360850997457
107.91215744762815 -53.91483706405854
106.14033488276965 107.23193449340532
70.75702224231283 4.509097281776243
96.59958064252578 18.20087778878155
105.45855056886596 13.096295657133613
128.5871372454807 76.03177387772618
93.10842462462081 17.89370199810819
105.4023066212395 74.24013571898988
113.12412096062272 18.725937860326983
108.2462061878528 -9.855245243264147
109.58069982344676 -54.74520620053211
84.15684723681585 16.597892410271616
120.11656187018362 61.811895649902056
107.25218243749944 41.811361362824854
96.55855033193635 67.42418694895954
92.71861029211847 -30.363231060451394
50.725911957053725 41.168539822047066
114.43607046082818 20.950629969044066
110.14446179680056 0.3665993739221993
96.93290302897888 27.32114709053151
97.12455501958372 21.15411876043803
113.63897945520718 -24.526624194421764
124.85364468570612 -28.267723955001195
82.94922779805705 80.01381662082414
32.69385468821912 13.72268319792515
113.7228024566163 17.206477601898847
130.90841591256626 6.952441317399288
106.481295625414 9.10610354017586
109.69092802576452 1.9227999162309388
86.02667498915632 15.617349508019183
123.88118252573928 4.013271083924851
62.34391727034552 15.309065468943285
110.75073442361725 64.89475533092568
114.05932089217433 53.41567991378047
110.12575985063853 36.19840061191591
106.92744161120524 18.495021895303008
126.12091492264874 20.200351755931003
109.38399687673288 72.24791780680863
98.10185142792821 12.99268127604291
151.3539144610652 24.00466438191564
120.43957367298535 14.340931949313134
109.83564466897143 54.38996457102788
97.14106198808837 15.67073941383848
110.33408239604418 20.51003475541256
109.76430029371578 30.74982230116032
113.3676077484525 21.178557778549234
84.5324124260059 40.81017825694554
85.28088843009704 -31.651914441150893
87.42315322761782 9.888640104976943
114.5025940969935 19.036874374172577
88.11919124462153 23.929689278878723
105.42823078618709 104.68628604749024
123.22824461717617 -27.047407348826983
115.78329217877587 6.178397041801206
95.02355180281921 15.002836603936842
106.84006827601314 13.460689269593939
103.44147036586028 26.900611635468486
104.086706329958 11.13591863151315
119.53098404402455 18.789611569903126
116.71102551575034 9.416560869928448
108.43362481310203 15.781689862337032
110.15889940540822 21.3030159509211
118.68664326408354 71.46133649496697
25.715602982173152 40.68873191954726
140.87005814176752 76.02201782494903
109.76849669954477 17.424779635218112
122.2547841812972 32.4777581785825
127.88200548410883 15.819313884825895
102.2047732605282 45.59166189830509
