111.23768776332122 19.439196634698725
131.76671348197172 2.7357131158966457
97.62016629433478 42.62227190099921
107.06595489711765 79.63593580303582
90.34689875307735 -105.59593863526426
115.19805536596814 -51.195144677980274
113.1474980979143 -20.453780557252085
117.54129389293618 28.751787825899214
69.3477017767556 5.838917023080988
92.81760082524187 18.472083592703015
108.5427045075064 9.62923629583987
97.41655883556906 21.826894651259526
110.25858045817108 26.346006049579678
75.11145760231548 -2.001321212450149
77.1142584719479 42.929386143887285
88.58624007469088 37.73677695704228
109.95511947696367 4.124864280381227
106.14665222853515 24.89514369207822
103.04598668804151 98.24429025179266
100.42776389854787 81.60677958597735
86.41705819635783 30.16082009942562
94.26139483391462 -9.31692469564534
94.06456551286665 -11.957243131745804
112.03109075245074 -49.47976619811899
118.87683899290278 142.39699090705022
109.89371529641858 7.016023353639062
110.28409365973407 21.386257064272055
109.62504307864812 -13.264996782381106
96.31505683988333 31.74836558861677
107.50613485772033 27.46521652946053
113.17023669852924 103.75146094473885
108.66909639409502 13.713611913794768
138.52401428426 32.87059792848527
129.1984187895687 -18.093034254152684
70.36637891639114 -21.11981667745321
109.15667549011177 53.255362347510086
103.92918734813495 97.53194626176283
129.23139674262785 9.055704597050457
125.51754070872663 64.23155634538317
95.28661331266014 14.453608793015356
125.25620198668611 38.27287111224577
125.47381462394358 62.07670992879346
140.37551465603508 89.9175624910877
118.10091788168049 19.894587660132455
46.77105331194943 7.584152356615243
118.67558372893467 116.78624676003615
116.64292343272658 -6.434829354442189
112.39511292091363 37.02043245616317
112.30606736703103 4.219856857600234
134.61515499859237 23.257351609429595
79.12858477270245 12.424204966757005
102.9410427151849 69.79917339959349
75.55121132192114 100.65036790363845
100.3518174975095 100.01461799516113
105.85176204162723 46.88739807368124
107.84551438965863 14.610828161261113
100.4037728142452 64.31679516681558
128.2183747793289 16.762701849968504
96.10767852716988 17.2457491767691
124.15038931412178 194.75104286828196
95.71543104691855 75.0299013615334
139.70185826829507 89.82361785323816
111.2357761421459 25.474423373945314
122.89618296337511 61.72288196331283
117.32818721419423 11.652350104045793
87.0794705521542 10.19563283833323
166.3588476191815 -13.159129267509636
102.65558719221036 14.317551545020294
113.61420376790073 11.553009101696734
94.13579042866687 -10.533463979770127
98.62922794501395 43.07774728911198
131.1458363329354 14.84462832113943
102.62159303573404 9.78689700107952
124.20604818889151 -5.841458634862816
110.5668025554312 -27.891821779794636
84.7828093128469 84.04201227217386
128.52523884738537 10.274156420787152
120.83601327703504 -52.00164344058986
91.09457395359071 63.220825210888954
118.30282110048198 8.327642077829651
106.03441361477269 14.216023941416282
110.93942936303836 -6.979433842356924
103.33263540015943 151.18105777909577
87.9588148956917 18.663901242754186
88.51738463241179 -13.07704242191821
106.18542770631109 4.131291061791509
107.3414804892256 22.524941384737765
105.36885104073136 20.73548379447661
118.30211629358622 20.02353112957337
114.76627721856187 6.5240946484563995
86.31980529131937 7.956547234092282
106.72050459458045 -62.376148306693516
88.81397980495296 76.62774373688917
97.42895167730619 169.4015758720966
122.82424151788354 84.1915959955535
125.9735479136235 43.860625906768995
107.53054858870026 -31.710111393977815
90.3437366529081 59.874441129226234
102.77587084157479 26.05179790615005
124.1987303077083 56.06906610277561
116.51895921696357 14.555622736876373
3.2568068699073454 73.63419147844802
174.02052744641986 18.853716852580963
119.0645495555117 37.406472651927224
113.03053711186419 36.317486647197825
104.14584438498112 7.987688610972636
61.24498561768193 16.446081033226395
99.44619121546836 66.05332721005153
138.9598750208087 40.51646521979133
98.13882330633523 20.186416690245732
107.72339927972 0.22236500008060667
113.95752155578613 19.16951691446886
122.92231559164567 7.640999848991974
98.85640098067309 18.618755783196093
137.11689307311204 42.2084578530536
87.82578573425718 -34.92944372264795
107.47511032488148 18.565923256342185
116.6076431971766 81.84533131433776
104.03333361898568 3.7859390175699894
28.506485827184488 -6.517334576512508
111.27239530204398 -40.81370680246046
114.90547553384518 -58.13282123762678
108.13548037317246 16.7719435064984
85.88338613334899 32.89309069264537
85.20635006358782 19.61437483597998
88.38873650074856 113.19853314358274
90.95801452161915 21.66826320440188
151.98885290725156 39.07722891451222
85.17404884686626 11.820753050061118
96.8094036386769 23.56441497255624
115.4300147342054 68.02081996805275
106.52354605632728 14.207423630676097
100.37083222998554 23.118108459289115
95.61779404684756 66.43919908278977
121.17644145752904 23.50469153276075
98.05410041610378 22.465649420117536
90.04791469821842 71.0615675272137
107.06104995697214 40.45702133296214
117.15095978743538 17.519092927385145
111.12013190391951 67.4125908835009
105.66063076413893 6.780924403655217
102.24141052604222 -5.992254701876899
113.8611238169913 19.306218064267032
109.09682562360759 11.030552620844507
102.3297563427651 -64.38988706483782
48.007801676982496 4.2870053839570605
116.80834640466264 103.21286082419472
99.30806771637373 11.101365715720908
105.05474241912799 44.59431296427375
105.42519439079615 78.18621659796852
101.56194216503343 105.90871219460391
128.55156097297706 51.157190797455286
116.92911155457283 14.716467445650931
115.47531497660033 32.109265633640796
133.42805731161735 15.237202528377813
109.98622484501186 53.39629102201465
115.51468096745818 74.87982785727404
109.60696234586133 20.550212124306412
102.86779511905813 3.509556887844341
108.79748691506178 19.076785570612195
56.23726275854483 27.448003217424212
157.4101454296268 128.2972613349637
84.14995739434227 96.35758111859492
87.53333767483363 -23.240100268408074
88.98208532840617 30.977949190651536
101.54095092976368 147.75192005571438
118.02394593988816 11.706316646530764
107.01222657719805 33.706362884100436
95.13108664594724 -43.41211903536134
117.33517056632539 37.396494744550054
84.27328006822039 63.62046294921852
120.57340066180399 46.267503367085496
107.64531678686957 25.682393610484866
108.62327926589064 12.682861551274797
109.90519146983686 -7.983625576338015
111.18887931254484 22.317661816812755
90.52663990371278 15.101785098487232
99.9303844053056 13.559617464622892
83.80571589340582 29.098308853731442
122.93507863697329 19.866706799708908
117.85885463969159 23.80539572309987
103.42371219898355 13.226099118549921
105.08932025548008 7.247301069002827
108.51551358108499 10.319918660440669
98.83123543368292 14.663496102492532
110.21287695796421 5.710618516289112
93.5450118386213 1.6000562547089836
107.71143218902176 143.3701299574148
106.06327437778361 8.684754278420526
123.60310809627529 19.725417704497332
132.461814165373 21.690364533197673
101.22026651238693 0.10036725589133222
108.30761727714662 8.484791418861999
108.43450125895521 22.214640833195794
91.49963832705876 67.28189201490687
106.3020521096529 65.7962442766583
102.4698137988418 12.575732738567531
92.44344222432773 -41.567470236293715
105.91471061286717 12.19696952611558
85.97066771226827 -31.175039147664386
116.18906013660362 17.548385770071842
81.87389296343001 9.36777547850878
113.66524395088187 -1.0769640683319124
103.4453942796726 15.103449472300293
133.71853484046022 34.360146514247596
107.76402478974495 11.128487573600385
79.71245024096557 90.97488547761485
107.85841628894042 12.154542425311247
80.90848836113769 78.0509336884882
112.28866571068782 10.017000156022469
103.33638249079497 13.147116134423134
106.09945059030498 25.32992411522908
151.58179060213473 8.832339748277507
95.08128975237773 10.350641898940541
91.01551010860965 11.210507896231826
104.52714591010326 63.60178983385297
97.36393685833211 9.405958791839474
76.33114832984455 50.23701680739205
110.18432867713983 14.022987762164952
107.30932163243797 10.994844681931019
110.80972495118785 37.735164354086436
100.78419802832308 27.957128738956385
110.12902856090899 10.277552254368311
117.3307983088954 148.64722767617545
99.85595087123886 9.675372831976475
110.12929774864203 13.141852686738376
111.74427924614885 9.985928920804694
106.81658502613429 23.407187438433002
116.05257659330468 46.17222502077203
114.88503677934598 59.7903768181603
100.15179833111135 -3.3640965571244297
159.82699502299852 23.806998756659443
118.94789756899532 57.10097269915476
102.92875734885965 112.70095480723505
133.8155506119437 40.710205729087484
107.38854431835148 17.959418821509715
89.58682906634549 19.582616548126992
112.09363021654377 13.40362660945712
139.98141995921856 29.067955104643048
106.37355175764567 31.677957996543547
109.55954030244627 -22.197678259382876
101.1598257048958 27.675251447870572
81.9173001463164 19.586010113629253
120.19328612632758 14.23009113683407
138.81022783906863 66.75035086194458
101.6039901898687 15.22247314546211
108.23451002437932 -14.201356395754484
87.38557270389694 10.45324744707945
110.56384956378507 -2.1011308757178417
95.79848349954804 12.842777044222654
97.73210817939825 23.762690861240014
107.3619835035111 -32.90470295167983
92.57497553223612 100.16279821339197
77.80321012651883 -6.72960189931154
97.0827152415716 18.50695394522016
106.67583559270787 12.36165039951248
110.18998057088325 85.08197902622129
76.18820787258966 17.54083111131391
106.13853658227572 44.10448683236906
102.96143072984958 15.346604172605957
107.97655445982281 -27.22591679836972
97.05034993317953 -16.09558414641641
52.53689244160993 5.602826797344466
122.67620489849278 64.95435791968775
115.81291179145279 -8.088758058682235
102.17643704773491 60.13789243848477
106.3662819401571 -14.76939099981789
44.78511864204944 32.369730043175785
109.65181251909496 17.863745378559614
110.07431988909894 5.983457054631005
104.02590837875938 22.72736531773269
87.94863907426677 15.813119618745194
109.69446025988108 -21.70450931388824
104.11353015506265 -12.274188437950954
92.96866441340347 56.77737398090021
68.02427617049867 -4.682953617338352
114.43676236490188 24.36660027204873
127.72368411832895 15.089501211427017
106.46461713686426 12.271518551464444
114.47009346823587 16.609186241357474
80.28937813954781 8.379075332117818
59.439695250431804 -1.4513222621879946
75.28773228337376 9.669840421871491
126.15997195826367 75.01222134587509
110.8029279612656 61.603352117832785
102.05195710766013 28.91497755433451
111.12636223968495 18.9176133344819
129.14758276663622 20.347627754269308
116.90984961316366 119.79886172733569
111.99270328845414 19.258060750306406
143.09940989271362 26.85039295183587
99.56496544122474 19.20147694968133
104.61111088159609 96.91456588038149
108.62030811666625 85.66311266749213
116.31180734766896 40.14791505236384
109.75167685260035 24.732713182943105
104.35355481504212 10.08134607320482
84.37592392231149 78.68091343412092
82.0146714400667 -15.614595042174725
82.82112697424849 43.70710111610375
117.51591097534133 18.4252220819018
95.18749763947086 24.01885131186117
106.69338968261309 72.11747006304142
120.52583803871815 -26.595704624416427
96.47076126226058 32.54030647945166
90.80098066423949 12.216252069201056
116.27985248601136 14.411783756544754
100.96559787396778 43.85977289542994
121.85677739578934 11.647560480115374
142.30616935973228 17.888859488065712
117.59085862360861 10.73174313383576
106.52834343226634 39.57882963266765
110.43061237195282 9.777212449231566
115.47744510869768 110.93662783904745
29.939935968206235 151.61967320216655
120.6384636464892 55.51515311336249
110.22588038462843 28.44708626982919
101.48679038289191 25.271137430908322
131.23852096802025 7.0492044402580065
107.94408758762137 29.033990885835692
