107.53756829037336 21.953187052189154
126.2671430408152 -3.2873049072665217
94.90805199185277 101.86312247873434
116.99359205279389 21.241281319941002
99.33568690975122 -75.57892106016533
126.3214308070522 5.59523574262961
109.62491255903781 -5.6848418213541425
112.53123506972436 23.122610918146215
68.08716206586513 2.939722649254872
99.8970209493567 23.508615244516857
106.80855488316499 12.506722866343303
89.70068942437514 18.129141571364944
111.26334690097245 10.96353995593172
97.18840361807197 33.07404274882265
92.28278107753744 8.673896510584935
106.60953105508065 34.93772033709534
116.23535970646532 16.910025401961057
108.84892318497774 13.071775650792445
104.52515503475227 127.13146291536674
94.03170739078571 75.34174486620591
94.84690363043617 21.81753137866599
106.08647850186509 13.950933170011467
102.23570284644052 1.1359858773833227
109.40615414718482 -82.76509263764031
113.74564239276101 205.38024888857618
110.89840009329552 -16.267257068480017
111.80662396379516 24.684466831691296
109.56020683288901 -16.624200126642112
91.93114656713718 41.36760526358937
108.65854054744631 38.5465321320787
119.56971278326058 119.30100499017735
107.23367986218553 11.82060563193895
129.96951462051607 73.15672349051748
118.75520956274929 -22.58485259619576
77.79989953112673 -3.742485480648508
112.07485625275562 47.13450007051704
119.41334465849151 92.67533624693237
121.85354574620484 8.472083657561823
114.74938650699892 100.4363692775264
79.53713943578042 13.04730983870875
136.1133440388555 91.57307585050667
105.0286629716467 76.2441775248179
140.8663561841514 93.95109108200755
131.28633610481256 19.47045087326159
32.966936145376884 11.263925735559907
127.69422346913777 138.26593585106338
114.66831532538221 -9.61890890691802
109.87998226994331 42.261829555947465
106.9083193864311 -2.3632384853917094
137.9849031801129 50.24991666764213
75.60567542593232 10.113531692438695
119.89929942407747 84.1036532379959
104.12488226261952 117.35014170042349
109.41672144258357 87.07781025509516
101.11556618202796 76.18801858750822
109.03687674521376 23.321625837681612
92.9307762568973 4.565603843543119
119.71272641809423 24.33730423316225
93.95353990239936 21.426293601416916
128.9409720345417 201.2286862771452
108.49282823535029 95.70752583046243
128.82012109390755 89.67763443939697
107.66769350633771 34.36766977594665
104.21466592657555 75.01255980307093
111.40408101221806 11.860049574715006
101.44345158328568 27.64352038269766
143.69589320878362 -2.3068772015753223
103.4608101852029 12.619469655951189
115.8401356865289 19.3696997017752
95.02683961727682 -6.59479824077575
99.33131853162308 25.026966793572704
121.76269246365383 17.994521974307336
113.4788132630167 14.578884686474932
127.41940388152156 -9.636992913134454
110.47687283266293 -23.12179647665953
98.39443348606132 88.77547560552793
116.31986694898556 20.819915949047207
119.39948917428707 -19.36542304389448
76.6774075632745 67.82401378422993
100.5679441932309 -4.856982808354154
106.18658559964983 11.707385837975766
108.6200751684219 -5.201511207281199
98.71885279540629 174.64222789506718
94.15976180531693 66.61600798926018
107.9683160965161 -6.1740468605493914
110.44880427199504 8.24033321298925
89.14201748551011 26.03145924770106
106.95483661886499 30.44135698491573
112.73551251491541 19.815498268696295
114.03026118110218 25.678987501010575
96.23172023398189 10.003420497639627
113.52846903545156 -50.42839984768056
84.43928248756745 86.37317070065357
102.76160543261362 225.17192889112502
120.63660427921174 78.14621381145149
122.32909700055386 34.08830787044404
112.93330989994912 11.32602547587505
80.33031353955461 59.06606557235076
100.31982454815562 31.990886898448625
125.19561203179423 53.79806097515796
107.78913350109912 25.427778839776884
-14.68780418160666 84.53859905217146
161.2799313361925 18.435475056670526
128.00021330349 41.574156330263406
116.04065004988676 46.26850214164858
95.99795196137548 5.604328502481294
47.100707470046444 14.75428895915024
74.56738602516062 94.39344089371536
148.2462893232782 60.65551778344466
94.56541078041836 20.24731783257817
107.98137926859157 1.768341411792147
101.20946180236663 15.63933539159644
113.9550588954491 14.37621492050165
105.04777607327689 15.98651084365935
135.8955446832345 31.403053278723345
60.04096433061095 25.192552584966073
103.268178003218 19.190811672904815
131.6011777928738 74.05090533163342
107.89991774517247 3.3690690287706775
17.40766316748266 0.9269497395139534
101.94855739552904 -46.91768650741667
115.37944688523305 -32.76478640216594
100.31128677510412 20.110386330797382
74.09540389392863 36.65383048770383
87.77992901564572 12.460613268238792
91.25244349560218 127.55366846528152
91.54979710636434 21.05832077557546
136.82706235843432 42.653814197505255
91.02366310910426 9.570231789459784
95.4967204258723 24.317316916713263
108.68781236485569 69.29534027593188
102.31724229688966 11.480148945437877
105.75671615968886 16.024650975562196
93.1286211140631 95.46820593506384
89.32396644677549 26.509608391916473
86.50313710566162 24.59457644499628
92.2633050033677 97.02043113187203
113.05950978787857 13.315272632982843
113.63981108188325 19.77313431008324
114.63038594380308 93.01884296519908
98.96325680434028 28.595830079735563
105.05225387202104 7.898796594343448
108.0359001948953 19.891438393527423
109.4034223441399 24.12424931224306
106.79912811204773 -28.33356323649021
51.26199438767257 26.849062812811013
133.58255603111948 128.11338500680685
96.72268071681636 9.304983344205743
117.65140588525314 65.5446927835261
105.33399394821541 119.04812430115446
94.07260485451681 114.22496610293351
118.16131028068388 49.65732253564802
92.16648498443783 65.55476852122071
101.61231107907979 53.60046720691328
133.90288538399494 15.5504554832095
113.7335941769801 83.55109191996905
101.01540210206409 65.4180918484318
115.5913689156435 24.288239475176134
132.00839388547385 8.62991005534287
100.24730480738103 22.8004526091486
92.9930547905666 39.42118925068466
151.746460780727 159.08447897562633
81.14936264308793 118.50326388726313
107.20858952806604 -17.455031435045065
87.45900056539061 74.60009628535256
103.25428053477916 157.13694609024785
109.35413753766686 23.49326503398612
103.99067885984005 42.27445895429147
111.90258926200706 -28.429068141618366
98.24791605994199 27.352887857322695
94.06837630196425 27.357898580814997
112.10236700592039 38.215804994930934
112.06682335663216 85.3771313971
105.60958774802117 1.979193192605526
109.91438065878553 -5.3110491609882695
124.7606977724785 30.487158633553165
91.37476392501266 15.414666759685534
102.52399602723635 20.09778807569499
107.66746712569754 40.67470388019365
105.29892577711794 19.638425004112307
119.32137690549268 39.18103464851553
106.59369728975841 15.845905901382633
112.55399251832338 16.134836856106393
106.79479443435973 79.9859973330549
107.42866496753825 24.224726572537488
114.24076051755043 7.101324995364427
92.27786437439663 0.20064542949054756
88.54603420832272 150.10053405902477
113.57409151932612 19.81979119334627
112.50604271532924 23.31586125468873
118.68069819088836 15.374337374260007
82.17419589510702 -5.3775346826911985
109.25842524687026 13.860182030648176
108.56084144033238 13.21479896943676
113.37379826083385 71.86055945771652
105.07186286536725 60.083746221312296
90.45754583293953 24.246994386591744
100.59777914949225 -36.013561757969406
114.72641373652012 22.23236968373137
77.07123529747247 -49.554322425179265
106.64778725897004 24.486043106128204
85.00713400836351 16.434621376456132
119.70729008475398 5.324586211370464
100.31368662036496 10.396904945285673
147.450659101991 12.277881913637755
107.99377448215064 11.418780762063879
87.93559121450438 138.138807365649
102.81537511459594 28.47919270444481
61.17445310004743 60.32363173033426
110.30425073126031 31.34306141423745
106.34052616083338 11.886862136862765
113.75561215197453 22.239409350648863
147.25494374735456 -12.195226649290854
100.81203263501291 16.427875192872776
90.97984723072135 -1.3369764856811313
115.17360403200506 51.93699565917914
86.7699648236609 8.08680472070838
85.33635665154023 100.48816710953791
110.4603408396028 6.1536272026949375
107.8174145066383 23.173478866749647
126.29477655258114 49.74912633719649
106.80730986516653 21.425839957557482
110.18952236450097 7.15995519528961
151.32191615307383 149.29741443784218
107.11945015111556 24.53842803468681
106.52981780453293 3.713209928161495
112.33588068066605 6.985792691369909
115.96054252393628 22.607061629974194
96.47671674619325 32.1597824781382
105.99040006695907 115.99260129325695
105.9775413918718 0.12071742394811125
147.87905407655086 1.3553463957050012
125.35113892683276 72.74202418963984
112.89751913240728 115.95120874726128
141.01626622755938 44.4085089783129
112.95927007941327 29.68372813711943
81.62396604033475 18.64801654012689
127.1947746244712 16.003897005731748
144.57988023046133 86.4758346275063
110.49746714925234 51.55328668591422
110.58353699641279 6.482867498846521
98.39156015190852 31.298547088456527
83.63593245998835 -3.3381545837498816
117.14584020059644 21.21875738129918
123.62135640708225 59.714111574526
109.76714775665627 -16.412411595317863
107.12160193094444 -30.574721373073405
83.58687999627514 4.710203323036022
102.38274077678294 2.5273238280094006
76.29821255334514 14.41135543991579
86.2210382716347 35.36621583344521
107.49656071316461 1.0606547840353233
84.62592144551763 86.11776582894602
91.08179128467613 3.4019890695418757
87.15436722854867 18.90108159627426
108.42190396591303 13.764230565343738
94.42308790131581 86.63701555453497
71.03248847171912 17.538958553900205
107.80489429967334 26.643769994144193
95.64840889546676 13.404612527428934
108.21802850221735 -31.526100739134403
89.76030889425708 37.077215947552844
41.255172934130364 -0.6014930229530487
120.92448812328095 69.42970590785934
121.71119056211602 -41.81713327739031
109.08220881699086 53.50660911651237
118.9457725167798 26.391507168806115
46.18434336955754 32.88601026013024
105.49921203629323 15.854023974038032
109.9364285977958 14.513239911282863
111.59022550375052 18.221949770329243
85.48123817163764 12.05647796332294
106.35570823742233 -7.988318454425398
88.48704376155561 25.001151414341827
106.24932299195528 40.662463072945876
111.02656729339274 0.060227572891897285
113.58369835494611 29.028497422209757
119.45718365958858 23.036803354874248
107.41952138634989 17.146014869545166
116.74237052826972 29.5826032418883
82.12091720642827 5.221063766340429
18.313604392389067 -0.20511162988854403
95.34716553661893 19.919161894956222
134.3628986627471 84.23229696836462
107.7089872202538 74.92428381641366
96.8770565568448 19.805456189852407
114.26668025267256 19.36854708897471
126.67979142306814 20.214212928754055
121.52187472582105 150.8099031815108
122.9141168854439 24.36733866823794
126.20128225989471 27.061398448168195
84.24918679971707 23.322141869767268
101.51030415482322 126.89271233635421
118.63738900584524 140.22266400219996
119.6156355863038 51.23999968293521
109.75290504753461 18.38678237021466
98.0568138276719 3.3009943518280105
91.04286474110246 108.9397326962952
85.02681748632692 8.091114792577931
84.99191313750521 80.73274803826334
117.80313423115031 18.291079123835612
103.77572507768781 22.721165177300854
108.47242640083124 45.727338349707104
114.4698517861267 -15.279478140346752
82.73792470552219 51.268817754087365
92.66399654618667 11.395108352662607
122.57073506524333 16.386479315593668
100.9652174701193 50.43337449764693
133.7047199134648 14.247853408237448
153.81038429842667 17.584561261445266
115.4787746428161 13.972020094699547
105.82354320150822 53.22450318128025
110.46561050405943 2.0390159450560548
111.09900716949971 129.9124876428177
40.256677905840334 236.97758309788594
100.69756254097265 46.136186093076
110.51118469920193 35.03848035535317
86.26658418893662 17.58907810214027
128.91430780993662 2.762298783349302
113.37323034188343 12.580526228220592
