106.83882373458776 22.3934844366934
124.64177459425729 -2.2602531745588124
94.81610719718144 113.671765478492
117.91364330045053 8.916337795223415
101.56175318677047 -66.1731427003647
128.17534575108084 19.854507112443223
108.88589632273981 -1.9159069878458515
111.38374720601867 21.798687963186975
69.13561772344619 2.8402221597475634
101.65254652698454 24.430283409838733
106.53783142958027 13.316543210296857
88.6216893303091 17.39582641655225
111.4361256581622 8.012374877525815
102.09816980608126 41.1240287945075
96.00334431687874 1.8780345620221492
110.45949151565182 33.86762814831608
117.3637438060887 19.612679269682772
109.43472733668345 13.115882531819297
105.0465415856565 131.12987740459673
93.10380867637063 73.75157635950082
97.21776211803038 19.97503616410689
108.6500894014844 18.9110701708556
104.10778724640856 4.448783367040427
108.8558160159738 -86.79933253094555
112.52961345206499 215.58061109580572
111.07852450301284 -20.35539276027125
112.0678591699442 25.182134139632538
109.55740066858696 -16.414196823442257
91.46279724042888 42.68760657882006
108.93083723756116 40.36541271021508
120.59007783503569 121.7014219729561
107.0234866224801 11.649048881317865
127.50563598039271 81.32855788026146
116.22855665991898 -22.0256606179188
79.9784038651334 2.8715008751521403
112.62600819325579 45.05782013781911
122.29436082982629 90.96227185493844
119.86588466575333 8.722572314343495
112.32930448705416 107.30463289001717
76.99856062983314 12.90046293075804
137.6273789862343 101.77933860610443
100.94278034951336 78.73366950749677
139.84267874605362 92.10254532214955
133.51435949108534 19.377619934276538
30.600389876841227 12.28934919618578
128.81474913759888 140.84262315721958
114.2073033221383 -9.657961552695491
109.35491264355203 42.81280893368623
105.87670933580709 -2.8084928873168318
138.0206478414515 56.51578474453736
76.09046064836791 9.861244900062049
123.18324173839004 85.46120248478258
110.15569775458451 118.9339818937295
111.30463366828886 83.5598221691519
100.42790528301771 80.65221539978987
109.31470705040557 25.00697848711408
91.84831906276018 -5.768009688796338
117.62573450995481 25.731034672010434
94.16502286066608 22.224197425470358
129.31686213657167 199.29512333416207
111.1614229560948 98.8788220311155
125.8487655525033 88.98141046801388
107.00441354807397 35.678682179569094
100.50683367033258 77.78730615542135
110.11295931507556 12.225239030916851
104.8691373755774 30.949770226431962
138.27811632518637 0.3275054050762196
103.83862006707004 12.406956505494255
116.21193508595043 20.99097052050939
95.46750191317136 -4.929670631463225
99.78971550057419 22.370297291906112
119.37353336952607 18.71630648941155
115.64926736076816 15.70751160824959
127.6455149635726 -9.566469673483297
110.43781007811431 -20.939283033336753
101.54797156965186 89.6155439779223
113.71232033258671 22.98746779434056
118.8744269494184 -8.64956779470374
74.78191762272655 68.42079700724383
97.13357589149426 -6.8795211958944
106.32695450889625 13.459359101877743
108.17924683859304 -4.389315266450674
98.11633394469658 177.68159475953084
96.03827264399138 76.49065010727799
112.12293816997338 -3.9826414298193455
111.31693522856905 9.4072300908268
86.0040669367271 27.685161605921905
107.37942331213932 32.028948426533034
111.48414271307388 19.768574881023543
113.75305129138056 29.474917066198277
98.69499580090672 10.73358603374902
114.86013649059059 -44.175456784382256
84.36168560093063 86.55224634631631
104.15595208443696 233.1643217737182
119.85167457740454 77.47445394859004
121.35082171357368 32.137936561551484
113.95312559146312 21.64297608962888
78.98597752557868 59.81548427794188
100.06264264356 32.796720048437074
124.95395289753108 53.832007133587034
106.0260861304179 27.48527466958819
-17.715785294347675 84.38519687792639
157.5857074285899 18.368676870767192
129.19948199781436 41.75141522001274
116.51158361712675 47.30177324765373
94.56627312580133 5.3782628333342
45.93439885129141 14.507803064274384
70.3031015956939 98.2047800099114
148.44850397902462 63.2797038116323
94.27717715244802 20.23820896721661
108.09077527916567 2.594296197951237
98.82745880027642 15.010630046411682
111.95911263669458 15.86950272942109
106.4263042303523 15.549304355891723
135.03714172486426 29.86723338094504
56.00655741288203 38.231594786632265
102.55115109544717 19.32243372338425
133.787755457155 72.05550584730673
108.73575179076326 3.8347716431977137
16.556337057552636 2.8143459089821543
100.20159755905387 -46.341733673989026
115.37636826005247 -25.920677696905383
98.98519341705462 20.77700761806574
72.37021778591405 38.1634136372325
88.97295748171157 11.137071572008882
92.46853568178713 128.6300204227903
92.36464649438109 20.874605469356474
132.8593907993257 44.367934639217985
92.76387889900026 9.35246099032733
95.51562190628879 24.351068405537475
107.30454680289057 69.63596018837126
101.62738831253917 11.094226067297495
107.02474697579731 15.865414721263418
93.03834773650173 100.94446585304902
83.2976545808572 28.793418954050896
84.90094379443293 24.865313707122848
93.29677714086071 102.2544053345341
114.21766990868865 7.891607219883167
112.8085686246327 20.234683623572664
115.1715658900629 96.25062014498792
97.85116766269046 33.55220063877834
105.77632203627482 11.852536576532234
106.86794158485172 20.002692769354187
109.47619088441886 26.67148557619227
107.78591746336727 -19.49416641600034
52.84249454686991 32.706625690928455
136.595155023431 131.89262864794455
96.57533343464473 9.259921817049051
120.08244297700075 70.12700719350357
105.4097728093646 125.89226876568986
91.56440341558785 114.15701278139959
115.70986346625031 49.68535947796739
87.67964319248341 76.2707486673789
98.97624280909768 58.674884458926286
133.35481831763286 15.704575056572132
114.38059593289837 88.34609327687451
98.35957563390784 63.28854172933171
116.68791965662997 24.92820245197837
137.46786468563903 10.01470397258112
98.8543194056981 23.444400750462925
101.01430956412378 42.91265717794717
149.11347581825586 164.66126954683415
81.44065978430538 121.67404994363609
111.36555006632794 -13.699302683174448
88.1149479506864 83.1835685953698
103.79795601899617 157.75502854327374
107.5749807926847 25.84868636433276
103.48677394923504 43.26040216559761
115.37275033030396 -23.76710960498308
94.60806720603554 24.980049745367893
96.69110173993873 21.397237251200067
110.24846229886087 37.0909855028183
112.93249274343935 97.83304393640475
105.12644120673963 0.45095748011808534
109.91086321677022 -3.6034419696581272
127.16586525174553 33.325099589705786
92.2751438801593 15.589390999634054
103.2390586376558 21.424460035386282
112.72805474772709 42.20663596118745
101.7785967425297 19.578562291183903
119.38204673932461 41.85431608011624
107.38371082371702 16.503658791379394
114.01439237106092 18.055185312528025
106.51004174335533 92.7074539336239
109.32424343306396 26.060975090212956
114.99775447973194 7.767864412436663
92.53610531072293 0.4889372163443425
84.90616865434545 150.44267711453782
115.03396919992593 22.13176165208397
110.15062046596837 24.997600207280037
115.5629830957167 14.146423110569636
78.78065474115623 -5.856299445599721
109.46017513881365 15.131647525501611
108.61438438054684 11.510995423097489
117.82302662233992 72.91177384510273
104.95855495965513 57.9129208994092
88.74155322680512 26.52540436914348
102.57810915716564 -29.886833740008928
116.39199520816405 24.23971565428491
76.12811799112818 -49.17803720916843
104.76772952948217 25.755071650577207
86.31314079491838 18.029951716185824
120.6063337339721 7.137765641243065
99.92210997395006 9.767975469249365
149.00728917594324 9.892911311609069
108.07328994502745 11.71408497998233
90.11618843909909 145.87735399081436
101.94627705894969 31.593958367328785
58.34265913832864 56.76940460048917
109.869048071938 35.45259830437925
107.07110583450367 11.897464505920073
115.20460647173252 21.540618871735738
144.91173170754374 -14.145797966347173
102.30918068943694 17.777170328983107
89.94403950474317 -3.414204450721757
117.23822435727878 50.00571612564619
85.22064147997781 8.092268300497011
88.01305557347777 110.05066255932658
110.49934454642529 4.887431153167431
107.97232014147737 25.601439580521067
128.84314436764072 52.67711614649412
108.16958236745252 21.72035263914266
110.18915055507306 6.812030814644421
157.20511082777503 148.54638746242819
108.74700498048225 27.465529093947957
105.88213024797108 2.2191748223942342
112.37423383536876 6.696698472785674
117.66968824906914 22.378848399271522
92.79193142351784 30.055679817486624
104.24670460298574 126.32868854150324
107.33407012223797 1.4747239748735017
143.69847357235022 -2.8390401849747446
126.22682623799452 76.35472261918652
114.88965600208572 114.95872145139755
141.85374402909648 46.370729081708625
114.01763515148448 31.8240724321671
80.76361194366199 18.48589943917808
129.833011324481 16.64961674575521
144.65271981709796 97.95140116572455
111.32958999377625 54.906397962274994
110.75992989355258 12.817368976283253
98.16847652581774 31.73446391829893
84.86665762755347 -5.125499469865481
116.28576732364826 22.59665281435132
120.20989159805666 58.26328255974134
111.48454720555895 -22.141196362536434
106.98459779306339 -32.128083133975224
83.66897918970781 4.022407857187684
100.90476340575702 4.042297078815381
73.24104691439018 14.847360865507289
84.32857129503658 37.353312310083794
107.59332187791145 9.091661849462126
83.62088874118982 82.43620328087836
94.38259879023373 7.610315612166158
84.51629909090259 18.984147704844602
108.82230785933898 14.243816144181178
91.59561666872193 85.95145495724631
71.18616859047168 17.58933834880034
108.2149588414358 24.64946306907887
94.46175388838816 13.142698259621348
108.32738782425105 -31.010827672394466
88.8536320818612 48.65106732572356
41.095346912167116 -1.3097771630409094
120.29939495948861 70.18886982884966
122.61925827183191 -46.73331189208472
110.53055747925717 52.15362151490276
121.21094437731834 36.36822467280828
47.419529411968284 34.2578642201082
104.74981377911564 15.575651747975915
109.90475174405155 16.490414984817598
113.12514457204723 17.315911418643555
85.8429823947502 11.481409534785554
105.74559643959257 -4.197440333102623
85.81693921225252 34.3584190698884
109.06589617598051 37.400818149816814
119.93165798489846 2.693396848519022
113.22518201945034 29.707680808779454
117.55598301459132 24.554750532457867
107.66892646249764 18.263808820987766
116.94364735998354 31.974713814473407
83.23412062498733 5.076589102801242
13.051781785065703 0.5563505806858098
99.89825471449193 23.73944049362637
135.15711126333665 86.08153450905537
107.11082172568494 77.48663885791363
96.23026015811162 17.8804906794494
114.7962070178089 19.46438762010231
125.54319627651348 20.151504256232453
122.14254878223186 156.09847685430563
124.75315064763497 25.21696425543682
122.13782986219034 26.954445848251243
81.82097321675639 24.082280909690205
101.1817677298412 131.69877524145278
120.45793247923342 148.85292315633154
119.98739725054563 52.59600216345093
109.75481831150738 17.099202347389696
97.13148210035394 2.524198703045058
93.17441277096466 113.77960953885561
86.39141827707581 13.224811617852875
85.97264856045602 87.99412059859321
117.58850589692192 18.29605980968891
105.72322876591616 22.31605559188421
108.90233636192814 41.33255374680734
112.95741839710769 -11.891520770015088
80.45144425815286 54.33526241862531
93.46350945759814 11.448733498069494
123.51824916439358 16.884200751065904
101.19608790044698 50.671706280851204
135.33853096472566 14.963289552525552
155.20245186009478 17.56990533751573
114.80518443938367 14.852961871350423
105.79429764190441 54.703173294921015
110.45597125938603 0.8699847153872633
110.12770236405142 131.35996780529493
42.114004800502 251.17146481711353
96.81807906057556 45.90435335054736
110.54961238509627 35.928672843864966
83.73040071035152 16.070136320255774
127.93375578087705 2.503187794189888
114.3863819147656 9.338460445183628
