104.96433228390515 23.533586850602436
119.03489954076 4.347705060549094
95.10182249164073 146.06564083384072
120.3542729362433 -27.122814173435515
108.6428962162339 -34.222416673513294
131.90799617103767 65.2560303648652
106.74604339534162 10.44838458335401
107.91148315118242 17.700485661883985
73.64737268247796 3.781494288470102
107.42919069118317 26.806731662964474
106.02965450565539 16.177549365545726
86.78804231454222 15.306476765685476
111.85482149773743 -0.37792634246362233
117.07486831416746 65.99036719399606
108.2079039665184 -16.59179274157463
121.89685042977585 30.14344744954022
120.06844879760229 27.623160989641107
111.18958856703203 18.94069500936245
106.91432804762067 138.502947628634
91.05599039395734 69.1853659845342
104.98189793399577 14.482345150783065
116.31678283064491 33.54119349820293
110.06638903865803 14.976339263128775
107.24236403000235 -93.43030283749086
108.70754857673586 237.36800592075954
111.53259414170067 -28.99055717580179
112.66085835219232 26.19365138510428
109.56689800795714 -13.592322122200478
91.13898382667797 45.08914316420808
109.78251153325215 44.40732392173033
122.84206310906029 125.31604174732034
106.57194228344125 11.51134913656712
118.8054294034961 105.37995267136483
108.29137945916051 -18.21155314288776
88.02007312517468 27.977967366765775
114.03081912650713 37.14608984173326
129.67718489872064 85.34994751828748
113.25381428563975 10.232119923239296
105.06512565683255 125.79080525990645
71.44657077458537 12.773796795439322
140.760669225708 130.75526522828244
89.25196631231745 85.43272155620156
135.35845917357298 81.84249520626959
138.69189752103233 19.099168771002002
25.70054660756878 15.605684385047235
131.07590900178627 143.92014900962528
112.59376399368672 -7.761749082008401
107.8197102381799 43.05453101068292
103.08130980846136 -3.0900495676131516
136.52596509040046 76.08637223948163
79.26092165698869 9.49104269962459
132.0897439591705 84.55732634992759
128.12543647881765 121.20707371412234
116.84315104408068 72.93228494930862
99.22579281332885 90.63731021223822
110.16346783447297 29.6412478468524
90.1512801013489 -33.077063469554176
110.83027236048108 29.43101373393384
95.57638853712115 24.43260734335979
129.5180868289917 189.42758643067577
118.8637590126931 107.17812244063172
116.2736664898453 86.28339717741325
105.23350808028742 39.10324209177299
90.17447288501819 86.7897146568966
106.248030519973 13.630476136082672
115.30556491971382 40.231476159699255
120.86649887155015 9.461248452718262
105.33423451108416 12.30463121845164
117.00691932154778 25.675197452887822
97.86042858924094 1.6785145859786792
101.81138545237914 18.05577481135974
111.87930258035209 20.880034630617075
121.78024552463393 19.273700209603614
126.49392829028521 -7.451155076897169
110.29285054686801 -12.546911333430142
111.32464698268346 91.11220267462501
105.79705985731562 29.226950111738436
116.8196786241377 27.654949875804334
70.4371748050485 71.48978530722034
87.59801243769378 -11.59241954669445
106.91795495188182 22.198536627706126
106.99210329970506 -0.31256044344991296
97.23560921517226 182.16378689283195
102.30676297973301 104.8754781070332
124.0803080921132 4.310701175384307
113.80182036793914 13.44227943985748
77.88122129014945 35.91420937536244
108.74279056256044 35.91518690276223
107.69160624568552 19.619642359612804
112.74974002209355 40.15233680275414
106.6858397214483 13.365990754033167
118.65902599929761 -20.561608381451148
85.4002298454858 83.31935321178743
108.59248043885805 248.67814179788678
117.10259563458358 74.85621912891897
117.95374445982591 29.187196213783537
116.73699593137916 54.8185129051994
76.35741828743734 63.56657128283523
100.20997309811295 34.61278856335873
123.37907590177011 56.04495182592447
101.12468133750762 33.252378629224076
-24.72624243059663 80.15812395510774
145.17534673238075 18.230981245889566
131.83214349033545 40.7064124780904
117.3924775106634 48.342318012332306
90.9828287316004 5.540440755465309
45.22048108449578 14.031050425229743
60.09084101616622 104.6978791925782
146.1691428800789 69.55574354679139
94.01924758438555 20.173443296479828
108.51403646104441 6.174578310545006
92.49587565856868 13.380528435040432
105.9225875081739 20.484478007752696
110.75292639581329 14.59414583943939
130.74355381057953 29.544382795645667
47.892123939952086 77.48189349839166
101.0112217826413 19.714225138784567
137.95226277550674 66.51230669732003
111.25702667894986 6.253188986944495
16.208919296101058 9.27890704991596
95.58478752300779 -41.4696102070247
115.12431244194336 -2.547870991807022
95.4447848891906 22.651715410167185
68.42611665169484 45.10491024824379
93.48915845958956 7.754213784097013
96.84058811687572 129.3838475940964
95.90164119649266 20.2804350539874
119.63144221695923 51.95474114148796
98.8669795009172 9.320205058409826
96.51551273873139 24.171224962908745
103.33150943369408 69.77192525734773
99.95604891696402 10.31093370930992
110.94757268995224 19.139588800560766
93.76734875036907 115.64256674447556
66.82062422829149 37.09119691504355
80.99288346475662 25.316163625223982
97.42527817114832 116.9160492696571
117.42507881997312 -7.53088125589081
110.14164441214953 21.54431778087416
116.42176329005143 101.09914958460874
95.33001240326203 51.223523033965705
108.24190489289205 26.083598661092303
103.5736628110884 20.307437338224485
109.709648537532 33.70228540812063
110.89669490962883 8.654532644525975
59.55827516102088 51.530849289888174
143.63767978564047 139.71312367369578
97.08995756161028 9.879184648231936
126.85842657141704 83.8094392011693
105.86626797381818 142.97086708706456
83.21283720479059 110.16173670813012
108.04956845082995 49.86035007577868
76.2938229456047 107.72880617612161
91.81537640428115 73.87165070665162
131.00917407295898 16.324844506263865
115.90012410184045 97.76321459805689
90.960005676128 58.43044899084495
119.43197459738877 26.438224527294707
151.81924316497748 14.49388983990204
95.30115342689501 25.04798283208522
125.52258368363856 55.000939709430604
139.51611493382603 178.9086777028674
84.34001727803847 126.68763407111489
123.55843559548683 2.2061700697605033
91.42280126728183 108.06222596080922
105.62510846932312 156.75856409671673
102.47345640313688 32.44789497628987
102.3667860382119 44.54267795081071
125.54115289347793 -6.617597730146956
84.73702149016538 17.58928256624782
105.4624165662903 5.871031815038149
104.72849297781575 35.16113354111872
115.38474714530714 132.86901410019428
104.01830761235372 -3.2312176515114066
109.8935508370873 2.9797248056156755
133.277151983175 42.554716287973896
96.36649102835976 16.252156808713924
105.78185827108237 25.25936612998961
127.66189698699418 45.58358882965999
91.96143583605652 19.3754594710335
119.18318319324906 47.96145899820413
109.8734009920354 18.652140757970272
118.06580503575712 23.774208499094275
105.75310730519372 126.40991274167266
114.95976593820122 31.120310915370755
116.94677552253792 10.322114475849899
94.3666663340939 1.9791313042981424
75.69363140286438 149.4570811794245
119.10350350352257 28.734134339668948
103.17593866430192 32.90801707099003
105.96493991945182 11.120183833559606
70.4459584990366 -5.959123923960568
110.06385997984532 19.06597340053789
108.81288994097586 7.104418575393675
130.4150913975461 77.24898790502196
104.94623698681895 49.94669883654312
85.00694634847363 32.87885450570346
108.97264082327658 -9.043619183301642
121.08426851371402 29.961548752907945
74.38720697022038 -39.00105266472612
99.34421650426161 29.055295922341426
92.06063598368343 22.842664232249717
122.73664387684305 13.507179404661024
99.42944158873777 8.498689166626434
151.4821534711704 6.577956498027976
108.39623270540069 13.08614762313519
98.02396045196171 165.9741422762123
100.08694853033067 39.933141801863094
53.808506914320155 46.96382889884333
108.56538406392907 46.879727236723056
109.3972052800402 12.517041742343153
119.20783329181582 19.325200210400883
135.67386176969572 -17.236015668717215
107.31330347988872 21.866967335226963
85.50080256716465 -8.85529512440529
122.83005859809319 44.272729515944334
81.85291035882126 8.921132021205914
97.73975381371336 135.98888386282732
110.57998945632136 2.147382390108398
108.53052121377029 32.44949475715641
135.16565433665414 62.377884035621435
112.2998916392863 24.978770107413542
110.1744982774611 6.380356885748696
171.04959518803025 145.04237621526698
113.610278268995 35.81122242740508
104.28880053628814 -1.0658343070371437
112.32091333181275 6.571025699254468
122.14436789233504 21.544214193016067
82.95402085430057 26.840268619977298
99.43988307741847 152.56499942885773
111.43691242273201 6.8391731466661305
129.56825621945472 -13.850205274327475
127.81975948042123 87.10914238764292
120.51571365197549 108.70909153655676
142.1129486136459 53.14335829833287
116.78800651467014 37.107283005261145
80.07301719007589 18.079940399443807
136.48132213779394 18.758518005955942
142.91237637455293 131.616642517915
113.68307161516853 62.76937440884927
111.19235416709613 31.90895950466226
98.08031327274526 32.378883274578044
90.27919675271447 -4.76372170366332
113.36400928274752 26.617252584510428
109.73469872610445 55.0046762194183
116.48012767874438 -36.43384691891193
106.83388011427729 -33.34386808136791
85.09863085476006 2.8467235490443388
96.89353862596677 9.621685229858933
67.15658713379662 16.40689822581264
80.25305096253675 42.76958691735994
108.01428288515426 33.49120064925915
81.72092053586807 70.6241049584637
105.38358831310082 22.7898045624136
75.60346655326077 19.223955622902878
110.05167523126187 16.01053942294702
83.89755265596865 83.75419897892753
74.46218130243665 17.816756011496686
109.53142198114676 22.3806825495743
91.85973657734796 12.77023890870553
108.75324739399296 -26.436126556079728
86.91300002118831 84.82840855963498
44.85865967639927 -2.083606558416577
118.04394935051248 72.5026171352959
124.33912590021062 -56.04047314615283
114.77108900955166 50.56247524930834
127.27211281710245 68.34696390109406
51.19143070445185 40.44888568296399
102.88196940368067 15.005221036189289
109.80718529644597 22.51360148721794
117.34910481695745 14.68596036261166
88.69504151867847 10.054811397661666
104.11882205112089 8.112556293232648
79.3562518854729 62.859835510314696
117.45542307900247 30.955511501880878
145.24777672294817 15.098207599290348
112.03714390997419 31.065869841938973
111.48531506533605 28.737731726933173
108.56473955567915 21.65238972122962
117.02065001036503 38.76722838819157
88.48026377767327 5.751633489175431
3.927779858823177 3.812098281631185
113.95933304044604 37.26581985426858
135.52794176687848 90.4763546505075
105.45976000608897 85.40321172044199
95.22371447679681 12.324228687958243
116.02835601197455 19.749326588478823
120.9969396710883 19.930245007227477
122.9751780106309 169.68097592829108
128.91734368725005 27.470097077028168
109.44305484468367 26.305822940657063
76.65946178727327 26.01775462669675
100.86420817908783 142.4116889180629
125.11281495720937 171.53246987489294
120.4120340861647 53.81701893887861
109.76386527706046 13.494324404001738
95.06532376611563 1.0339484753137687
100.18926074815676 124.66186951205134
91.84177882063236 28.76006423458181
90.74068739492657 108.46974003197047
116.53014455446969 18.423040816508
111.76716853749062 21.021235433360484
110.25499947440656 28.971580851803818
108.22667655427972 -0.4901859739259615
75.94028657872718 61.316001741365795
97.1115910404805 12.005336898596115
125.69789851541243 18.51782179488289
102.34300120941684 49.98929063079384
138.95479606261995 17.284059639765122
155.86217255168384 17.65560062065812
112.53900204513167 17.83217941293109
105.96529210544658 57.31887301999271
110.3929888728247 -1.4345515879162591
107.21440607605197 132.33256938315742
47.02205686269837 285.3506094335168
86.04196000245449 46.33452719743644
110.63755323105312 37.723092754444096
77.74420386911109 11.703115810008068
124.30581204913571 2.657251169821271
116.99950117548833 0.3307542335430993
