119.32140842135203 126.83898616516703
115.77137624964624 97.98831970339576
113.10645126810603 122.17281440230038
79.0000700595462 125.36325888116181
21.831896637761467 44.543388744361856
125.3320738208985 130.62940453925032
103.23913150360244 42.780563982075414
105.28383875821093 59.00555021755134
115.04213453700987 21.045890213309573
122.20643765785373 115.83037607471051
32.109186923226716 28.75417325760467
121.44928189403805 22.076917242770115
109.42317087035653 120.28822597023958
126.51053797271331 119.9557148481563
129.2664487959875 99.1391128816488
116.48819373656626 13.882833471178097
19.458330360880208 42.564483610210516
115.28572779733857 127.59322037185932
56.68888888102192 128.15143418569463
99.08657297529189 132.05436352841122
122.4410679386608 126.14034957406568
125.39591640835484 51.920481489623235
114.26589954710475 40.43046804317821
104.92030562507836 68.92585632092141
106.87067133716107 107.2514869586697
100.1104600028396 102.01336709529686
48.40845840428715 54.3027038437666
110.11924283358181 123.13106477216432
55.86348087156081 121.05857937160503
110.81022811048176 39.4273177031291
109.27751721685176 73.14494393527804
110.6005624886742 30.604682451952996
82.04675753395654 137.33768549494548
17.600551450762417 42.001744672375224
84.33541557412458 136.37324515981194
104.14731274645025 130.94627324010486
110.37617986329934 95.74370272042994
99.18868553565427 12.830527458395535
96.46122429037077 119.30757548735231
105.70668218563526 22.324446974487753
119.79571424578589 89.42456523256641
87.33964234031018 107.0756772776972
26.119120889498454 17.55875670201664
139.53754559050094 19.356712729409136
65.32280265124348 28.926564326845963
119.87074717985882 131.65753177498902
79.43590284949096 36.40793825716239
108.53887369746839 48.21495150468275
109.22742120287245 57.5681304825142
92.21036723533196 117.30851439241987
26.375646320073283 26.902561145980048
47.88992994186253 60.8762425075616
121.33480431332373 125.12305715106353
108.09878763895782 143.0066470617084
114.18455484807937 122.16553371165556
97.18006595760009 145.24883928795307
108.35037527786241 99.69968777642666
80.65956875744895 42.11131865048181
108.04229903882806 18.047204154609
111.47627543733877 116.24608329920758
118.57396595862622 111.17659668294611
90.01326516823035 81.30301897893948
106.27360197952515 30.933803619240003
102.08254506213366 96.46696162093193
96.39727748986384 25.4034059309703
120.38729182249476 47.04239341018614
21.56551182388345 40.85986947955094
114.16640546256211 21.402525043262322
112.87295188727443 28.91742179030205
122.49955442817746 123.32204367902455
113.64469442024618 125.7884665804081
61.24933087524479 26.14759117557953
121.14291812625636 34.25802094012572
125.29151754904112 130.0697062050528
96.88816864195863 79.34611009750178
103.8673614513238 138.5140334836724
109.1380932442849 121.17410184244493
105.26585673247898 73.51635506648324
88.10266548315401 109.40841908011625
106.29738430077282 81.95110785660363
110.35923749159643 76.21371159909651
44.41532701770543 118.50797012604956
107.84193851576721 87.78843574548154
136.6085244397632 133.98660522812995
116.36832968557398 82.26914463863585
118.55928553525632 37.64533852497887
113.75472167981533 121.95455180455299
111.21940977736539 116.49314456071586
34.351606781474665 18.419559776261348
106.91171322115301 35.95868436043376
21.84400625223516 29.889377488966964
108.26393609775727 130.5759711080198
92.615942992636 20.649552577113845
117.54487839022448 128.1001476470713
113.86472195704282 97.33239875531336
95.18231153384907 87.75718403340805
119.18847724319093 130.00294212977192
96.41396474814198 98.0563656028967
103.08667732423184 22.63911149631034
104.32168086779429 56.210048454265944
99.0541832403961 33.66160403217676
74.12311258875101 36.12240580580149
79.84064846946981 21.621227030113516
69.94832545860756 36.244614991928984
109.77382784709144 48.581053157389306
115.6247272717378 21.618368488056923
15.673006241208613 26.704742400909623
103.32397376884265 96.80935183380691
114.41492147868125 116.44088101404448
114.6341774935969 19.335649214211
88.33968163475959 33.061482252933594
126.05769839005208 24.611495520228836
31.54968986758071 42.20353025339369
120.61287477883685 17.379651063142788
93.67685325930877 90.86942973248574
116.14079469684027 122.32255220038878
104.63946792316649 21.526229136886222
68.38913358146087 128.73449218559867
113.34496857214373 35.01758641107954
40.08653348325004 34.73732076057156
112.40181490963245 124.51309141773477
109.56652712979081 129.99607955781173
86.13217505455971 122.43899894227327
97.6151656899704 119.49735513862298
108.26207392475749 14.396032302116742
120.9847636667203 118.36302963303785
114.49967584492403 19.30856879891896
77.49235585409706 137.7784611824374
129.4765889925529 127.94880683395775
118.75147089648932 21.392870705888637
96.88369294649223 108.10139528271431
113.42859249165035 21.433908755540067
119.47855380724816 125.99732072397528
112.99971612003536 124.95205816505539
99.3641098610513 120.30064125628381
107.09838713213772 22.281704099067184
109.64331190039313 121.22587782228169
106.26280180785567 134.868438517616
97.31436571398132 22.917248969821284
49.17062817697411 122.42916944382759
86.44178120026278 130.30697829012493
119.28297956119052 124.03782280756603
24.235140571915093 22.54360891176431
15.155030019828512 32.858147278266266
116.02149922684642 46.87165323765892
69.0581375148733 121.70603080267841
113.72946058548072 123.61669624334407
114.22573070147408 21.69387863150501
109.29581154326625 120.63505886627917
88.7017470117821 132.45345871948604
51.38946304439665 123.56364959396016
86.62168112948588 83.35627439787962
91.78536642720924 119.77100138076723
90.3949695270693 114.25621004425781
64.12024284776714 24.036580911708903
112.23845954430939 34.41918591511524
104.99257615941465 119.85644636472095
16.190204325885638 25.710938753195236
127.83857897113894 29.469221354400904
96.8459739584152 23.714851502725992
131.89757634173876 128.25834243550707
87.70631885115684 117.2506013299107
118.41417364056286 117.4764266361377
134.6057384381555 119.24930999868646
104.75239633522818 106.27285437281904
114.90112227184595 125.15009718028807
103.47534376068685 31.530948982079217
106.96901268527412 27.06711006923366
73.44343971436962 51.11050472796594
95.47599153386993 110.04431300213557
58.49372979656134 116.95737168487446
96.78450843566588 128.61768901588323
105.1796408257049 137.15776711715938
97.36567653273259 124.73639812027514
26.950840494034754 32.12814527477883
113.66220660503187 67.62409343605056
115.9692593857681 25.742949100413508
118.68403322122165 29.877624069122607
104.77716664737906 94.14273891688367
101.93137290137624 18.543118261081037
116.95287650954954 42.001625164468805
116.46153902815875 31.800684236944367
113.61411392912962 90.88797368273879
112.18468260722958 124.2538676486832
121.58063857698548 40.09240526036057
118.61131034879621 32.197669904846535
115.74679171876706 119.1509091418364
84.90261793167527 130.779581163408
116.68101413851105 66.81258935113979
95.06112778916763 118.62239365016276
102.1927017168049 116.57204081416808
116.29611755450429 34.169880286962474
71.20523303274118 34.22502157826018
109.32803643118177 19.04060120651083
114.76034828748585 83.20788794272522
58.80390640758654 132.98801820767002
81.121457090875 41.82219154963297
129.46599237230862 130.22278615135582
121.38920760590561 40.8083558312279
109.21500971092186 119.90118837709794
65.39766692649822 38.123192104582444
45.274663205182684 110.17125141098768
84.36725711143657 33.28961871985671
116.04955681271088 28.575184921013385
117.72415134689639 116.5641031709482
113.40876970473037 27.646421714765353
102.0557246534462 118.1483808144327
68.66795223050455 56.31888614983217
91.75099448036391 109.07299139437427
18.067018589004853 34.7821480626045
18.506744383139992 29.70826319556674
50.958037400971804 124.06489482293999
69.51536441959232 58.13731885912897
23.294936233810564 35.60064043168342
21.281644503588215 22.292865570166523
119.7905968896809 130.8131894468389
121.38782447245788 20.627889497823237
125.17001620376595 137.46522966985853
109.8638359594047 23.670516378993554
110.71615525729678 35.802475317632585
119.27489205131306 119.30332345342893
112.09983511304388 71.5897367508072
108.93073959105052 42.284549663662766
108.30673382635104 107.94783808628172
124.30270641333205 37.8084630537718
109.82508350425627 57.1111492266765
110.00224677544033 20.821441403350505
99.52375057573096 19.813285882940935
89.54183223818504 133.19465816699423
99.69258127146342 74.99817423354978
120.16716800268499 26.40134296598426
29.91092259556344 51.49269619416198
114.4032804904033 47.7472881551686
127.54932463372376 130.3317285389205
77.60891826022586 131.61352440195807
18.486337527426873 20.794234410897822
124.85125430327308 20.41993198452666
127.5240029127554 111.69245757951529
88.28362864434364 131.2316083688031
113.2203332712186 38.30265912739368
21.85427549871849 22.038984804657566
106.05469558784877 30.77368184239893
123.64108313422481 124.30175212043702
61.26216560714923 30.24318458438469
87.79255142648833 107.44489165405659
117.0716158719759 64.10147135886041
44.89010343234027 129.73108446666134
120.836461898209 22.39068631690818
98.27547502716533 36.46253529678721
28.183115520379236 32.72503233454093
111.29826620914147 120.34794797053947
110.20393897810754 56.22933628203712
106.61802691774375 119.77703399628699
119.13329456783775 120.01699194766101
33.649948036883096 21.191547751953497
111.97360295547051 34.6446119307683
94.60329154594041 117.4638918132671
89.82518508789273 126.28897419684296
113.47021614074153 133.6263001131153
118.98508513784213 22.030986247330695
111.31735564141889 140.65705416197332
89.26422308257831 130.8373422336985
30.074063560407733 27.03575732988968
107.63378446204247 134.30517178972676
110.14848348623771 124.15780708757815
104.37289454679942 133.38591427403927
123.37506228725017 134.1359814486249
98.43768496027171 124.03997906213561
107.41916311804208 20.30407548419171
108.53683607386513 33.125303540084786
112.76789348580984 18.054554066760783
119.60600938688998 24.28569372815421
106.47422916094169 37.746358303876434
93.58537025048015 122.67360946576567
131.60193368347387 70.18141661024596
124.34422674674089 136.58797962447213
103.51547482516148 31.636360059152995
80.86086423258048 29.91144895247574
63.1190118317824 33.367737621748944
92.47016928558497 123.44544512122621
127.81215088011886 30.46425401720189
66.37336917722865 27.323261194766314
125.76161833161497 125.97892578650273
117.2838882481191 71.75376602478578
109.99810833851807 80.207438843715
101.79675868588882 16.469904773860065
121.45101781876815 20.270849951313657
63.178184208868004 20.276583353035655
96.88135276501389 88.26340001948496
98.71702317047226 130.56958631235415
89.76418759588695 26.262277606775488
100.60334682297696 21.02817451655567
116.80660558358427 122.71292674526741
108.84679261080821 119.00727333869902
17.493305114617975 31.665865944220993
110.57366496649479 102.16736544616428
116.89503319850304 24.25024820642078
118.45774627760201 100.85275307452385
132.86638345986213 111.26039358957125
122.8851923522089 123.94629133560186
66.6476782181296 21.09175859492465
130.42391796603636 13.18262361643268
104.01005002359761 137.37564672686088
74.13034688447833 126.73548980987763
17.794009978151976 34.464793009618724
66.47258136050051 32.635811303088076
125.0960443972047 26.34108199347905
99.0304233583287 119.01770262228696
61.965384001111744 31.677236699804148
34.064093060652326 20.468225220462557
68.59753942235145 29.429783381545388
104.41743951804041 36.46932866242981
109.655414363681 112.88760838853453
97.05435372399803 128.52025197817687
61.27088401950077 124.00540066939963
94.32428819767922 121.89825060552072
19.506370356134916 18.104618078006123
113.87116981722703 15.43454317021612
108.45957332682168 25.04324276417548
77.66699585791362 127.99456653685263
