103.34749663780593 24.466936006723685
110.4865859059951 21.151082253157234
97.90806147404471 180.47667390708742
122.47634481518341 -71.0473575334077
118.0898693552497 15.941714034837494
133.7063353338071 126.32422783641047
104.40953064882463 28.010765199623744
103.60833446156596 12.531783244976225
83.48209462237395 8.159658725087981
115.45995415518017 28.854143430353695
106.00851038575367 20.378803111845524
87.33983791932364 13.333109879934279
112.1397042628036 -9.280171628811496
135.40590251519473 99.79780397416727
124.64573475472083 -35.34770745577006
135.3622674492183 23.850812485078798
122.69426146731746 37.75358860695458
113.2278238733708 37.23695574646688
109.72851354846098 139.86116732882505
90.71916405308927 63.738405516239204
116.07336994907728 8.032892086943166
125.59219881622779 50.72576986278312
117.87446267890029 29.37889505817339
105.40169622965053 -87.58276882935007
103.79569196519492 250.70971382851403
111.8971333456972 -32.078590701945906
112.98791948904278 26.688334678365678
109.61598753512139 -5.383749678661449
92.72081227558292 43.66848209348442
110.85301716997331 46.16486324225652
124.3259633481841 126.38407914676964
106.44421261181469 12.533110628325897
106.27432664532385 133.00579089196307
98.01650652217009 -8.886457084650745
101.47629631743189 68.37162154102106
115.39887768843911 24.163213647236432
136.47909177052912 77.258025500182
104.03878302803341 13.506147725507747
96.27735966468815 144.34517241806418
70.56059905863462 13.575333233838233
139.8352842148273 155.7804201928212
76.3607743824386 93.58399350483538
125.60004568918767 61.375728876646704
142.69480143125523 18.758563060651706
24.629118781955583 20.3085811786217
131.4722789561593 137.99867718041875
110.15940842566783 -1.664021481166245
106.11104586845333 39.883758850826844
100.51329201138957 -0.12194717873120142
131.3521280718448 100.34823554704712
86.9506288365894 10.0852343441937
141.248726334991 75.05652781285349
149.38613779887058 121.4274566917564
123.31505792274552 61.16061503594628
99.38816175596745 92.9464574840909
111.22112374000044 34.0320805542511
90.00672775427357 -57.78825759348915
101.66686132229805 33.061583890339655
99.28966565966245 26.398136074973124
127.31281420298777 168.2739863245699
127.93336505660189 112.54782501592993
103.28468147589928 82.4530966688286
103.55544426340981 39.996767321527955
79.3599550111107 97.0397104099269
101.5410195438522 16.042475827331092
128.43059334892266 49.72061747129585
96.42000145411139 22.528637547936988
107.79818775105572 13.07855545497298
117.22963651563629 30.67829645196828
102.76434134774406 12.462606218282174
105.3630712552325 17.84405669391183
101.56254000053848 23.541560079936886
128.64440195415 23.95392858220234
122.94462271507982 -1.4318802885575421
110.04141515741033 4.367888114128324
123.75459754150278 89.2949566446499
95.6656173774771 36.38921964591487
113.39178961905354 83.54605326402404
70.1323498418113 76.89149612517623
78.24456556126601 -14.205301179981792
108.08887956837506 38.38055202239376
105.97355557244585 8.052353367051358
97.73989144391098 177.43904757597414
111.53983457813091 135.47632942043495
138.49558698792057 17.4331664028196
116.53432420226437 19.706202598610844
70.94810550721893 50.723878140381565
110.67614067077194 38.66288852987806
103.02869181136549 19.42140024026869
111.04956156385346 51.233442422157694
117.70446985844215 17.636993578159718
122.49331657720475 26.971329553314593
89.97654629771307 70.74154401026799
114.52351354098087 244.8050901616317
112.3082740230006 71.67230623270785
112.39209930034534 30.42788653367614
119.47801783177907 99.75972683505542
76.61761277688643 68.32502733267081
101.97674294484655 35.27180582799665
119.74403302774809 59.99327756275976
95.6589960006426 39.00232785167283
-30.03464687657317 69.15369239169463
124.66830170992539 18.144362594861175
132.54858365037853 36.166760825489284
117.54835359683968 46.187039887482605
88.83918376228364 7.6496951360458825
55.22628414608431 13.89707240874613
53.080576445852465 103.7024884494991
136.54332241971994 72.13646547437567
95.56627718061911 19.99547987579421
109.15829821215718 12.914671443876
86.7031500162082 12.098145394651201
98.3436399202279 26.385328637229318
116.25066416618236 14.127495742492018
122.56401870870064 36.641346833841894
47.39087383854235 127.33827229355853
100.12903809762655 20.167121239549925
138.89064092672012 59.93900294883969
114.3357028173168 11.340525958047076
23.665538515630676 19.068899788712223
91.62247804687354 -23.007036353947107
113.94949622092973 31.371613619156676
92.03525056750505 24.75493876270818
67.66827867266397 55.92782309866385
101.75068630435213 4.8224930035413
104.43875620914469 126.05342547215965
102.70185825155623 19.377057917732728
100.73795474201933 65.64316619701556
108.3718073400252 10.665141842065381
99.80006394831057 23.241460007429932
98.6167460510158 68.60798620503424
98.93624677497723 10.620490725920952
115.96388582054958 25.31755898109123
96.82352570410136 129.4070893586154
53.389757809236265 51.96189539320284
80.22198624885706 24.86624078731544
104.64192233672107 127.42180350108046
120.60257659336104 -24.59430127993368
106.55792873357056 23.032505623203733
117.084174404648 94.73835295107541
93.96234316928532 76.2362267511093
111.71772413572751 49.89334301879949
99.80444516692148 20.611751043621695
110.03405494813448 40.43817228320378
114.93660147667529 47.21793014589464
69.63720715072007 81.11152354831758
148.52815576903083 141.42759383119423
99.80084723295558 12.010514686687289
133.10136298251973 98.21354905613771
107.0911881132473 158.5685735124292
71.5407552930613 98.34522225176127
98.06833629520636 52.12446908719217
66.07275788682921 144.64401043234957
84.22478823508027 92.91532714282194
124.79395440484512 17.563451802189018
116.85234629023466 100.01116645989494
83.97006110113496 54.14042930683564
121.58848203720774 27.299077332334264
165.4593070567919 21.195334937456778
92.7269468818166 26.3602480269641
155.02919858061546 73.12074423358978
123.64802148690448 190.14779386436217
91.94424474609404 124.19110046441322
137.68945780501977 31.937149762820912
99.09107456926148 134.49354496739664
108.55682141333499 142.64329654287198
96.50832876383487 39.13532995848238
102.3468709067259 43.21649414913611
136.72059710587624 19.65531416186185
75.77721763662021 7.952822318994417
117.84582786795734 -5.172042823569124
98.23740527679684 36.17966959894136
118.06829417502088 169.63568494151917
103.33829982572473 -5.13260419264147
109.85912503649428 14.61407959935434
137.57267350757547 55.91951294273293
103.55418922070126 17.381628556209556
109.5086221843628 29.726415583858724
144.8213820604943 46.50605895785084
82.94210005216861 19.08804485726445
117.40480439830574 51.2257783695557
113.05409903765879 21.64375114444006
122.38281605838303 30.411891079105857
105.22896822714348 157.68613355616293
121.48545808018017 36.05137042818126
118.53995564165177 14.819804866421359
99.45322523151485 5.71027392317168
67.9906920571961 139.1816605466384
123.39689160842553 35.88112900538443
94.89237071516438 46.691242584771516
94.02159902378645 8.367019242777806
64.93656930946835 -2.2440643297142344
110.80569344618357 24.268672828884103
109.17604826734447 3.0248249776782186
144.06027421164995 81.48911153252419
105.70678006577488 36.0695833494691
82.84795341648254 39.58455891709055
117.62830790178374 28.505123387327586
125.96914060500842 36.26743762079795
75.77895419701925 -11.657950011996434
93.78601383279602 32.00698155441613
102.5930752543407 28.92412216971619
124.17923206915525 22.557910063876268
99.53512140794 8.762071082913232
150.0823287013133 9.88020391700344
108.98773030539235 15.773140907112305
109.81886777004452 182.78822779543188
99.2364945590039 47.85428718400661
56.688537345525624 36.437342015452884
107.00585803105454 57.02320248027174
112.50447590979805 14.294565095322517
123.25971258252356 16.341168661565415
118.90310289880354 -13.124560937843578
114.15423167749545 26.865956223370205
77.15094539845231 -12.338755348425059
127.86195334054452 41.83073345337553
80.906216268549 11.46241799922079
112.39115178511727 163.61710248273704
110.56916567156271 1.2272489566838176
109.425704603302 39.96144714063485
140.52234952470997 76.03819918154474
117.37201151919436 35.20564755017004
110.11841575689245 7.279573356685169
179.91986173273247 137.08778560118233
119.31424117304958 45.021790598431565
103.03945089559635 -2.7393686887310853
111.9861351511386 8.338735534196799
126.96013841479602 20.15874126742988
74.09949140561112 30.03732688226435
94.75965011349567 177.2981614463815
116.63889774638913 15.153100402981638
107.65287468240723 -24.40447875435227
128.02677526548246 100.4325084715222
126.70923362235261 92.84415844819934
137.88414598980796 64.3052985435069
119.53885118232617 41.49205812100485
83.70296880907404 17.78279277170852
142.11565260181584 21.638523856896754
135.9686721519251 169.1785458143458
116.11371358117027 67.75211526719916
111.47480797224893 55.85575147281232
99.44520867165672 31.420845404454894
99.92091100673436 6.757510130490012
109.01105668191525 30.950852390389038
95.89651665018529 52.00170580006037
122.24407974763925 -48.277361818592574
107.13191696969162 -28.104250379589974
90.76575331766122 3.7555995100279747
92.70741185429343 18.02971337521315
65.7659161662096 18.796912773504573
79.35152018121305 46.94106934731327
108.88664263322518 63.46745818376692
82.44282281807138 55.13542996879662
120.51036092210782 48.16166354391766
61.916463109124614 19.504659244647275
111.62264617935645 18.808294321264167
76.56296899600666 81.38607823321485
83.70754378009448 18.253436767270976
111.26334892108288 28.539160045889947
90.56358946782962 13.260922484240357
109.47101335152439 -16.452195498606727
87.28455864375736 132.19576088310686
60.5778258159178 -0.985728361554351
114.07831245686937 73.82596134646771
124.36212716381142 -59.469507501335585
119.53814729802731 53.0775884831167
132.69175176194386 109.24869533458082
58.91218311719626 51.33096867350052
100.97477776945583 15.003938785872108
109.67832900854732 29.852048045226024
122.07159169377043 11.863670211429483
94.9075292145123 9.58403032842204
102.69745207602806 25.669025139810593
74.70482809130023 101.05756747102085
127.69062517511459 27.390044498329047
173.82570139451457 40.44203660345277
110.08907053732634 31.155260422291356
103.14354789448761 33.361642372420555
109.94426548116739 25.784036745753586
116.11456368778656 45.668139779457846
99.18070618928124 8.068452123454247
4.118908231179525 10.304425265651565
132.07299497889994 58.765013296386954
131.84470458905417 93.54131944833433
103.8074869889868 95.89391641934064
96.28196190350405 5.7948902121274966
116.77172024375476 20.088495878094687
113.88182090122771 19.577304646214813
122.35157782760318 177.91396080016526
132.06033901594486 29.78532159980777
92.74717660422743 24.601306845967482
75.98142236088783 27.79415439602562
101.61857300710405 147.33383842844037
128.94460803147106 192.16716652033227
119.05942946481537 52.124745195651265
109.77996107697855 9.486749012324676
94.70252568137124 1.2548918668951135
110.57229594524318 131.08615667723328
101.2697193349317 47.736738072838214
100.32054756776084 130.4142785150089
114.36746853813295 18.79786337625946
119.5394474473304 19.196099206472855
112.00815548520278 19.179542323258232
102.1006596601607 17.587804763626036
75.10746549075856 65.8451226195272
103.83920638608217 13.759699311345775
126.4586456032477 20.784004255913676
105.10280823127762 45.163197538232396
140.73497077021335 20.57529392584267
151.53336096992825 17.98064642642381
109.21538092886982 21.944813397664724
106.72439279163031 57.166283808691574
110.26250846900922 -2.3145977791063284
103.7955653126412 127.07218454488057
51.55537610421587 302.8261071290211
76.13718096621382 52.2141437712997
110.67682915316496 38.66540874627406
74.61525610739193 6.972460077182104
117.96791586736778 5.174152437338668
119.23495270187267 -8.57009927083304
