103.1344429480957 24.56039593194221
108.30713531875088 27.019539361164576
98.95758174952906 187.68053158185833
122.69881466301085 -80.11230995281295
120.20496175158898 28.76718706706606
133.66341368768164 141.32600640903513
103.96608230212654 32.34048706596792
102.70940276010145 11.349163110359287
86.69536355319563 9.70270746197818
117.35430536701962 29.172097048559742
106.13068838406151 21.441322704012162
87.9878289598544 13.030006622473868
112.14662077789566 -10.77238125947559
139.44289074912584 107.6993455604132
128.42497967678347 -38.44455364925892
138.25382117114455 22.083477207366215
123.16405303027919 39.873705925393594
113.6290814490806 42.79375745967711
110.46182798691696 139.197113244622
91.08969154086176 62.33158100842772
118.74914760695575 6.6683444568890256
127.47046290964514 54.16582438707814
119.63925566516251 32.83836081138488
105.04310600720738 -83.49214602811823
102.63803278455171 251.59904215052137
111.95072351919947 -31.275931917998737
112.99575668789142 26.684252736030242
109.63536868456869 -2.557257956562893
93.6023316822855 42.81121493058823
111.08851289209483 45.99119882065508
124.40943953331642 125.9536647796256
106.51506892668822 13.002982412234031
103.12740246052064 139.12104691261976
95.73934953498382 -5.6001367950692575
104.9900701684082 78.29568069435562
115.59911829497938 20.729557099217235
137.5334032466385 75.47788963048905
101.79238624363921 14.467738131904031
94.36468103031933 147.29257375335794
71.81577222914676 13.94645779002473
138.9351821827413 160.26045397843006
74.03478458184301 95.13504861841027
122.88143978324197 55.40225749352986
142.7897853679883 18.68243861450666
24.881609355391447 21.464027723780966
130.97121544330838 135.40441399742207
109.53623582695911 0.43028653478825163
105.78535196036849 38.60824114816369
100.12947610050254 1.1163881865767058
129.62379973965128 105.85593994522425
89.48050355957405 10.37095728726534
142.84023084664588 70.84384970898827
153.7037133816147 120.49494088787583
124.74239751817476 58.31753446141798
99.69009788443297 91.10961211152853
111.46162152364056 34.69562165821319
90.2616161839098 -61.7972487451646
99.52705056211695 33.694579406471924
100.5815763015463 26.64577403388355
126.32334278263917 161.8628920938087
130.0154622809257 112.42892591632204
100.13361511089057 81.41593148016388
103.22035116485634 39.70247371569484
77.31268150900571 99.33959262721191
100.51054184077174 16.729429515997342
131.28883457161353 51.25579307553532
90.49713367426686 25.769377417833653
108.49640297350356 13.48334382061754
117.12006247928606 31.559264306563726
104.30150628145734 15.329326885528502
106.3776397816854 18.485369382775954
99.11490761958618 24.121100933735104
129.92531949002517 25.05059240464409
121.69712575001458 0.7796425583849527
109.97221583030009 9.107434115173195
126.50528030527306 88.35813327944332
93.34069470447626 37.997911776622644
112.438210950286 97.62059016452315
71.15850777080404 78.35963805833596
76.94831376576438 -14.142723792555257
108.41361723810157 43.47507904226487
105.83720486844773 10.503808774642913
98.13059329774858 173.96375916262454
113.85540595177675 141.77974503528347
141.7751624822902 20.84153964646943
117.10089449869382 21.298969607651525
70.1953900193971 54.64106371942261
111.14669171918085 38.82810988527729
102.02247346093269 19.374656070126097
110.5769631086319 53.30415510023439
120.36547184282585 18.757152930051216
123.16578634967878 40.61955082705201
91.67572451712537 66.33838636349941
115.91250931601033 239.41584599347885
111.00999420438323 70.37351306000423
110.95966482111893 31.46209695306445
119.89273248695837 110.2729897922348
77.36266822683977 69.51627860985424
102.66183904441685 35.22362465717423
118.5858900211425 60.77323277262668
94.47967114452874 40.024093318331154
-30.127306382344134 65.89865125973306
119.0430248756946 18.14169250993498
132.2787361143285 34.47364149502815
117.35031588179473 44.997496053206305
88.80739281683991 8.485714179164258
58.786516243894745 13.966366219706035
52.94903513665305 101.43728364674375
133.44806560772304 71.34827605081969
96.35332353371491 19.93801519436712
109.32709388466945 14.856919917311002
85.86882873277884 11.98377509713322
96.72195858970495 27.73261508176474
117.48875474275773 14.208552500375001
120.08079859705462 39.34814769988542
49.05824506173619 138.92503079661137
100.05667374685412 20.260763742109027
138.33045780742623 58.79726379969436
114.98571728306838 12.89854603537174
26.477055602817607 21.571499226818563
91.03587648078177 -16.6857770573639
113.5342920193 39.76069519738084
91.62844465346208 25.169931626798714
68.28933871271254 59.109016891552976
104.04250288767197 4.440228074109212
106.5171540371617 124.09212212609103
104.65768516919849 19.14429819335865
96.06203403723269 69.28788607809231
110.89768773975759 11.251191448455584
100.88921936280758 22.8770543683946
97.65226672240068 68.11419724783698
98.97451901584301 10.962958442074665
117.12611779571351 26.767874702062645
97.94211627927703 131.49237862255458
52.14852986643128 56.35443348581842
81.00597429440735 24.618222666486925
106.59111364856022 128.6686703630596
121.2411626241162 -28.10449876188735
105.71459988793367 23.352064627951055
117.11661967546866 90.51715583886944
93.94006282139384 81.7910823804078
112.54141493443822 56.42727408662256
99.07010291363636 20.670606362421854
110.11348462253083 41.54573223788863
115.83319214730362 56.56356240231332
71.93262137269375 88.17487436980065
148.62945252142296 139.11716866588998
100.8567783632825 12.730969382717864
134.0601153709186 101.43255301569941
107.50199715694275 160.78575229810005
68.40561648377961 94.2811548157374
95.72270589610443 53.09195950583242
64.54192391871027 152.11651724822292
82.75646566270794 97.52907981172702
122.6200062418022 17.926816478898388
116.81900185366209 98.71347163720348
82.80542949216431 53.33580931994955
121.77938497414237 27.361709086177076
167.92197082481482 22.871600676533884
92.55902815657 26.502580672151264
161.4017924556146 77.36278071312906
119.38100675460959 190.82637447652817
94.3513624411224 122.06860036843013
140.67077733571978 40.4616623877906
101.42221253648204 139.66827615627335
109.35362162327165 136.30818027577783
95.30637108075508 40.30660882855278
102.53492824130628 42.318030390643976
138.7418301876716 26.357268781139055
74.24619269809419 5.73027578710459
120.80744184500641 -6.139726206542705
96.86043656927939 37.07154628287089
118.5567259340006 176.8049301164823
103.31812849655816 -5.191769789316336
109.84965867650762 17.773949174116716
137.9608245641204 59.05911392328771
105.52789881758505 17.708008660190263
110.4630716225874 30.65709836783757
148.1593850517781 46.069720258495195
81.50079208165532 19.016516219028304
116.70475045147097 51.19105073681131
113.76332258947532 22.36355910122682
123.1515270396638 31.796882497048507
105.17529126410678 163.18812032031505
122.81636577827454 36.83455520338296
118.66947679066075 16.117258786944216
101.0382724097292 6.94401163827878
67.00848296561944 134.58202802466815
124.23932857401044 37.33536846243285
93.30466812880198 50.79062074032586
91.46035192687718 7.834446272582371
64.73825318393314 -0.8755640082443359
110.96583378536621 25.477074597187986
109.28122948494793 2.171720949875342
146.81897788971682 81.81318403913697
105.99027836380684 31.904242034924415
82.99621710417087 40.81709487124427
119.67284451935757 39.02921646039053
126.84709734795085 37.51351173771664
76.82962782988557 -2.604261771133011
92.78190901988795 32.325852145016924
105.41948624059947 30.358369468206483
124.11141343468576 24.782090150492767
99.77166167649789 9.179523477987301
148.3520813908432 11.401307049756653
109.14808755559065 16.537578622246574
112.88542753100928 183.87699346433934
99.31923326490771 49.41699991429272
58.76627732425223 33.95710172869748
106.67334633373356 58.52094133861007
113.23356480739693 14.843845275631509
124.06879457319498 15.631864420440802
114.14510682049126 -9.998909444877267
115.77653742010371 27.997603034254098
74.60245047182082 -12.536156971784418
128.50180479056974 42.30377397238158
81.51731222391439 12.216564717065678
116.0839488660125 167.88780026158003
110.54552709807977 1.4316398920688376
109.66174429284233 41.282112718962956
141.23981925652367 79.37575307453945
118.45445113236313 38.09700874263445
110.10060185699211 7.828217061699059
179.7701874601212 134.63312512674378
120.44296640513856 46.885197201358615
102.87489720667445 -2.503816269365705
111.85307325112973 9.079316763126489
127.69855665367744 19.77877919103084
72.54724273791318 32.36661355489038
93.89249461643811 180.77411841255588
117.78019600626142 17.353400872085476
102.03795419725189 -26.275486583872354
127.6566951972104 103.56167526673377
127.99237564266816 87.48321567307667
135.97788141428367 67.31559601811493
120.00345320867126 42.010978222442674
85.22877606874128 17.752724954870995
142.5185851756645 22.311117310598533
133.492668383408 176.32278600831307
116.58052107789385 67.41502725604158
111.49002729782606 61.17498005502547
100.00402223396345 30.89115970014513
102.56881312544301 10.906903813498182
107.91321437909535 31.69968093168311
92.69053050430315 52.183707698951665
123.3457578291665 -50.155236508858515
107.28851700429169 -25.642756875613273
92.77965502682785 4.3603189589145
91.88752274218206 20.234421394285135
66.75224775601569 19.413866380773648
79.92031372981894 47.14436122989915
109.13465855788338 69.68923551748694
83.31306176104465 51.43930613402687
124.04225341984753 55.1105920281041
58.43716121784052 19.562480009094205
111.98418383257024 19.54911387089968
75.53233387298907 80.85034939653929
86.83678607044419 18.371147302664852
111.65771901763672 31.127898310750634
90.72732557837047 13.529325248204753
109.66317558743181 -13.095953305276957
87.99977799980682 143.59831300397695
65.66609430935056 -0.2722289233895012
112.91911384385928 73.97739662233568
124.16251169384896 -58.99331461874424
120.52184476003364 54.43612256712152
133.5137409435354 118.98447138366083
61.122045763601655 54.05382212096683
100.74843885487982 15.12376047359925
109.64831670963065 31.42665732868868
122.94212007475478 11.346181544786493
96.93970053525162 9.733123493121795
102.52909345658844 30.017230608417936
74.55522445481974 110.09367970185559
129.69715035753862 28.041574845639992
179.8297193995432 47.77365673729952
109.57517901277957 30.835451750827346
101.19365044590806 34.12929468263
110.29909973981174 26.648752834611386
115.80268454112135 46.881407750741765
102.21958562888037 8.978678150217124
5.354390073658718 12.206452608424197
136.113671004638 64.69958773563988
130.43740063853946 94.27567471179444
103.53401955845769 98.21706405241954
96.93662260872094 4.489302963723411
116.77132135619732 20.164287239779863
111.91950038287584 19.48154413228362
122.03097377384442 177.45738448476496
132.4211756365726 30.18584362735185
88.79845775643888 24.034847852151092
76.54865867901471 28.05557420070846
102.02866423998988 146.91594574856836
129.4320493262834 194.3702926194444
118.4412760577416 51.126965530298115
109.7842046426468 8.691190591614033
94.94748834220846 1.7496760934222182
113.18808456718733 131.59396966573968
103.9383705103925 51.93871337131404
103.00153307246157 135.0663559054475
113.69714876260093 18.917123237993696
121.37606286730882 18.733511307624664
112.40999565874951 18.11910274251682
100.68250023024687 22.260993505901936
75.7096407653764 65.6993662970654
105.74734158368844 14.408436286791112
126.23249829236023 21.332055249021685
105.91978080594399 43.335331781359244
140.49574877801612 21.36771396855174
149.47453614611373 18.11690492612811
108.37735688770799 22.939907899025883
106.99913911366448 56.186366696296034
110.22202988802772 -1.9631261912446996
103.07747717321895 123.91886555715855
51.969611451648866 302.47147332776797
74.22743235189951 54.32535564625315
110.67515574912893 38.61567135084652
74.78348312550264 6.0287761114224985
116.16223529329473 6.140887979488828
119.60044926590535 -10.146625562058231
