103.0113857274045 24.614425526042247
106.14530131346574 32.96740000643729
100.11480810645655 193.25855802271766
122.87065230494915 -88.3016244870712
122.22031652644536 41.48294688227997
133.37809756379008 155.94822912530555
103.5712167931575 36.54835756030055
101.87085125479712 10.210307278730916
90.09413992882668 11.316599392961392
119.17767467103701 29.36761133325029
106.31139232024466 22.50215841229467
88.90434192995296 12.784009964348225
112.13325730854682 -11.873553755512265
142.98900394868537 115.66725675161022
132.1109845789897 -40.99447537272514
140.61661225803456 20.294095937650983
123.4165141249712 41.93066666197585
113.99873414566414 48.63989964116237
111.19207639688318 138.02780724753927
91.78735634137021 61.32526596845926
121.25770158750524 5.47976371541608
129.0484738533955 57.37573565755367
121.2902862495197 36.17884150364335
104.73686231200222 -78.37021036421363
101.50918976872826 251.40528901084804
111.99263584563612 -30.320464337863307
112.97444287543998 26.662714111461945
109.65696597194436 0.6168004520231034
94.76448978786657 41.62558716019394
111.3084500817386 45.38357088407312
124.46726383356723 124.92475849009145
106.63125864599748 13.54321873037624
100.08006670278047 144.37587518988028
93.61992520291072 -1.8964872455738155
108.52525066040101 88.11845757172165
115.76724520123867 17.285640342248367
138.5535616541487 73.89095120906973
99.59764584086858 15.4742504252272
92.60533098710066 150.1135325844809
73.52512120915334 14.379031260722314
137.71227975553074 163.1771268998976
72.30642197949739 96.36807554783356
120.06201423735972 49.220369038411576
142.4996791420394 18.61831377715437
25.838407416042077 22.596608751409853
130.3051256245714 132.09067390913899
108.91506069498655 2.7190121203801043
105.49215599918116 37.1458862716895
99.80605783257299 2.514555415933983
127.82285117716795 111.02054898967998
92.19119708018313 10.753044827146875
144.32555142245877 66.32196293043793
157.6456551301509 118.73697410082704
125.93831098479214 55.61923482867538
100.07920376958603 89.0333124432144
111.68493426539108 35.17229015443941
90.58398323309726 -64.79944975260888
97.49917277633924 34.11485624489861
101.89215011997466 26.860150854533014
125.11477141327113 155.2161657544388
131.79172436958132 112.12069405709252
97.05974902788917 80.34049736860153
102.92974673090154 39.197169733716606
75.71892324390979 101.66924898873272
99.5618080965958 17.43877689479157
133.98149136529275 52.77628386149952
84.65354719172599 28.965323346099552
109.20358286475384 13.948862764354008
116.91456832870372 32.34304967320673
105.89797859622094 18.235591981745795
107.40812388172725 19.31701215195028
96.75209700080431 24.68348037833594
130.9548024634458 26.072686583435846
120.31957340010435 3.045681494066357
109.9016112353999 13.977814978540188
129.06392202306895 87.24255806546827
91.24052956161786 39.426020248907605
111.45362898127772 111.54530803803436
72.62596297843747 79.31080914358056
75.94118852631408 -13.795638156866163
108.74099760624793 49.18981394376954
105.74412976719238 13.075272903455097
98.6420986937675 169.85991935600836
116.16734167043646 147.38596839996248
144.77684640403015 24.23359499006961
117.5904234048782 22.87947713013551
69.46274189654399 58.5608803543687
111.60537069721252 38.88966879383317
101.07911637674535 19.327895409574925
110.0987854887942 55.09037675332111
122.84690763719794 19.884360566594268
123.6065630822346 54.67613512100189
93.51939393774822 61.30632717817556
117.24711843843588 232.5288892399546
109.69839245630924 68.7801681496116
109.52392349787387 32.88020428388143
120.16764341255819 120.53002407499422
78.49551571875125 71.20292711952729
103.42638865182134 34.95117267627854
117.38004523642327 61.56911550583885
93.50018797992485 40.91057779986958
-29.74317331104063 62.21452073564453
113.39735433355973 18.153621749309316
131.7138455013747 32.68217442387743
117.04938726684745 43.68778557201032
88.87768684213697 9.386591037811014
63.03721141644316 14.090546827949595
53.272588235764076 98.49508023507163
129.96841478800795 70.33181439009407
97.24964015226337 19.87948541904947
109.49391119658749 16.828868845394204
85.34263067758536 11.982580012662513
95.22381299588108 28.972100513406325
118.60207786990794 14.384757796451938
117.5454929166836 42.56890997741341
51.24391378199111 149.56745943435186
100.154753887855 20.340427107945683
137.3872661267418 57.87901165545521
115.58744134836861 14.55948827295764
29.909238614569105 24.044295846476395
90.57861538468362 -9.675134442999733
113.10226400012763 47.99438143065033
91.53819255356612 25.51282341550681
69.36400239778563 62.448529290058445
106.39204000018465 4.122273962469324
108.6105094975253 121.851140826389
106.66960993854899 18.913668276915573
91.46980536727406 73.26508979696493
113.41290327450162 11.900489953100667
102.00574983271495 22.50220741929009
96.85545395130933 67.46264804773965
99.11538951661413 11.33547874433193
118.23849903937418 28.12351095248673
99.17389111415942 132.5295574880433
51.34383676411797 60.87886288701002
82.06136147594904 24.321795886171678
108.59240885762993 129.08260151075962
121.73354821100034 -31.145152549364504
104.93366052403212 23.619222584492462
117.11221063749448 85.8955897093234
93.97286394212686 87.29601683569891
113.35554612365125 63.233745210195494
98.52758470119107 20.71430334875977
110.18882278217436 42.43038710809829
116.67936520555438 65.66337411221633
74.19111664941572 95.17647124015458
148.29661361266253 135.77734117827757
101.97394772614227 13.512701146228254
134.90490260271685 104.40016857947568
107.93169377489743 162.11585469917944
65.4934321468135 90.25704700027109
93.52991481880638 54.68789949696388
63.36982768371445 158.38672661429376
81.52369057395845 101.88118176650264
120.25169284249016 18.297358324372222
116.75258431253243 96.99966186100811
81.739983479069 52.38065007460892
121.90629560898725 27.31437240847457
169.90586727638453 24.520366993867366
92.70932043123639 26.538324461160997
167.3009399785685 81.67996177188867
115.04348045898699 190.51074181136417
96.93737002533666 119.6927323464935
143.4148957238014 49.010724928291154
103.79245859871735 144.15170619181282
110.15550791499561 129.86627607414871
94.32785675979467 41.409722678541456
102.77869582350722 41.12663602714658
140.55434276490558 32.96761711039801
73.34358524583199 3.5915581153101592
123.64412465625094 -6.18264544226666
95.6624647278654 38.41297726628618
118.96637227378162 182.74522122781602
103.41381108271003 -5.1090957211012284
109.8397602386777 20.949583064378135
138.1367992071754 62.170497410750826
107.53594425321123 18.05421390426124
111.41716259005314 31.442193602400444
151.02314839144466 45.42604100801337
80.12704074114629 18.94735485384397
115.93607752659295 50.86685214014492
114.3901095966207 23.079318435566037
123.87447982459159 33.111917310166255
105.18045247441344 166.81736988747525
124.06524540001101 37.52454976919914
118.64761523587578 17.461712699554447
102.65029728461674 8.296468577601534
66.42601022670303 129.03376915042605
124.90182832601796 38.66251429317035
91.83387076557617 55.01681617357853
89.1107854047936 7.4267972598747996
64.87118312844477 0.7708709823423867
111.10163045153406 26.61819089693412
109.39193142760982 1.4233768325195573
149.26372444523142 81.83428602997293
106.28213556598809 27.656858384666418
83.42327330458438 41.74666990447431
121.58967302188147 49.61880993188859
127.49871181438307 38.505507794590656
77.95834500546944 7.204309958413232
91.92170840403618 32.560092120685866
108.28756620749624 31.609707169929294
123.94319984849051 26.968009287303587
100.13491904861945 9.729471562929408
146.33251937777254 13.30414143443908
109.31299186217372 17.33511634855453
115.91902937105857 183.61206787225007
99.45498323289837 50.67928768749203
61.76412565486786 32.248162324428655
106.38675987385689 59.9613125485344
113.90743679091987 15.444186667769323
124.70655744132782 14.984094762257115
109.36467298985558 -5.740244008563546
117.33483498342531 29.013453387878226
72.11076175313202 -12.447405124140214
128.9945534750395 42.98096269191237
82.599195416464 13.093997861402034
119.71061038498661 171.0202249701672
110.51021876331868 1.895486285152681
109.89799600544733 42.26583062853941
141.6642417684018 82.47706684515781
119.46851877855822 41.29554331418607
110.07933144879723 8.473094239150665
178.94481191977582 131.96604069998673
121.4878040034322 48.30416687544839
102.79110482680423 -2.017708792406774
111.68731047996684 9.922361089935537
128.26327249293684 19.39433780370327
71.58751795986282 34.97211997663198
93.26928103387333 182.55215747013833
118.7811206867874 19.570449313349997
96.4763674133312 -27.762719136761177
127.04559725461225 106.18501362238409
129.112708781652 81.85671286898219
133.6531249208835 70.73569291148473
120.39837546204265 42.403146989544155
86.88374555527675 17.74486592996922
142.7573067485996 22.95763398923113
130.8735244733277 181.57885707412072
116.99276798593775 66.76225434062377
111.48443246200229 66.33425081653087
100.69495011171406 30.23134875314548
105.29934361605872 15.798927602641392
106.82923263947194 32.42475011088755
89.67142531992184 52.867601771915446
124.4091829346909 -51.664497252993556
107.4679366864427 -22.65191233331921
94.81248190052749 5.066757139324173
91.21268144598932 22.427637147377485
68.1843673367845 20.028896960470124
80.73443810374287 47.08741631227844
109.38849670666951 75.54628746923221
84.31805362668466 48.08951558672576
127.40058405171521 61.77355468431152
54.81624660681976 19.61531862348398
112.32411353489925 20.29035848189614
74.74994844986541 80.52559971750239
90.15735546660595 18.49494827891589
112.03210097337812 34.36976137515019
91.13952184047508 13.834652265028192
109.85559338149545 -9.33677789127929
89.02516414608871 154.25344152997351
71.1166593652976 0.6430726806993137
111.7382528586678 74.40951950616186
123.86477455244187 -57.77830754590238
121.3816159895673 56.11702007663249
134.06263227256994 128.33250583166222
63.372113332361394 57.01497445439243
100.60101362255072 15.31774988443333
109.62080224740944 32.84429712504044
123.73983927851665 10.938243908077734
99.07359999083172 9.99921810143148
102.45549351213751 34.22975485156858
74.74467973673728 118.6916481219674
131.60266866543182 29.5651945715109
185.14826206631233 55.26033211812034
109.06027244486238 30.437545640380772
99.39807781118841 34.69239520543869
110.64858120774875 27.497969372543437
115.3851019356545 47.61067247516243
105.32926857685673 9.973003501049416
8.279255135581996 14.19724002832853
140.048468455724 70.52914983663953
128.70871845841242 94.41994290690688
103.30756268916103 100.55433848371158
97.75115240253903 3.2891573909100007
116.66833661187873 20.23416860849941
109.93173629356164 19.384452172211674
121.6918387347545 176.01992207428268
132.43142934310322 30.402815378064133
85.15203273912068 23.440916275188226
77.69479208462262 28.264658727851998
102.51220625813883 145.99280706131637
129.76116323975364 194.97232009056876
117.81761701471618 49.68232073813326
109.788611214073 8.009093910285074
95.31990647476053 2.428940582968788
115.77992452840128 131.41820404497923
106.64955232834609 55.87822176888557
105.70934994316016 139.04099124255075
113.00068681555408 19.03881814771259
123.06256717652929 18.275196875850074
112.77366641404932 17.574345752889283
99.34080660363679 26.89687050975273
76.78869729781923 65.18145942687127
107.72194587892393 15.106008199877454
125.8036313035854 21.875418302996856
106.75117108904462 41.34636562473898
140.00439096350274 22.1280723691523
146.93378261418212 18.26449121785746
107.54516714046555 23.889052456699808
107.30690267616465 54.803140238859015
110.17796571727541 -1.3482234280311882
102.47640376030007 120.02057834974435
52.24881429476764 301.5675825207518
72.73735467437528 56.65348078490041
110.65887507945862 38.27155548831966
75.25035133227382 5.243729690854048
114.28924639143068 7.228910847802592
119.83222929378104 -11.236151799708974
