102.95267814260039 24.565593474618062
101.94849456780497 46.06504223632172
102.55607446898836 202.81071417419545
122.9240310161957 -101.38259815649492
125.95062130845811 65.70524489450781
131.95822473509912 182.9177404729475
102.99318037426806 44.519189719763474
100.40032748691712 8.10826811189779
97.45387458682264 14.744154614441783
122.60971854089854 29.401243369969432
106.71746553846468 24.497184621226612
91.56688994591923 12.576321861220809
111.99861465140242 -12.91308415197944
148.8582169978901 129.87272742836203
138.6541539736599 -43.751716411310376
144.4060880127325 16.67996483422307
123.51860535075465 45.43476952068212
114.60660133290405 61.16118992678277
112.62018783719644 134.2780095719329
93.782046415744 60.081523215029485
125.9482639129767 3.6775210255386863
131.7396627219231 63.10184774025319
124.06140806156131 42.486371073702635
104.22836104779184 -63.824558852793416
99.54155185262594 248.99501261446875
111.99083997846827 -26.846666952472393
112.87233251524299 26.363623045181026
109.70288468710902 7.6053046103754705
97.38639206293246 38.51407588604233
111.70222594947494 43.313528134028985
124.2498176132013 120.36771946683878
106.9316524092818 14.781331208519202
94.32002413060101 152.54287613357616
89.93322256991861 5.779771191749747
115.57044138720423 106.24219134616338
115.88085521318685 10.4787340767355
139.57203573521454 70.86749927961746
95.46825122231606 17.606839200594596
89.4535008946133 154.26085943480507
78.3631203486638 15.375873476135451
134.0953035822085 166.80710420302907
70.39952787986208 99.16911080235514
114.2079379431375 36.52379307254273
140.73741343690304 18.509712807990816
28.430209334810495 24.65596395411634
128.42440635841137 124.78239832344154
107.73647144519512 7.8177207288414206
105.04330602647964 33.98116143330578
99.19448268943944 5.926168394677905
123.41852320072924 120.08031771797378
98.1519254668164 11.671087102297188
146.21507736220684 56.013529096272286
164.6039437873514 113.30411074918287
127.83955123918771 51.12869514146581
101.16276432628149 83.14681950324297
112.08772065226684 35.409080614267076
91.84087052112322 -65.79144207433544
93.69315058905356 34.58939665306138
104.84058269825302 27.042611366855233
122.2118503643978 138.37911432940496
134.38977071226353 109.99915191410915
91.14005938006547 78.36271613592689
102.50082907514309 37.670245190466375
73.73441786713835 104.98740670589751
97.95733740441642 18.909898916040095
138.9627558579909 54.57537612928669
73.88278980675261 35.05345892158604
110.63740628216644 15.156380150774467
116.23642644590197 33.65945134030818
109.18723098409687 24.056231603616364
109.55594419924175 22.888433212493723
92.46797373451703 25.68520130079229
132.145246659119 27.80269236569322
117.25645187199744 7.892173671550731
109.76044113491982 23.850954912758265
133.60774419168627 84.68649479690716
87.6845439447145 41.45312284047117
109.45176952924025 138.54895754788345
76.0508437916961 80.91071103986606
74.99338715105063 -12.157827672567324
109.41880951421419 61.83196679016367
105.74232038776512 18.354419608791154
100.10970558185087 158.78080119424712
120.64087243999212 157.44179793935658
148.92609371232587 30.82087960788614
118.28476055539025 25.918469660466158
69.44341367991817 66.38264574038276
112.43204079410287 38.55406451141914
99.48393714224198 19.239725980615116
109.12716905154016 56.91496733401121
127.4559057171188 22.10441881491731
124.11743221905097 83.11645433264985
97.37547696619146 49.347189922452294
119.71807306394648 215.6862178307957
107.08975195997823 65.79557780737122
106.70263291040952 36.86255505472255
120.28979008606723 139.04654672211313
81.13280925961756 74.20653403519174
105.11765134179537 33.83404918012527
114.65007121820611 63.323291874716666
92.29726855321839 42.25411468051919
-27.368647373214298 54.08531378986657
102.04374678569826 18.207518734431254
129.9480639711339 28.76226674465172
116.16656010698418 40.107713369371965
89.72328212279963 11.589883495386188
72.68663474162624 14.488818031177777
54.70039013338781 90.10940722678254
122.3001013989449 66.39702352730622
99.4918007309368 19.750407027335196
109.82673126544121 20.848899048514774
84.75867781850914 12.125803727146515
92.672225022861 31.081593942993393
120.63747473018722 14.862532853361701
112.23339881896437 49.701506093927655
56.5841141285884 168.78876607265505
100.68541634921701 20.464633648409045
134.32529073710305 56.26521633160549
116.62751882546135 17.94354764301801
38.40248045684948 28.744325478702503
90.33194567841632 6.934846182899909
112.17557392667281 63.44034915245092
91.95210266389509 26.066570900470886
73.32282948477486 69.35372094556395
111.15699913383905 4.088406907473368
112.79849424566315 115.3436538091772
110.77705921645965 18.476051349694167
82.72616370444953 81.58830461084891
118.31853430043257 13.378465003981548
104.53676048742247 21.712072155551887
95.66525922294517 66.39905167270886
99.79805597505764 12.305750797143423
120.21550277256027 30.468144651888256
102.09031597934742 132.15504121392956
51.69996741183036 70.86346427956383
85.29634118518862 23.576034078728057
112.61534875741765 128.96602147092003
122.2215275291219 -35.67939502511758
103.44400955689608 24.082518148445907
117.02355928089378 75.10600841087395
94.59751626607958 97.42776552873931
114.85216718070433 77.73130661819935
97.82588847789629 20.76973883861824
110.32704924531173 43.40105793681295
118.13700570922713 82.30393342410305
78.22629155905183 107.59889670751386
146.23706376201548 126.88141121549552
104.39472450569717 15.190572430728116
136.15285450988887 109.89728682594055
108.81837603688061 163.29378359777255
59.66501462534095 80.92787028195661
89.70659238508401 57.46177879329702
62.37979183151601 167.36259888233712
79.45643062956532 108.8351297063517
115.28777696645926 19.0600778243263
116.31085077231322 91.79270994343331
80.61872824334856 51.031196408757936
121.65423314949787 26.915150618934003
170.9155671062097 27.625432097221655
93.25491827517858 26.557431453270336
177.08906676262075 89.8204203259498
106.25991446377131 186.44418682536383
102.42858186025335 113.89609656027491
147.6365578118213 66.9529467005876
108.58785227758547 150.59719246433605
111.75016151702557 115.3316858354739
92.89617830684185 43.418233774761475
103.5330482605841 37.83461138480387
143.29100469755704 45.456985792765394
72.10277692994694 -0.35050772056715074
129.0411383934108 -4.579531762612536
93.78056457925125 42.57737545085266
119.57166153856257 192.24765064445114
103.76970117152747 -4.236324538385915
109.81949898046918 27.193798411509857
137.98337496750025 68.8525283368995
111.58304485350574 18.788665855838087
113.27134192662146 32.63864357373465
155.46276459350742 43.797530928821935
77.64684370812975 18.821001596020274
114.24472296716195 48.78986647382752
115.49120683230872 24.40366554330014
125.0192059798583 35.30978681764625
105.3654333647728 170.78355894834908
126.30373366682693 38.44867128961319
118.40746858360085 20.191697485555714
106.14189717467805 11.521172216974437
66.94302609462586 117.15436597782647
125.56647519692534 40.67277488669117
89.44696828886153 64.08003071107659
84.9907358326315 6.859907189913221
65.91837052270758 4.479540341816241
111.33552712906949 28.67086267090627
109.61598384614658 0.5949379510913104
152.82789313836338 81.60512908366883
106.98431849242492 19.016980482379527
85.2286722595103 42.85959381496446
124.92494029647355 71.72975870955891
128.10877333171635 40.18801180192331
80.76085322294098 28.249166094961026
90.41792577570075 32.304058606267425
114.03661124470918 33.59580959040922
123.26152837526256 31.026297585560876
101.18876905965341 11.17919675115093
141.2538501509191 19.608902338859984
109.6510995617884 19.005421843270806
121.76710368503228 179.6176637108499
100.12223586959027 52.378422696515834
68.94377047509991 29.39413202845018
105.8701298184376 61.808215063098075
115.08332850169626 16.728392151231553
125.59099459975653 13.831092499771513
99.82130821430262 5.3541502447314695
120.28785873898906 30.791010343254992
67.25059870608773 -10.926974611408479
129.65390207850146 45.545599416010134
85.46303395061726 14.980230961966278
126.54979753455201 175.0605904925786
110.42027818795741 3.57118700030124
110.36481744474521 43.493370178234734
142.05462638839154 87.79214886435896
121.25269982888909 48.319482598740315
110.03168145772733 10.03294404551105
174.6625137040382 126.33839898510618
123.26293162691938 50.21750689088956
102.8290647820025 -0.27700166767987444
111.28199448724962 11.807099999925965
128.8938560772625 18.629894386656243
71.29107323363161 41.6458309003679
92.5205130385472 184.58008078853194
120.53630356808074 23.983665222623436
85.75507145841041 -29.42533742933908
125.3581204072626 109.96516141861724
130.87097088703456 70.38945300847936
128.07354850627513 77.7135607604348
120.80778132522065 42.403513669606255
90.75528095941135 17.79095138279361
141.71718752230234 24.14564630943097
125.3050642914564 188.50200460903733
117.64137340261087 63.623958940719945
111.38922572243084 75.18547668266179
102.27314266728719 28.43656711512739
110.84476452363658 26.73970021479382
104.7734888502255 33.697455843222805
84.58957117089432 53.692928726051264
126.091349181646 -52.3977601819499
107.87833083233059 -15.862907729161536
99.46413210062953 6.763710091655144
90.2560938881675 26.62474333447618
72.01555204849295 21.23658406491262
83.0116450242074 46.37532557364286
109.90794035576691 85.8396199394078
86.58232449776385 42.067772004927335
133.39197418434455 75.50778601816194
47.74465099472831 19.700755788147326
112.892791009283 21.75821039059243
74.20069563844648 79.61485603247324
97.32315588731103 18.742929151806255
112.68353144804786 41.31886607107024
92.81556244396302 14.62512427102902
110.23556958969804 -0.9028050506724883
91.72770179851382 173.62597635173918
82.7805812639591 2.834856930937927
109.33400412223375 74.77976974881962
122.76514069258563 -53.547491361308154
122.75327539666388 59.428200716898615
134.43708594114935 144.8402919889964
67.78308113270297 63.06161593574382
100.64410558201975 15.805645497929977
109.57318645729636 35.270119221378174
125.01075138993119 10.488029526565494
103.7485478040922 10.742816901435571
102.48087928125717 42.110425564939106
76.0071871270222 133.85997061452704
134.46916017052465 33.32944199898919
192.64919591880087 70.71111786621705
108.04463440551014 29.41617306973185
96.16977641340313 35.47288894197462
111.30644629990579 28.9402421926687
114.34499344125021 48.19735132713717
111.65379815095768 12.311178076077992
18.103537552865863 18.27672882237532
147.08456670076447 81.95309066561423
124.70469114677368 93.78736789566864
103.04606037301596 104.50685427688266
99.64510929756499 1.135427348799803
116.22045129480595 20.34393803952188
105.98431020860005 19.189980117876193
120.61675591203841 170.18043675733065
131.93634823949722 30.49209302224379
78.41367927012892 22.09536052044572
81.02780287955 28.59287774995363
103.61861238215292 142.98079869800947
129.9194072048848 192.58437976736212
116.27557443904249 46.03409060268191
109.79801327494575 7.090994590440484
96.42674852868724 4.5666209520847545
120.76750362653667 130.23297992208632
112.20142223124334 62.952995816710356
111.2131505829753 144.77500165022968
111.54000806898436 19.298072182350435
125.93927664852231 17.38590415731188
113.44359969646658 18.09370621065387
96.91408391589796 35.88437515043834
80.04182930262438 62.317369824957375
111.70696504101149 16.59886456190354
124.22751485322183 22.847674374968733
108.48309110565484 36.50847393912012
138.3688459517764 23.492889403639854
140.52613151513484 18.594140238478083
105.92959976089593 25.703858027348147
107.98338608903735 50.9869637990897
110.08084126603774 0.7172088159041241
101.46043422172967 111.34239094567486
51.988863023469484 293.48380541685873
71.38180500024015 62.08812237205687
110.60637590397987 36.87388729873083
77.05456953790052 4.133271206781755
110.49263639695288 9.953448108426118
120.08364823193747 -12.970695531351996
