103.05474996618197 24.50667539806139
99.99760716189473 53.06202026615746
103.84209512513634 204.5035516392122
122.8142555476411 -106.97158249857411
127.54256179804219 77.22619170634337
130.88452445887356 194.85182462432888
102.75597873402413 48.23443606551337
99.86783615130196 7.220345017713225
101.37874258385543 16.513946563074768
124.14639292491148 29.299561544715594
106.98420428785228 25.40779049214237
93.3311381023252 12.637687490208625
111.87570325597012 -12.8847367524982
151.10220327861674 135.8253877348255
141.49168732884746 -44.18390958448525
145.8561594925754 14.897115370171637
123.3912617981571 47.012448337846294
114.83332472668658 67.54779754121876
113.3025867717214 132.0455949449045
94.95840202184282 59.51665370929359
127.93495536814575 3.0937547386294466
132.8994527283827 65.66684830541624
125.20699356760532 45.35844590273743
104.0470078855489 -54.93599871247226
98.70236646062922 245.76567695925633
111.94235487478328 -24.6206688305688
112.7835150088018 26.146873608246967
109.72745620757239 11.28038438012198
98.85952223655397 36.61802670097276
111.8562591114044 42.115311965358515
123.91055451631675 117.17633509747382
107.12409093267567 15.450886643892376
91.69664461490731 155.09802590548708
88.32100184496905 9.836011687583627
118.97758025108772 114.82072246788542
115.83909016211034 7.1854187047773195
139.60474183229357 69.54311390831825
93.63799069179323 18.688089085948377
88.17856328906385 155.11658339740342
81.28157222613895 15.902461875314113
132.09345036086646 167.33645395520873
69.71991547961723 100.48199399401133
111.22967363161602 30.014312108423425
139.42835724015308 18.462666670953297
30.5544846371731 25.602307514110244
127.19640558110146 120.05034328645236
107.1700508355728 10.62819239698727
104.87721535083078 32.13518756911376
98.99499374999527 7.786307913827107
120.9633261457783 124.25890138508662
101.3186338104503 12.259875348860962
146.33503985441126 50.39488486535059
167.45702207211895 109.75127503037325
128.48219882116953 49.037105738717315
101.80052028659706 78.84975833471863
112.26471611559354 35.2048192384795
92.60906499378525 -64.18193390088061
92.07254383356036 34.61135362016158
106.42590293036339 26.992828270178297
120.61355401018027 129.21086651146624
135.20483248901985 108.38140331207889
88.38659679414334 77.03773854051563
102.39841409343906 36.768352995267676
73.26203918530597 105.79501337174749
97.41202809913229 19.65726330982504
141.0020059296775 54.86949874913323
68.86662307025045 38.00124173974284
111.34242998659886 15.845408616975645
115.85071191802037 34.207718100648506
110.84787224198688 26.920487474453093
110.63701344588657 25.363330818496635
90.6092905318116 26.121155833998245
132.37623924984257 28.522222101021814
115.60446536075685 10.447108616169901
109.69027028326278 28.775661676096135
135.52435290061896 83.56505071692385
86.17113698783925 42.198908688161936
108.45531026065053 151.38497532486053
78.20919483117979 81.1405225316128
75.27380878837725 -10.868933158295228
109.76539393995124 68.56550316403035
105.80505866762203 21.02572354667583
101.0975027614756 152.3663654414965
122.73216130241306 161.67492592614224
150.2836566525298 33.98074908681427
118.49014401674953 27.29867646676854
70.42853980973251 70.62990919992475
112.81854866934566 38.07146636012052
98.84007108679637 19.202877466243123
108.64508360750048 57.29118191231132
129.4501042498871 23.187411588538836
124.04083290607299 96.9657592408638
99.42046894188586 42.84845478948435
120.91091995006919 205.9575346929884
105.82364485088488 64.20242066180482
105.37878413555129 39.28556531855626
120.19917705558686 147.57771578274296
82.92479640433812 75.74275480105698
106.03655233691788 33.05851698347591
113.17823016779587 64.14375510936418
92.05567292896933 42.53155348262338
-25.2496704111278 49.42522665740589
96.44241163634648 18.248929132695043
128.67547728274948 26.580110454707206
115.5931364704161 38.00763479366928
90.37630469007897 12.86126229582185
77.94296135910903 14.726691945972581
55.8717242015088 84.87833489028502
118.29268752793828 63.63672203699458
100.7736457222887 19.682867156224713
109.98479818619427 22.854504182519722
84.85358825223435 12.333353537269554
91.64879071171033 31.966861537289404
121.43997776621391 15.134358977844334
109.54196474668767 54.09442410207425
59.465861781734716 177.34377816812813
101.08930354378268 20.508477009197545
132.4687649880904 55.436641864996986
117.11161727311291 19.662416968208515
42.93478056322953 30.869669725964698
90.43823519241825 15.622815623433974
111.66229519954493 70.54450875017751
92.50262381510919 26.288076257012186
75.7748778695106 72.46162758462015
113.52760187061678 4.27212278393997
114.84762857290518 111.58149471101191
112.81569014344083 18.274872250122414
78.69022700917682 85.87963811810815
120.71335194287572 14.235643189407863
105.92764105295544 21.269698543702948
95.28815696520793 66.0846352485024
100.37577602427073 12.879410143522232
121.07716463349807 31.48947713269347
103.73601409249856 131.88515997052485
52.72047528119359 76.05699324940787
87.1845825484149 23.123449371971198
114.60579697451142 127.89344965133166
122.33216325033173 -37.492093512466695
102.72107958196729 24.2257380765249
116.8679999907261 68.70396921300544
95.17620521971271 102.28209313556758
115.51017541114638 85.25793591721474
97.63863178890297 20.767571387318732
110.38719346772947 43.48256735934132
118.79079742829121 89.59033514300822
80.35411323739503 113.05852089524457
144.94987570481587 121.18565486450451
105.6663799760979 16.0833599382507
136.5472594262119 111.95466973943182
109.2841632932193 163.19586917027198
56.85092554249999 76.30510015592706
88.01783244943577 58.58691715321717
62.42848807896496 170.31749778196772
78.62661929680772 111.99764037411641
112.69118106915643 19.446601636146777
115.9065107572148 88.13282689512754
80.42898416551395 50.913089626672914
121.24269295497393 26.605832464009826
170.35564985930412 29.08750865000844
93.76223167950812 26.484236647126615
181.1665742561711 93.49393985964757
101.8990536494184 182.73537160465565
105.30692204132987 110.20760740430062
149.41888166156386 75.69934029217549
111.0099380031335 152.83949111480064
112.52840333362923 107.05666277182196
92.38740229095782 44.34511786013756
103.97786500350723 35.78639382398245
144.26628816252577 51.432036603077876
72.28139494218087 -1.8889998882910566
131.57138619626627 -3.067434982845023
92.96977820858714 45.054537879677746
119.73240320612878 194.2484946292021
104.03408120180768 -3.564530344030963
109.80888223053543 30.210102656514763
137.5306464423014 72.76056024090146
113.59997482358568 19.163106596558766
114.15938643999229 33.01679241231484
157.36845043511406 42.6353181202113
76.798276539389 18.761668409234172
113.32101458218288 47.32402032470726
115.98197276427264 25.006348892334525
125.2730362034417 36.26072978179687
105.54272677702416 170.99542054198096
127.21902814301454 38.70249193142764
118.12333059022839 21.558299957801175
107.94590011454669 13.283478324607103
67.72637185441923 110.02165462481375
125.52793859861647 41.48273767695204
88.55970725704299 69.155660774802
83.19949642279701 6.753092404569343
66.84620093948664 6.4953159636222235
111.4431225288532 29.506740507059437
109.72492686047642 0.4439562627394906
153.96237606511744 81.101964726187
107.37203101046407 14.67399608318875
86.53695739690703 43.06630247741627
126.46558538097432 82.81836808853579
128.14588841796672 40.655334906835485
82.3964833931626 39.23874353665448
89.87121363295903 31.956010158893374
116.83053124584815 34.24151102807382
122.81649092176124 32.87585897640822
101.8335007671705 12.009711694059986
138.19772016397246 23.23895201344132
109.8214253902104 19.850979897554147
124.58927546348778 175.2678435124961
100.64129118736338 52.5707060766734
73.15931225394127 28.707400287323622
105.66263686610411 62.25455104169141
115.56611598787063 17.409528286021953
125.85318926219028 13.310436725962509
95.21435536922226 11.815560743406207
121.56034805033923 31.475753435623133
64.6909294043086 -9.718707730411227
129.62377231432225 47.36184617704827
87.24170557386111 15.971887347259194
129.5993545697089 175.81098859584495
110.37124861164834 4.679455062308509
110.59194130087543 43.871671671321906
141.85256544815167 90.10555307084547
122.05330528652313 52.179947623297636
110.00616429501873 10.94287701915938
171.40021581856595 123.37536478856919
123.97289978677075 50.811109132405484
102.96256020248643 0.7971283098147713
111.05911105757495 12.914711608907819
128.85582279041046 18.259612479255154
71.82241887630316 45.25002954989308
92.56656762386761 184.33819216795735
121.32387239699193 26.119696015691094
80.72333109715811 -29.801604348484144
124.18922988392195 110.99977312230419
131.49364347067177 64.53847911415507
124.93403329331095 81.26088700052063
120.76107925034206 42.09174948061366
92.9158317632835 17.84211930525204
140.4693950608579 24.670044300169458
122.22114489799061 190.04508408425318
117.87404305808424 61.303372067861396
111.31095339675912 78.83166134816804
103.18239553782593 27.329939018624476
113.62052858615297 33.04350201734074
103.83313060883255 34.16208229972074
82.3974877114378 54.24011678689559
126.6798165748479 -51.34218218736616
108.12101717576205 -11.941475738745542
101.96241710569146 7.802982740175554
90.17959247241394 28.55720720177252
74.69127733573126 21.815900317149584
84.33547076361931 45.726442160331075
110.16724906936149 89.71942912514096
87.91093601110782 39.180059412389674
136.005275768822 82.41365611977382
44.70565042029268 19.737428536363545
113.10703033184873 22.46761873693
74.21342652558235 79.24553772005264
101.0816148965663 18.865229083868417
112.95927253554254 45.193882785113296
93.95878048366285 15.118318586295993
110.41653210987631 3.468180665178254
93.40420353052994 181.07270006787783
88.948710433488 4.130905225479981
108.13537784543313 74.60290021388028
121.97065883285306 -50.749712073862106
123.20440640369252 61.15606936105149
134.07063967787946 151.54454400870975
69.93585530469902 66.51401018159163
100.82401179040974 16.121614012653836
109.55345141572963 36.28605949175397
125.40672740954777 10.310393464628682
106.17376643054628 11.184262626759448
102.64866836686704 45.76078465237411
77.07210115487678 140.72167701526445
135.6246972413827 35.41651666709581
195.274596677184 78.89005762102556
107.54777384759744 28.757938905244828
94.74046556074148 35.66912769206346
111.6094947419268 29.50881327678873
113.75709800262007 48.255263405580585
114.808440127744 13.568599147656299
24.465984066002143 20.308724662052974
150.03313938376075 87.65402132947588
122.4564351109544 93.49301209547004
103.0241045483586 106.18115179450815
100.66798804380184 0.21711107806715813
115.90849723480548 20.378200360657303
104.07107574707155 19.094236826695532
119.84827174188443 166.03921086193745
131.39684072458502 30.327405134196077
75.58724927046545 21.395311788323344
83.0583497225514 28.633178042790117
104.23876996827998 141.2192904035271
129.57762435171128 189.3451488110379
115.3990205341707 43.75809531969565
109.80263702578242 6.809905373293396
97.14793446097558 5.899760242195165
123.10564575842258 128.57528109068173
114.94812868388627 65.81830657592823
113.96076496814935 146.26869934446472
110.76671149900484 19.435660423513777
127.13496992977366 16.96903581967301
113.7389941671552 19.343880204420813
95.87501568179032 40.194532955903405
82.1677205718917 60.50121380621407
113.6822719583688 17.403105331743394
123.17400688760506 23.272807402481845
109.3708339550358 33.862750961139405
137.015419842786 24.083294052207567
137.07419007839607 18.768865206976457
105.18942316929119 26.502411945792616
108.34014194241823 48.71956915732545
110.0286269362293 2.160264630535933
101.05661982058557 106.2406070979587
51.61501196318822 285.3707008740069
71.72582578769043 65.09165606134395
110.56704712960928 35.89668062451954
78.7872379694681 3.9101250645986414
108.58208458729064 11.52337319946454
120.03003227462447 -13.337831434687297
