121.18957255139878 128.57022354070747
115.15750517028393 96.36814295251726
114.36030965695723 123.60720550438577
76.78308230443321 126.97363702199011
21.822312574438865 44.498065202433516
124.39076483123598 130.3817787732893
103.6324077282255 41.28946940616444
105.92169181909807 56.74427907231473
117.27746776327639 21.954349980582272
120.77630171830222 116.87863230553492
33.27436530390913 29.435906399303374
123.63020539243473 22.96257226214415
109.24708250407107 121.8093399039214
123.83545613978085 119.90600442051843
126.85864116882065 98.42360279139574
114.76974326300925 14.965894412877521
19.55451643786499 39.81775456443471
115.90226249349998 128.44188017846733
55.862764077441604 131.39539170208005
101.74186594217606 131.39704735883015
122.27941899562319 125.9915524681453
124.04685660843485 50.29015894336137
112.31340933695823 37.2443926991544
105.70602755964192 66.85799365602269
107.90109241456015 107.26611391586914
101.56614801293367 101.79616351087535
47.72198683718697 53.88536042517239
110.14961707558321 124.34522970631672
54.06762730726615 120.10524891243297
110.72767926912135 38.719958665679684
107.01262164327784 70.68904161050146
110.73195557157048 31.359615610230943
81.66430586695367 137.19636227339356
17.711850252036616 40.23210973651542
89.73331039955332 136.82915789653728
104.46323514131234 129.96892156843043
107.67263045677834 94.00752723406953
100.06223918330986 13.70172374482311
99.3923478054872 119.39295915725792
107.76137817226025 22.798443752288208
117.21597923303713 86.27438545463008
89.99475667840125 108.70598966823304
26.72586493357965 17.449370322937266
138.228146242705 19.33969760270415
68.59394789963825 28.325019957121306
118.84114634356536 130.51308233797613
84.12506623813672 36.51763068341092
107.37348313464254 48.3913375347554
110.37545826321936 55.69371317068824
90.47193926051858 117.09188975836665
26.945908436887397 27.569379852878807
44.945059571718595 60.797097960989504
120.0142492529489 124.22442362851181
109.48087906117514 141.80298668895242
116.41024678733048 122.68299676328748
101.02910913403572 144.0184213923204
109.94789225979291 98.15435375013642
85.23281601600152 40.90209699606857
109.41796052837392 17.135738219200437
110.82076998865966 117.42260495056232
116.901988502307 112.54618438249372
90.83550811388908 78.26889790312003
107.15244032246338 28.621500973774893
103.35288144696115 95.50448070843059
97.71311604826937 24.984069296897864
118.63363042593599 44.866967562625675
21.273614853879828 39.35015113627494
114.78435121535524 21.897271186232548
112.4154880864595 28.163616125084683
123.19696775230963 123.31406526179366
114.4650687001642 128.131242027793
64.75187093344698 25.99476239554109
120.77280043947626 33.674442404993435
123.90152854865579 129.45466614172815
96.0478331613158 75.96963271646752
107.43166353508155 137.90200550952977
112.23273740016499 122.92594662792763
106.7650589668151 70.60739524270146
90.14400594488771 110.80996611469126
107.41834790415518 80.07230026937711
110.83147417058865 75.152423314577
41.22910207677686 120.01654025448133
108.82076681322599 86.06972331889511
136.37850814432596 133.72132109936342
113.008000207452 80.28315734169074
117.9523430465586 36.25641923765067
117.4144526600688 123.7659224374556
110.71194748167018 117.84334281879764
34.72652546153449 18.42242923601268
106.98628737852351 34.763858347091436
21.81404754292623 29.74897799558557
110.74925292992152 130.223457412692
94.65364587448755 20.22741672545452
116.74916473655205 127.5595245732471
112.07308900677928 95.38357535933876
95.53178258911474 85.3338875341476
118.99792080890732 130.20142448779742
98.47002752504049 96.4923545306021
104.51122203098029 21.82783840997449
102.6660492632306 54.614902798511665
100.05648917996938 31.922517861679797
77.76644277121048 34.23512667181828
77.99555240708384 21.69962778664174
73.48284699247483 35.03864745134174
109.12727207921996 48.58236112008366
116.92453745629236 22.63109485918877
15.759393893834478 26.306074973917834
103.09303450022163 95.643104118285
112.22500380169843 118.19892197943514
116.09980136896287 19.286334409976053
91.69723035754221 32.657009962223185
127.63436287945372 25.280363387153777
31.675254635133776 41.37722688126051
118.89759055609451 17.608090180158094
95.23309076762754 88.64277135501361
120.0568701224073 123.49395813276409
105.27128098641859 21.385293493263642
65.1184536901446 126.83743417302395
113.21742517133738 34.71147722764458
41.32797098776425 34.34506724426817
113.49214113041334 126.61678644870314
109.3174222690336 132.52682867835506
89.59908041095993 122.52992007620936
100.57809769012671 119.55872648517096
110.1025921636332 15.530180551579308
122.88111933771478 118.17553280904771
117.071308167231 19.411548795666235
80.16739199248097 136.47863035144968
128.96448495987755 127.49830547883455
118.27756586295769 21.30522628323725
100.26758822961006 110.13750804417876
114.11602806287897 22.05548855555068
119.00016030717792 125.90698190480124
113.92354401260793 126.34204042767996
101.67118854859861 121.78862940994036
109.70322953445455 21.445126928243575
111.0300201408291 122.13165720061419
105.27805294864216 137.2911803383465
98.1445059995244 22.582843032827125
48.04977775345348 123.81647653137051
89.47452486710174 129.50305724990136
119.95169389087386 124.4757330569698
23.964922849004893 22.40032334034269
15.948411441054356 29.613458727595457
115.38510006584524 45.261734419984336
67.22093343644246 122.06770596138033
110.7380450940801 122.50759269330834
115.30678966783005 22.262251598892284
107.93103329195755 122.3491779133788
93.01591360321014 132.69620767495053
48.18218527068072 126.0522808537843
87.43666589733094 79.66953632021765
94.24967434990178 119.78641259084088
92.68748099234752 115.09654485355169
67.9082708688193 23.857843593917178
111.57651689149178 30.854772071155907
107.01905547864449 119.77878168383515
16.602320097397108 25.01143270775042
126.26213178975358 28.930253806881787
98.30448773731997 22.864870359087938
130.58115792207067 127.61686117091078
91.64641593791012 118.41190027297475
121.08071137559148 118.01124659715671
132.63006672961083 119.39642726732941
108.31752438131181 106.17198984495315
115.84494063489062 126.31498242231902
104.74303163424221 29.767494122993092
107.31754322550157 25.408080215937726
77.06146747166913 49.43601481283212
98.19145967334606 111.27340741856348
55.53003993345051 118.21553707876723
97.6934006865623 128.11361997446932
106.16822622418994 135.268306989926
98.41188055416451 124.37487753378657
27.119414953623355 32.254962705965255
112.07061641955686 65.15969861509416
116.13002717753648 25.992757983021345
118.14254463590609 29.295814359819495
106.40350479254865 92.16170737437935
103.56109643862888 18.549598575806428
115.7570068765125 40.383764480507004
116.23420657121162 32.07942088127124
111.21756949545053 89.79272094031253
112.55261267845083 124.77931280303372
121.35654186355931 39.07909910680471
118.34505618791007 32.21299349694989
117.75675153542201 120.48457283003738
87.35654430145031 129.75233691330683
116.0347785787676 63.311938528527065
97.7637835611099 118.94034556867261
105.38119888939693 117.78548393247422
118.16354326770113 35.67036392194783
74.64492139943069 33.7735367563658
109.50703246686123 20.387774885659624
111.39552910378019 81.85210181059962
58.671001425956874 134.61611274265942
85.04569339863998 39.949750119888186
128.5977463028277 129.3845300731507
120.14697395167467 39.29867505425415
111.68280487461998 120.52471529439694
68.73286154928354 37.2141922522745
42.97737730031353 112.34809744853567
87.32524773413874 32.817412190349756
116.81453619978957 29.426901730095885
114.9562364466212 117.30539980517393
113.3877447779133 27.32768069257636
104.93307115237266 118.79083218073808
68.45705212827424 52.95468805814521
95.09782190444648 110.4819596736247
18.097954707206554 34.015946732364014
18.581925343356094 29.36033560186983
49.97622903162746 126.26516347607192
63.90476578326255 57.19916986011679
23.28697781165918 35.39820797273377
21.587921101704545 23.286665314783903
118.8347459326595 129.39330088443896
124.08702060346894 21.598782207434095
124.55710906228948 136.79070863793416
109.73675969473578 25.115189572518393
110.54855034872215 33.080480013976214
116.30056920818468 119.45768911032886
110.3746224524937 69.73447626221154
108.93014002649569 42.2548914257899
105.42723901921454 108.20135303120345
123.45137548074348 36.790629722364415
110.31503553897775 55.80959155080666
109.7834363556031 22.186616157734704
100.35152479321637 19.711113206817988
91.66260690884161 133.00286073450448
100.31969527637469 72.954256599973
119.632573520297 25.840133566815975
29.45906886537419 51.05829986526529
113.46775775510467 45.19799089753557
126.61486135908248 129.73615538126083
77.7357835469206 131.32268010250607
19.551293288338318 18.686013091913242
124.8143690541992 20.406293615001957
126.09563814670614 112.81987428511351
87.09179291892163 131.79400595239434
112.6633053596171 36.711971249256145
21.082449414450185 18.06988026652385
107.49669377833925 29.380157846438053
122.14026843358917 123.96563966654679
65.36502354033385 30.217989462725946
89.51037718745806 108.33015720264278
114.86826862251046 61.2277085544447
45.57722777788284 131.22449159381944
124.53773198903822 23.692308149305465
99.05183900513266 35.30912061970892
28.686334639382366 33.06144566164106
114.42022587450877 120.30895895725293
110.16283156460099 54.927463239626306
109.55625533564223 119.98096078879068
116.15806968139535 119.96911098544699
34.64932367533983 21.12107737148149
111.91043639004751 33.93374584045704
98.23934105300013 117.59827260308587
95.6906306891954 126.32954925214354
113.52033345107372 133.80568442152344
121.00197480218533 22.59848341611668
111.42409605252614 142.4730960432046
93.3113265174176 131.16738453892776
31.16357496518906 27.767392473798147
107.42646096002574 136.2832533999595
109.0617447656677 126.6107906271095
107.50060264281721 133.0813819151061
122.69437970191635 133.32809739285753
101.0751297466589 127.88572446807693
108.76892833511221 20.83556016238131
108.53035701836741 32.81788693647323
110.80733590355095 18.971292561019794
120.81228882810314 24.788991985576143
106.77319471469895 36.84287368145541
96.80991753429193 124.62206539038117
129.56821782132968 68.03593549123246
123.19929866614851 135.24477944303362
103.81453927474779 31.045260081581056
84.57375378891152 29.48846539050088
67.19266334518083 33.67160077959148
93.26841216720327 125.94267382194946
129.09128210540612 31.299787269051144
70.32382629969872 27.047984994564445
123.29567198253272 124.6378728923028
115.30673484706782 68.43639622511317
110.98848945483545 78.05918878242711
103.82184476553408 17.59282123879093
120.3630293256379 20.173295624986558
66.58471429324723 20.277701980431885
97.05082376639807 84.92274671771767
97.75170570231353 129.31285854094742
93.86475297705884 25.935771942167506
104.07841907956877 20.588079000121482
117.94550502622943 123.44773991963237
107.61574071697588 120.09193267862544
17.784011472923563 29.64207020619149
110.42466387418935 100.64297044319032
118.68583191006094 25.31207499995364
117.81891270811991 99.57382222903881
132.11201707202886 111.56116429283381
122.27054067853494 123.97267963543862
70.67300908680157 21.054713122456214
129.70506817742657 13.661906720026328
105.2082504283642 135.09642363002743
78.55860571752895 127.15930505321874
18.39007695423335 31.37809682725078
71.05834849382119 31.731706422775506
124.47514517067246 26.181613233712937
99.84555484053266 119.05023999230845
65.35673738552897 31.67461304382903
36.07425133492902 20.661128504603322
72.94593675974843 28.980872418363212
104.88625341505937 34.452942674614604
109.7242397727582 114.14168421431924
99.98229543893211 128.16366445615157
58.64001645051352 126.44757428277094
97.85756171284117 122.60136989118412
19.898137858901247 16.401084736641728
116.55414614996226 16.316325895313312
107.14671634331464 26.580724061840524
76.98529939608858 126.43639349941544
