104.98161073345904 23.58402291365659
91.89409346851315 89.66182815367004
110.9213709281335 194.7081678154464
121.34459682624525 -112.29051418308892
131.71418641959792 121.79679680162525
122.86419446730193 237.37146235422006
102.92224178874531 63.56923370864559
98.421636168285 4.852709159149573
121.58982476911616 25.404824229420015
129.5133305587895 27.080607547290374
108.72164479163811 29.111797857898082
103.87219573093707 13.713512931386884
110.97881315191596 -10.443052235008592
155.00383673416235 161.07070513645726
148.8622676923072 -35.95192165364457
147.19331294815808 7.2562446942214125
119.97013779590807 50.99022387432549
115.08103222115284 97.7393007123797
116.25544796153439 113.86714016607169
102.77143628624361 58.60940459229094
134.89354286072515 4.095639273792155
135.2716807733427 71.56516938571121
128.47079006426583 54.889073099090965
103.91953554710298 0.33165091336841
96.79178716525483 216.3552835638587
111.25172138729567 -7.368069675993857
111.9442596733849 24.297059441355255
109.86544686611936 30.158604286786797
107.23150438107454 25.142165751125663
112.27225147313389 32.61466873409112
120.34341919654088 93.75851617014517
108.46316755343658 19.231907770092377
82.05281306254139 157.25956090676448
83.99254812254047 30.78219789995007
133.99596837563772 149.08375903417888
114.52961907477908 -7.635636696519057
135.9858152621229 61.239847848774076
87.79239487486308 23.96795203212898
85.66496036586939 147.68916474394632
100.07626495930502 19.02756442763425
119.2591562190563 156.92713689940297
73.87297684194866 103.67429159556563
96.90708051908533 -2.691475342915746
129.50833049713214 18.35595761084381
48.14040739669588 29.048757835032923
118.89898177365068 86.07251125798298
104.67468998167527 25.50029913252259
104.86601128704099 21.72573850004804
99.54537793717782 18.315576335547803
107.51130354255409 139.53169858376262
117.70234699312472 16.151813347856876
142.77228644931273 18.755981038336074
176.50840379368026 91.21409596943772
129.58408169907466 41.49265182528121
105.94654502553209 46.63415372265174
112.70435525838789 31.844008731456388
99.20924068928659 -40.471548712008264
86.99303884159642 32.26671969716639
114.6000983961894 25.89566735660255
111.35724543982482 76.84778948377783
134.56770449096666 95.92591625729592
78.86602811570324 66.10643486213496
103.22347292779082 29.899272896818648
77.32769238365692 104.68034536959266
96.64352475155736 23.213808949121738
147.46721030822502 50.97889257540633
50.796904143759654 50.54858207788499
114.55907987399966 19.698747309254426
113.18595582476662 34.49086564536368
118.64875325523444 39.36983805638443
115.71840444340705 44.534788358253145
85.17735471925567 27.16967984105255
130.795319669869 31.024322565838794
106.59683704162794 24.221002639824484
109.38352026230545 50.56284913718146
140.50721496638147 77.1995049720146
82.20333007306793 41.64869104186312
103.87402597879294 200.53870942351622
94.6154128398708 83.47204271726943
81.0687681379762 -0.7658438634064204
111.44928984479337 101.33855537873688
106.7629445006795 33.35725567642744
107.0438735559667 112.8165007184088
130.36801856000508 168.3790975463413
152.55581155161025 47.06478107407949
117.78843001230162 32.79638547186158
81.67610003429797 92.76361500063493
114.2956906390908 33.20307947449267
97.85401388321044 19.103364655062638
106.41157657423949 55.12732255944494
135.2892597732701 27.873786879207202
120.93231775528182 160.78653892022862
111.0670658083453 7.438198510337312
125.10876153129789 137.349962003589
100.50980101134927 58.04053540368988
99.90548470215997 55.31397063033468
118.07158357707578 176.05529716007732
94.3557407260903 85.57608013550822
110.91050272823163 28.154519234294913
105.43746053671082 68.39385485351839
93.14905489048459 40.37115774104225
-8.923168643481787 21.734941455245757
71.59872640050243 18.569321389776114
120.58740159777734 15.001553452411109
111.8526247757663 25.52696934796377
95.85217346613419 20.080951476960138
107.13258185563744 16.479312837170898
68.69397621696197 48.9136422412536
97.86423095008422 42.52478619509005
108.13365260024223 19.351888084722923
110.62801255984294 32.00805619141922
90.00726725140947 14.457333672608508
89.94403136048705 34.324502558328284
123.61293055035483 17.170311482386886
96.74015513483718 76.25469149820428
82.26744126569115 203.397140180676
103.96201088236063 20.493005011666632
119.24706410331746 54.49113213748357
118.2259284740264 27.983761016816686
66.51496473690202 38.730042224852966
94.54652504706895 65.90975066659252
108.99568582196378 96.87531888780578
97.82461323037012 26.445528455142323
93.33137351477252 85.90979522032043
124.33785787333275 7.083278563919036
123.58010846976522 86.82288063951803
122.25942877637607 17.503900738213055
64.14747736397099 100.4848277988859
130.96340727227246 19.209566426898956
113.27514812974779 18.870569416987223
95.81765103612429 64.97700431673988
104.42930380659934 16.703238469397576
123.96884700095943 35.0349167377317
112.50094981925297 124.35542792024673
67.31251104208451 99.62199636764947
99.59173964907538 20.595451912302146
123.28636750317818 111.74222614427252
120.97301399312853 -38.693069717424756
100.3140601524735 24.23912120329274
114.99278339847076 31.816621353307248
99.98112918264478 121.35755706210186
118.27864139213277 120.78273734809122
98.31895777059466 20.57221932711024
110.54666820405403 40.04785626470455
120.87817462905629 111.69754998459894
90.76593566423283 129.99994281703363
135.59862271240763 86.4200886202114
112.2915866425443 20.921625180254086
135.83091536472025 117.6301971106796
111.62731505562343 147.8125546188745
42.58742665479552 56.49423391965354
83.64442294437889 64.95289069694533
67.2024588023174 165.53004459414365
78.9925938875498 122.78893316026742
99.83190503618815 21.296485055597117
112.92858040426846 61.01655067170647
84.02468137602149 54.18830278882532
117.66331970475791 24.141090789003893
158.79254699855096 34.77157561328501
98.6679581643426 24.58499471591455
190.92100108342507 115.14126695222322
81.51692026866831 145.5223883121063
119.66561087997708 84.60857910886057
152.2829464932169 116.1509277267437
122.36582766419573 155.41638721932398
115.76078389667893 63.250122482730966
92.7207328489592 45.29337374753454
107.1373633406663 23.88298436602558
142.57902291079785 76.07181807396526
80.87217555453441 -6.310586129379317
140.53702586804764 16.62745147861194
90.99232720853487 61.58713709457883
119.10224589721598 185.59349249440515
106.00757638786163 3.393419705467024
109.75441325247523 42.464154796441996
131.11084021878943 92.18220645550764
122.9344444037004 20.97978699151178
117.86662977646189 32.928009495857154
159.8177934284368 33.096775883640504
79.03277079527236 18.546128853550357
108.38200131466492 37.31726926175169
117.73841094948457 27.044520501302223
124.54591669506996 38.20893281335392
107.15894319238052 146.4887764963173
128.04072867425285 37.16500435947624
115.13917787046415 27.696250946517328
116.95130722939359 22.683868052583232
77.76806709401421 70.98161766567348
122.14426705663175 42.98645591656957
88.34719105151594 94.92828046133117
78.55828741270352 8.159918142758553
77.29928710909945 18.352459771050807
111.71634623414214 31.89653722990807
110.21663075886369 2.014115655070812
152.7711268133581 74.28936361412323
109.55315116584089 -5.376624910462959
97.80673508848244 40.7863512943225
130.84022648345 132.30946817554133
125.28074557950298 39.19694621001117
94.69649312763663 98.82972278877472
90.6565539211605 28.702036556441545
129.70848939002332 35.12881671606545
118.72624804779177 39.17164367540467
106.0045149570296 16.946502115787364
118.96090403712108 47.475229573556625
110.64094056827298 23.85889637951266
136.00100450852267 138.86070126019874
104.42633508111986 48.638760592124164
96.57698256372143 31.334417645980334
105.20789783707208 56.67794753703
116.99893838634803 21.0143479554642
125.36548846986588 11.629151876311496
74.6935867236825 50.64120367132179
126.06836438123382 33.168547326506676
52.81758415327499 0.27755667334850775
127.43472503737252 59.2277584741929
98.88586398583517 21.393745816828517
141.3695862484824 162.85463910884874
110.08140559286934 13.124275552050921
111.48618897667686 41.098401339107056
135.39936928182934 100.27496769675484
124.14786808171068 74.72381161094482
109.86973474058624 16.451728346648693
150.85535228386055 105.56613953568224
124.97276007913162 49.65508456323435
104.28172730140184 8.01783659928656
109.78627494627654 19.313127512946036
126.21175661680371 16.670509793476864
79.49492566687356 66.63831478346103
96.00137747486073 167.02060857514596
123.14358546726349 35.64829438578246
60.49509086900343 -23.7062556249586
116.67061109566976 111.8945448823144
132.43826725347353 36.139481269511336
107.6148330415698 98.0480586430396
118.57226383839189 37.986269267953354
105.84753302530699 18.383464507551505
129.60590727050248 26.16466871526309
105.64006773307493 173.50787820378156
117.50420556462645 43.29010678113388
110.61093407997296 86.87172989749448
108.16881858550833 21.00080407325798
126.26075136105246 66.82242018042625
100.33888086753349 34.389206850053654
77.09506574246473 58.08154269544391
127.03539328623904 -39.15793504263546
109.49318073655793 12.178944355887195
115.0967248383516 14.142423155167245
93.46806693259882 36.46595345030083
91.11608092569948 24.174472104315644
94.09128597254598 38.878422957330855
111.31192081589846 96.62954087684007
98.28797719533952 30.455931563249596
144.53279151080335 111.3168383639771
31.55554582212263 19.748493814737888
113.53158998007083 25.22032709795839
80.13463112958112 75.47357489529664
120.56142133919573 19.472374169818696
113.7720744896718 67.47664325512932
101.8000704733259 18.105750413016743
111.18657440129796 27.34255253158664
103.76651566379802 204.03612891723054
120.91182115587607 12.286624064495042
102.5957399825726 73.23398078567428
116.34492237504982 -26.756023877274508
122.85762806968454 70.1784103167283
128.41675794122574 169.01309845656007
79.99372937133226 81.9647288017126
102.48871254503443 17.89318625133764
109.49594740155008 38.555219512817075
125.40219744553077 10.734606790331737
118.41372585934644 14.52622069413216
104.69881024747596 59.451772409497366
86.78543329361203 161.28529343286672
137.45541468106805 50.338549317722546
192.16144031239887 122.37787406166123
105.52716033959317 23.83419163780407
90.5083588497463 33.811946912773166
112.76978211580891 30.890931930929067
110.25876922853227 43.2949191461965
129.46174060547085 20.57389992660144
68.48513547136217 32.487858100013064
159.05364010772658 113.50809772241932
110.03457020963442 91.72871888768584
103.81904326953331 105.07583545601639
106.94070818608954 -1.658633774560714
113.60281152550506 20.41731915033199
95.36673280520047 18.671673224786126
115.0001399801565 129.37976145811035
125.31056550662694 27.952733433145788
67.72696968599188 17.800856036367815
97.46152752461097 27.629781913329378
107.82275094155314 122.79395869304406
124.55245960920278 161.40682673140518
110.38228855304463 28.642791249793905
109.82380916658838 7.095253389335602
102.71072763372445 13.75680641811174
132.5825836675114 113.305599354442
127.20565652017312 72.23534127462406
126.90125637746439 140.07221287223612
106.85739428115707 20.115965291661134
130.9874304719385 15.257812657366621
114.38254379874188 35.50409536088677
93.06326198559678 57.56200974808269
95.35430837269202 46.58039452231385
122.57936940435114 21.520574944511644
116.3894315404481 24.64292544159907
113.66893676381079 19.405121543809095
126.64000121581618 26.019396381601805
115.67330517928909 19.683184213063402
102.23810434047908 29.76238402081221
110.24065734301777 34.55706610730684
109.75691982087629 11.442426865946285
100.49090850612167 78.39516693022232
45.737063353551804 226.22969108329227
79.14233112603256 80.36195716419144
110.270582043071 28.515722527650006
91.86001199052036 4.172058713687343
99.52883324720355 20.422520081584256
117.9190121996571 -9.710817096519806
