106.24388926069453 23.044688680646345
89.53766211161718 104.45661197176746
113.85381210178359 184.69305538056167
120.45823900351604 -104.16804173328632
131.95957546655956 133.0470502433513
118.74762299015208 244.94490416646204
103.42839848125512 67.09716970065352
98.53420884111871 4.97157392862915
129.20741787164212 28.559094140451283
130.6108578408587 25.62998567875192
109.54287281066166 30.041290968935595
108.62059202756342 14.483816807935682
110.50140988980685 -8.172581268590287
152.79420617525705 167.0026439539168
148.20272612042882 -28.61024259882993
144.1995378303506 5.0643557498788185
117.6971553523729 50.360008040796664
114.77612568248075 109.01650704656518
117.16571647562584 101.76243876035777
106.55812953679751 59.99268369047798
135.77262633920645 5.476209213802668
134.84572838928898 71.20290456905835
128.49525687250198 56.75405330527913
104.29310805675378 24.311708567797915
97.02732575908583 198.8529200167878
110.84223966127014 2.05193413931125
111.4019668458898 23.204269405667674
109.92375021515066 37.17249606367503
110.8645264477668 19.913447025864475
112.22721795293472 27.570658444663774
118.0650515743956 83.00307879197386
109.14214199256301 20.811119414689223
80.71367331242884 151.16383879887053
84.05170297452199 38.83253912370371
138.8874877883409 157.00202787742572
113.5945632890279 -12.011093379111529
132.01845389725193 58.00603162171007
86.38615811119935 25.75351033435648
86.753906565266 140.39133704091017
108.56689678610286 20.342940226830812
113.0430756136344 147.2508738066286
78.56247266000561 103.62693321140863
92.03979463965437 -14.93130133517544
124.06073083073227 18.38691194407465
56.87102558402305 29.814583132356617
114.49739153703875 69.8648065866457
104.04029595320257 31.238158226167926
105.19950758304343 17.29230270781249
100.56655574631164 22.755701249977193
102.07404112880046 140.08072624493064
123.90713561491371 17.999318958896602
139.0583667172967 5.876050023860344
176.79254516178878 82.11521641212316
128.68678697583695 40.7500184803453
107.90972848518788 30.579944240050715
112.65857798013535 29.7154007844561
102.51567420196734 -26.495216465252252
86.99051151067158 30.230762859189444
117.77998311092404 25.077979922917518
107.45175056497307 54.536596202168965
132.53153682708503 88.87644707873817
77.63960135434294 60.154570032151646
104.25157288218404 26.37526847144449
80.84069206943606 100.93421263964446
97.34486971764595 24.43228350949353
147.99855511709725 46.923319606294086
48.17214307124898 53.76539496258576
115.58025523932757 21.28997920620898
111.8706909398045 33.51189426151834
121.28153010620457 42.79290599801436
117.38420562032718 55.121815056933535
84.96103651890711 26.983472430654153
128.76326082922807 31.263675992889596
103.15986703000192 29.643481569423173
109.29217035616448 57.33937079870694
140.0457579163209 73.96295445174648
82.78195404888817 39.76859852938992
102.46738766081008 212.14847225792798
102.42861486594431 84.73267249491083
84.97358743399933 5.27740041388012
111.9881584320245 112.06720653833705
107.38597528898002 37.31599602995139
109.68349158836749 93.87144471379467
132.2154214511826 163.39274256851073
149.98035481241766 50.77231135742903
116.81285915940262 33.822105336568676
88.81120596383177 101.2820673822947
114.56952302906421 30.10924816097211
98.19855174241184 19.10479036735411
105.70249533905107 51.8185011560071
135.78912257931322 29.28218458767023
118.52756059897783 180.5819931872679
115.87249369925759 -6.698171023536791
125.77396197081053 102.94294573589598
99.07268321846297 56.07834773581141
98.28321297499079 62.45476867534676
116.48318895715464 179.3909119526707
99.59007644972029 88.97647357306732
112.86392253723123 25.626390536688277
102.44962835491494 70.04841096403194
94.62751893147663 38.117828337077825
-0.10970073587338547 9.92250636219491
63.884430815283615 18.747977055245634
116.49726220936179 10.486476200715506
110.12972321302095 20.001657893067556
99.0083678912866 23.02225694448068
119.28990066314437 17.39673747915135
77.22325190484938 32.04129520146412
90.06899920176456 32.06309777989336
111.33005643545205 19.228494835069796
110.82236504468958 34.889308485531956
93.8471952741632 15.66239347183341
90.63708889536781 34.27982470054529
123.48202367371678 18.20842331941936
92.28597814267873 85.91176705803635
93.6493231346541 206.2215392874281
105.50624377263071 20.400971585569142
112.81454194935871 55.51760469087726
118.0361141346363 30.844935872642726
75.41463521552123 40.793108266454304
97.41886714313453 87.49444922144157
107.95496845664076 102.92665369498117
100.86600776001237 25.92451496179042
102.01354030499276 90.49985891277686
127.84051788850186 9.066210081082787
126.37032058127305 76.1954058085117
125.37836348882334 17.382804905661928
60.64354332296033 104.29783789395152
133.8453387836922 21.251667511527668
116.06900981066701 17.890623938927526
96.88800192081099 65.26629780375964
106.52980536822554 18.41528143816951
124.2823268842078 35.15097908387743
115.95948021507023 118.46913776012181
76.81072189184397 106.48648047564487
105.5298634037699 19.471870635098327
125.86598649130099 101.5683383976063
119.67051062774432 -35.4883325255056
100.06933477166109 24.049640444824085
113.89721590154656 15.826536742563839
102.68992053455753 125.45116259922489
118.89507825464293 134.0892105935404
99.47298071724141 20.44187845934656
110.54618927768311 37.41459936172742
121.06491902064786 113.60723298545882
93.93454744145862 133.92482621626715
130.01666961764457 70.96460235774312
114.78121125866046 22.827410866334542
134.064866416298 114.72120872340987
112.51641996667306 135.7299365942499
37.83318637845795 50.19784077019863
84.20120550016755 68.6361500561052
71.1139829795694 159.26905142650608
81.13596837426104 123.96852701765238
95.15433771012694 21.91469766041376
111.3516855824276 47.00635183096759
86.89323344214549 56.83002118120537
115.69386872125664 22.836188451560346
150.69731926088346 36.18550668157703
101.53077767403848 23.373608560987876
189.8928801031983 124.39160191777029
74.73882898747205 123.80331089282627
124.80179260636264 74.22551106631515
150.82406404480943 129.45085098986425
126.08654277164392 151.48243741042273
116.61164306108023 44.95442604467389
93.98428779344098 44.18281642384945
108.6048635092745 18.59461711430872
138.75934004806578 82.51387252215011
87.02013188798483 -6.355221155022122
142.0102477148941 30.318865741515943
91.72862094961022 69.46281638497884
118.16341991713804 173.7541813811829
107.08466540668043 6.969073831787287
109.73429781431042 45.387551745304464
126.8810994886289 99.42497319611871
125.8662048779819 21.65013871511017
118.86408443948677 32.0347218777948
157.57431241344264 28.08853821004674
82.54140420711936 18.49552785649012
106.44235665267263 31.970112670482933
118.21449601644802 27.344766227721717
123.34312300075673 37.40063838751412
108.038881762727 122.72531379922376
126.86010672299538 35.1412128199916
113.46348048111108 29.661885316322092
120.2116487683125 26.3627215051356
84.34286675793705 55.808967536939086
119.79443444210187 41.94321122093392
89.73309137437276 104.39133654604285
78.46769467500195 9.547592029592344
83.45747053576274 23.309347162105905
111.6656698493678 31.915157621795313
110.38556530248975 3.633576264138047
148.79615302666178 70.80064120685233
110.48882039247742 -12.251540244617292
103.59084124781774 38.49046132619613
130.89940193874142 147.35881808106774
122.68066400126784 37.31099603881627
100.94836760080709 121.54665313008897
92.21102020017034 27.13119849371917
133.9245814364109 34.47326247405581
116.29959218755218 39.945973135239655
108.04983408137949 19.10093134626748
110.28169749141928 59.544248256341994
110.91796403525025 25.268526618135443
138.15465444001364 120.61913692770585
106.43265839917221 45.250940239449065
106.7774727973394 35.56134771831204
105.2805062328234 50.99765159917362
116.99642529645969 22.416028691814898
124.01469148168809 11.572586916563358
68.16262390982367 67.9822385872062
126.83259587188415 32.737482705196044
49.441413183062686 6.157940502788971
125.70083899678532 65.39491786594286
104.61722915347555 23.514826875715993
144.40322716418814 149.83455870526953
109.95223395197836 17.380111528781292
111.72207144176119 38.34331752646275
131.00431223869765 102.53693624059045
124.31165564402474 83.04375135553957
109.81460169490217 18.95376768399584
140.23484457075403 94.51502208011925
124.26663683578339 46.64843380065445
105.19138223533635 11.743566935667872
109.26251478078214 21.990219965090276
124.12471946046571 16.14179591333816
84.57251742618728 75.4698149690516
98.70322385787642 152.67694859251984
122.8385004059317 38.30187068680498
55.35076588770099 -18.043033312358574
113.2050908411853 108.76681164029243
131.54682948749556 26.388339217418697
100.57253456005152 102.03490018912147
116.92862957707214 35.26943229851444
111.54011717958173 18.71349060644756
124.07361347753698 26.25708243079422
99.05664106616936 156.91565351533478
116.99206286901604 34.37013486414198
110.20977757761774 85.97292163155282
110.33414067638233 18.245695974923464
130.42883152677703 80.6751938116609
99.66943520362979 33.3190525976872
76.92206782634378 58.77890965133804
126.04856720409764 -30.351536905597452
110.0657378461489 22.685802513697524
120.15832221851511 17.20881479214669
96.27437115729238 38.38917771838882
98.9333069136289 24.75102574784761
99.0467646112648 34.964662630578424
111.64674441810516 93.74743870292065
103.72312099018832 29.81144939966856
145.38302816650392 119.83992586285787
26.740189461368587 19.70140503341402
113.4385812033481 25.772987669666577
84.89151330575889 73.61153304693892
127.61385016874611 19.70852397277007
113.80153760504811 77.24128340630035
105.75566134900771 19.442539061477685
111.40248161476434 36.68034887674057
108.4436994758056 204.30185594653312
133.39142310161552 16.113574000290956
100.84625464249748 72.32950524944164
113.5034623653769 -13.813401574097924
121.69674567511463 73.7544480000958
124.8288017282595 166.56660062432272
82.52862565691876 88.20128724621301
103.62423436935774 18.757485565543476
109.4949682071843 37.954123563551924
124.44273636848776 11.532489583341944
122.8913936821772 16.405760990467105
105.94716445666315 61.155767846731734
92.48660317444873 162.5704854193774
136.11594757074423 57.986829077248984
186.3832899512335 140.34158003426145
104.96743024354808 21.451665042712417
89.95782427123117 31.910172086662932
113.01261790698122 30.839543058255504
108.77308540835705 38.94660663397555
133.96007998559867 23.37969805668421
90.20591646856649 37.09950997895344
159.4122625357019 121.49597490679001
104.92840087231265 90.16987077019516
104.68148303795638 100.64935129411332
109.71797348322704 -1.0788993350740728
112.41001858513775 20.3655252568736
92.46409313133297 18.538361089154034
112.61780246809165 108.86511362038249
121.84638351267319 26.33158120498729
66.74659367622625 16.42175916663074
104.48122965904821 26.734439158349325
109.38971777786467 110.95638782524883
121.33145441242573 143.3742191014257
108.26746001041818 21.654166342430067
109.83097561588531 8.188142733582756
105.61965002493432 17.176994449655645
134.67820925830304 103.18821460940546
130.99266287586946 71.87028420838384
131.26866494398945 132.48857888620628
105.41477359639282 20.350126702470607
131.15704585243526 14.821380653162265
114.28493305893844 45.66311613524336
93.1514602938655 62.16892392027664
101.72362593846162 39.2583774211187
125.44168030254006 23.053001528642127
113.17875284522636 24.76608252994821
115.15740219676293 13.5253509792798
120.98591336981714 26.36540723322203
106.50063500535049 20.045077511175833
101.43069164111625 30.535702805311686
110.96232563517759 28.013771127119103
109.65198558056562 15.62218302428701
100.83910964761775 66.26038079362996
42.26417366952059 193.3092788386528
84.02847561364099 85.54643064740897
110.11270167916227 24.824361979275725
98.85267635718047 5.192233684013757
96.44603334493792 24.009615488194335
116.42657462173175 -6.16317674021146
