108.39243725741713 22.019199279741457
87.97010806386142 124.98604136950718
117.94837994839077 162.88827827600585
118.8783314033817 -80.15425428999251
130.35113766297366 141.29274074020447
111.91177013962483 249.11649973536245
104.65762132727001 70.02901610088828
99.47008111945341 6.5679425191975955
138.59930012403856 32.4167350832242
130.68950285621514 23.124753897227635
110.80421174428582 30.673585319301786
115.74554839907418 15.971703636621845
109.75468996818432 -3.223386863781923
147.23557266360757 166.15825553722416
143.50213115504354 -15.283104399272297
136.50285132321076 2.911068956931068
113.69184386224885 47.616868981530686
114.02307695696142 124.4080139074738
117.81294010522558 82.06725372580021
112.35580606312071 63.808742451398565
134.3690774834828 8.600681218364393
132.36125351819152 65.74009273073185
127.15831699845714 57.532724818685445
105.17571284194159 59.90248823179795
98.43805454992925 166.927277325015
110.14716560013014 17.276600545863104
110.4824699543465 21.249742500567034
110.0081651614694 46.1736782223632
116.1012061242489 12.079958559913392
111.97248636863333 19.482390491443276
113.94541120814912 65.85530046292106
110.1943354749494 23.01398107617535
80.6816504698753 135.08597017384383
85.5773412416544 49.66543028451805
144.03051529216978 163.29134666023177
111.95514511766658 -16.16558160982932
124.3579745181644 52.29593219517981
85.74498578905879 27.826597412599035
91.07787933509178 123.88674596763897
121.28757132014722 22.212157677568953
103.4276425871656 128.8838805541242
87.16710520840007 101.51858741200517
86.18101489337549 -30.364472264638643
115.15175120326421 18.517565736203057
69.74606852427388 30.235088493179173
107.46587456738403 46.14563823944819
103.41341771062375 38.803987006643226
106.09527091460436 10.811661138488155
102.83205193639337 29.20461566924716
94.57877108097618 136.617713483931
131.9913617828772 20.864241308310806
131.66886912756317 -12.312788873772792
170.74311351767838 68.48418684041674
126.08411527695466 42.208932537998166
111.01687965400477 5.931757003957317
112.32184488235053 25.689789637438697
107.74296327906703 0.2777063198444889
88.65745727684909 26.38046591772377
121.80910374989865 23.308339686849965
101.77359243292995 22.272734534067006
127.37748797067324 77.0630580303322
78.52121589052145 52.875323036582564
106.12646506263071 20.775499636668904
87.41603821325953 93.5256909110367
99.39115756911212 25.996127747501596
145.95271291944255 38.16132730982072
49.28934637617636 55.66484082450798
116.69692961773441 23.479019914037696
109.75887002840568 31.263534402108654
124.45096855965194 46.27160560293844
119.22603568735491 72.4194610780431
85.97169231828904 26.098080476844533
123.63707965736515 30.69400003094294
98.51123016326669 36.92469922272298
109.19920418344476 63.62062596133788
137.0976594772851 69.50433080424199
85.80950957183114 35.51282342589743
100.82515543212561 220.5543857900912
114.39962490002691 84.17330997769803
92.73011120691767 15.288704305868652
112.62503799641756 123.90784448292699
108.43982205590432 41.955569323243985
113.54891719850414 62.97741651696971
133.46064370242834 151.4293404469526
142.97511241433546 54.00991258399825
114.75554452734512 34.10093042076751
100.59210932438569 111.34912447296959
114.54076166830917 24.860478262100294
99.63141981837607 19.147133270761373
104.97032969058898 43.95076882106092
134.62202284275295 30.53777552361612
114.20315416672261 199.70046735730895
122.68869727433929 -25.777677722138677
125.28728500466187 50.07312589532199
97.67969992818745 54.20900523334248
96.36553697384733 74.88804520132551
113.68223175909371 177.81624129729562
108.0463761479348 92.04551008839074
115.59845426897192 21.310445079172943
98.40655200166468 72.73847792080058
97.68085884764655 33.24888459037155
14.783230472933024 -6.887075406521585
56.61392122792998 19.0498746244919
109.93972707915164 4.496401085282747
107.53472249479252 11.787458451828746
104.21162170649421 27.1399860057488
136.86162731395854 18.91748663065704
93.28417579954797 5.747538035940893
79.56641651730101 15.635917228448596
115.94536229537027 19.052381507651948
111.06335883531952 37.99521317530681
101.07813564547732 17.691885954871157
92.8028571450696 32.7824418956851
122.26017575347929 19.89424984444535
86.7249664076799 99.03333319369891
112.29007831647569 203.96658523967125
108.03439425886666 20.18186015907646
102.88052045107571 57.88623586144025
116.97159953736332 34.17622516087942
87.30891864299348 42.271314939762
102.58205421184886 119.3811571861804
106.54558016774588 106.58509891835833
105.95225325862003 24.547242652986135
115.54272043238667 95.18835870962882
131.50663566596904 12.836788634325345
129.44300258955508 61.84059075603134
128.8127697785492 17.39147822321278
57.46648801936666 106.65669295543432
135.77039966165538 24.1143877340251
119.49242587034865 16.512925840811867
99.4556738789542 65.70086878893922
109.85216354309817 21.031392131243713
123.62926101986936 34.15298670247771
120.84021528450171 105.89403070568447
93.63149124553006 114.00938058884651
114.64209525631557 17.8099438773027
128.21324453191278 85.50719558311394
117.05853599689122 -26.364255928443768
100.59823634262922 23.563326780193158
112.01288141712074 -7.81427614143451
107.4423028331063 127.38854644339796
119.08093138644207 151.14529085959455
102.2297357606146 20.19558055362762
110.4789755766519 32.0486403613163
120.54243911002779 109.21573463170643
96.3689817305535 136.78088591194387
119.94415877881889 49.76331318961994
118.0113335014486 25.384008564980984
129.72698975040845 106.06218021916615
113.58451167760354 113.82154000731634
32.67750083635543 43.689547306019
86.49477602627047 72.89619813857172
80.15870435388655 147.86757192195904
86.47411409396155 125.03872977759853
89.41558213917803 22.651916926982132
108.88233507121853 23.735161756789843
92.69272928706599 62.21081902598918
112.43499882599208 20.613255208312108
135.95896895420128 37.40034034072403
106.45001147012941 21.30851807227519
181.86739207272518 137.6116832546289
67.0001143983923 87.28179489484685
131.68536614169994 58.45619184916693
144.85623291732594 145.35944251719187
130.9398741610777 138.61906318462636
117.26820506409861 19.081555274611958
96.7427361314597 40.44435562235324
110.89436719196571 10.693233385391594
131.65031319467678 86.65550870728151
97.38220094678663 -4.774058720166058
142.20015601479884 55.84474046708297
94.49073145190998 82.14909559809601
116.09933626721602 152.15160786981215
108.87179038347142 13.03027321027217
109.70907465081636 47.78134293204582
119.67579198684878 108.04293608819344
129.14544243393007 22.473090168824786
119.58730960677795 29.61079533173032
149.58118483384183 20.093909237471845
89.53036655888398 18.46629967003666
103.83144218734395 23.0716867838966
118.53063479609334 27.24711162896427
119.99194457777465 34.60709083382812
109.50145956635741 78.86643959829382
123.58771208006708 31.55473624458151
110.8159092797044 31.93216670752204
124.42499478192985 31.552188134573097
95.99100564901781 34.35177162097661
115.82444186763084 38.66400528538699
93.06968422891136 115.87346550064686
80.6932412080847 12.428500361272091
94.77507293627113 30.43918865672106
111.41398195928083 31.231596832147932
110.55083949285513 7.319965547610685
140.29870291936993 66.5327553816169
111.83482479311141 -20.83112191156327
112.88052902564806 33.23495860733488
129.27409417142027 165.7415857204521
117.53387588931285 33.11149919847692
110.79262876200654 150.28629775606092
95.94476692877534 24.18853819509504
138.34131872788248 32.24821537652878
112.35100594546482 39.46096316415232
111.22816805426227 22.32023231290953
97.2462131374611 79.77798016704713
111.28113730971702 26.795700232195387
139.06460136169477 90.38394275837723
109.60598078447754 38.15134850517367
122.15105326221227 44.18225475667093
105.67544504820617 40.46512839618929
116.5475321037993 24.309161722816803
121.17749022047146 11.983812632193759
61.03155526152936 93.15299441719671
126.33402807474383 31.27590689364358
45.02180889882419 16.036857410083055
122.4357021957885 74.92949662716717
113.51359087739043 26.3006687698391
146.84101713779518 121.60249862839972
109.75516467197019 23.781206544685993
111.90426515358187 32.53836232581489
122.92389778741841 102.67184347622751
123.3676993664357 94.79417039066792
109.73639432145093 22.686300889048685
121.8109311194837 75.3780765228135
122.14274608822672 39.98447259692182
106.85357226709418 17.762448018038114
108.52578243544225 25.740679628012582
120.12387359576778 15.621954480223357
94.57209032855383 87.50355527441769
103.420951572713 122.56058358160062
121.40678713109263 41.19324785465782
51.37037456074956 -6.656516886442926
107.74669048841943 99.70027401041511
127.85208640377853 16.87935157187998
90.71128769256907 106.04033514863526
113.70129985023036 29.863260004736528
119.86085983018583 19.270539646890935
114.92973428936914 25.77239158660923
89.87684383756765 128.24310623107368
115.76612533079654 20.038196807266576
109.49546843632649 80.90899931255855
113.47275680406447 14.190695929631675
134.61417212531143 100.54423518987547
99.50343550278303 30.919351400915954
79.49317848991222 60.21311482841484
123.51476123453847 -12.679499787169359
110.88385528864605 38.09025487715778
127.25421495609312 21.931224331804376
101.24833793663603 40.319592967996
111.10577123625218 25.106361391754746
106.85157470475416 27.738855141770486
111.99566136514557 83.21396512220453
112.0998806347327 31.775432266423692
143.3692252284868 127.50899179744363
22.440724932707976 19.585312735913188
113.03862222034722 25.899510751079337
93.22924730356672 69.89444307622917
136.4801897108024 20.037596229278623
113.38789696170997 90.4456247374202
112.00359002096418 21.409877353023376
111.6009095190914 49.52231839715038
115.52735580232608 198.47396403326712
150.0495557357517 21.965499966326384
99.06755733175399 69.21517066958889
109.02617319055756 7.644521644914061
119.11186724598576 79.49047563981519
118.57707012462812 155.68228955272323
84.35496119549876 97.14474123049898
105.64064165982957 20.07514277855456
109.52216038619903 35.886982611125234
122.0477572443399 13.399526781454272
128.44988830671812 19.448099759662966
108.07477166978815 60.1637779640823
102.1238027387476 156.27397958067647
132.11991605518296 70.50524319739961
172.64870272056265 165.44411271055958
104.51736908216576 17.73739868959894
90.64598199370015 27.867206364562975
113.13271416797005 29.61799347600073
106.64498803097331 30.906076255160016
138.55872290767542 27.193872159560925
123.71478788837467 42.389578997367444
157.09599783656736 129.17691999064797
97.68229295426154 86.84943484115072
106.40244718969133 91.06787054577514
113.81655069093578 1.061510051019038
110.43804624111425 20.240561097358672
89.55931969993614 18.39359208378443
108.87998387528391 77.23626699246537
116.04493092919184 23.2824762787566
67.26708096856187 14.572500065658863
115.3421356110541 24.631287875462295
111.73841507478627 90.20557608377493
115.78058908370387 109.66197927061822
105.20331769680362 11.14924500812908
109.83997466753917 10.828981689113897
110.23323995539405 22.435380644559903
136.32296333042885 84.8081935097919
134.7681262865712 66.53974257480021
136.3594334038603 119.26729404029902
103.61290124534383 20.640846491921593
129.89443774823707 14.396771761151545
113.81079461254446 63.00904924259021
94.52934976936046 66.19981279817465
111.71818874292549 26.461342625863246
128.6267413487056 24.989741783543614
108.1473515517606 24.668927611436192
116.99692728658418 5.359224888275783
112.17627152077826 26.245332331331586
93.0087535068494 20.542858957266574
100.7384330122163 30.559229498716206
111.92863605494333 17.73845722377838
109.50472255197053 22.14638834125119
101.92802508213582 48.848467733444764
39.44487011268199 138.57357308913953
93.52608383064614 92.52723165950218
109.86051561369891 18.916719737473407
109.90693995167587 7.79017275714163
93.00800825718935 29.076790648532786
113.77471042940826 0.9308085136198292
