109.92267014264927 21.243063800544814
88.5214794060284 135.8403099744246
120.50348282336567 142.4582093363155
117.74726180869568 -58.006877903904616
128.44838467755216 141.44120290895492
107.20921589285508 247.22920584132996
105.80448993898415 69.29121221940387
100.68729914569046 8.165597402363236
143.2208666053295 34.39450676349811
129.86503784173703 21.361931329058613
111.63058866791829 30.462561466572534
120.24824952420602 17.117077105489244
109.25578199328804 1.283332358914461
142.20744418854326 161.98930832803975
137.79863449593842 -5.5822042181467815
129.6153411835569 2.361630963908673
110.80275616482426 44.46348558107167
113.34359167169332 131.26312438695237
117.6711757374052 67.96933660588584
116.1475977042671 67.11062727397376
132.52213030403263 11.185280638764056
129.48765543622977 59.59674246979145
125.52908228983405 56.41146218243032
105.99070682125907 82.0175850484563
100.02189889417933 142.44529768870305
109.64842113520645 27.581401000450835
109.8301199279355 19.863966363631864
110.06029250958609 50.9290754157102
119.23188282784332 7.075531522445576
111.72174685242824 13.997020235236084
110.95747832767593 55.15119775998264
110.88437796050484 24.234972382146232
81.81079258215107 121.62260972629039
87.44383260353511 55.226150418108126
145.67980995823007 160.767871567026
110.74982367461868 -17.480598682898393
118.51773276258182 49.29778834071879
86.76227171702563 28.661037635622844
94.93676010216798 108.7445925113583
129.26318852841808 23.305557477722832
97.24458295774629 114.04288120669752
93.9318662007821 97.9536948748697
83.73726750148028 -38.71157291014772
108.97950323587476 18.64410814683406
78.605041838421 29.96100896964529
102.87543236414535 30.090590122934056
103.37730641149025 43.030949993016165
106.8468010720791 6.982349816783601
104.5569220589206 33.24842639496865
90.057375148053 132.12718418913227
136.32591913527605 22.729463016797254
125.70827512272979 -23.03463171061956
162.97680324606176 59.08944160182913
123.74429128829544 46.131219182353746
113.0555322637122 -10.016630074810822
111.9269339967609 22.561556799587517
111.31338564414739 20.784001129027352
90.6488699794814 23.611854572173034
123.93922678653445 21.8327261229608
98.40748409618281 3.5780558540429492
123.01503383577698 68.37076592310682
81.26777146436018 49.381165342847176
107.60037398372296 16.998338614176905
92.69303447141218 88.14625252226804
101.28918359970028 26.673401857192076
142.30891071404886 31.50458564808884
54.29804385833419 55.43467576024123
117.21502817587916 24.725673519826522
108.34863395351812 29.08227617538409
125.7313927587726 47.045317744351195
119.94799670666961 83.08568946448722
88.08970504198238 25.186430286551733
119.3067157709441 29.790170803354005
95.87004260387387 41.19201071591898
109.17915683104354 65.80743202252836
133.34639521909963 66.11827961219514
89.4669236108063 31.826714337063855
100.17898124686151 220.5182646680313
122.24267941480984 82.07340587436013
99.07227226385956 22.233274542687475
112.94413178990654 130.00611799295953
109.24258549296295 43.90121368280818
115.9334095543679 43.166738561705984
132.90418361444614 138.74339728453472
136.14739010359 54.34949140411635
113.1681697075781 33.38492975454819
108.89976777887719 115.70408679768951
114.31054883563674 21.069213921627156
101.21997352477837 19.194396686119873
104.58093787731731 37.03157835173064
132.83585192052314 30.826432864126623
111.09600192958956 209.23636454996912
126.7329641217687 -36.426336240764755
124.11596897549374 15.90566361083668
97.12664596839281 52.65970099617278
95.85769642777359 83.5908837594213
111.6973267110941 171.6209317992006
113.75964432226942 93.90650009207951
117.12906043692784 18.321298992907433
96.29334242949106 73.86749815781796
100.38081111440881 29.200908453915794
26.59390559836053 -16.768655443886196
54.787235992646956 19.261408289400553
105.5217257368251 0.9581370344523532
105.937082124485 6.611413562265708
107.90852458409896 29.410347875588286
147.19995256403243 19.94782525700519
105.08593198377226 -11.42311087339979
73.62075898963629 4.79696492400261
118.76304406038481 18.948362212899067
111.17281893832218 39.273099864917775
106.35404182278594 19.13494225914885
94.71373327343814 30.705949478891704
120.7514978161323 21.011298075714095
84.02032801678125 106.39323689557853
124.59507828792246 198.4758909621836
109.7957034042975 19.99415192080585
96.49513511252346 60.9629897058641
115.91249385667543 35.530280783660444
94.19307215504352 42.09896099746561
106.44447931032832 138.84874660450686
105.78053023330621 102.43983201421335
109.5930456183619 23.457312931058002
124.28107434627469 97.97221388657648
133.03147385081593 15.705581635877088
130.22078011556687 52.79345188657108
129.71054381678672 17.48994501931524
58.36238697958059 105.6300063101213
135.4062926624197 25.797385012262897
121.26242233564575 15.719394935034567
101.5148553629568 66.48064806458203
112.05117750280782 22.713748471425113
122.57953179034423 32.838327934190914
123.78113739591396 94.73102063705235
105.8195725250204 116.93572885505596
120.59601143716642 16.786642370112283
128.6817797677759 73.81409153429101
115.00851304372695 -18.080479523535523
101.33473522329908 23.05194175585619
110.63974904765747 -22.885369394564712
110.78446816267596 124.7018738029047
118.84909040401624 159.30135355324956
104.42011760461455 19.985874881705932
110.39975468715724 27.94973877691428
119.81102229558948 102.02090698822325
97.41271584774636 136.0778775821213
112.72908401964855 36.4146476472665
119.95045917643702 26.7489849049167
126.22857882472542 98.17660754251087
114.07182301765236 96.64626141849438
31.72333706518531 41.398970692822445
89.0176112596663 75.61942014190717
87.92615555976128 138.3331018233868
91.46231535619678 125.13363027234058
86.49061586139445 23.016828658339023
107.2868833045493 7.828675365065622
97.15096817743256 66.41743103002611
110.09988918468517 19.067394637668027
124.57034087344111 37.262108258542675
109.8605739136356 19.82592095454961
172.6651870664292 145.5899718211938
64.21169629406944 62.18677675852295
135.08792702217974 48.31636466111064
138.52105257779039 152.0964215922156
133.1152690813791 127.44426802204912
117.2584108122969 3.5623658933105533
99.30910990941157 37.010319982920386
112.37930575410435 5.728230191454314
125.77106040990247 85.37442392876112
105.14406315874484 -2.5860983128360937
140.12042135162696 74.60609368362852
97.17484293103996 90.73855385391693
114.39198471294597 135.60142582759542
110.13657702376572 17.476745513264895
109.69758901428642 48.516111573952635
114.4187177086126 112.9868896925944
130.70565511643912 22.83173497012626
119.49005970101935 27.46320633269817
142.30877937300386 14.715789375898986
94.92718424029346 18.486379431504982
102.48752134191636 16.792200524213076
118.10828740202376 26.976844697259885
117.07849475036193 32.042263144038735
110.4976125561513 46.18227824591351
120.87246901825311 28.384610345300526
109.01575269914503 32.87463468865123
126.66248756314003 34.53748595924153
104.33887333826695 21.11834925667
112.91843285064732 35.69330200409781
96.24052435521152 121.75368002999612
83.6428391618419 14.592649553545304
103.33139557080234 34.75995961330025
111.144535304769 30.308374969166
110.61521350479163 10.592348950971433
133.37380325495553 64.0221104028232
112.63885846468644 -24.56701316430091
119.02700851615452 28.723033507289678
127.19344664856035 172.50169175808273
113.53264618039519 29.524496421791813
117.32950798459136 166.17071783333364
99.23773327732533 21.93865515777266
140.29045689549747 30.163236407987338
109.56372521906795 38.00953818509333
113.30286521500165 24.368385423221778
89.0527969470279 92.87508082111277
111.48292313340222 27.361718832539047
138.51064150132598 68.3702813739081
111.73183918743712 31.909655512859008
131.6824496611607 50.81578957870654
106.1482844780873 32.40548028537665
115.92849342663767 25.403109353950356
118.78555817190416 12.58097093376102
58.425119963102404 108.47196730273052
125.10038049928762 29.475199246795906
41.87412951631176 22.773877619588536
119.77468375963507 81.09132988438274
119.25061860000179 27.851993281307514
146.70603168617617 99.20569236280939
109.6267041839779 27.798750335354068
111.9563041547885 27.732504931352757
116.70191555482076 100.98755538122268
122.09017845974518 100.91490173451388
109.6932044592852 25.004898144119004
108.84528167411607 62.565663110925314
120.17592785326121 34.75858719788825
108.16328072378323 21.862296269858227
108.07359771790613 27.875274927159154
116.79544314304395 15.482230177583256
102.4558059904245 95.69608382050252
106.88195254191396 98.99123937568166
120.03010217786655 41.895622549967705
51.60292738560097 2.3098747405050046
104.1928885967528 92.97924790674648
124.44631300601738 13.398968298727683
84.95845656690959 106.45415070225651
111.30139547861236 25.550125387876413
124.81700887982271 19.663753892488995
108.62366117566349 25.121879133726356
84.48543568052183 106.98517407749311
114.67192827240177 10.330375275447334
108.99419541285265 75.71833077727166
115.42126553336638 11.764898253429442
136.6360935828158 112.0026042439587
99.87162154215652 28.73649730733947
82.85726404085746 61.118786684659824
121.21226209994103 0.6271406730666804
111.35681155658702 47.644079797787995
131.54021283431345 24.952410685698396
105.19757207199615 40.47891129425361
119.15670846990005 25.061168081490802
112.17809413854441 22.46647001306845
112.0997894502763 71.91337312365546
117.58495505647878 34.282900408607766
139.81357839549796 129.34760763964107
22.133790612538043 19.481727332527985
112.60371984954027 25.57704989705694
99.77308081771557 66.98682724118885
140.89261669686158 20.230554982237855
112.82715677878923 98.76079593388968
116.1071873282211 22.588291992666992
111.63046413200911 56.667130753918414
120.04070737589859 189.56729460590543
158.54409026804902 25.748500933790393
98.41071550925761 67.54811671841819
106.04889880748765 22.44867155060499
116.88686454822658 82.72682937465265
113.89842958768622 144.87974825199996
84.69084654517133 102.28451442802347
107.11341176036171 20.93910406393629
109.55723980479506 33.95249155108672
119.8809038555664 14.847453612287769
131.32487982252923 21.50659716797543
109.56830156451124 57.928395257315834
108.9694023966965 147.52083140692105
128.36352016843782 78.93435437552047
159.55471877400865 180.00603363930222
104.534595763505 15.338134742657044
92.35236773935401 24.429886147199497
113.10239331228459 28.08521879338695
105.38959189935004 24.807414969959186
140.2892414000824 29.45708555200766
145.4221197562546 44.62798080819314
153.2030952050011 130.9736821737411
93.43863203543715 83.65643225414442
107.71760486691394 82.66442899554423
116.31805131949763 3.824798183391655
109.10068697886406 20.11514386316745
88.37646032192067 18.340758334273893
106.40130723614539 55.56293514397795
112.024110936368 20.929097072927167
70.19099856195066 13.665065258214534
122.4003831638 22.88615203575272
113.20192067524941 74.24225488022506
111.62717257013837 84.74111237101508
103.34876995706003 4.526224878197518
109.84411428654656 13.094891596951324
113.32679369295806 25.81697924926742
136.66449744220327 71.63724493695518
135.84635501177414 60.61600976714121
138.8379259673664 108.29594483150228
102.75402694212676 20.784364054810602
127.8401905838204 14.328084532100583
113.22645648644782 75.54201469941438
96.29983375365543 66.23146261617542
118.30507715615113 17.484242009324856
130.0905276352357 25.989738743392156
104.85664666840489 24.434450568782633
117.89111336249356 0.7654897008541037
106.18174310509221 25.764757306571564
84.8789853622694 20.824858418511358
100.78281609086932 29.986235417686053
112.45153507656649 10.928247339468692
109.41250011502625 26.367400344835676
103.14267440470854 38.28966546953384
40.051138960763545 101.27631073257916
100.91272469553557 96.74862699324392
109.69008504577478 14.972677368650963
117.37867980251144 10.01336969883239
91.36541681309961 31.91811878145445
111.73419931795974 6.504182223784152
