122.9289479525769 130.23986407430198
114.14562540205876 94.49515793518597
115.56204601661756 125.0205999782334
74.43024031238762 128.5166625579006
21.793306244497153 44.281592897745156
123.19905674584233 130.05660331912767
104.06149723844187 39.56224066055164
106.57956169936675 54.35694832718972
119.43119530271146 22.828576469413626
119.21059861294547 117.9366902258748
35.18916448769313 30.0325958404661
125.6472793710449 23.826893292889483
109.07369695643695 123.32556327770595
121.09043071076833 119.87578356078816
124.37238648504066 97.72912684848315
113.00052693851308 16.11508546215722
19.63370560978189 36.80809667289889
116.47016447290922 129.1683225470208
55.2821034517072 134.4844511892057
103.7500030311917 130.6152639926866
122.00942684288445 125.79782185872753
122.57205932731077 48.407915203336124
110.34352853093894 33.80783678852826
106.53937089369018 64.82191298257702
108.95344562921333 107.44019265396555
102.45184822153998 101.37312122275247
47.554351881839196 53.579844757498385
110.17585026670858 125.49323044811433
52.58819771398452 119.19737733670569
110.63035454848395 37.86890172155154
104.80356209051753 68.43444573035069
110.85634032442641 32.08141903890097
81.38763917590948 136.89934620229914
17.835087166969995 38.31672848680847
95.00362004970162 137.20610864963464
104.60104963195393 128.91834942509396
104.97669898175252 91.59900731887944
101.01194316245676 14.57688851737267
102.44621189499456 119.47937331023661
109.82261877155129 23.256909912107094
114.52695394601886 83.04977493678494
92.81893448698905 110.45288113141423
27.298491136406824 17.35408195889823
136.61933675329905 19.323207938009727
71.77857750691541 27.645225007548543
117.68678025102903 129.26680216758575
88.33683137144634 36.41876196456306
106.21909889025687 48.57462993903461
111.49493743575567 54.13869978753813
88.8303778822433 116.90800086232532
27.432579350368254 28.182784434486713
42.32467857962553 61.70012491058136
118.55052798606431 123.33804282864267
110.30544320966308 140.3738647916668
118.57159281701016 123.19359455812149
104.24196826878004 142.51247441284855
111.5325788034371 96.60032475102828
89.35236170253103 39.57304342306453
110.78496436234634 16.24934350524014
110.16094881794474 118.61267625457333
115.13267426620888 113.96848946689035
91.72681063017342 75.30829814700702
108.058751839987 26.202752570969935
104.66527914004512 94.16313057613684
99.14274988052603 24.428669790951595
116.80852763651421 42.393812924621336
20.977231471050928 37.48479851549781
115.32114986657929 22.33528953522049
111.92351509031809 27.29826756862934
123.75380477606882 123.29041493767733
115.2270404702055 130.43138130111703
68.14601205310473 25.780538201575816
120.2978006716593 32.935955696719354
122.4223228798935 128.69293605343674
95.33669261368068 72.57102534989788
110.46990896588174 137.09088862399076
115.30592373258287 124.64756097676093
108.27307997009451 67.71356274871712
92.43325797790783 112.37988401633844
108.55169723514203 78.21843830750626
111.28801975658475 74.28902585256378
38.611791536447534 121.53114041105674
109.80123916962319 84.37490552557841
136.01011604908422 133.3786672378572
109.60118094950627 78.25564576331648
117.27301111426452 34.65955112942131
120.98687954288117 125.54027060976928
110.20101796976806 119.22910203831138
35.16226396730944 18.429257698288897
107.10308100491615 33.38852112375269
21.773852797413358 29.53849236225454
112.63316448554758 129.7210073374269
96.15549111504109 19.802177103352104
115.87737722287322 127.01443984219615
110.26183385000742 92.78462627462983
95.9206852021943 82.55228670579577
118.69188792087117 130.25475595723933
100.63763475691617 94.71832411667548
105.98034956941342 20.99098490302716
101.08055354384565 52.740322495197454
101.19135506683638 30.07770133142013
81.45886547225578 32.17468172453432
76.25081715731358 21.76588107425183
76.57324607625046 33.74209041837949
108.47655589440616 49.209088061642454
118.18223319984129 23.61213170099113
15.890021527343592 25.854186897385173
102.78111792870908 94.35754073234625
109.99596964026303 119.97359457095244
117.53415840570601 19.238398160754617
95.15659785235658 32.23193204463857
128.97449855689214 25.846237295143027
31.650589350249582 40.38198327524464
117.07910838180281 17.840072653407372
96.93262755149536 86.4657790606511
123.80546091408264 124.63772951415615
105.94320978351719 21.241084727218507
62.031467902369144 124.9305444153379
113.06845087277458 34.2286121942971
42.550183578358556 33.78013794544774
114.52899222299624 128.65792773845288
109.06897546697174 135.00302775494427
92.58134225175243 122.61129624420374
103.60244186615995 119.62429996131814
111.93852705878416 16.66790345200146
124.76068066324433 117.99637305177959
119.6222929288103 19.51121048566016
82.90708608893253 135.02992563165617
128.0935816752612 127.00721248040931
117.67964103118968 21.199453140659593
103.44110400665782 112.27966634833561
114.7757783570587 22.627288732325788
118.44508846685818 125.78281854204067
114.77730450520498 127.6961897197055
104.03020244304656 123.25953756060086
112.3125494875789 20.597173866418927
112.39275816731276 123.03672325306756
104.35899287596918 139.49771089464804
99.1324470355923 22.217122451557803
47.06478704922484 125.13892097008198
92.17381548644872 128.58129957944408
120.52591676108834 124.8711275579659
23.670742726669985 22.221861687272412
16.766509569631815 26.194757210207314
114.70880721339338 43.28541000424199
65.27858318577488 122.41914547800437
107.74632190845071 121.38367653170543
116.28455449910273 22.774285151532318
106.57775740906774 124.05970924756508
96.86481964770194 132.8009382624455
45.42359811151597 128.47446307431122
88.59542262156252 75.73688832173853
96.83506193839138 119.79420625355455
95.23286777590202 115.98710051639861
71.35050922660845 23.614610886290883
110.8880113210764 27.13584371486868
109.06906529406652 119.70124140194852
17.016403570268647 24.249408474487335
124.4094926866411 28.295021874383227
99.89111235175474 21.978738262883724
128.89989971393408 126.84817132564692
95.72388730948045 119.60784544195762
123.66226478895469 118.54548452516339
130.33458680423317 119.52124986202847
111.81886121675309 106.2020573937751
116.70324061731151 127.43008580512954
106.05149041243364 27.979838426141338
107.68213289879871 23.668591253405282
80.50695791318945 47.39885482606665
101.0345668573163 112.54384675646203
52.868760076088364 119.49574568425571
98.65461842391802 127.56659400971675
107.14358401713717 133.26445540218737
99.57692266882935 123.90199271007853
27.239170639504096 32.17178044330219
110.43999853796025 63.17442439502906
116.21998672415582 26.17397802145102
117.50340904244204 28.6572339226845
107.41174893095395 90.2169310167203
105.230203215444 18.557963346148266
114.47757269815173 38.597695204400985
115.93337986265722 32.23650538738278
108.80504093560963 88.46771749942435
112.9005751038527 125.26990420496693
121.02755564187342 37.784828689605106
118.01296976668988 32.15618926628827
119.72029406158588 121.80917515206444
89.95431536540174 128.7091229043258
115.32857031030575 59.86354163440206
100.56170261081262 119.27355361690984
108.62565871608476 119.01533738536183
119.92665564975952 37.13864839436267
77.6265632491168 33.20584506455534
109.6844122339824 21.71314310258505
108.01250811727635 80.3374387172355
58.284516211855745 136.1176003630758
88.78582596593341 37.78691730755303
127.44638707231469 128.46470554100165
118.9001084222573 37.60379172218029
114.1320775944796 121.13772806723254
71.9514200000113 36.08815912943813
41.10121007774498 114.5987577558349
90.21290694114631 32.19728603080702
117.5077459211636 30.10872107910596
112.17007263462146 118.06912085389929
113.31946837402182 26.875160978314664
107.8869047699252 119.44233657467049
68.37900334371702 49.535565998597384
98.54447666457261 111.92420092006311
18.149623424462963 32.987394327596135
18.65999874446951 28.892494518369283
49.40436203242605 128.4456230912032
58.25022901375276 56.14511281145365
23.251151306776034 34.984584160269925
21.865433723300555 24.24656936969274
117.76127579843525 127.94630224442844
126.53458669584553 22.509288438831923
123.89118714108673 135.9353868298322
109.61124477981004 26.512644118012393
110.37604580511866 30.18216194115391
113.25800347632429 119.61329224882125
108.64069510834926 67.94560449711872
108.93564697498786 42.08697267032215
102.61767527402806 108.54239263973187
122.56463410124478 35.73256425483443
110.80081437799248 55.01478012274356
109.56155093689998 23.53703693208506
100.80889810901105 19.603657273138634
93.4078448547959 132.69594052698855
101.095780416498 70.97620245343526
118.98115996607463 25.1566362215363
28.82822184913088 50.55384826736746
112.48838041753372 42.836346629979474
125.52206345992461 129.0384906502961
78.18785962690555 130.94876451175725
20.61615983813047 16.573350868372014
124.56387587391283 20.390659950167876
124.36111408485755 114.03538128480632
85.99294995324148 132.23954890689345
112.08387942939713 34.934147677656995
20.306150816354286 14.101020857635376
108.94420772253359 27.887546880059972
120.4915805425326 123.59425905087623
69.29085492616616 29.964866549263775
91.52447032086076 109.28705986659502
112.59560389028556 58.346851943351304
46.16783358243304 132.59103813729786
128.15391442843762 24.96908494452326
99.89238108995309 33.9611444961615
29.088350091653464 33.194932931583466
117.48825216740173 120.27049521242333
110.11145405686993 52.929500158986244
112.49478967519526 120.18487527269991
113.11366861522485 119.93859143064964
35.868430213858865 21.02123180794259
111.81895042584624 33.04683001960266
101.69021585308795 117.74859158701594
101.41579183109242 126.32853038845006
113.54282597205487 133.85562887808396
122.94555532475077 23.106667742917203
111.51602682011683 143.99370509555516
97.05762818206318 131.44546803431896
32.1635543742769 28.33673162346606
107.23435960602906 138.14614726143486
107.97892579554177 129.03205003647597
110.4544766023107 132.6866074542853
121.86417843854235 132.36329239235494
103.64527695773766 131.66473739965218
110.121794400903 21.35593824461041
108.5383434163476 32.431707153891345
108.83813589709796 19.890046921408093
121.91013028134667 25.252387010021277
107.0945044373107 35.61500205758962
99.92780205389852 126.54123800657146
127.31835628304985 65.75206302243416
121.88856157490284 133.75151546445613
104.17185687118922 30.32849879642202
87.91137038017376 29.025925883558106
71.16334913021181 33.720412372029855
93.99541083675454 128.28854539163953
130.23796772415338 32.0752845490592
74.11436487399115 26.70637176113921
120.63376996532288 123.29467039016988
113.28760688272689 65.07769174565695
111.95877106984652 75.80415912325854
105.88973457544687 18.746818780391283
119.12616573157209 20.067040103914906
69.92112531476567 20.265792781861947
97.38311829954114 81.43728481140742
96.25572679071757 127.94862128421597
97.81631074441303 25.529284073850558
107.59527304079408 20.142132259220418
118.99672406707768 124.14439309258034
106.40007610192268 121.16770941593653
18.077710947687855 27.44231273195751
110.24507343327231 98.87626621856336
120.45860427434481 26.323705096258216
117.05146902739952 97.9795874750005
131.06115321812095 111.95108065585302
121.4844272140377 123.94286788306208
74.35252702734371 21.007683798428477
128.84747193396925 14.174794981519085
106.23730436190752 132.54829902881485
82.82964238177851 127.50089557960594
18.988707844184464 28.216199011111417
75.45774759474837 30.737126158490273
123.69782879242138 25.934120790874125
100.80494901372498 119.09390935443086
68.66782864107155 31.59610148209854
38.59505693656895 20.827274694372928
77.00990807904233 28.4203957217991
105.38293897582942 32.307556528729094
109.78652857944348 115.4680835712031
102.66422784645822 127.78574754695228
55.88579543118185 128.83592397826885
100.94876531793354 123.28634570547291
20.285293831857132 14.707392173696716
119.19710880856101 17.217540366934227
105.86929955912639 28.054875886952622
76.19378131800644 124.83460391582811
