113.62222322322125 19.066725359055376
93.07601285809194 149.1804087045516
124.94473025843148 75.516093106659
114.61150597139734 10.20838188020283
121.17383948325043 124.98909803587412
96.08929334893747 217.8052338828252
109.26761988774791 56.67944334401672
104.73400007925898 14.586844049731493
148.6723876683742 36.66583972096569
125.44455690208791 16.84083010439417
113.40978910140791 28.490028594731825
129.07651288000648 20.26633283102406
108.14420954049496 15.762433853639633
123.06486474913865 134.22336771651928
119.80390467401 21.655488982562556
109.8646713238209 3.8175975855645277
103.56999075434582 32.823068271200654
111.09689021609219 136.6484322312945
116.3073454073561 33.29461879272012
124.31449780298107 74.78693517034314
124.87094928172985 18.46734256196968
119.35583247961009 37.608473207940726
119.00491862282765 44.49944855342239
108.64046315555035 125.9254096301053
105.56821458674565 69.1481067664178
108.46092421117649 51.37593596177101
108.2435554171602 16.43907523003469
110.16092326200153 56.94538789861091
125.01020160894443 -3.375761460667105
110.82807502605714 1.5347310770016747
103.63804350703228 31.388889824428535
112.42773947308754 26.454604693981125
90.01968418320797 80.76804933296553
96.07037013463368 63.69480026321497
145.75312153504558 141.24722644109593
107.66629533451298 -13.75410325849308
102.43446253285309 45.62388170400854
92.811183922293 28.65293911504381
106.12605598931975 66.5167463197966
145.11071893393125 25.35794892922206
84.36666716548366 71.1727160131114
112.51362949348002 81.71005477233341
82.63532856221047 -46.29420396213101
93.97837612682713 19.04309000019508
97.59339356858047 27.615326860379927
92.83351530211877 1.0300348122731933
104.23765479691944 50.07772577656845
109.18301004544281 0.6318770545197993
109.35171516896843 41.25192963130825
81.43392706787634 108.88337590696064
143.03478310076434 26.753089240169082
108.6148584861234 -39.6442830672041
131.46457464611757 38.05272266908099
115.90088438724997 59.748138689359436
117.45982787857588 -42.45640297974828
110.68624206228777 14.447423157248698
119.52593148026831 79.64461149237269
98.99795639047684 16.251903449964388
126.6786755957988 17.713688493189743
93.04467356373272 -35.933349130926146
109.97161211630885 48.74600728933828
94.5564539244254 45.22488254938089
111.50071535567986 8.151671079945553
109.05966799191478 71.52670328688043
107.04201482249591 26.87161722704797
127.4100585101936 13.39828912317671
78.7610173677294 48.45796050000243
117.44478247233266 26.888876581678065
105.28167485026405 21.953642952019223
125.82625545979184 43.12496491770011
119.75621534175423 108.26382411098818
97.15512729864074 21.89778272302139
107.14250650370691 25.91274758784294
92.4274339350572 48.49403611474082
109.25063674852508 63.23484685508273
120.3872328617654 57.4220582176346
102.64765220971849 20.594665868402718
100.5277634932674 209.29375396865825
138.23691216950547 75.10827738400937
116.15661118715657 38.15621246717315
113.19407269224844 136.17533787049982
111.32885116823614 43.18291198513548
120.62918498965314 1.9067413433784637
128.4201893467182 98.73303492892695
115.58818914686955 47.462549916218514
108.79448877980161 29.240255631833186
129.16978967159696 121.78244760731896
112.91948050965404 11.647532105923911
106.15584107409536 19.374557187693828
104.43355803065113 17.447734939003936
124.39406334657507 29.158779498455303
103.19993008198594 216.94195095678594
133.72251668679388 -51.66309930125022
119.09136003558554 -58.5794648767199
97.58004099998976 53.570770943820975
97.54856706452885 103.62870073116657
106.53923797753134 134.9343927595317
126.12914331560799 95.42529918916307
119.80804502160088 11.355184053475334
93.32993664340104 74.63630193322778
109.08839197552436 17.991370438770677
63.13369894271233 -33.72469709705211
61.83605424352329 19.77622266386723
95.60331081438304 -5.818787663855041
102.57295138639714 -3.5963187460921553
117.16295066568378 33.475518421315094
165.51670176298003 22.2717128487468
134.16017160040053 -47.839679359783034
66.37615732800667 -18.053193602759844
123.94638511900999 18.763598606725765
111.14427814839871 38.02437081322522
119.6227883049654 22.687052231474883
102.50963083555227 23.18607020696766
114.54989140941886 23.47304624200521
82.83670088570273 118.37802929984994
151.959112138821 170.4190734967344
114.08350156253772 19.481613499891907
82.9593309495712 71.26074667174662
112.45107881810212 36.91153058842672
104.11780055541341 37.2568128883329
116.1391799822606 171.11348645158205
104.69311614698782 78.83289748048303
118.57800278126854 20.175439292039176
142.90986131678886 102.34621896610443
132.1970092540313 23.25642376058814
128.77567684057405 31.79223495305687
127.9022223664789 18.015981609516402
71.63933811056874 94.70538027218103
129.6699593488517 28.713107424671264
123.81089313223669 14.28820871198746
107.70138305795165 68.95264067522892
117.00968012665086 26.316271922975034
118.271255982447 27.01782464455139
128.0970063241628 66.93854538631413
135.88298726916082 117.99342435984093
133.49054753739873 14.745795105416393
126.31424007547494 44.47172100147518
109.02133633434399 9.463352814443411
104.49865447796981 21.243140504687087
107.1418550782524 -51.583200842130644
118.61436015465549 108.35872860647602
116.90088057880114 166.4323186705943
110.50473743035143 19.411722793442145
110.09963808654838 16.939601328732568
116.40380792419687 70.94590908177335
96.15003492002359 122.529592229135
95.00935943780622 9.779921881528146
122.64438369422308 28.889186866785295
113.9819875220452 75.32828499317411
114.34264476181448 48.85132867328311
38.04775174504026 37.430406181827166
98.43813482148316 81.25770653609088
110.98675549446561 103.48836341942372
106.43868045150113 118.33982886938804
84.44503545004544 23.33435729912832
104.009682019356 -28.33245127227049
109.72704911649559 75.68118033900373
104.44608683616381 15.345299979364757
94.29803625474214 34.30496796028919
117.93410939995027 16.180149263464934
141.3962353197163 152.65111167210225
65.97258362305799 2.936102379269851
138.8736530579679 25.7168611193208
117.69706540738066 151.43494282948572
134.26864193362638 91.26315073491395
115.60896608176643 -22.330980863527024
107.09932884383157 26.53510717198995
115.39649721937329 -4.035298356614736
108.79805424959856 72.76737303222143
124.75227911892169 5.819974982702346
128.47803253963704 116.28142997963958
105.88345876482526 111.38516697380919
109.53159480527532 84.65151763033576
113.08397983726347 28.591004547205088
109.69065121775718 46.431898195203786
101.03549880979479 115.82253763080149
131.32698258392827 22.973283786309743
117.72352572155891 20.853615394603075
119.27750278715786 2.6628569851551056
110.32859746140593 18.637331074221485
100.99837462427958 1.9786664358459043
115.1195769157257 25.248954879820207
108.92929761951842 23.63142853802401
112.85619676976212 -37.24892224663158
112.61177541307858 18.936305753829206
104.87259675916117 32.01795676617471
129.86381321279833 38.26476756978293
125.17100108542662 -1.9966102357363118
105.45710171555709 26.74287791922099
106.13135332828102 133.4173809991504
94.68613063033554 20.67610909093025
125.23361013827507 42.52629837622121
110.18139879782967 26.630078455405016
110.61885379095823 19.803170131939375
113.42374176704486 58.91654974008473
114.02994132300644 -26.618004936258206
132.95894532594082 16.412815817595042
118.77750980810367 173.82400899510912
103.22176198443925 19.231324103968372
131.7234492671716 194.10177943222754
108.80775896509765 16.064221972958368
139.253336763421 23.138341069285353
102.8070755592585 30.898387609218798
117.69603255943869 28.30560229502211
73.33940525808273 120.06679519202659
111.72455825019652 26.996348051834403
133.32578422969402 18.97736636005164
116.42282487948651 13.94182458764248
151.58319353560822 69.42287258121742
107.8607660823987 11.014183588602755
113.45431723061994 26.850823967373596
111.54810678248123 14.9354979660811
62.31714955519288 141.31388774136508
119.80273199136234 22.808135799692543
39.042127390925174 38.18432797761128
111.55254060346864 96.22514749774705
130.65642796956516 30.008674669119202
140.3023316526429 40.542261156910456
109.35180067571008 35.9095586108775
111.77029424317652 15.02790528986017
100.43356442632889 94.00858223647919
116.60872113052505 111.20844305171987
109.6312063713779 29.634531980292824
77.3737148454237 30.30481221672364
113.37095454127282 19.581684540753884
111.55055751235061 31.408402231042547
107.19060121901259 31.14021513534867
107.04083914588618 15.671337703466012
122.52938728082385 115.4283577990938
115.71784831690479 37.23243147788891
114.97768024774264 40.17539158188363
62.23963059958098 26.35254482224932
95.96862284635398 74.5001289322915
113.56230633679365 16.490390804888676
74.72597015376407 98.12947703255871
105.27563951805449 14.002867383736396
134.5457921268176 20.585812021791828
93.84704110905766 22.648109994831437
75.33707122864423 50.0181059646088
111.48615295196586 -12.488547407108369
107.84890159280621 53.08768118909623
119.25912849387198 7.369335839608036
137.02531608879505 133.5813988349599
102.36382539117824 22.289247702169284
95.9655370703054 62.234589682974715
114.03457415108701 36.83781172246081
112.139201979211 66.04918487797573
138.3403335991903 31.377970886721833
115.69657196836512 37.31212371759192
136.9333593085122 24.176272232542658
124.61740111584943 9.11643540853879
111.96775582498316 34.9983594282032
130.1834513272137 43.59615981607823
125.27721385317386 126.21500845473004
33.15806537367603 19.173879713114033
111.01637020434076 23.92051695161865
117.64443555616553 59.67623440602663
145.3835632626754 20.491783997502377
110.6866228969012 113.63402317708675
124.8453285019653 24.969595875340698
111.45079438724973 66.97163562798653
128.62786614913873 151.9934884765812
171.75530718416724 33.97066555881325
99.78267713411788 60.549761300381824
99.59027754174437 57.82470860030986
110.31325873533498 90.97426397240699
101.80650948818186 104.32536038650261
81.35895355078361 108.47532483239165
111.06019163351556 22.77637692388138
109.68139573274095 26.64658144696139
113.26864170383217 19.25121107485027
135.06299008159957 26.161545418434475
113.15187522134428 47.56185063065147
125.6059978297957 108.1526072046193
116.35641758482245 96.05483987433188
120.0338766970984 194.69349228534355
105.38979230761507 10.130618234680636
99.42852927340803 15.008127697180749
112.5451048425751 22.603679701565135
103.21613608995644 9.114566058233116
139.4544191167856 32.82982623796548
189.7092106404253 45.09036034665682
136.35127383283532 124.12293806480103
84.93252238478028 75.51873388432739
111.15341068662968 61.69211372423993
121.62406808642747 12.97809568640375
105.97943083306197 19.672199876805
89.83135298095075 18.388116059173367
100.68566981076278 6.325137486498765
101.93430687325666 15.007953419373054
82.98685510541435 12.576530483266417
137.26279214711056 17.901192638964314
116.11228414454526 37.01588727717058
101.10730695247473 21.747283013110007
100.07382391171063 -9.024240066145042
109.844106123855 19.327902858162542
120.17736027626665 32.775103100016445
133.00324286367731 41.59662270168995
133.50884389882185 40.67154024959932
139.6482138159186 75.22589579407496
101.7818022357303 20.926069175230523
120.35556715053836 15.07739231810101
111.22180654178474 104.81781611476679
103.40374878427652 55.86577422586745
132.220101280619 -3.8558056941906917
131.2675928680944 27.139551511320857
97.88531285955645 22.81497940493548
118.98215729336577 -6.744112838636706
92.36932049782008 23.541338463843164
68.567690837045 21.280470759359147
102.32839843461146 26.415508283876886
113.23680866511428 -3.6471811962199085
109.24785184482236 35.567914373774
107.15414401665362 16.30433926254157
46.336197110478885 12.081742686769033
120.34404391853465 100.61288218745035
109.31749725927943 6.123783567411854
134.62293053743835 16.63364484723031
91.25238199433022 35.998437090116106
106.48996085292038 21.91949398116142
