114.3125055872643 18.63375702961664
94.54101729943189 149.6054309337042
125.46936154833743 61.173837542825375
113.90515536841073 24.595454851180214
119.27551787507 118.79718304427209
94.2270187487875 208.8969528878832
109.99585009716631 53.011438445616825
105.71222414115933 16.14286508374947
148.29232811679103 36.657501710374845
124.22322338463401 15.974873369113904
113.69405501229711 27.81771460793185
130.311269387631 20.885954602700274
107.96829256195373 18.96956371651604
118.48722103061752 126.0541908067085
115.69164446564778 27.29941187495523
105.74672492654508 4.437728256168397
102.19108724483777 29.874628423337015
110.56542065206975 135.20910956513947
115.87439374117179 27.311712452708896
125.51972665861632 76.49273574239994
122.69965696843086 19.97324104769829
116.9821890600513 32.342193322729216
117.38602627929878 41.216419599373424
109.21729274178468 131.96972679496596
106.82056319735116 53.627526851828314
108.26413490693061 55.52452899793178
107.954644770004 15.811577486417354
110.17267807390168 56.958870948562456
125.68807563320715 -4.802603282969095
110.60542459328839 -0.5090109323733443
102.31259006990867 27.197182603258426
112.66760175325442 26.70634413332641
92.3308647441372 71.36925776819021
98.1180574683313 64.39072078892822
144.91102822172016 134.5880521001058
107.11064365546753 -11.970773712824338
99.26157550453102 45.38666666088471
94.78503017817324 28.400752564631652
108.56282884467119 57.64588661818925
147.08633816951604 25.60075190414893
82.56637496876293 62.25526188998761
116.20239811596508 78.09007710314957
83.08972919356749 -45.9220306920684
91.21684864018573 19.134281419092623
100.61060798363505 26.844334747447757
91.27371489360321 -2.161160890431932
104.56723349299608 50.589668414399725
109.68546727952662 -0.2288033163540376
110.34933428050886 42.26383330503985
80.31001257440386 103.07719503173645
143.2458915618816 27.363274728927454
105.18286209412346 -41.060415900870545
123.88009022116218 34.17494348271235
114.09138890351885 63.197394929309326
118.14508629152142 -47.137005992865134
110.40642105164738 12.860641168408957
120.96819957892555 91.7991446364815
101.04067004623549 14.793972517371246
126.72513335574881 16.904724378961372
92.58143421072616 -41.578252539618184
107.24325028028625 45.28365342702134
97.75009851551259 45.1162792110411
112.26733612310545 6.63020610262069
112.51488679875173 67.60870004163056
108.30814054305453 26.667268161436954
123.55674581434427 9.774861498615266
84.92705055630425 46.32085900898195
117.2737476570951 27.209899897503234
104.79300969077755 20.344521327091353
125.42088209068957 41.40703395252147
119.28475799924468 112.04765696847717
99.40812133373856 21.166817290125124
104.68257511114076 24.856463295698354
92.14683779434615 49.24774910116118
109.27911177752276 61.64018684666429
117.321929239175 55.99759929097419
105.67854587711226 18.186264929991005
100.92537211401459 203.79954405602905
140.5673357090671 73.50992879997435
119.569449055635 40.7926478596511
113.10508815790014 135.59486596014196
111.73294861958925 42.15072093835661
121.31518171032019 -4.510697101574413
126.94322171075225 89.70569517074784
111.19054802329075 44.96571033836779
107.90312658781717 28.094192052608488
132.9571367030063 121.99093384593948
112.52282109128943 9.93279905454137
107.20689558574111 19.42208593833919
104.56567130512322 13.400427727866852
122.09467757758985 28.51105099166909
101.70410658975533 216.49294533166983
134.26867064254262 -52.07419994975572
117.84775480505782 -69.55801533907416
98.08730578091541 53.97301030573346
98.33193713710202 106.99370212785682
105.54765449194225 124.0381677484543
128.08561955158848 95.20340978767487
120.03101448544793 10.17769822878809
93.09114648438408 74.97792730252425
110.97607498839773 15.690984555121384
71.04304509647199 -35.72692993838857
65.51516364313206 19.869055176799037
94.0810880775418 -6.468099657843711
102.07804942459343 -4.911531598547294
118.85252295465253 33.997683106418656
168.04968120913279 22.66338263052625
139.51136943025614 -53.6762366589666
66.46105817012422 -21.660535994519815
124.67689303418582 18.74454633506393
111.08763054168726 37.152844111821764
122.06825764916918 23.35203426948114
104.34165895849416 21.523568470567614
113.06690398227434 23.882293619727925
83.43424360452117 119.22199888359006
156.64264648020105 163.31614243484458
114.81994614229198 19.37880761218572
80.92762048420923 73.19987604967994
111.67791841785287 36.80809528772041
104.42743464273866 35.57799533337186
117.94127896888004 175.22328219811862
104.62681981879346 72.42719131547035
120.1901540239441 19.476228377380398
145.8736920000765 102.64049465412226
131.47844971157588 24.68372780386687
127.96223037827417 29.026900806401603
126.78966101503423 18.168919363341338
75.75457516968153 91.08076974522298
128.0585212356061 28.998970817076927
123.9190530208702 14.141384468674199
109.0217892659694 69.11260872124498
117.84653566277099 26.92224135806277
117.1246240824915 25.486760157457578
128.41050008047682 61.86462309471424
141.2013869778705 117.3848420794176
135.52480708196015 14.493118543210302
125.38773062557921 39.28883132318961
107.77816809257035 15.497170938987063
105.30687871830634 20.801029581331417
106.47728759587265 -55.81012008612144
120.05885120699891 104.57807789900968
116.16883726515358 164.65050442158682
111.75263797878583 19.296165701976015
110.0305600868734 14.70090862560714
115.42876578352814 63.10844839838241
95.1983153922095 117.33206987180564
91.78110615171785 6.521966311281936
122.82505552725497 29.11074679643948
111.22759817831546 70.85609916231029
114.22312328972772 39.94413346475446
40.31616185809373 37.31928689180309
100.7191492409125 82.20183539571987
115.74014975013809 95.24736720283832
109.68152310282088 115.67763622366742
85.00824510154028 23.30280145516228
103.53129716168212 -33.694969163385665
112.32158783140152 76.98576039476212
103.45807996711589 14.660715056272313
88.5193922346431 33.224702208835154
119.37836101108567 15.545502824511876
134.08023250739092 151.44202251318114
67.9074009477958 -7.285305073290937
138.8363647549216 22.689506979561873
113.01878704153327 148.0032503163467
133.7367592868422 83.74218897136299
115.14866464275725 -24.697569405170587
108.82147027137896 24.098662702841896
115.84788647360432 -5.2277750479875555
105.29299748602503 68.583789480138
128.30271265347127 7.972892570920064
125.4669234196581 123.8039213325985
107.79681724468736 114.81164224552754
108.52763462762698 73.6077441506985
113.56175604759585 30.611867338933223
109.69281667252258 45.40737534184541
98.53729431140582 115.13531489744777
130.9368188124406 22.886127345775083
117.07428630454602 19.4378832715678
114.20320792721202 0.8111998595060224
113.53298201528912 18.68101025975533
101.00016224420959 -0.5874048761827
114.33731903757547 24.776251330363646
107.26962007593015 21.742449926835796
113.27369817950104 -53.12619181173476
110.83850094130145 16.98207820374203
104.19904789071394 31.433428868100858
130.03584393497545 38.46764727687362
128.88963529105672 -4.304583341118987
104.07483454343057 24.739636784682595
108.28311059333144 134.5623766577395
97.3594836699776 21.909470485090814
129.35704926700905 43.129940576154134
109.95005041733144 25.66590343251393
110.58101993755314 21.702750406582965
109.21855995975304 57.77021756439666
114.19002114609202 -26.046894633155514
135.39499516762143 13.971659859193066
116.7477956170223 171.65545632933845
101.258822456474 17.076238099655058
133.89979757840806 197.00708897525692
110.79380750231086 14.933523576326218
138.17924656615503 21.57365221146348
101.59714832760822 29.107968255461145
118.41244168253124 28.818849982094925
71.57489817268637 124.22253335694062
111.72950841779074 26.639305153714997
131.45560876816455 10.901118126866544
117.14841167342712 10.336428784095961
154.5464653839538 73.24703215364036
108.2752402639951 6.756097281749025
112.84757619459106 26.887574930855266
109.98583549039424 15.540462416564713
64.39943196811096 147.3363283057777
118.45826090982003 21.28531138631373
38.92897956616534 40.74257992997187
109.76629708209892 98.60800831319477
132.29183913033933 30.14701499939548
138.08870861053614 29.126878791257404
109.31262600952884 37.050972131849385
111.66505302095402 12.54894267663974
97.36277807388076 91.73116962615947
115.18220448046276 111.42912643907584
109.6264307717366 30.387777449086574
71.66434931372797 24.94374554738195
111.85985699776228 16.420469657499083
112.21573478233817 32.99891490508418
107.09974537746385 31.311783975138077
105.08623215062835 15.80561952416855
126.31800200990683 118.09499316463184
117.34801911924939 25.393847437290805
113.7195888104904 39.16926026694543
66.11783493546933 31.06875590482354
94.62865481137055 70.383522487234
111.20302942082515 19.726598467906477
73.86968661415253 95.19342933296848
104.15987129533903 11.695871458005325
135.71731144305002 20.739183379709
91.23835463868953 22.063437125144958
74.23855404942023 38.68556164303928
110.74320608940457 -16.49376610994878
107.6488804411023 47.32809351037927
119.81252779521522 6.76241070025084
136.235686261343 135.68243544492503
103.090079793297 20.872867459563427
99.07147953971595 63.230562137468425
112.43161178409281 43.84249176707573
112.20665599206885 68.89398796014513
138.85933838512221 32.34099491999935
117.7035584736863 35.9516238338654
139.62452577011913 23.829698055735314
126.79250885223267 6.590734038100608
111.86399754983447 26.80045470101846
132.3781168161081 46.69395821674612
121.747377191068 124.04248233183924
36.66469046641672 19.10913933497512
110.63339530661142 23.42768922311752
121.10634346171572 59.08823675119118
145.20741874645555 20.513192875024043
110.19365764412923 115.60241520386809
126.23765689998692 25.302144921870017
111.34658648188626 67.47805477932067
129.74479482119503 142.3621848959794
172.32854933865167 35.167791096371545
100.43971438966729 58.587040970254094
98.58426742766757 64.50893402690086
108.90082963700961 92.41828419697774
99.57386644286278 93.94578263821028
80.40457586443357 108.19742835024425
111.83602659175284 23.066525505149116
109.71041974352723 24.91842498314142
111.79459893099234 20.1757944895316
134.9577202710921 26.907804070207735
113.77963000034451 44.81804307642863
128.64720162566005 98.88490015882847
113.73309929446445 98.3741267548481
111.61941190802915 194.96067154395334
105.68331142258671 9.246001572459729
101.24377404329337 13.183758703818476
112.36685210871646 21.362291525294765
102.92477509217355 6.166070537767347
138.1612154983108 32.996313669354734
196.23721410864215 44.45006425880787
132.1317169229154 121.02722595940406
84.06104843371607 73.66363293504673
111.80737733318435 57.780065667784356
122.38773359156242 15.081092947360773
105.41904638918254 19.57069100756214
90.66762608333728 18.42906677940278
99.65931981521584 -2.550356005850043
100.1044824205477 13.916791614417622
86.01940440082687 12.548298210371788
139.37825107296072 16.898926237316303
116.54982761467065 30.428183969290373
99.1843177497809 9.983499732449415
99.71598904737795 -11.071644520246611
109.84342004894839 20.600717629406276
121.28257129483927 33.73015870255556
131.53739724427243 36.16205917087412
132.51619214130204 35.84412306968484
138.74096596824975 68.48657058298525
101.84138963668892 20.923311527812803
118.56341822582785 15.354810131066225
110.7680799811076 110.00054929965513
105.1203857069483 52.582203670268555
134.44992626511092 -7.604041468130161
130.92760553345633 27.045374236122175
96.89388722178167 22.368478462632368
119.00906300256347 -7.55405712869082
90.01648204038123 22.949667744302385
66.20046455300628 21.32391689485495
102.91651037669169 25.385685434690604
113.27552379399033 -6.026364207567379
109.2282534506904 37.07336544561567
108.04940248300991 13.108065335419221
47.996377170600674 -5.015265271522615
124.10761999166719 99.81464710070127
109.25815467913459 4.690608883903948
137.60592704316267 18.07953482522453
91.77572194680751 36.29325342616751
105.51776312343574 25.07835741259528
