114.94055569788195 18.208626060536087
96.18539089770995 149.537470385746
125.91528731309423 47.12088560188072
113.1679789171961 38.960579259850284
117.34668435984662 112.19591571139145
92.54238660106165 198.98594907369954
110.720634608451 48.96738982000993
106.7022057914485 17.728111449986788
147.30813376510102 36.41187921001274
122.9455930068057 15.122566278098528
113.9453456670938 27.058826813679165
131.45376096662966 21.48511187987835
107.81465957092111 22.183197721064882
113.83227676543842 117.23733191726198
111.50298381292832 32.86366236258758
101.67687239627048 5.203015334354189
100.93221833560492 26.750850111073916
110.02750545192893 132.47114560207052
115.37509687249415 21.51090634116069
126.51670791146282 78.27719974338301
120.35775686157261 21.464005290227245
114.56204047265277 26.954111357354222
115.68050569748118 37.67672727280877
109.79390114569756 137.54932316226933
108.11011387022882 38.12463203349961
108.07464619245197 59.46622658048654
107.6865365693223 15.221963803457115
110.18035820053547 56.73257275065571
126.18576233809533 -6.132276249509872
110.37275973914132 -2.4408894467494138
101.13686026941052 23.11571306752328
112.85550963514727 26.87999270855885
94.71721383133045 62.19293580000232
100.29709763435768 64.46787846734038
143.68753550535985 126.84967792675265
106.58255991667542 -9.706780971528818
96.14873679401312 45.385247528820884
96.99118357249756 28.010111285046296
111.0089206144387 48.861282334661325
148.71854556616103 25.731758220265416
81.02981201866007 53.46738622026747
119.81534797727505 74.51482672482709
83.76249880093813 -44.319873119529795
88.74178001510961 19.226782178760757
103.5237899790426 25.983583428176736
90.05334821619313 -4.945307824254777
104.92359736292283 50.89685671914852
110.18873188502225 -0.8196382685329804
111.33706771427602 43.17832179446979
79.52298868532606 96.57472692419768
143.21873142704484 27.905798503038817
101.83189552056919 -41.998466936978375
116.0651790951938 30.533310300687965
112.22971992509547 66.571521738358
118.71427690922063 -50.984765503502466
110.11874281513425 11.34181155865242
122.34698826474478 103.71646502961393
103.15623282760755 13.399346127185659
126.56767246495886 16.113807687351265
92.23950345820815 -45.94026439867062
104.54486352264063 42.03876142259354
101.19920584212173 44.980879120579324
113.00893330265062 5.151107921541364
115.91828477648778 63.81243508459538
109.59060167721015 26.440541691570882
119.63709035277502 6.298721382770843
91.43165231281759 43.754687293696
117.01350756825516 27.43415675662047
104.35099638047996 18.725127512358387
124.72972402481928 39.42799191974985
118.74930707472691 115.09934113690062
101.7587336267804 20.41350053397875
102.27254747219186 23.730968226086777
91.96581285085034 49.67479394438491
109.3109564329442 59.62431836229985
114.14570083253166 54.79537252712982
108.72852588107975 15.789078331876185
101.43388018357003 197.9032534715929
142.79037266341845 72.0583934127011
122.87459608214226 43.33775340471179
112.98686792189753 134.60756784013756
112.12730280466658 40.72057289295968
121.95079554201091 -10.620982999169335
125.2757457479072 80.38950413293128
106.78470656620573 42.304010149393754
107.0297103320537 26.910370267517422
136.48623832729666 122.17971856599158
112.10144262229339 8.363025960963212
108.26729461139787 19.47126452315394
104.77382889963962 9.409878824825459
119.7571556556006 27.778945881498295
100.25543609202248 214.6986264683085
134.35458341043957 -51.514279312963524
116.45660013313282 -80.30952855622986
98.76439037533353 54.45766747146103
99.27497906885723 110.16954605273376
104.6171023175868 112.93727248572237
129.8918369248061 94.73325425409087
120.18219308270835 9.097003494796255
92.99602931193276 75.46438632262668
112.85779384178531 13.43804504702099
79.04023633324705 -37.646358159575335
69.53758927837471 19.95809925677752
92.61211779433242 -7.057344928979443
101.70606258010349 -5.933163556925505
120.45834905567898 34.37109053660341
169.95382665428136 23.008366428935
144.53556877455893 -58.66904995706004
67.04024804367486 -24.70216234144923
125.26366939150824 18.731864318877047
111.0239221769659 36.21709590724146
124.33191825642652 23.946871169543794
106.21348381521403 19.838334796564002
111.5617758708861 24.239853924763615
84.31625584708885 119.39457400971037
161.17321171384827 155.71321810177213
115.50984904232433 19.276069822702723
79.2448364507429 74.88462151872676
110.88834226613652 36.54841235992676
104.18067714377752 33.79289522218966
119.64675125198877 178.00748372610914
104.60946875310813 65.44564701134594
121.67229051012757 18.77495969888254
148.3788548251177 102.974783855964
130.48728430772044 26.06142384569939
126.85383439126807 26.529772471477155
125.48446015990106 18.343701447377885
80.27944622049121 87.03417123801964
126.2831365772244 29.21185209358671
123.8210410166542 14.062902382939171
110.35059144042778 69.37575068653747
118.61405542952177 27.496698010545657
115.91308910172378 23.894860903734426
128.53984400443107 56.68255293874928
146.00808035988626 116.59698012098012
137.1209479541105 14.326124609046943
124.33882707054885 33.9989775735943
106.55667523491982 21.599901106468124
106.18228999286765 20.346678650783687
105.8453875677776 -59.76458507103147
121.4301312549859 100.18928240225598
115.36460271671294 161.833966260758
112.9745870335067 19.18168429834309
109.96024403426205 12.486769038916776
114.38221732913719 54.85865707171005
93.89062965866901 111.49990660702493
88.71747516539796 3.7196396778490968
122.89274953557263 29.18057905263657
108.46657002650275 66.20293486548738
114.07121238334275 31.07664824094435
42.817772956912286 37.91405465214603
103.13573257130143 82.94914675692422
120.4224359641085 86.69574143887289
112.91855011607693 113.0056867584788
85.79473256629271 23.23879600804213
103.12890546819521 -38.52181369041031
114.87126883731106 78.11706690108508
102.53968657551714 14.01737626690674
83.0131502326114 31.92060976933197
120.70835394667456 14.954250824364093
126.54751217830089 149.05592597757837
70.3953362125891 -17.10432382661893
138.4525109015801 20.107444982934314
108.2976297437012 144.22267056540664
132.913823739803 76.2500870684621
114.62664532110891 -25.84163641901626
110.56679274033029 21.602702544285272
116.24677809734786 -6.061613257145439
101.85546879170403 63.98428515305761
131.57378789809292 10.303932750492447
122.42516996971547 130.59295764693633
109.72825917740938 117.48329156232568
107.5456648823419 62.56275979887315
114.02854525071567 32.51439684170672
109.69559594032229 44.18175146378137
96.13605051837494 114.22432281746492
130.3249339733331 22.759466867039905
116.37722331401322 18.02175670853475
109.08437828566467 -0.9435261426636654
116.69271384226917 18.72799253571469
101.05346842456811 -3.0250631429052017
113.48485708076855 24.2558015013717
105.6270973113329 19.80758172307304
113.66946947997796 -68.19803131042886
109.05857326735979 15.07139502460494
103.57140781896916 30.773100650072987
129.97612195932098 38.37514156732111
132.48007240513886 -5.610083028495977
102.74081054389632 22.660275232283578
110.44445096985669 135.24334083419927
100.08335385947616 23.124227436881412
133.3529607600324 43.559212883024315
109.7104448744086 24.606497327433033
110.53554121963343 23.589960669951534
105.01593041302017 56.685983934041786
114.3058761841499 -25.29688349075916
137.52580452539806 11.617332009251852
114.65887184218039 167.6351774888701
99.33340291143136 14.957194818846407
135.7507324711259 199.0684765356705
112.77095051673363 13.832566739416439
136.95446710854029 19.974008366805045
100.41891225062813 27.221074100500736
119.05379491692895 29.22730083516913
70.0651764533195 127.8044197829826
111.72087351857358 26.19156117382658
129.3301549057661 3.230981361756969
117.77325990100692 6.788994618704484
157.10190387095116 77.45066976882151
108.69723576994313 2.622623451520086
112.23344751921444 26.87594501360929
108.42208694927398 16.17699248128701
66.86156588237093 153.2206609612292
117.05799160210931 19.742837429692415
38.923053910625526 43.005531799104716
107.97428061583621 100.58064304157251
133.68103780512828 30.174141303626605
135.58899458825186 17.975389151564645
109.28365141877205 37.967659238493844
111.52930064008653 10.119400661649227
94.46321754838165 89.41926474692924
113.66762428737947 110.82315195095353
109.6229814956701 31.077417404532845
66.08991938147352 20.220068711368
110.32344539589276 13.286484655420951
112.84292952696428 34.48293579686774
107.04642583427635 31.36959195912808
103.19564959413734 15.985754727278646
129.96708342323828 120.34567645346552
118.95266941924305 14.458698235208255
112.42249194228617 37.9735250502035
70.6705125675275 35.6364700941836
93.57283854264814 66.27396759360434
108.82434141826653 23.614635518861867
73.65245147439427 91.87589312775678
103.0912006618742 9.515295791628459
136.78775655285173 20.880538865719718
88.78993647893479 21.45812458161688
73.56428439152475 27.817204738275176
109.99411655675556 -20.10739927270398
107.4768454510806 41.19732231256105
120.24553896751527 6.357265811352828
135.22890162798535 137.53451790697957
103.92309273768451 19.44322255557255
102.32153482308712 64.05285162233316
110.79829849579419 50.718447097910555
112.2435770288229 71.43037502367412
138.9772944942056 33.16174642052811
119.63901812950593 34.36402686185252
142.02076852205812 23.46225777169339
128.79515479041552 4.166209867790894
111.72062126257269 18.569541821995877
134.20948243988323 49.9297239620417
118.06934015975754 121.5840497203896
40.56823853875199 19.0445355189261
110.2469630111168 22.91695010196497
124.46063852312685 58.49157845605677
144.68346717503601 20.529683213898206
109.69159786666978 116.81516161303851
127.43800127781618 25.598029492459794
111.22126055118237 67.56300374877614
130.81823184326504 132.0383656051589
172.7774814062102 36.31568553360518
101.15724162749497 56.42337625930817
97.68515398651475 70.6915423259739
107.48984213539482 93.51400797280095
97.45348748649766 83.52034761505364
79.3514276042907 107.7656887573526
112.58551642251155 23.306756099096553
109.7408638837004 23.14084349398374
110.29614194920134 21.08806396212158
134.81792147617097 27.606758908801265
114.36043351916761 42.01441961249681
131.62028812057048 89.36445311348128
111.08158188876195 100.66205249029645
103.20443252952875 194.8001925414429
106.01320119856692 8.484588340478416
103.15629224812511 11.414016355703868
112.14068476235182 20.094197114387477
102.73582104049706 3.3403337052696322
136.76583093601758 33.1063267423334
201.46160593084025 43.69644060148845
127.57557918238345 117.09512723756764
83.4987260299711 71.67393591941027
112.42911654253537 53.719623618361894
122.94017750155484 17.243581863302673
104.89740103805502 19.467270489701402
91.57987846394836 18.47911049146811
98.72292348001936 -10.421420047825634
98.30303302081968 12.901620760801768
89.39024455843565 12.55565961442988
141.09612275563657 15.921665647693628
116.91244331558481 24.068896987832975
97.28346971826306 -0.9989669221357236
99.43847650393698 -12.727391345456477
109.84275642533949 21.86178297748134
122.26518189630765 34.46030330978468
129.7446466789681 31.29815472967805
131.4038564624669 30.862182565335317
137.5848813583459 61.52632542158815
102.01619766735747 20.901060559494468
116.66781046300282 15.666392262192426
110.30996072700974 115.16657833656501
106.89614686393476 48.95000829288627
136.38070332131582 -11.106927072617848
130.40927709374424 26.90817609211071
96.05705935715687 21.90647783182086
118.9958717158976 -7.995482792116838
87.8785846700752 22.329254951528007
64.3403922752298 21.35983977441821
103.58283705003294 24.272010429032836
113.24114666396093 -8.280879966589858
109.21513221894125 38.4117867064972
108.95728117792285 10.148886997372061
49.9727308441817 -21.531541721752927
127.78836234312179 98.96887306300658
109.20171467172844 3.326810223592899
140.30498706255082 19.54345162082572
92.47391474615036 36.312287970665096
104.62339791682801 28.14263884227366
