116.01921288009402 17.409744703458287
99.96912424873412 146.18036201010668
126.16647493948732 19.371068719897323
111.62456768998148 66.9579463260936
113.44175859144579 96.009394117555
89.63199682882257 176.83508191929448
112.12614249949937 39.440080431901436
108.7380319445248 20.924889825744184
144.0982401291765 35.47554139481869
119.98247402354124 13.480667229161941
114.28862062672677 25.318786318813387
132.9553761394594 22.59166434655025
107.56702183896748 28.468264153414026
104.39857379549788 98.65794440595876
103.11193207679237 43.62971459818944
93.95797125601632 7.151104832752452
98.63995273475692 20.249759153624833
108.92202986208214 124.3231753843498
114.21939070935325 11.549469789879678
127.88979930795355 82.31467571464708
115.3889350410506 24.364900051601843
109.61978314717615 15.985740817281094
112.09100181709613 30.315077410864426
110.91563721006027 145.3336103618311
110.7206128116867 8.041361007217807
107.75102754295376 66.09841617138494
107.20184093533813 14.107830134355734
110.1817364312212 55.029245332688575
126.56773776850473 -7.92957598238141
109.8762813715846 -5.623694719093409
99.00111276748208 17.270075111709357
113.1135966000736 27.03681218265085
99.77876157209344 44.656846945162776
105.08992206294059 63.17569044494861
140.4022295858321 108.40311217280596
105.64163461622618 -4.0926060008531415
90.34895073135446 46.58969471916151
101.7260846448678 27.168177017689292
115.87339947573588 32.177377812310546
150.51663233980082 25.783591410442476
78.68252818895182 36.74974700374837
126.64126421220246 67.3174800850086
86.17634904804386 -39.32122386415939
84.35383452943638 19.41424777636689
108.14594025198845 24.076717762718413
88.28549026732024 -6.334295649367462
105.78072916103405 50.92194971532163
111.18518182446756 -1.4752767256441965
113.24588448337022 44.07757061078587
79.0382318758001 82.63634256920518
142.28645451502908 28.760828113799988
95.50820630673296 -41.38602149495511
100.27983327534066 24.70611679058816
108.49575348255294 73.19685692049147
119.58062013303594 -56.63793720439791
109.53832542242834 8.546510738761844
124.74401714367791 126.19278655472849
107.60910582040209 10.869876753258449
125.93798744129309 14.649083874730447
92.1903762773958 -51.7973424126486
99.38149741125866 36.724927625954294
108.50683664736079 45.4392056554787
114.39125192281388 2.801516813291771
122.6411219057324 56.697521079646364
112.14077850902183 25.751668097685375
111.52445570796303 -0.26434757172483314
104.83228612644152 37.715542175164
116.2449327306596 27.620931565460047
103.56334165458516 15.515915070972428
122.89059381263478 34.591816119020365
117.35557228980342 120.99648852885957
106.77421637388846 18.88920538858192
97.6676994254624 21.33581576978736
92.15999021624333 49.63265867293298
109.39036901344612 54.61006687796409
107.71489361301211 52.76396533890623
114.84443335893499 11.191778149268904
102.79753397814828 183.20484383959325
146.22615654281762 69.1165211655669
129.09673261266454 47.74750880875563
112.6291355216036 131.38549777663465
112.87685190204448 37.34914448117886
122.93618488203059 -21.11355879120718
121.72009172017013 61.22513627898054
98.10424996476952 36.382386309983694
105.39279602924151 24.28170754369547
142.69871513441137 121.6562409387839
111.17140559412013 5.661407453538383
110.4339419378851 19.5739641617304
105.30705703362938 1.8326951181538584
114.83558356401817 26.0896300069516
97.62988111462248 208.45470163933174
134.0760015451075 -48.400691030561475
113.48581924917542 -97.36620998979794
100.36058574581362 55.63421693160613
101.63071953058724 115.72456365510523
102.89522060939929 88.62307616493499
132.52269797280547 93.00291664389736
120.32649214254242 7.222341840234671
92.99668142224446 76.25995778912299
116.57137735751378 9.129393556503617
95.37817091897993 -40.185964985914126
78.10028114472425 20.1070367820329
90.06020864119733 -7.204584398494176
101.17413756544195 -7.6036355186322355
123.51734809109794 34.78789168865605
171.2986932486999 23.569206601424966
153.48862207322537 -65.22038111944423
69.08077183736562 -29.2710818574856
125.95567877596186 18.725416085030147
110.81895944138785 33.91279039033218
128.48599203463542 25.014974482088707
110.0744078089543 16.47254052567797
108.53277378581993 24.85631690363641
86.63384508672085 119.32040746384149
168.84754750260788 139.49584671856695
116.71564017785879 19.078828194905864
77.1388464423626 77.65269561808397
109.27526839372553 35.45185354830456
102.05631707445256 29.93170067640515
122.60117623317356 180.55683790303613
104.83254333895061 50.23119250655096
124.26157193865836 17.40046638503237
151.7514269719652 103.64401522570108
128.0423185228949 28.648175371022877
123.82994022946436 21.74181401061238
122.25837710570275 18.717215412360368
89.53285928705657 78.22243147647741
122.3551912649528 29.32372624556599
123.26608158378008 14.020148122618254
112.97529892029713 69.19395322483109
119.92041110898836 28.43599555246123
113.3253029897026 20.591044418616452
128.1819792063982 46.198057133043555
154.96744931251152 113.1957409276447
140.02129108500944 14.160068745891428
121.9842718309079 25.220604058831828
104.24057755515375 33.65021776429846
108.09687844104327 19.404648760717254
104.66478671831467 -65.11802524016367
123.79299385479625 89.63732967530787
113.66868955648785 152.39839391711098
115.33911831769956 18.96272584879868
109.8161411714742 8.185937214138086
112.15496652188774 37.74507960666006
90.06427050265704 98.89362455912789
83.24492796975588 -0.0696367420537336
122.58874487745226 28.91386851750712
102.9863277019099 56.37274237823435
113.71103179792215 15.305956787598193
48.49481720280926 39.48219071640631
108.09353843356259 82.99556399614808
129.54520110966644 69.53088988894416
119.23892266175883 105.91563730420883
88.42351609225663 22.98017047582079
102.57094677316918 -46.28183776926499
119.7518010157624 79.0167851063165
100.9501734515234 12.840442574037205
72.63345837878751 28.821261066193077
122.97440809370552 13.847122552469319
110.82831140877175 140.49763804437686
76.07959031222894 -35.692616066704346
136.98366475303618 15.477036086293058
98.93966647764987 134.18973422597188
130.58829309690213 61.44389124101004
113.41060404928015 -25.226074717622083
114.02651880568239 16.587923051699022
116.82445309793393 -6.588231688565215
95.25222280706451 53.94079623658256
137.68692330531726 15.113827178993596
116.2350791875507 143.2554128985162
113.57928493061546 122.10534749692367
105.70710271045972 41.134095796150135
114.86223866285417 35.94436419191439
109.70283032854658 41.348447071174625
91.68887415557927 111.71799878432942
128.52175305095685 22.404343490046788
114.7759706030561 15.222182265836638
98.93234428348208 -3.941351167781744
122.80949999541302 18.836149360014637
101.28648492909552 -7.110011994190886
111.67338340787309 23.103864382485632
102.50395190868703 15.920650537139888
114.35962444233894 -96.02536731420783
105.53048711513067 11.43158038078114
102.45259442946472 28.988283848422835
129.15513146190074 37.40310986980858
139.02213173430414 -7.30378080025996
100.2902537286039 18.451687103001618
114.69460336691836 134.43878256053355
105.8455301100848 25.39492459130114
140.98725970527167 43.89313243368626
109.2239357281486 22.32485841444508
110.41816999156059 27.218373811570565
96.75999869484558 55.239285365994796
114.38693710863785 -22.682853622465693
141.21701413386089 7.174394969626075
110.30271977477489 158.38316156289005
95.82543011782006 10.878701910650664
138.64342957059208 200.74158162911024
116.65683406451062 11.673787432129636
133.78846289902367 16.782042519006296
98.15199321054199 23.27414280167447
120.11499728384857 29.656180661807216
67.7828038206761 134.41247489497027
111.65016641826158 25.055372477211055
124.77056362418824 -9.295302927221076
118.7878677463836 0.2537769716930156
160.53957905732074 85.84185856966079
109.57642268721465 -5.24042709499134
110.97861613325944 26.574687122227527
105.33154368876568 17.56735906576534
72.50227819306251 164.49309322883144
113.99798756374979 16.652481979609576
40.00321277590816 46.571590425540265
104.43645536136226 103.94690892133855
135.85876405750648 29.956227718510178
129.85097254538906 -2.6522059078038644
109.24896087647957 39.328424914748965
111.21111672077303 5.606889803964364
89.21830367401014 84.33985421097016
110.50115056560337 108.01888096332704
109.62601954738905 31.980659135020552
56.162799083478916 11.46003198988032
107.25395646669776 7.279352966572056
114.00575074079588 36.82975386441601
107.01540412586363 31.18840287043387
99.63612774726867 16.46254906852217
136.4027475982785 124.18930252695415
121.85176626816265 -6.057520334761948
109.80291297916064 35.14212676466779
81.3418469433133 44.235025459296274
91.96794595733746 58.62824622100284
104.11191150219409 33.24577189890041
74.23050808113088 84.55311756425577
101.18817294235795 5.324165759310567
138.28379302699773 21.124580480755615
84.59669388403309 20.217254129118363
72.72798594563149 7.76615984538528
108.4856384331132 -25.887966544298266
107.19212955841328 28.223549686936522
120.95811801801264 5.89576148482967
132.1293226285472 139.65963987821488
105.636405276773 16.59918212570409
109.02218232085174 65.82289769220674
107.52220127930593 63.18728322287441
112.26304324092408 75.52135836868052
138.13006646574507 34.372536597973735
123.14154456354328 30.815657314303703
145.7211885287454 22.609615640725934
132.21940777330101 -0.18786954160930724
111.37780640477898 2.1573336261056006
137.16364513305504 56.98088130110379
110.37259634031189 115.18867442281365
49.56710656123539 18.914681472665983
109.46282083363138 21.768036188091802
130.6359284420406 57.731322694292366
142.18095048100963 20.496878637202784
108.69140285083016 118.57638276555357
129.1362580773947 26.008111840377143
110.92994971525698 66.5403386523196
132.3365105689606 109.79200996181812
170.8627873865868 38.220789071853936
102.80196246778999 52.585644546598
96.30382473453204 81.1155635149622
104.73823229471441 94.43443127313193
93.52216325211982 62.22527562406748
77.39429055843034 104.76440066048904
113.97983552956256 23.637435380705064
109.80283948659222 19.488396716529824
107.29184776229316 22.882430561275875
133.44179743266292 28.811093450597685
115.35958115105139 35.69485240680408
136.6057313872263 69.23788029852298
105.74177578173743 103.38029229268857
86.6779325106036 192.91230771441818
106.78741358368471 7.462465277695956
107.09058593700055 8.134103123684456
111.6226710098107 17.549477089947295
102.42927673244392 -1.892540214523173
133.24058147770046 32.91749196736675
209.06533502793218 41.48839763184231
117.99861428249525 108.01568308643817
82.63016989364212 66.99461381041995
113.56426664884832 46.64191707242633
123.57920738679508 21.615971794900645
103.98051439371692 19.261456509242866
94.02189879209268 18.616356843461382
97.07806860250514 -22.61982403812812
95.20490704130603 11.123205322923951
96.621383265939 12.759694249315073
143.194613184538 14.05752419678775
117.44087239498235 11.898136364556251
93.9950597849327 -19.89132351066793
99.18099067089591 -15.256027145105511
109.84160626050755 24.266972726876524
124.06080941726259 35.44528087108131
125.8549172933043 22.28781578894043
128.493626829664 20.694589010985638
134.78617012065877 48.017123405473825
102.50612120166146 20.800697521452317
112.6803213173719 16.396324437029538
109.38206222668529 123.74882397279997
110.50229196612226 40.83779024055218
139.2391665569405 -17.28898076709365
129.0712698328479 26.275820817053006
95.01629882119562 20.882047432385995
118.77747400197498 -8.193367213572397
84.375146357216 21.00251448004662
61.97795458423346 21.341343464164407
105.15052768430412 21.870591654585077
113.0223307613155 -11.876266215756623
109.20698409559914 40.33792018460247
110.7895488576312 4.916548257631757
54.12038936433931 -51.392691719700665
134.52631930210305 96.24537514824878
109.11374244043536 1.2062567608529626
144.91133300796085 22.450634119026063
94.4920786812943 36.0635419714877
103.02960917566375 33.99963397731503
