117.07871293589558 16.397761375830758
106.4551542831599 134.55228728081494
125.29087399901579 -19.787409472540634
109.32094757704945 104.17018385680771
107.47187903717239 67.7980965862139
86.22701567690149 138.28859543953862
114.03985597984307 23.667621587163648
111.80304201388732 25.582455120178548
136.52000121307006 32.6618756387347
114.6883302359142 11.455098120651629
114.40926099456115 22.327410880891087
132.90783966886906 23.89436180833611
107.38969681466021 37.253990562957725
90.68879156923134 71.54581629077876
91.31006789203339 58.063813168032915
83.86769820951801 10.953684543713065
96.04410732051595 10.520676633155489
107.2925297473889 107.52813633545067
112.24488428787727 1.7479163813623857
128.4877446197019 88.29329012152593
107.77332672931838 28.238888626244165
102.28234852634735 -0.09210045407737599
106.59576785329193 18.462620125120708
112.47526495479647 148.13373126849905
114.5224459334201 -32.36637282467393
107.37911265316866 72.2684187599167
106.63131364936305 12.825862537085143
110.15402135228496 50.08424944459034
125.94125475714506 -9.27274983266244
109.09949756578715 -9.398474719817745
96.80945327557284 13.371329943629512
113.24839048136855 26.679305124188126
107.76345399283426 20.29537846208908
112.58248226125721 58.77383605855303
132.57514428104136 77.34682694503364
104.59723929276825 5.336570428899172
83.17260299422394 49.91236708122531
109.3610767779893 25.342251605983293
122.72793286862112 10.236836104860755
150.04494301858048 25.191324688668598
77.65704114332699 13.94132715399735
135.61708612950179 55.31316743754398
91.63752716569702 -27.71906531145543
79.717338136728 19.688088220743953
114.05868964869133 20.96014241580169
87.20490729415891 -4.425822561660779
107.37795974410842 49.30751589457864
112.5795157686576 -0.7588083550951493
115.9492978095525 43.004536135910385
80.73127876194296 60.76875375711704
138.4220698868528 29.285429294541004
87.27334056411334 -34.076970997974385
77.50978140525437 18.799375641159145
103.00040063303246 82.80168196828184
120.41698154787389 -60.32482375900016
108.69312091658489 5.290326151816533
127.36227874956197 155.98226075240268
114.39596296168013 7.784926917442215
123.77621712927434 12.89700619278364
93.59078282402595 -50.00262162977713
92.50874013625756 31.02940613802665
119.58384332501988 46.97701210718111
116.13541143329921 0.27859952875541427
131.7571304660288 47.043729891354715
115.69019535991269 24.22415452706787
99.33552846190472 -9.003618085449684
125.11623169277817 27.481793689663462
114.79072446279865 27.110281698713084
102.84045564070061 11.113553385314141
119.15587154588725 26.18153214028163
114.73292272254108 125.00682621637625
114.48719163308795 16.62869266168048
91.63472947211149 17.62656159353535
93.67159122325856 46.79457723991912
109.52798488673928 44.6026546466366
98.2453327102535 50.5787525890233
123.73422881491848 5.151825663317876
105.23908071008243 153.04702398945432
148.19488249333435 65.08938060832651
137.28082155501627 51.76593170995936
111.90742354209154 121.15659839681175
113.83446886055192 30.876899912309945
123.39204144400311 -29.38849399385798
115.68041216717434 33.56656379148702
86.00498950175222 26.439267502638497
103.25514285266031 19.983525550720547
148.9691319789452 117.58017542118331
109.68458312667086 2.458798472930572
113.59943793798791 19.71344489323109
106.48055961809438 -7.906499618230347
107.33917163492589 22.878991328179467
94.91979349504533 194.58170818107962
131.32615079715828 -39.4294088409806
108.75241302350679 -108.33291106216215
103.35072498490744 59.001405665124246
105.87691573664061 123.08386643041973
100.63287800772306 49.460438677834404
135.07999518515834 88.5524253707952
119.82509074005267 5.227123629312958
94.22493029019242 77.20590468926581
121.67380420872655 3.545419789940354
117.01530253491582 -39.9902149793058
93.63836764193026 20.267344415451017
87.75385946307013 -5.322743956235238
100.98407387086219 -8.150495122627746
127.19430727458678 34.11697090132374
169.21252713935402 23.928152818589965
163.6443644364571 -68.35762963713496
74.58183934918142 -32.015567740687985
125.78079355061324 18.772575217931614
110.40717162344545 29.500509414555
133.0496865903834 26.112951929279273
115.83031857234629 11.724272428220985
104.10776923193622 25.3242301176677
92.27652894578088 115.20078792125902
174.74330055957233 113.68848508603732
118.08714247188547 18.85530241697155
76.36010449687741 82.23082542693919
106.90851812169143 32.89822004938067
95.59377763276596 23.33256801477091
126.16880174279159 176.4211914182088
105.63743822411494 25.98904784781661
127.09278275650624 15.438952414358695
153.93827509834512 103.24613440945878
122.98994661965996 31.90759061037022
118.3562944505877 18.651867553103834
116.60566853162314 19.328060150197096
104.2175530040573 62.237106115126615
115.56116980091839 28.420097545208932
121.73951862314034 14.322973166362221
116.59845200054698 68.51127894336462
121.07246944875948 29.21326758938394
109.2213637727631 15.58016429654323
126.15556577910957 32.806203214934634
163.36944194041695 103.70160918522647
142.62566849797741 14.289826948259575
117.71599678604959 14.632672093264732
101.11175899115129 50.266563894200395
111.0522800982993 17.99471081065442
103.20814704160843 -65.56433583010383
126.3236005263259 72.39210068109752
110.83473355068082 130.73581979253268
118.42134532392765 18.67872343548198
109.60135304863813 2.2914436553218045
108.67788142977793 10.44261406839385
82.71047542330038 77.10148638062903
76.35553127549018 -1.3821008014649379
121.24017414420273 27.61382695095194
95.13557023764818 43.75168721029616
112.98726486897579 -2.9226949427640276
57.828807074427026 42.34816833960081
115.53809019856705 83.63502331407607
142.10630768025428 44.93945826178757
128.09743710978148 92.6930086256309
93.76404984021289 22.286801504447453
102.26609314334216 -52.65292446545527
126.0400922234977 78.71593534621833
99.3242521914088 11.73196245273079
59.98980181160883 23.774496384107717
125.22258724954935 12.677070987837311
87.30990533293134 120.68155129566301
87.02064387920944 -51.87659523257435
133.08416177012782 13.695541601940516
85.82130969224168 112.39296225879731
126.16799320690274 39.492689558390126
111.3700478768519 -19.744748111142393
119.02159996604635 9.243799829307548
117.06715982209779 -5.716855597932123
86.35336570958677 36.436522147785254
143.80966087239435 22.485554677077275
106.66318474187784 156.20952952696987
118.98814024607714 125.19648652061224
103.34957210187889 12.081384661178191
115.8274786082788 40.1491181896858
109.72264652513171 35.53520119466075
86.60821136770024 104.52884959158705
123.82297688146645 21.6583140853917
112.09153334542911 11.26828019192934
84.76129984225351 -6.670139704214946
130.770935848515 19.02758955011572
102.19097360073104 -11.143333502821076
108.81165761217179 21.130315881402332
98.28206171041006 10.20068953679692
114.99044992919492 -128.90207068164014
100.74029282745164 6.551289491614406
101.44424468218212 25.453389102837775
126.2486540857318 34.64147718757852
146.51636866303986 -5.041509729230477
97.18855023050726 12.30262479557492
120.59782346287312 127.57071193105133
114.70266220840521 28.274021419469072
150.1697062471233 42.50589151327191
108.51958477235529 18.716936467414047
110.19258107197096 31.990441133596743
85.22467232463485 53.07072425013663
114.14940113642622 -15.443404398649648
144.52988439379112 1.2923841898296378
103.76845728290102 140.64905302742054
91.66988737172605 5.67364134222936
140.64489687919834 194.74306262788676
121.97815200319518 8.722946060626743
127.33265703915774 12.201815038897578
95.62778168887019 17.15263284358758
121.18758926259366 29.53058004741335
67.76710195478519 139.741083548995
111.39399314450588 22.914122714174642
116.67977058864395 -18.868688363193098
119.78365169581924 -8.007122433625991
161.40789546067398 97.22866789387811
110.89539934032591 -15.527856687581671
109.02351156293852 25.56182192761289
101.04419035259711 19.747509275727932
84.39687929048996 176.4295047558874
109.1768597814578 12.183617068301073
43.41041120490112 49.406366481964284
99.56231603065581 105.57845385247467
136.76845807763158 28.69473371682438
119.55823349588647 -29.499083426689353
109.24096987478677 40.108404787181755
110.60098787171835 0.043424568013908704
82.77622291340917 75.7673648307657
105.77608588286122 101.94431941722318
109.65426782312399 32.475345250569276
44.65138051227569 2.543195441200503
102.83523721106886 -0.5244039801272002
115.4234800610848 39.0693272830656
107.14351788670422 30.08683192758848
95.05837721044331 17.42390606162442
144.00651751631565 126.76842170412576
125.70175447671477 -30.86813848183794
105.92117899561224 29.438108400796736
99.19906587198011 55.63857644559121
90.90186800895155 47.273246193242336
97.56203030045243 51.66898249225652
77.37720960686995 73.70699837619941
98.81518771403 -0.1027143790983589
138.26868595110267 21.419848498276522
79.81274205719967 18.301890124028656
73.27438038423087 -15.97389122354818
106.321060583702 -31.130376538582457
106.9658855526886 8.182235381256977
121.23712381370859 6.0312204544273245
125.86642172159002 139.74317561643193
108.580774680217 12.562334218203208
119.05211271051591 68.4945152035593
102.85102829391421 78.09392158471655
112.11148983545571 78.42808500555013
135.30934277194916 35.198546496468
127.26940132748192 24.753126279369976
149.23088164245044 21.07005173522489
135.36990791250946 -5.411971586090478
110.74992967976199 -21.310684372684744
140.28123135294692 68.38169138058751
98.84741004808815 103.23481072079964
63.82684284620788 18.730427214999068
108.30153231101335 19.94447868265222
138.15883433120112 58.79496642905035
135.7552975892153 20.328910272508537
107.25274207088171 117.64275003790713
130.94860848098617 26.29346564548762
110.39552542085494 62.73506173811062
133.02219905314553 73.01576699639065
163.963573792863 39.36070334302744
105.67001232830363 47.89670586199882
95.03122663888317 91.87814944303844
100.925745275972 93.24112997920996
88.66159217259508 29.958961882216514
72.94897138239217 95.74743421142037
115.67559961877369 23.942540484295943
109.89716146083374 14.038334114661419
103.01389536881116 25.229669059167374
129.26675851389894 30.084586962892473
116.30667632603159 25.30657339019633
143.03659270353455 39.50748502020764
98.08868889412163 104.82341802442504
63.32380457060233 184.66155878407523
108.11876875281551 6.883593242765019
113.13822458752334 3.785795881366929
110.72474669176492 13.898393487552656
102.26249843239012 -7.662691981976488
125.76394882510031 31.468171307577897
211.41678202088815 36.70302598249785
103.05361969886242 91.54837873007023
83.20206207401529 60.73533709954494
114.88882149615068 38.28518357298228
123.30790023366593 28.048460265607194
103.05244284226475 18.96594276567755
98.88659821230635 18.882013312332003
95.25154507472237 -31.966624787806218
91.67604135719256 9.159012425614451
108.24990562370334 13.580981290298912
143.74586031845786 11.532616990700614
117.7535426961096 -0.5180651097939837
90.1678515506791 -41.340862395653694
99.6026671913453 -17.059861304243082
109.8402471112219 27.62758871212202
125.97613183844996 35.887945844135466
119.60147396725138 13.573538254014553
122.62479298934204 5.374512808554312
128.38945261947424 28.642900649033002
103.6854621256045 20.564932506972987
106.57498121696217 17.64556025377144
108.00497065542456 132.3988310609804
115.71606951851474 27.381295064724274
140.9634383179801 -24.018706526138182
125.97722774123 24.752203418587335
94.44021294563919 19.2588273316855
117.69259880093547 -5.857045912751911
80.98322246040438 18.870540735024996
62.207971281763896 21.166032263438282
107.72940276655967 18.08915016814993
112.39355802019317 -14.749900215160425
109.22884834195565 42.12129013705365
113.45240446834784 0.4264391802099726
62.006121156075594 -86.38065563977892
142.57983677620692 89.12980203537147
109.02671622447096 -0.660378755614133
149.04642996313078 26.521836672817447
98.57538970363038 34.75557933842298
101.10522130052387 41.30938420541865
