117.2978211316072 15.62480352647694
115.49204156384017 109.86022614329441
122.2704012621805 -56.31651179639084
106.47720500381745 144.64784943443954
99.95503965542768 22.23168735017954
84.77025770763575 79.06330890818197
116.20103510096537 2.566678440084319
115.46745641233474 30.90875439360927
122.74978778671934 27.441754821154497
107.03709866495268 9.872639896693734
113.96305070373182 18.0740813849158
128.79387076280779 24.87248945225796
107.49356457938941 46.09643503137484
75.43493700279012 36.95927209081353
79.14113702971997 70.88531277403989
74.16072526851471 16.951521541573978
94.66923985878138 -1.2218622117818358
105.3989718564591 80.99844544784877
109.46423536883057 -4.413449318931611
126.61700675783763 93.47813058343985
97.9872855035493 31.600874567247185
93.66811470515098 -18.14214160768456
99.69967321216345 2.7934795191333985
114.12653472120434 136.03644399011674
118.7571348267079 -74.76925600473851
107.1289824408861 72.74062123648002
106.43136118525746 11.941927101918026
110.07785542825937 39.24952666871359
122.69187649083517 -6.93644255512219
108.13338628467868 -11.064405940632227
96.03972380171045 17.492486379414057
112.87721499876686 24.82637404044599
118.54422256651546 -3.080859117296468
122.12059408613567 48.56551275951126
119.40342528822406 34.93156336622115
104.04569744928315 19.280713496011984
78.0734673136114 54.493537629278045
119.43374281109075 22.264954710357223
129.97779001622732 -11.079879323672266
142.76231060607782 23.61247568825932
80.30911998939372 -7.284875924686174
143.70913720869365 43.109740175448415
101.71183623502951 -7.884512746090426
77.88577232466959 19.996093901154115
121.45936132333385 16.7993815104706
88.88703271893999 5.1076418015104865
109.805979756803 42.99096858830762
113.98857586494186 2.917391955643403
118.60861347659954 38.48177324568157
87.21225764495868 32.95304425875025
127.53020255020455 28.59887933368723
80.37538368077028 -14.899936161638136
51.96243145941785 15.249243535489573
96.8041562219686 95.50041065963119
120.03810779266584 -54.11816436024454
107.72950494622243 3.2784141467015653
128.30821298725286 179.9290226447249
122.92281015777512 5.440016639122674
119.14781103963315 11.403435171510559
98.06918374683897 -35.477777718895425
85.75632701893394 27.734663844825192
133.0890687971035 51.702646948332095
117.55795565754632 -0.4802017066915045
140.5672145150371 37.55132871557306
119.81349269336548 21.17092217225659
85.40953282347704 -17.484145262770646
150.22168376374134 12.9126762494536
112.52149313524438 25.483411968328234
102.86083591800917 6.689422746321668
113.0494187488493 13.940427970474396
110.51559051915082 119.11273764170741
123.86083418740073 13.869017385991429
86.05006489425539 13.00267581217183
97.77114237883829 38.32647187385955
109.74326028557994 28.774437155759408
87.32834665870996 49.60368402567771
133.70560683087876 -0.7641072691602029
109.10991516348402 101.64336199459943
144.53932280510963 60.17362607856303
143.62345443550782 53.49254444525794
110.75242134465401 101.98659824544063
114.66524595990556 21.017712579509976
122.44469941291084 -21.53613773874022
106.68853473235436 2.24775901572077
73.0352457115904 12.195336361133036
101.39212120637875 14.208747387968115
152.74159813376158 102.76915495883144
107.76480056381887 0.8550814489194815
117.16492734694795 19.854668514940936
108.42559817464355 -16.09365259091817
97.80830904053703 18.130813339613027
93.24940402957287 163.40923547726837
124.38503856562471 -22.504088970055097
102.67274164446995 -97.11554838859519
107.87404273276294 65.88118761363324
112.25553548986679 126.19933664683172
98.79106313604007 2.497884744656421
135.54240755871103 78.91066289872344
117.93887850571089 4.321790602600976
98.16861686909333 76.35879281326498
126.97693164322779 -0.977044346975323
137.16263135900277 -29.546226829831397
116.80621697500361 20.33080047102024
87.03385695926814 0.28646856344657445
101.75795389624332 -4.239190281454977
129.58778217254223 31.44759336587653
156.07447822805364 23.76009648844314
169.31393828110564 -56.75817822767273
88.11847149049943 -28.40407381922507
123.72216174547043 18.916926116174274
109.70912321356849 22.09994787513798
135.59167209139065 26.65168633426268
122.84443172757368 6.622461629781655
98.88980181278585 25.249915234195754
102.93731826735389 101.80496681062712
173.01592511774155 79.92675743143899
118.52952070446648 18.67539556653824
80.55622241791224 87.93049284690646
104.14036004851442 27.350826347110548
83.53250395229682 13.829875728164298
128.70635079544374 153.29912687945875
107.29880811670478 -6.662345270952067
128.72525190926933 13.314190980732764
149.9938361236902 95.491545308192
114.03452232965743 35.53755485888636
110.24426727228068 24.74833004220455
108.40666935756104 20.148883480455275
124.50830397894899 42.83902203904349
105.95080328107404 26.01384757490299
118.09782653538834 15.289871479641432
120.47758885017399 69.25442657209409
120.98594416825134 28.726497187624286
103.96574326741305 9.30742506328562
121.31359806238272 19.053477630891045
163.09199550452163 92.29403737169609
142.71540584035517 15.201207739443705
111.02443023728961 10.027579808699478
97.69846268008331 67.42289610218383
114.67438018716389 16.3979775600477
102.20540845216303 -52.73828557237665
127.71867948533382 48.377342468488116
106.93182166976479 90.13169612696396
121.35577383096036 18.396403553664655
109.34865340137611 -3.436675627322872
104.2646612241495 -24.720966227029656
71.11425172586563 47.76883115669467
71.09444379514366 6.181491141590453
118.27662103008403 24.452779470245012
86.42881085228017 30.33073797399756
111.72903942057394 -18.872676491421092
71.9217543455554 49.16516834264255
124.54583075850634 82.90369288877402
154.9498275282246 17.902799669553875
137.7737989886941 73.46223815998606
103.40776261462001 20.941816111327064
102.72302303712176 -53.644431432277685
131.2920189827461 76.51679806801023
98.37458708058539 11.533710193849249
47.925565347313764 16.670297668190717
126.72603957537623 11.911238339185974
58.99640049132266 85.95376713892283
104.4731763309053 -54.45613996221823
125.06255388869408 18.802752487776168
72.48715944080416 78.30467013407123
118.2210501636304 14.408780774687973
108.44945716060182 2.6795272632295584
124.554145734966 1.0089221891775229
116.37834562763246 -1.9676826099683866
77.60002028401617 11.244341171606495
147.62494019638706 31.57157264402107
94.41854019387883 162.24599276539988
124.86038501513757 120.65103352599729
101.29016685339701 -19.264934212569166
116.40828064510332 43.1111167081147
109.75857968029433 25.42463989236055
82.90713826121156 88.57366301961574
115.26252075709837 20.348636411933207
108.346647103422 7.355085046540905
69.68427753468175 -7.15294410697021
138.33751430656966 19.31150762342559
104.5368191700803 -12.06359897293506
105.1988432385277 18.338305148328757
94.68052550503755 3.8634911643957053
115.12713870990096 -151.86287189272673
95.97043888349258 2.1088659362260733
101.59226426300356 20.004496939970757
120.00774254663557 29.23612997144618
152.15754576426318 4.663937266492019
94.61766064647925 5.033863128526917
126.81385102011782 110.33505762685046
125.77841227523666 30.49562359530249
159.10697653382547 36.91280948390194
107.67722768703085 14.06898723115809
109.81014670259822 36.28092097137436
72.66816985393865 52.42972676308356
113.27406490123283 -1.108237708227382
143.62213704738502 -4.543858174215748
96.41384269339886 107.92319395375948
88.53946798584813 1.1862896802145844
140.519675237741 175.67478504434254
127.78635906353279 5.81553337347475
116.21896773584884 7.672734446095062
93.70253889258206 9.256703174004667
120.88475423424099 27.54879196608641
72.56654956763808 134.5605635039364
110.81147878048218 19.537069788194984
105.20647712246954 -20.34834760307679
119.66541526106103 -15.677589022166089
154.84914278070968 114.65189309011987
112.43996254087375 -24.107220372218713
106.51296059638317 23.346407891628708
97.04923961601965 22.504597906689693
103.8610155934783 178.951310198901
102.87567014692122 7.181069518508399
50.96525048338811 48.21433194636664
94.92502555786197 102.05448309257879
134.0938643411935 25.832501822154818
104.13369423320785 -49.370161057119944
109.33131113806073 37.82055422908489
109.64612714760602 -5.187831166150787
78.33643275113045 62.524708614321575
100.61457715073975 87.53968816002765
109.70848855877003 31.30637118192309
36.7031596746411 2.997692856271969
97.95824121903598 -7.737484126123863
116.38446125964033 39.43766021204942
107.52522799588712 27.220960969555097
90.30633852868556 18.883954744194423
149.727311927655 120.32795555539023
128.32808061770265 -48.603590915406656
101.42674736173281 20.291681655325586
123.92782480908176 66.43480268962952
92.7936711827554 36.27348806061145
89.9902851147476 78.81625985712911
86.72108345107337 57.90849008928264
97.1582810349973 -4.504449363674234
134.9122771360156 21.646642316534763
77.25338387441931 15.923738694409966
78.70660394349707 -35.75891747713726
103.92001635207988 -32.20825743705701
107.01314216173954 -17.04056139966898
120.26160040207712 8.170399067003455
115.59937630549165 130.37277179092504
112.64644043060062 8.003648899337211
130.63790408896133 71.19670777921021
97.46865801239362 89.64160918550888
111.54073571921448 75.91440719746707
129.14485133078568 33.739935852630005
129.95383066482856 16.031850983801096
148.73384314109975 18.70752142676768
136.7127685467507 -9.953116431712091
109.81306358095692 -46.077461767767424
140.10675403984322 84.08968814688608
85.09019664485515 81.16600680244838
81.83822995385195 18.527072918556122
106.97926659140765 17.520919623723362
143.4144500732809 62.75636587734343
124.56617172784286 19.962010391393466
105.71119239928358 112.69340384763639
130.25395517125796 25.930503951696
109.58071163073154 53.347502589207046
131.13118517265303 23.124418330977853
149.031501894786 38.16374784354504
110.07972388784043 46.538330421137864
94.82932625546883 96.7142773494369
97.09071384562857 86.88825893012124
84.88990549458332 -5.841753067013276
66.74717381474701 81.96078486037352
116.94598557166759 23.920415793412317
110.00927653857481 7.375526448538494
98.12345587121281 27.28739810815118
120.72184474059628 30.045861852952537
116.25535978094904 10.72089863050427
147.3836542764989 3.641577502706891
89.67212411175403 103.07671363289471
41.17903917111853 163.6109098659262
110.00094778983028 7.7792941946018335
120.65866222317965 -0.43485043913177945
109.42482971828393 9.876014994365462
102.92389327165077 -11.2446432907063
113.83633953052353 27.54593823855122
200.63429202195886 28.132811737601177
84.39154376876103 67.82918592154911
87.3163510673167 52.71353235106051
115.84750125200394 31.139023044220647
121.29351103902373 35.31065194098212
103.03324560620403 18.65849376048296
106.80517449998626 19.311269765014455
95.43699166261324 -29.145020653053223
89.93834796517966 8.268985089206993
123.90581355250697 15.684113185596026
140.56160983011208 9.34001152574594
116.90394511752616 -7.0087214646726155
86.94020894124351 -51.21671124314371
101.75837819965973 -14.790751382769699
109.8397028195891 30.779318915166147
126.50576940616591 33.49393391868174
110.43877344660005 11.727666348192148
113.05781965454369 -13.285047545035859
116.8798237234249 11.599322240616832
106.07505023743522 20.096811626193006
99.17167057892387 19.514739754932926
106.32501163135909 136.22187021994355
121.29359243411626 8.558753311414296
138.49036557087535 -27.214884552618503
119.77175750035578 22.03179711759338
95.97218513223484 17.167575043854452
114.83479126808507 1.868084584572125
81.47458034996271 16.046110130795686
69.19634366058567 20.800495975006
111.43572393630528 13.188507679905507
111.18312255617545 -14.886159124367925
109.31058958848345 41.63178496195659
116.44623706164597 4.406369555423074
73.82646531426099 -112.53364783990449
149.51286276022034 76.59970186770923
109.02003292147718 -0.07302411932108815
147.15281967220457 31.06074639846483
105.45473587424497 31.049542702053905
99.78588488857251 47.67597206779527
