116.59413638881492 15.575006082665919
121.71641308145396 87.2670519918992
118.59502863576093 -69.4298198084324
104.62482701637002 170.17182812884818
95.30768765719101 -12.85728193155543
85.9900718581508 34.75721547984488
117.34399611155219 -11.88670962201093
117.47266283081383 33.37984124041937
110.77694627550237 22.93828363561951
101.57269706803133 9.816888891111782
113.18181625982875 15.062066475934323
123.10020610339825 24.977190248178477
107.822103296599 49.05846351212968
67.68538221919816 14.41712845659268
74.16231850024559 75.42586285913791
69.63940353514025 21.674959916117352
95.05134796021562 -8.349964885554824
104.43957808058599 61.631588238964866
107.46697854828948 0.028232869357959878
123.53659407547583 94.91058892497571
91.7783641444213 32.84145001492809
88.7717542854639 -27.94961714278146
95.54003917980778 -7.385756161299016
114.8316543466311 111.21973946083358
120.9283477329463 -94.61811258951244
107.18753031742176 67.80138615512068
106.75520764687481 12.040063989792447
110.00312422719982 29.493325060534755
118.85621660188986 -2.991642539255709
107.56040612097215 -9.220967266879288
97.2786661740541 27.011585362864125
112.25124546086363 22.839313630241758
126.00654843170304 -12.721832882648462
128.2479249935712 38.96415220880586
108.62419153470731 5.562334419700319
104.20537095701518 29.74343489504835
76.77524644547363 58.887899483013946
126.08743537357859 19.61076615604604
133.66791524585344 -20.017075308020196
133.67244889633506 21.889773388230598
86.32910196459596 -13.486522120004093
147.1145957736598 36.612111196926016
110.68045562705586 10.503269235361053
79.91656227675054 20.155350059104325
125.82357867879853 14.02365522171278
92.74196921025013 18.504083193761943
111.6887087127769 36.34966901987993
114.68903315155285 7.489005315560815
119.81896685230123 32.88907683019387
94.21337115474782 16.246381986313878
117.11310808765249 27.093390901005122
78.75050441521383 3.7195748579392154
36.81147749914795 17.060570392105326
93.65095106467774 102.14709143037489
118.77362712399601 -42.57359104991508
107.19089202795442 3.6782482600918542
127.01409521230407 186.72694032084962
128.0672197906372 5.041850957866636
114.35321552412395 11.036591420524454
102.81060543910831 -14.311214294872842
82.8895857815063 31.003068065244165
141.2009875193408 56.58120704497942
117.71612625945224 1.1527532137505512
143.34111902471838 31.0628858950674
121.76788051646602 18.629213926149788
77.69360711656286 -20.084044168720496
164.8285364801382 2.451677709245399
110.56446108451436 23.630718715990096
103.92710347660616 5.0893601118544955
108.10406607797468 4.942812883245108
107.2582917844498 108.10809809821036
129.59659350398664 12.244664569132713
84.4967250472181 10.261116013534746
102.15034671493521 29.659682723857856
109.91570616338124 16.348765870709283
81.14742952399736 51.2915572742227
139.20123010758186 -2.921863252387445
112.12677557448956 60.73789891337069
138.20474333384126 57.84142092321647
145.10984511904374 51.29086013794542
109.79340379876261 82.69962943605509
114.82385800379232 13.287616807211762
120.60906801932465 -3.954932683411341
100.06898908150022 -17.05355752230902
66.05557043733076 2.1976930045226126
101.23403294854006 10.476306000707488
151.67580986468838 90.25725007242161
106.54879537975424 1.4972373553065568
119.0562541568085 19.921755280399413
110.01094196967033 -17.53733328598211
91.87707864634264 14.631467638850294
93.73916702008755 129.64962616027552
117.62345489065187 -5.073645501090798
98.91410653319275 -71.28060541449571
111.56401088429946 71.26822005738606
116.93742158645071 124.10699571350578
98.29526298224535 -25.93759493281675
133.26505851231525 71.43569222096814
115.53071785921591 4.673179437804058
102.38125870174402 75.90757345740293
129.86780595240444 -2.1277834465753003
145.82214135411232 -17.045459806606996
133.71948888769114 20.261387025818294
88.74511127859199 6.463674235888297
103.34811229743731 1.9663858142017134
129.5744018508796 28.180554226319142
140.89180554326336 23.104959912502647
167.55303649656344 -38.68396179892187
100.43681695592002 -21.691704191248526
120.73193656498806 19.07701933504994
109.15767498958552 16.255965218232838
134.8260780346762 26.249840205595316
127.11817366993147 3.643143557083646
95.98295422890652 24.486139261885977
111.61754308103924 86.9721972610135
166.22499476425943 56.07488167707104
118.06381785404132 18.632367394306293
86.84974561186591 89.95155791281755
102.79606608326527 22.244131711768226
72.89829375752355 7.09874811255008
129.01181021477223 124.2554798912947
108.79396718519367 -29.01495643678534
128.02958503384886 12.364942163171905
142.74760715269488 87.03034978298221
106.65935188424316 37.378810196524135
104.07503198905671 34.60199045471966
102.26101340674826 20.671465346174024
138.18075227198196 31.893211271093126
99.00299111379562 23.499045690726668
114.43158775618157 16.384784978055432
122.44020334170105 69.24892015585252
119.66352620802701 27.359611623523584
100.65340311288877 5.446004771225683
116.06783846440345 13.19486473915395
156.12211210002903 85.49018901033176
139.61858241106884 16.36072676809122
105.83202770662618 12.9674722721016
96.30610817836951 75.86383318256833
116.7971788314501 15.61351258679979
102.08485288003916 -34.90034099464444
126.46549170474265 31.802267869111922
104.27150478293642 55.10534561479603
122.80577281425754 18.294220172247776
109.19707074091566 -4.701105527174223
101.62396166053648 -46.17806351295762
62.06980108649808 27.907899962691253
70.78576413669832 19.00627376647519
115.36419270494208 21.5062159474149
82.17938236087889 23.766677141626573
110.64898111592312 -23.728273206187296
81.7081949471323 56.34156135984481
130.00776298800986 82.52707531568548
160.54677440226013 0.8178631990139698
143.40100013761676 58.79169494178344
111.44895134825234 19.69863893794023
103.82631856133015 -45.899814107625794
133.39714049185386 74.98577358235511
98.79347713867352 12.135763206738874
45.19760742554583 11.62199875809529
125.81577108006654 12.08556229850684
40.97902474327244 57.49937399833203
118.46801270603304 -42.45702567023423
118.02500912207303 28.055442540060053
66.07604528067819 50.28625865528515
111.03479011475068 1.9354614294737154
106.35220604176176 28.249487050899898
127.61560520727298 -2.820565739930847
115.36081443958415 3.274111071229735
74.09251932911155 -6.872697444850669
146.43684856446114 36.834689639391
86.31151818527516 154.12129353528536
127.036917390536 110.25413723682854
100.69659705784916 -34.53026819700755
116.21861548411702 43.52821697086274
109.79098965704013 17.1274807085608
82.46916400854703 74.08476630798505
107.99641987207221 19.206963585403454
105.59576130726332 5.794840933285673
63.86836130205083 -5.434319777954752
140.8324631031735 19.51991529867134
106.95282596218539 -10.248179709119531
102.91569692303474 16.357708045476095
93.78747238278201 0.4647274893552156
114.72624496639588 -152.36377121721088
93.98666611946473 0.6145908223051948
102.45694377652853 15.815327777993835
114.24888154902011 24.32308465315436
151.92284112054347 16.58576678421139
94.37618462693773 1.2586637068026227
129.6537489303613 92.08047377881468
132.4471339020619 30.925535845215514
160.91369180237163 30.901200951738645
107.23336308261493 11.07973599014533
109.49360106801684 38.032337224962355
67.28864128371201 55.06241718258502
112.24795743062327 12.270606540077104
139.61256547288968 -6.372825581522235
92.1944256260318 79.10587109509616
88.9436544602365 -0.7305121166075043
137.35626563519745 155.5577640129543
130.69879802003254 5.042048163136302
107.11093780218087 5.424671674494776
93.89352086500189 4.1085604867880114
119.37628927038625 24.852240941529192
79.72282046357569 121.95130549703308
110.25751654531784 16.991598031458704
96.97619177272543 -14.07774643820456
118.42673918086255 -18.115246856759637
146.54127366022493 127.11363818483999
113.3009185170364 -26.369277031243097
104.94940949570146 21.362083194514415
95.70619646217368 24.18353362307301
118.75179693509598 170.98759560024814
98.69860784728202 4.758023471658339
57.720571047065604 43.921635687757195
92.92603561940564 97.15026310264258
129.15571117645473 23.153201614897363
93.196039834266 -49.64230821744524
109.46612088033709 34.26804314633416
108.9252474372842 -7.220199563617634
78.53481881673802 53.145529968656064
97.9037872343742 74.97136835078717
109.76964555373985 28.997647959994147
36.626765070378276 10.872018972451167
95.5073475972839 -9.796167937265226
116.38458768421732 37.65003074696179
108.05298206143334 24.317434927978994
88.1724462594842 20.0436962940535
150.06055732390215 110.88876601734945
127.91772565448598 -51.48972094414622
98.85001054696818 13.238419678747178
140.70612015975888 71.26067276251533
95.875364711329 31.04944848653491
86.29908502475848 99.07479224964032
95.70734540436703 47.21629509139016
97.14436527401288 -5.608303818749962
129.67262382537285 21.61911177652177
78.49940360414811 14.47159566600862
86.3652872527315 -39.172949812170714
102.65742720574524 -28.544668495642835
107.2671343239016 -33.8675084565069
118.55895703483138 10.731823182332018
107.17272353830666 119.32936605197405
115.33386558087508 6.082892441764411
136.98615749442925 70.55864673970642
94.386886455714 91.59288945631296
110.82091256194347 70.39741996613876
122.66175505317085 30.950822329848503
129.21995261967496 9.701754388974674
143.3488021652795 16.927458877790055
134.4048478611602 -9.27951258664339
109.09510608185218 -57.734804525635745
136.69199544437774 93.59590607786268
76.39998510720251 64.30149614398566
93.79650776244199 18.43051264790107
106.18073577066019 15.912169653483966
144.0283711343532 65.15627989579899
114.52560447412496 19.59781161998995
105.02352161115067 102.95108951913646
127.47461197821603 24.876262529062515
108.97634216589246 41.68895509698413
127.44388855328953 -9.575031068329851
133.68874051339787 35.35783212317227
113.382835053084 48.16393393603567
96.26774975188933 93.20413782715016
95.67462324680506 79.86506305631342
85.28605454224247 -23.588252983472835
63.59681012739889 72.06270196973882
117.15249018855917 23.526351777705592
110.06917570940476 3.790756387813161
95.42515272245925 28.1574729673289
113.21499083531883 28.62317734753683
115.4001508604306 0.524807559263067
146.26455346098362 -17.97221334041009
85.65076064669569 97.57414698630565
32.836685393907395 143.0253095671677
111.38650222013509 9.656682033474944
125.55950582256756 -1.8795310965205496
108.48026673437404 7.992643064378191
104.18839459620139 -11.179488969652072
104.45010762086768 23.65483438110346
181.91461976017752 20.638050328994513
72.01038833575154 49.34655215494342
92.6584153479005 49.474681399886165
115.65274928249137 31.296751540581052
118.43781671263001 39.2185450168983
103.71403823899847 18.5041662153753
113.163622286873 19.643522171193542
96.96119889593562 -14.7568933576463
91.63397190272516 8.54488760913937
134.59186745552978 17.736480580802603
135.31614769406642 8.62348533776021
115.4701978908055 -3.04261054874311
86.83290935111694 -46.15819402139612
104.40885952530567 -9.556699995188628
109.83997549291065 32.04736255160558
124.92060412457886 29.849548043580192
103.47316304733876 17.46107387077672
105.55728689931476 -24.1799087094312
107.33650236504523 5.962782792676924
108.39749481559603 19.685756505896364
94.68157233460411 20.91966307932677
105.42277982931626 131.55095112682264
123.98861917244727 -4.769674135446544
134.29095992626796 -23.31913668650071
114.4151241064581 19.648145607903544
98.79058888754047 15.844401485685392
112.21188574191822 10.023379249946704
84.65465412734886 14.080349576410164
78.12301327263916 20.437184432571637
114.05473192778192 10.017676337285907
110.11335827651732 -12.148730035007903
109.4070575532057 39.29641812017413
117.89964534489162 14.468066513817035
82.18248080790019 -112.32653999604422
150.91005082322894 65.22554020135664
109.09148397780635 2.7202549178129054
141.06940492991734 33.36030044992799
111.09087760054314 27.30403600061405
99.94059886015913 49.66604841968173
