115.89068300053871 15.705936665950487
125.51179227911793 71.25113656345766
115.8284884133738 -70.14531854757868
103.61798833193934 182.10924810469058
92.89503642077958 -34.927550541538935
88.3025306756476 7.680561523635026
117.7118038867348 -19.535104480801984
118.32240767577775 34.293907049207355
102.65303433529779 19.71990244267109
98.31881881000922 10.35174318620174
112.5935934118797 13.177401203068085
118.48196005733946 24.676038594519145
108.16903156023027 49.47326461680855
63.91036415070893 1.7295372006599878
72.77782633656257 76.1324491290121
68.36910116437117 24.705007395214267
96.21633578009981 -11.68592651639825
104.09982122407293 49.493630003763684
106.21528465488278 6.930775014960156
120.8287082486037 94.61467103237362
88.44105801386884 32.97120502851385
86.47644598009977 -32.35038684249963
93.58719961664538 -12.38419003433139
115.03194322211718 89.50046046497715
121.88465549593649 -103.03447305587639
107.33454815299969 62.64914663803662
107.14495636251014 12.522560431916057
109.94888678964648 22.38490260684552
115.7958012899909 0.6739608870235956
107.29287072397057 -6.424946332078796
98.8337767930632 34.35352054770206
111.72668086281769 21.31657900345423
130.4701167921737 -14.064717620759408
131.89581595786677 31.81867248216546
101.4240316599114 -11.072208130800458
104.64565119373096 36.340472768949795
76.74031876209862 62.04499106708543
129.77828003003282 17.793417309216935
134.78187310656048 -23.421018816731863
126.39379160723604 20.586868885544302
91.54285798693734 -11.72233772830838
147.6029190494015 34.52719426924655
116.74127622509613 23.324936995557714
82.51276578275274 20.22516849578936
128.1550124086112 12.615825025888268
96.21643599564378 30.809395042837377
112.90323630649435 31.05758567731668
114.85970100177404 11.178444381596366
120.08479330968166 28.518186990412254
99.94325954863858 7.769968656242852
109.87868732316674 25.894108171973446
79.12579109038332 17.025157919580728
29.577338762054275 20.40678351718253
92.68392223415015 105.45715820446435
117.47002345718893 -31.306923789406774
106.97128710637101 4.52268439833216
125.02762158854014 187.64085414080256
130.86600210549844 5.653205719558283
110.96127864202882 11.12856857205536
106.30490826925522 3.916081490412795
82.67592817314463 34.59596150225966
145.35811585951367 60.77091016792211
117.41495806321858 3.3860755932225164
143.3868906608395 27.504912342523607
122.2997806897965 16.9567604793083
74.97077534393459 -19.816682200613894
171.38963961453993 -3.7664820845684037
109.19873203676232 22.139032997955177
105.0618586008757 4.865622622745206
104.86307239736813 -0.34207062030144675
105.2122608704643 99.26868503484762
132.40947253017973 11.572045038883743
84.8015985895378 8.954662711374143
105.51506890125985 23.44176259100331
110.02794819903309 8.213039586808641
78.62073231358217 53.62704801189323
141.59698079271826 -3.4018646113922952
114.04474382575188 34.29930019040747
132.18390542307094 56.38038146212478
144.50638471748206 47.486001571723854
109.1589619612993 69.13754897863544
114.68685232545933 8.4068433691693
118.71878284652453 11.51818720408007
95.96009857485053 -27.224785225033514
63.04439141388874 -3.9920801248864555
101.62312986223402 8.487362225612323
149.26301728805316 80.03001328506241
105.87727399446393 2.733645284465978
119.7196406286304 19.93712917086462
111.05440907927725 -16.74939396942761
88.87397334741523 12.456687597473255
94.84857535070347 103.97906896486408
112.69284787862124 7.88120913614065
96.91257973210922 -47.84208300518578
113.9458067526744 75.13849183986694
119.84244073642861 121.78658893601005
98.32367687825459 -39.70757184959331
130.53100462989738 66.97803094973155
113.63787737104401 5.779522793290006
105.48963790672856 74.78902941720052
130.59578480564554 -1.9837347749168701
145.1548881187988 -6.948967641842114
144.1148632339682 20.14693662390344
91.00929706513912 11.220552690586842
104.894609012038 6.782412599805281
128.63864129053022 25.426115674544263
129.43616565947315 22.53963615956359
164.235311064193 -24.30484018628703
109.19968041322268 -15.572385201330016
117.9987369084795 19.20377831562243
108.80052112853315 12.517529708949482
133.02948295294698 25.64344071786341
129.249391922398 2.5171725607813875
94.682124637697 23.707567628912855
117.42634335665778 75.84605371995805
159.0808111792476 40.10473271412154
117.30682960758193 18.67222463843163
91.97492803841749 89.17588094257786
102.27935224696647 18.72641892834552
65.37086170696851 3.2290919829547686
128.3667184510675 101.2452999915108
109.84141183946868 -41.6870485437535
126.71186522144609 12.026368183631032
136.2572600221016 81.48561924617333
101.86122371575942 37.54783939057778
100.2269813626069 42.93783311883504
98.52060334691116 20.948717417107034
145.40784059689003 27.303605461962867
95.06254927299098 21.561860087022506
111.67999075554023 17.28002074743888
123.29021447883878 68.57153240479369
118.269764704518 26.06315829666589
98.96177269746342 3.720132360319268
112.23563062904859 10.596210165086966
149.3992854260426 81.03978033760201
136.11961881774147 17.30793082847368
102.5594103614899 17.43701086083486
95.76544491759823 79.66211423278995
117.79270151282874 15.33156715206077
102.30254460550938 -20.448670151927384
124.67664242963075 22.582767715064772
102.72829975756564 31.807163359102216
123.19986502716417 18.297321922280336
109.12519621397244 -4.144856320838873
100.26528946294042 -56.67486740540732
57.1341206375919 16.89829766551031
72.27663433927984 29.171807351569335
113.15239196722528 19.398350774829858
80.34877718883516 21.886998156135586
109.86971469585596 -23.220673778346264
86.50468738477262 61.42940490642198
132.77163026525383 81.2169434453188
161.5800618644282 -7.033868990523912
145.7111539017197 49.97283223561437
116.81124217869085 18.83299197309796
104.85136714502288 -38.0062147825765
133.74739293616534 74.57427492281283
99.73925220390666 12.767817472788618
45.99371554436935 8.532010786918356
124.38752146276425 12.440275612658096
30.648284920748324 39.229630123931784
127.48095658539214 -25.410732517344297
112.94885435522495 36.028130090299356
64.19882821759234 32.34823336938367
106.0927850884943 -2.1636511015618294
105.16121204210303 47.7658296319412
128.86503090366853 -4.088333127226346
114.46196729538447 7.609509015887523
73.8883396640034 -17.43412865865734
144.29456050203933 39.21237031093181
81.49394661730398 144.8240561818509
127.45410904653131 100.15867203771221
100.71192924166145 -40.90893042506066
115.74219005110862 42.372345321955855
109.81358554948743 11.645011363227754
83.53018096825542 64.2921378507119
103.17058369754565 18.44349674236422
103.93721142177898 5.553544467834113
62.49185396681867 -2.506094503714267
140.18019637212782 19.650761799752015
108.74801060952119 -7.531277942618165
101.74689040404327 15.117301572473535
93.67730414844702 -1.0900690417266474
114.3169678717131 -141.66529934638365
93.36689419399836 0.2754814619030639
103.4736551292596 13.191323967844307
110.18734334248792 20.816728841228937
148.97595298453965 26.508473597623166
95.36357835384086 -0.2548960133590342
130.6584044709256 78.14309032147885
135.60060668786744 30.83515894785538
159.4842298913775 26.329651508284407
107.04908945673493 9.505872532458884
109.28060061338994 38.496824320970305
65.35073637246494 58.146490895006885
111.42665641103473 21.734457474832887
135.1804547098529 -6.371857446105072
90.11169056098883 58.478901081399655
90.08631465527124 -1.2286296347294252
133.9557331814766 136.52196915512465
131.78877665387935 5.240791095899018
101.14187320374985 4.326062977412494
94.85341052029078 1.3208851390808116
117.83717979775024 22.757448883587063
86.56323896749821 111.44451840941987
109.86797703798412 15.418822330605373
92.16613910398715 -4.785676103997906
117.07520332995415 -18.016133735712735
139.12165175392516 132.96908269445973
113.7441555054424 -25.738408138311883
104.14768314243709 19.94005322883326
95.37577451901068 25.019724209476493
128.10926455797681 163.13763954676946
96.34666779983634 3.692927963248974
61.95981523070907 40.182622531800064
92.31222099284957 93.75805508492755
125.09942726744731 21.17077478607915
86.8671954263645 -43.99502316230955
109.57770039447315 31.13228263315325
108.48094071138395 -8.000309503160832
80.65945373576135 48.52199084271869
96.55898110718027 65.98466038847498
109.81680852127255 26.916824210384053
40.505083173177105 20.135884398620743
94.64286700930398 -9.469543353949444
116.06044610336572 35.798659855958036
108.46149562818 22.17324530365242
87.91439283876183 20.792178863382194
148.76276046344557 101.44138133991632
126.8146243519638 -48.67202467028725
97.5941376023373 8.764165411404607
150.4247723379317 71.75521745826056
98.77029299430068 29.79186966514867
84.90114397769854 111.78842879960634
102.37656890514369 40.21357067876895
97.78536487764876 -4.762491576106912
125.18449239331129 21.47161713083833
81.00300177027633 13.742775939831148
92.19420244786627 -35.136985533303644
102.17925425541871 -24.908207601711663
107.52939895977141 -42.95198649570988
116.9971483414271 13.004030244606328
101.66099955160182 109.1768294838004
116.8102830026578 5.573274220327763
140.1793868888628 69.24795168222619
93.22198829432773 89.80008215807842
110.27457778304455 64.71243116739838
117.80165710726784 28.410499938537246
127.54178425733791 5.971717760117003
138.1698231165858 15.852301909494168
131.40432273918103 -7.610268621064234
108.63420553056618 -61.689268529796536
133.27352273511772 98.89552131407189
72.27501716317376 54.00301367948246
100.93705566927305 18.38986178433835
105.73582939851798 15.006862621954514
143.04253428485111 67.33571822290955
107.65218252920656 19.33097531043446
104.75729854413927 95.39653183231093
124.63657861935378 23.804198550128145
108.59841783450537 32.7860763630482
123.92067327795039 -26.33679282699118
122.423669719644 32.58664656475906
115.40650826309081 49.94704985414619
98.05012809257875 88.16056420411611
95.3291333539549 75.27118778818301
87.13251753489021 -30.675129404205542
62.035486362884136 65.11286783636157
117.0457445076733 23.069480596106608
110.0917875844429 2.2163430333902356
94.36850544761988 28.44667758756071
108.0395154617827 27.245722761073623
114.45888085581261 -5.478364383586833
143.67976336217666 -28.980519405608998
84.06072179506545 91.83220741811114
31.99740232580854 127.69369420799893
112.23183073312657 11.49981144089702
128.05095474718198 -2.167982359213359
107.91593905785518 7.319908068391734
105.2821031575038 -9.216011429746997
98.40709720707059 20.74752032591076
165.5402250550284 15.544221914679671
65.65410771984182 38.365450117022064
97.03080004429458 49.22369169324994
115.06168813419713 34.17024597756706
116.02322699136053 41.07747469811057
104.43462213949597 18.433406835427387
117.25218124177638 19.847829393522197
98.60059804594225 -1.2589165857914981
94.17009818234439 9.239146186361213
140.734901577296 19.20711180380506
130.80296307963079 8.683902774187336
114.28335958386137 2.7184826552832893
88.03710948123732 -37.46887826022996
106.48816603724019 -4.408822659138542
109.84053161749162 32.11115768219638
122.93246060893591 27.03975111757591
99.03954186943683 23.024847532941703
100.71284860697777 -29.19547857197617
101.0144355334915 4.5731628239830036
110.01698789613977 19.40102925750145
92.38032456128187 21.794212315083342
104.97478993390365 124.98083070301674
125.31377520161016 -12.921562179389573
130.49995385781165 -18.0539299444426
110.57734172630136 18.01595600259536
101.29280838434852 15.113207385863154
110.37882399874182 15.916199386082805
87.98807505584695 12.925889848886957
85.86531538566021 20.146255970196705
115.61760820068258 8.376771336302527
109.36311138084504 -9.083834119639295
109.48542613584269 37.01612367768557
118.38867491801909 24.821350105222766
87.59453739660259 -102.7483925828675
149.75481826094656 56.931371500761415
109.18851639634505 5.108795604914626
135.52589093908074 34.27148986911938
114.81379329474768 24.412903225230117
100.56913771963734 49.52001577159471
