115.47969302314452 15.831613379872527
127.18247281350433 62.97378817830517
114.3716797019273 -69.39333498267276
103.20913305914895 187.22575044656656
91.95700864846802 -45.13587699461447
89.933043159344 -4.389957812871183
117.78065097830276 -22.540046985804267
118.60025661548607 34.52281876653769
98.6434920526969 18.098658679075484
96.86361991131817 10.72427250535372
112.26753839464969 12.309478492351676
116.07531346981537 24.458350762542985
108.36998030198515 48.9895937998833
62.78833916742745 -3.3929435173528946
72.39418041020456 76.07204296404795
68.50717526766233 26.13010742632021
97.05758786724006 -12.896591358858547
104.03037959625489 43.88032909024332
105.62784524290666 11.562225345247661
119.35785640910413 94.16346697070772
87.05695081869476 32.759665219003814
85.67210712080896 -33.302466541218664
92.76012938224329 -14.342269254137678
115.0237908278035 77.17413455071794
122.281905496406 -103.8887926184003
107.43478392900839 59.32325672892388
107.39073235382918 12.815360181736292
109.92117858238711 18.739162042385765
114.15039180229265 2.7490007517971877
107.20501189318762 -4.774926236118917
99.83097181838998 38.10258341672786
111.43966581262382 20.508934368536014
132.3040705927982 -14.030191542218004
133.58439943706944 28.07074624321578
97.89497498059349 -18.233151280635287
104.97655460384163 39.37280946747999
77.20419866428628 63.6993981661788
131.38586897300286 16.900696974678855
134.79202053993737 -23.078448299178536
122.44944107632367 19.912246675843097
94.41780040415216 -9.236148513850448
147.25254439636208 33.88377916850382
119.72304469531713 29.709368889213856
84.03512848807402 20.246405563116898
129.11857071826873 11.974705729882157
98.162484070602 37.36301537028821
113.462210760998 28.274526807832707
114.86923997026105 13.110884027155592
120.01885375265276 26.24631274794465
103.04854104347756 4.794198602873754
106.25480753882199 25.22609773010577
80.04443685789576 23.745973172802348
27.8394126370202 22.36164568393746
92.50590173604215 106.53453232420522
116.74973135338078 -24.863599435610062
106.9017857374075 5.156589595021762
123.85541087705033 187.58612008662394
131.84646381332513 6.22725652946128
109.24352496422345 11.257526694169306
108.08825870317784 14.174320925354698
82.9301582062887 36.955472032618026
147.05018270139277 62.56758310786037
117.1743540007497 4.789811229252242
142.82911712379166 26.771976411755347
122.38606048757153 16.141302672192225
74.0043049148672 -18.927663349586712
174.0633235380964 -6.496464244905946
108.52126842592011 21.347772617961386
105.6666439664916 4.904243703823455
103.33539982836948 -2.738220577696273
104.24391912615691 94.47049563284695
133.34314338365098 11.288431987662817
85.51297314036552 8.465315997704105
107.25322753784096 20.223066443587722
110.08090589042543 4.230024094729613
77.86772947819831 55.27001922475445
142.04582143274496 -3.4945178653570603
114.97227706367741 21.241692404149788
128.91553982291984 55.54770625643068
143.60728895399382 45.22251962271021
108.85246453968267 62.56809325800339
114.53227837703179 6.069312222885671
117.58379164633185 20.141547302194326
94.09234363190713 -31.526106557946115
61.87314379422583 -6.840260118994661
101.93551671332591 7.678504972333793
147.51347549926533 74.95991353738972
105.57772991250951 3.534141198470745
119.88125639305989 19.936851840405744
111.55044048136537 -15.528445408140033
87.62126690192643 11.421363844201005
95.64665855306075 90.31286150007719
110.17562186242354 14.618260211834581
95.9820775865678 -35.235152994657504
115.09411239484484 76.92061726729676
121.1944302993606 119.9233801347993
98.52271199076294 -44.50722206948424
129.04591869602876 64.45103056543685
112.66201162272671 6.461731123940494
107.0824119787199 74.11116177225034
130.57507972459385 -1.628846990243808
143.11752020078802 -1.5602654353804875
148.88069538547902 20.08001428519413
92.34263648268512 13.750656105072427
105.78464810652905 9.313067481635107
127.95163790173929 23.9664041234953
123.44001686612467 22.201871283666158
161.80826384407342 -16.41516773824323
113.62485960310786 -12.024275428203133
116.50765820127792 19.26966049775615
108.62513795382482 10.757188854110002
131.77898596829974 25.238018135351417
129.91637657799467 2.278057950116681
94.31129815157726 23.222290751886717
120.20957474528825 70.20425521788567
154.82506333745295 32.48521420741234
116.87347356332138 18.716243218307742
94.68949493233106 88.18000533674761
102.07964843820217 16.971146464290307
61.7199841569561 1.4909901904107263
127.66311387088152 89.23059385380033
110.38193386107285 -46.999816111113965
125.78313132789827 11.978007168024053
132.58846194891484 78.45952106241236
99.5731106622696 37.18060608995384
98.35735669242595 47.642955200150745
96.78796004837744 21.06784861349802
148.8325338720811 25.96646798936144
93.29528618238506 20.550475734710606
110.28563715365267 17.771130357774407
123.46394206168752 68.30528354303293
117.45152612317607 25.32567156516975
98.25621628008584 2.9972860910960764
110.24022314334873 10.289673820089785
145.26316727095787 78.40354246929621
134.08678778957773 17.79857631980705
101.05070720379292 20.709082266176583
95.66378047495323 80.88939603214583
118.24888200766388 15.259443943555235
102.54367415788533 -12.605062531440963
123.531998457534 18.638656220556122
102.0919258841944 20.877551016472353
123.19199110050118 18.30885976617354
109.0979245636148 -3.5145293398527437
99.73536333813149 -61.07398027829705
54.688126922661404 12.20807155903378
73.38869092226933 34.19521482213831
111.98660104141857 18.341147348453628
79.78226357779613 22.029358176265646
109.47482915453855 -21.591070241209923
88.6214379162544 64.02884519891168
133.8119466578652 80.22951863046976
161.3460423186203 -10.311425471185203
146.42558304666667 45.6635323940025
119.38134954719997 18.405999626421686
105.39911717332237 -33.160748378824294
133.55587120318484 73.98902940647292
100.45549975589633 13.15234960035283
47.683853259944215 7.166210454578115
123.42412250818394 12.75370201715565
27.491425988862506 30.089290568783067
131.76925429728084 -14.375628376221506
110.32964850034777 40.668785824851525
63.62767188600118 23.66745779027731
103.67410828425348 -3.4894951058085164
104.61562847686494 57.594258148122194
129.27477394513826 -4.284390826177431
113.97506655289466 9.944006423789059
74.30246249910986 -22.01443136515619
142.70206212372545 40.19878650340167
79.49114775620934 139.6890262025799
127.24901173426238 94.55289622303536
100.8261986293837 -42.69330145862975
115.42952484768196 41.24950918589936
109.82474167986167 9.068428307365965
84.48732280592452 59.87355331149865
100.800754174333 18.072809766368604
103.17292087663708 5.693780851802176
62.45415133653189 -0.7147306846945234
139.25286131634476 19.7097956666676
109.65639271213644 -5.891662327572502
101.24836622201089 14.55643494363857
93.88372468105263 -1.7057370449025115
114.08632049015874 -133.76877985816475
93.26023345006661 0.36072614867717706
104.13317294531653 12.013206696127938
108.13700540305697 19.037162377654603
146.755316530465 32.163877682694455
96.17187054324229 -0.6799969852653378
130.901614065493 71.12944803907553
136.85149479225134 30.718898991550144
157.76761315947405 23.902623304780285
106.98642566435608 8.93210118707897
109.17808286890457 38.48140073299388
64.91129292666963 60.31014049450664
110.99614145178096 26.445728349875324
132.57552786035325 -5.9264609933637145
89.35204869284563 47.81255410148987
90.86469115948566 -1.3190119550740578
131.8937562753719 126.19037132009124
132.1342529287448 5.594052233930667
98.28240663284603 4.112338258927786
95.47236793226058 0.21788068496599866
116.92744087190033 21.607502849656434
90.38986281193253 105.84657139972313
109.67141862645236 14.68767653625323
90.22411627273473 1.8700488281879082
116.2689979768457 -17.2364559130294
135.13629571495215 135.13245441533786
113.88691086398859 -25.08993813592411
103.82514604776925 19.21282724003642
95.30840517304961 25.38676736642761
132.4682615505619 158.45725914895013
95.37087868517503 3.362262021076377
63.853289350315364 38.043195211255465
92.33106669480301 91.77014206267452
122.92914778917103 20.150911127729753
84.05099469727969 -40.1997445223746
109.63697243264903 29.310661854292114
108.26436382967961 -8.074053961909959
82.27924370773455 46.8512257497826
96.03223440727811 61.77174164240264
109.84219102056272 25.685898855369913
43.531654985128796 25.11710694377055
94.44886095263294 -8.859189636435621
115.83945030635489 34.762773302454704
108.68115999697065 21.05002268643224
87.98277082463302 21.14039839639467
147.69774458051012 96.05783726038172
126.10202376182482 -46.25074566358539
97.12566039428692 6.709946869537346
154.78280704010274 70.96390731423544
100.33196291643995 29.489006297644053
84.4948656399932 117.85446771417494
105.82435540202037 36.705986004645865
98.21905014337102 -3.9850622366144193
122.75410550673858 21.386169871476373
82.88826820147506 13.49874879796842
95.28402390937356 -31.381654886248704
102.08538176316294 -22.547421985648555
107.68673412323756 -46.59421528454432
116.14495174985336 14.224056663467678
99.04273996646052 103.31863868729745
117.45705098032133 5.447039605508298
141.41449749770808 68.51194314560728
92.99295191428065 87.6012372479667
109.989751965894 61.19833056834946
115.19283916164045 26.991961970942715
126.48431070763257 4.218803344528517
135.30166995120334 15.348832483844744
129.81891625782606 -6.33405162809556
108.41923260849842 -62.94232689805738
131.27696782579173 101.6699723528521
70.6662577316118 48.817942848735186
103.76134650241282 18.373795917573204
105.5740294820894 14.625694504491598
142.02296225588918 68.37340675416401
104.22382928275177 19.19629438171237
104.72343454055772 91.50915712114582
123.01038874320827 23.15615526466243
108.42525111993943 28.117970109176355
121.85356109105095 -34.169613938395756
116.62630734112608 30.942692227239267
116.31781523607981 50.867189035762365
99.21533171839658 84.46264227473775
95.32712117279368 72.60765047622553
88.4080608821863 -32.865175672420655
61.561205646955834 62.07675393632143
116.87989429842806 22.780253876258868
110.09730665267693 1.7126097460932983
94.08091426559167 28.483223564878852
105.4762107296233 26.44457557100481
113.88827581999958 -8.089592898058305
141.90999633029975 -32.8131236856676
83.66482999934551 88.62642269653806
32.89588454265623 119.9106121253159
112.62431754473751 12.516949851827713
129.01563594416456 -1.9623569855028107
107.65884366289012 7.080033738555008
105.89062916652037 -7.539382332449939
95.64468704081293 19.260740631850396
156.64897013489002 13.026116673245836
63.365093850052716 33.25442383829092
99.44972512032682 49.31657215748778
114.6589455142239 36.051070096652445
114.73390644698348 41.880352698939454
104.88885316949354 18.413043543701466
119.20607094856543 19.943444243344636
99.55628728672343 6.5981385074567935
95.61524706821528 9.698932563163487
143.39238458931365 19.94920464341722
128.20437271211358 8.895035966205546
113.59634295791615 7.327142935119355
89.11619137376839 -30.996966263968762
107.59825745585681 -1.3774616006584632
109.84091222333493 32.01907983325192
121.75150613399853 25.512385675670323
96.95147435624472 26.77566260011224
98.44331926706774 -31.176822444430186
97.97272680729513 4.367588509505591
110.82493017479666 19.259037016729632
91.42166067303002 22.19383949195298
104.8284532800785 120.89778092952632
125.63914061014435 -16.40398261248765
128.370801715748 -14.936479131237538
108.63741551759502 17.21855988268321
102.67779126144573 14.831192583611747
109.44407232092716 18.980873505551234
89.95061371964626 12.429595605271057
90.22736793230354 19.98578678195019
116.3249701552251 7.7650805093440525
108.9896879144099 -6.90185721288644
109.52685564137661 35.539787499159765
118.5063110425915 31.032161570445254
89.89108047474755 -94.96553301897498
148.54864462432232 53.05052316282591
109.24846633400472 6.466171561209256
132.37178467118036 34.477071639623965
116.6320532108602 22.900748993813362
101.03978516645489 49.08788218022593
