114.4608336216284 16.21883592195059
130.01253733954886 46.77395866361212
111.31030056294732 -62.47197156478064
102.57723267682938 195.03902851795598
90.45399214286884 -62.1930928267357
93.4609183354271 -24.552997536308247
117.57439678411109 -26.67067632370624
118.94507864865109 34.61002746741155
91.0122154003127 14.926207285458801
94.17879986934817 11.60591697564516
111.5444125243107 10.85950720132504
111.10410913588912 23.995180151995157
108.8099239735823 47.2799430528744
62.14539440831062 -11.412954612899174
72.28470576621712 74.1067783214736
69.69447995783456 28.77799736370542
99.23394943118038 -13.970114363873595
104.0916826797982 34.60014171822404
104.60194133909523 22.526500085801604
116.3148269172507 92.11147606365525
84.69900344513007 31.825092364022176
85.01608328673463 -33.83280812954178
91.99219729157679 -17.608642108848873
114.94239406632198 51.35822465181299
122.76490176310912 -99.4782750634076
107.71504615927475 52.16013547511618
107.97357887681848 13.52774150793758
109.86434363021397 11.527755789658286
110.75189246031097 7.157594452338459
107.10685146589059 -0.9421733334000428
102.36552274067786 46.96497274243609
110.82825348587505 18.878445820537003
135.52408305490837 -10.983427903898797
136.3835759360507 20.42108206848001
91.04252244173185 -30.690235721755148
105.86279530223644 44.84827662033371
79.14621602833608 66.84984551094408
133.81182190447188 15.238028302879936
133.8285772620549 -19.452133696225836
114.36219595840296 18.54689464440809
100.58147989627801 -1.5831835357353397
145.31140639234957 33.75841213522707
125.47969571266407 42.15769132022906
87.94790120043196 20.25268377212619
130.38711049579842 10.933230612819337
102.41884547051079 52.282470259175135
114.51189387747037 22.482419734707626
114.75661318870391 17.078070195614675
119.53308929750594 21.539980765161847
109.39953156714083 0.46871488000517836
99.14512719909588 23.624630260531674
82.19366574124174 37.01606634551537
26.412151021945586 27.262891914567955
92.7438649691472 107.69261518087872
115.14082650451904 -9.65381410652634
106.84790905015953 6.898867875532165
120.85716693570589 184.99844498302983
133.36226098622896 7.854789351434548
105.82898808765934 11.756284856392021
111.6851795213738 36.68374499341088
84.0897689357381 43.10419410896836
148.95895864423719 66.59562792177408
116.4302791678443 7.8709350800732105
140.68516350277804 26.26881848248907
122.09038378031501 14.51562422993102
72.52083428238997 -16.10676701272638
177.2396489600672 -11.033836427496215
107.2225268371677 19.728328581165332
106.99656924208286 5.3653598054304945
100.43813846858875 -6.866393734598864
102.5307107619352 84.38653978220704
134.21983471892986 11.022366791188134
87.88642447684543 7.693001340338595
110.83733400840032 13.774706931009094
110.18151800983226 -3.3593099802807074
78.0161326846965 59.10930390364092
141.42605927530278 -3.045522458617004
116.64356209439148 -2.733495763144605
121.907984300876 53.745220985632535
140.42947829707168 39.798334956350246
108.256448186907 49.15491167622994
114.11837423052914 2.0021299911543586
115.11899327260501 39.15129368189213
90.89740828734145 -37.114831003012256
61.34050022022021 -11.929931145703941
102.79435720174573 6.437968717279987
142.5889739954156 65.1232695471819
105.09433061962895 5.337400378986587
119.87200846404552 19.916706081418305
112.48242708012418 -12.15240341468591
85.74541899156453 9.711171185534704
97.64625131683502 63.21751444033018
105.17027957085766 28.16162452795256
94.63556860556434 -6.117090208775364
117.28579088843793 80.14888251066445
123.5934351616949 115.86341405302697
99.1659056702957 -49.78288444293822
125.45031887389798 59.80485299147027
110.62529719233324 8.17771364598873
110.3011197477612 72.35064100699923
129.84214861721654 -0.6714014126187384
135.5927358671928 9.816346820487695
157.41114199766528 19.92745597889514
95.60178064938093 18.955546125990157
107.66727491740922 14.74191354318291
125.94728747871041 20.90683512202854
110.99788221338926 21.452682909320796
154.87132016914063 0.8652127699481653
122.33390254165501 -3.716669449053221
113.34104187790405 19.401808375628576
108.30404429185005 7.372945975957953
128.67512521946358 24.236824010284057
130.65757774687648 2.178406215272825
93.95680750722313 22.126665068231805
125.25576929259107 58.83224973578368
144.19099520060698 19.050368642844656
115.85886346897118 18.820945385820004
100.7258370734792 85.3919376435722
101.94758659556571 13.532925568972571
53.98628822594584 -1.4222157253701577
125.69072001027463 64.72941574871591
111.45976570153472 -54.79339492674062
123.5741697784072 11.993735595286095
124.59514299295641 72.14822331058959
95.3276005701107 36.03052021727528
94.81449619376772 57.723792417702725
93.72507010603465 21.257618510102915
155.0244092145838 24.757532693343567
90.14872606855155 18.469769813045385
107.49368897291335 18.795249220281423
123.35870310074421 68.30236347910537
115.68178918680597 23.751703742916785
97.30903013771304 1.968944680237243
106.24511244676283 11.297819161267292
135.96024661567586 73.0865626043719
129.2219793796518 18.850681278946762
98.26090379088035 28.611932892484578
95.80801554082154 80.95039370766422
118.92081674187739 15.258434964830453
103.15398365039864 4.347611046808602
120.8485257344827 11.476566126531859
101.04353396619145 0.09910593982526805
122.62970946410123 18.365405305305174
109.06177973840771 -1.7274748185218172
99.10480891694503 -66.42064126285663
49.822047542610036 5.623576238734543
76.32498460572755 45.199024310200755
109.61837505860407 16.248337924733047
79.4708222793061 24.42950046138946
108.69772549746261 -17.22245248580183
92.79514148257017 68.97880295949268
135.46349855208277 77.30247048500829
159.41001202773634 -15.182745286466574
146.85481625684764 38.27823686464266
124.13969043238998 17.582552589743898
106.57927434635847 -21.855558945761196
132.42766997981016 73.37263821896667
102.24743562551079 14.09025330594963
52.696436896436474 4.770481486798974
120.85738900326783 13.471668269693557
23.449149836850403 12.675431411838346
139.49685305760184 10.300338260889976
105.11231437444559 50.637287865897875
63.879315522041445 7.074124992413627
99.11509819923702 -2.764447304454956
103.70479731640492 77.42592290581756
129.27937442049236 -4.196307686167983
112.87134578623107 14.750857163421173
75.95068684705988 -29.525240943316167
138.50353776427167 41.709670890114964
76.58893770980566 128.8923897828475
126.2162396600058 82.99286791512154
101.42913318350811 -42.84532785866689
114.66546473803592 38.34062038893947
109.84722354886972 4.258649400934504
87.19258041761412 51.838361909497195
96.38741002956151 17.366956439292963
101.85045890027311 6.4519572248115065
64.71610968800476 3.5362790402808133
136.76982890162097 19.815085430634742
111.47302826177922 -1.8487533834444392
100.51807125586672 13.551298633525414
94.60251947963629 -2.6477467039142355
113.47503259895713 -112.9514846584419
93.5842495399948 1.1204544579704643
105.56253514868432 9.878760692352307
104.08059889295336 15.488694769419713
141.01925492897698 44.12270441051497
98.0377444276131 -1.205185944554522
130.7065722090778 57.015312039284304
138.73637907638434 30.271719869656696
152.9905239745913 18.913413753155638
106.92176873789147 8.109430568954199
108.98028855797448 37.66391365196536
65.00841790085255 63.99394984881227
110.10782218853272 35.68660299680785
126.62804224584018 -3.918449661874403
88.6612031532891 28.31624964303171
93.19360770362802 -0.9773248462616555
127.29708710502054 105.34822665280888
132.07013542689344 6.693433211234638
93.09749302358938 4.092588426069169
97.01124697963336 -1.545647802279831
114.86634769769316 19.256237074252837
98.56958869989812 92.42748471678996
109.28467385165708 13.349655865012922
86.90404727485895 17.008274758057837
114.46937163940396 -14.81030371435522
126.38385782941663 138.14623492329045
114.0525704472104 -22.64129011956376
103.3731286806832 17.76182080458422
95.65111434412019 25.879057080818246
140.89652108787314 148.0148856323735
93.83128018677735 3.1424580029931795
68.0293212504963 33.140132793088824
93.01439323213464 86.90927970606549
118.25484174177146 18.113569088330628
79.13574359489995 -31.21391243105394
109.75830517056541 25.210472267088395
107.86926348010314 -7.329180324755187
86.35885294074532 43.900428533820964
95.4169471387194 53.94249869394036
109.89381891233776 23.1253622653246
51.204151968858284 36.50920515367589
94.70578734485699 -6.751129561803794
115.18043907978584 32.153606206817194
109.14420740273839 18.749411275661313
88.68855600845876 21.760021259158442
144.1362819689539 85.21428034369299
124.43823089410076 -38.44868789854526
96.78003050542041 2.853454677328224
162.3840229170134 68.32395255476966
103.82536839374026 29.403596340815493
84.71437683236675 128.43498343091787
112.7907466801479 30.1251883249844
99.41888208482614 -2.177704353124894
117.77144162058151 21.185833509657122
87.07679212702692 13.122284565124101
101.65055910267031 -19.984941176860488
102.12519667800541 -16.6255799373666
108.04940619495927 -51.85554524248624
114.3109569928246 16.718059589680976
94.26846389353481 90.63603045647241
118.52127216775305 5.654609301773819
142.4844526069563 67.7244212771343
92.94354048404654 81.23593239051141
109.40527937894775 52.523490164733985
109.87003241174995 24.035704449464745
124.15212370512229 0.8254712926499086
128.72843013272072 14.445814092390151
126.18695048218972 -3.325030524842755
108.0279498945868 -63.14881464088594
126.56945065848431 106.89017287973742
69.04522003166916 39.219797162603236
108.11849842747964 18.36772743431415
105.3263419628075 14.101623002987635
138.68612060662895 70.13163221008584
97.5663601268091 18.931272859597946
104.81790715871064 83.74329393807486
119.3594089227212 21.761291096156036
108.13320364655141 18.618477661241002
117.48925437204744 -46.58471652161954
104.88967635087087 27.311142797407697
117.99181768040759 53.37409666907044
101.76641980212307 76.29220308386887
95.45737542691393 66.52462073686408
91.35418922603755 -35.592839232513995
61.01107981152047 56.903385826368236
116.31739036895695 22.05850550122276
110.09795700704406 1.1396323182626775
93.9904902927537 28.36641413342027
100.52528371039617 24.591751747602164
112.6365534665168 -13.016773613609939
137.3266649750255 -37.553854403358876
84.20256773820601 81.81224315475556
38.032300881098486 104.43429041259881
113.33000991695937 14.786382263548296
130.67106437554799 -0.9979556283644415
107.25984674735376 7.036234167367006
107.25405054878696 -3.1691915708508605
90.78042183023388 16.309837483102932
137.46170223384652 8.268413461158733
60.1471470495231 23.516225198202363
104.54775354276074 50.225579470278696
113.75496517687682 40.469693047222975
112.0516717612903 42.92795634168635
105.9303225491555 18.398756530527418
122.87025992066151 20.11787252174677
101.85960969119289 23.886914615370912
98.72997387357432 10.953714760415545
147.78291050148786 21.406547004875424
122.70595875002998 9.630056105908533
112.0835873156641 18.7994432815811
92.06142107690691 -14.773426335024663
109.87366025674612 5.209744771176454
109.8418648041567 31.542718155424122
119.07763645399353 22.270941832791287
93.47409452952613 35.361653570539396
94.31105619970229 -33.701162080086675
92.27674246432309 6.571938617195848
112.40087846598482 18.983303197419012
89.92741766883228 22.90803024015102
104.60218973508331 111.45724366494926
125.85142327784908 -22.06493313192592
123.44580005908854 -7.507674910760339
104.7977124440053 15.715319929885245
105.54022376460904 14.383335333620904
107.59086661418385 25.080587402302996
94.3251176809487 11.606316605513824
99.59788858854921 19.651371292612925
117.46795861396788 6.946780280374708
108.25604934716694 -1.5050224822102485
109.61280467027245 31.840454695348146
118.51150205613408 44.60440222057122
93.90442473913932 -71.77527551727651
144.57058305868222 45.5121418292956
109.38717914349392 9.52715852193868
125.51632112478555 34.39431818719282
119.95091667926853 19.829297884027106
102.26013548554127 47.631034164299294
