113.90853682665981 16.491547849691162
131.27767062995989 39.294092846388715
109.7413616699006 -56.51032682790087
102.38738513788353 197.78789833343987
90.04567709690556 -69.15000214330222
95.4482717942773 -32.94280924925868
117.34449490822739 -27.8301291609988
119.03651295079432 34.49396292202548
87.41846651776429 13.397476541574
93.17596991666758 12.142522397651803
111.15684979349992 10.252827272427929
108.58131402425033 23.735414977677905
109.05009021913028 45.83320006408966
62.66628234043103 -14.052636583682926
72.42364521154072 72.41188390055221
70.8528772394106 29.93066550791442
100.52359174263022 -13.76681648156441
104.1925084583415 30.466790432055436
104.19773341384676 28.77656055184792
114.70611057366936 90.65747296763566
84.0941361616328 31.127519022314996
85.03388590168892 -33.37146619683511
91.97614889918364 -18.602552981136366
114.8288579853528 38.02762010267644
122.92243717657738 -95.08479625139604
107.8749413382734 48.416298704288025
108.28543283484161 13.915602658430148
109.83575036695997 8.052469461702907
109.0271359499301 9.539747736534093
107.10349707586761 1.2739383560713955
103.79321115451161 51.89485020746615
110.50695124769926 18.0664020822516
136.8307042679008 -8.812338841353418
137.45895202086373 16.566545304836342
87.89355084197423 -36.06053784519376
106.38781609639993 47.3877831102575
80.7172656620891 68.50822187466875
134.49047946955216 14.486572748478178
132.86059701520375 -16.306505426395535
110.22686958708287 17.868721890873765
103.80159184890884 3.470561906034108
144.08100180706012 33.67787319670092
128.1567160942462 48.102269980558745
90.10463200010055 20.238082392562525
130.72841694813562 10.552311008241032
104.6432281543211 60.1748905967876
114.9761666337397 19.538038653097203
114.65023652398705 19.09638282988327
119.09769761985032 19.15371642962344
112.57855201168583 0.13276867585309493
95.75968452356243 22.71604450094933
83.68970531136331 43.39151419239761
27.221029272774235 31.078304426026893
93.17587267529139 107.94292303879044
114.29614405808972 -1.309435158294331
106.86917822559349 7.995590676394554
119.16522502213519 182.5141422038484
133.76604186936072 8.808362088343316
104.18999878389332 12.127933613721012
113.47304470564711 48.13884322047145
84.92248263150917 46.80156078379631
149.1313365350603 68.41063210355402
115.92679395039752 9.54586896380853
139.02684183048038 26.77784502491887
121.7935815903107 13.768802920588493
72.30465986114086 -13.986636024317775
178.26873610229416 -12.96270554520717
106.61453506361813 18.912249779333486
107.71249322430516 5.8622905312718645
99.04078958599193 -8.465456590301654
101.77822174392294 79.11387688551866
134.36019707412618 11.072254994247132
89.55595397265739 7.5604182625189
112.62963866383267 10.5912609856549
110.22834406556599 -6.856093854729285
78.72709812817398 61.0259076041475
140.66940442407284 -2.6035048489652635
117.38747692873834 -12.81136878727741
118.13896264735281 53.126747007335574
138.2330324401778 36.730226460130744
107.97563784044738 42.40356327356256
113.85865811888361 0.32672379071030444
113.82637136964588 49.330990358445604
89.58900443435247 -38.037234339610414
61.842691590135146 -14.069947106104394
103.34395015317376 6.011685645255216
139.50564595072393 60.481869384370725
104.91497266977878 6.437664439667377
119.66604950539258 19.89934321798121
112.89678683280762 -10.20622675603218
85.08209742167364 9.013075418867832
98.83847408218027 49.784340627300644
102.73998865592691 34.81516695208617
94.18487726832231 9.877356533518343
118.33022435114378 81.40900490854526
124.70006128995055 113.62728293969003
99.55749180366186 -51.257620330793884
123.36184518406805 57.57348909710731
109.58195494647609 9.304093409266997
111.89552669790343 71.57070382110304
129.15898867678936 0.12871622698699625
130.74121089967088 15.636162201569281
160.69519643647743 19.837138332151948
97.50072743050384 21.569824645406143
108.65483874589391 17.50067693282546
124.68720605976331 19.343414963042132
104.70784883841517 21.05404675787522
150.26058834505776 9.715540930700206
126.5269534025803 0.6458492592036498
111.69405594033118 19.46644580937623
108.15142621300475 5.832992203721199
126.77455192268879 23.673099952732017
130.7048131042514 2.3411666060994736
93.96144880028194 21.52988273200887
127.51148127260666 53.28984783305954
138.34367700736072 12.865815770964616
115.29147316998879 18.880383291648485
103.90662135738131 83.95275605478774
102.01408596811079 11.895348348746547
50.070177216679845 -2.502782238319507
124.3518939632064 52.68109084880591
111.9778217683549 -57.532572162450805
122.25810862285877 12.112539689679028
120.27173710641712 68.8488340483269
93.31576557611793 35.29055927516916
93.31996995571446 63.00463826309011
92.4228207237542 21.326982935784443
157.31615920857968 25.27445429039326
88.74388883228855 17.425431366417087
106.1180056687624 19.31356510114825
123.17525821706366 68.40214351129534
114.73123490906829 22.911619089938103
96.9643541160714 1.5752913305119303
104.30998951732202 12.5907300644923
130.73349517421914 70.59531703790717
126.53176028956653 19.39368077623492
97.10818024460244 33.36855482171268
96.03834194643532 80.32676486693975
119.08541951851265 15.35603665049609
103.55011004121583 13.070217532231165
119.34906146037265 8.213248623567239
100.64555060161375 -9.034508081265216
122.22987214150064 18.40858387722651
109.05527697773088 -0.49781334714144077
98.96919086203198 -67.52840093241713
47.91233443828133 3.7973557080296594
78.1478855050314 51.03481981741437
108.43170292963327 15.239239700549433
79.47673386852485 26.788624846469737
108.3298463432123 -13.914145007664096
94.52472895522428 71.31506913179561
136.06281232584433 75.99293413617548
157.56463354321895 -16.276515979846376
146.2986471294117 34.71014706043704
126.26894665044215 17.202759298794398
107.21265116571773 -15.824889730166863
131.4991211559089 73.28626293111873
103.23643688681214 14.645301754606322
56.21982655147843 3.7940345442590666
119.2825379087016 13.852528957939395
22.335513961169642 4.5099861003338955
142.83335222912865 23.854131861328888
102.55617128755878 55.99337067722192
64.72499748517538 -0.24061078720491214
96.94252338107434 -0.7924737384223155
103.33442689222308 87.01860442155447
128.93466140988446 -3.9590717637596953
112.2817186196424 17.212491717516553
77.02793829725564 -32.966179735312615
136.1259324046037 42.224870883168
75.82841790223866 123.40782701402465
125.36305271627894 76.92220972296155
101.79703978723887 -41.644127863061186
114.22481983060887 36.45475065131197
109.85799318697377 2.1129370168223542
88.83445965618725 48.144405874672756
94.35282754678504 17.039533992009687
101.32547076659402 7.044641301442346
66.79768011520268 5.852292016358298
135.1762356306259 19.862969469782268
112.3677083559697 0.3394684917828461
100.31350207048393 13.138376698244123
95.08517632896508 -3.040139954064595
113.11034263533332 -100.2132604927341
94.16952144262692 1.6379488796406376
106.33194385621178 8.941141287721958
102.07978719775156 13.770109567004072
137.73763117480607 50.98850063156772
99.13349964461922 -1.1633665116512448
130.3935947952118 50.11860354037529
139.210696184171 29.93495526324866
149.9716416951422 16.404951146613204
106.91471748273577 7.778580497964737
108.88618927815878 37.04098783259839
66.00998562722786 65.46823718107176
109.65933200136038 39.984001009686466
123.3884719155188 -2.6226350597481813
88.58675689179725 19.598963711753264
94.67199568529712 -0.43468393014923223
124.72470602544207 94.29508122322137
131.4389333202778 7.491005423550658
90.82737973598138 4.244226803200818
98.01774132589173 -2.2751777366023345
113.7681056052174 18.07210736568598
102.95470919239256 85.52193682486616
109.09517479401909 12.755611109625734
85.36163860278486 25.14159083335568
113.475042195337 -13.30329659182856
121.76571826281166 139.414879935819
114.07855083297896 -20.667542157784723
103.28808159830942 17.064469375335587
96.06437058719634 26.03957433903235
144.57660787184878 142.32285712588688
93.28740283519043 3.2417739712605087
70.05187995834966 30.337719306690683
93.68930425593184 84.07669432399135
115.74070623092996 17.11772875470709
77.17437654820499 -26.230705031840255
109.8209518156767 23.092958224202725
107.70045502757759 -6.30952908125259
88.765539003962 42.65188927173966
95.3668203076857 50.00003365372075
109.9193723174598 21.779359265096772
55.60497907267071 42.476734958410574
95.18332093565152 -5.259885517574238
114.77768293076201 30.647022502040628
109.38973577389876 17.60555727678402
89.41009750820822 22.03067663833798
141.97630447647035 79.71425789494668
123.34699440017769 -32.45891749934621
96.79788165311629 1.1870084244774326
165.2926316826654 65.87870427448354
105.6838258942323 30.30598722423043
85.15853579186435 133.4242504426154
116.25885114915235 27.085605071950624
100.21398516129992 -1.0427659150909747
115.1309764436409 21.07095431258695
89.49566249694581 13.006469103427271
104.97327976216523 -12.712550331237646
102.22318147899334 -12.936771080304604
108.24776471141791 -53.0919003089564
113.3398072447576 18.012648088194943
92.06424185026057 83.43637967833848
118.93425093883243 5.978242038933157
142.498314031824 66.93749568320167
93.13876977311412 76.71506619174404
109.11304010147654 47.39120389149679
107.18546953944805 22.472715661284706
122.80076896694193 -0.7679629617524826
125.00652184710127 14.017366636571953
124.16001438092445 -1.387980723350401
107.86087408846414 -61.66006899268356
124.06375943206132 109.0786835634212
68.91961117875807 34.95943119461891
110.31772725176016 18.369633254190394
105.24593563919387 13.954260365078683
136.4386954948762 71.3533742899005
94.43269896380768 18.80246515712513
104.94915815542703 79.58375255964613
117.3695837521946 21.025400964240305
108.01242435520005 13.847430090281854
115.21475734640997 -50.9217336708288
99.05803929820753 25.377028603813343
118.67057996917593 54.80038901665072
103.15844891349488 71.4488387545974
95.69605480615813 63.093799902114306
93.21976542769583 -36.17461749177305
60.51651776929988 54.979229894907036
115.8914996277599 21.631974136816773
110.09462154489354 0.9244961130290503
94.27610369979402 28.156087255423454
98.17394048688271 23.56428566923711
111.94841241713023 -14.876432603126919
134.4189626170766 -37.85060311269978
84.96660299277765 78.55631338127517
41.61530320635739 96.83134323993558
113.64276558299548 16.01730219921912
131.33893919734228 -0.22299579609221587
107.11389953143643 7.240742801306337
107.97850528961752 -0.5942311773293674
88.71455991786173 14.882577441550227
127.33956144293299 6.020472009613053
59.135125722598545 18.803534232888893
107.2007891603045 50.80997254537808
113.26911145939695 42.729961628078264
110.66369525508227 43.14415884192832
106.49771076623989 18.40150417750361
124.44159625835202 20.193851380771825
103.15258402633906 33.13145092016998
100.43956139639702 11.664532165734883
149.46255528092237 22.114733810024934
119.83924379252379 10.153877962426076
111.2633159542492 24.675485988130117
93.8395724063248 -5.527744989496236
111.01646553771633 8.807391611100716
109.8424617769204 31.07913597291271
117.58880105553365 20.601961766283615
92.05713574253807 40.216296201682816
92.519824994097 -34.242891707688145
89.72957553340129 8.747512796118627
113.14089444869751 18.853820523315758
89.5075935020432 23.18188861958196
104.58434065585882 105.89872332264783
125.59504078993498 -24.284528460913265
120.71287558773038 -3.406557174924208
102.95296005212988 15.012542207035123
107.0729215747002 14.237998508509547
106.69628860518753 28.05364135921681
96.73023458092065 11.285292514476287
104.38723305448244 19.482737166230162
117.96666056963029 6.683972218632826
107.89997428682483 1.3582504420153914
109.6568491881895 29.849749572612104
118.33445972482855 52.46528976441083
95.38044839558741 -57.781124007357434
142.11421654008245 42.000555716385165
109.46405885183175 11.166493252726926
121.83488994507468 34.08020537853133
121.46581447743247 18.280868595566336
102.94085749464416 46.54251782503711
