112.05046539366965 17.42422756647994
133.77599044695344 18.160690648390876
105.12002410277202 -27.773531346676982
102.28045220297604 199.59031375588515
89.14554851714017 -84.56247999035966
102.19961396745813 -51.75084263923721
116.10195799485646 -28.117331992570023
118.62888885795694 32.8508633326832
78.07164279371106 9.218668075206068
91.54326837507642 14.249415307721577
109.9611571357922 9.138694998373795
101.18822416138674 22.655109432756145
109.79741704721197 40.6846010076755
66.53840942287482 -17.572516956881703
74.99836543222966 64.92817493779961
77.38779783084243 32.85961849964883
104.77823180963512 -11.57425883361043
104.91566415532967 19.639743711529185
103.46425158063782 47.9732606575747
109.51537427882552 84.49098234965292
83.36303391507376 28.144548849567236
87.12502388361008 -28.909390848104486
92.68444116499064 -18.744853327152793
114.0529644286233 -2.7987812262546115
122.58764416629693 -74.73293963092924
108.47075817322208 36.362643337842584
109.26636398990539 15.381239258544316
109.75364027610505 -1.879856296297886
103.99001365313515 17.089100596193614
107.20561037582183 8.832034383567601
108.5233338411059 69.31020055831029
109.52022638308668 15.720987701214971
138.80132829222313 1.126368392883403
139.02977167344127 5.350372425916338
79.4529818281382 -44.6293593700433
108.18557850533607 53.136997363530135
86.73898646605443 74.29804962264339
134.15357425811825 12.405358752694777
128.70926155723717 -3.288282833097637
97.90201963612628 15.982579237960064
113.59333873544453 20.493387101854736
138.72169901295894 37.338122422152246
135.06535925022084 63.45700712439547
97.494137357607 20.15650157482561
130.7842000431462 10.229567489610291
111.47530147616595 83.97605663323021
116.12465841966963 10.838305696220058
113.98140449927241 25.126875823805417
117.47753498857904 12.14179981657717
121.83155996959161 2.2236393793341636
86.60636575772003 19.784673409022414
89.44277348036067 61.12088836564262
34.34205582163362 45.61861240915775
95.1802895900365 105.46015488275727
111.52615666738954 24.364773124339756
107.01846779692302 11.679526265159963
113.49244217931927 171.81038238557346
134.18894391724044 12.252846517279767
99.75335355982922 13.639792908623871
118.56398475074015 82.48369618603526
88.79941953824529 57.96266114797571
147.3848402004946 73.14943672264822
114.03920541225916 15.282380880288875
132.30805241536586 29.949903343928447
119.83026781516105 11.946176412985132
72.57342542576943 -5.345264513157023
177.83766418636222 -15.94024467709799
104.95502946768364 16.53493062223852
109.98474281002416 8.509621345040301
95.7395270606842 -10.95879387023286
100.13835156141728 61.88053918980292
133.73739803383768 11.693012156029237
95.68422556881515 8.029879308644675
117.72549444011669 1.8155551768487213
110.35111257029902 -15.61216841926849
83.01175510950522 66.8938265526799
135.97480332244703 0.2842122464584127
119.16466239670297 -36.126147379884905
106.61870391107976 52.18318850519754
130.72967140342257 26.463087861293175
107.29507753617153 23.226661080987242
112.99051146807027 -4.18256966021116
109.73089825879552 78.9926695842079
86.26140495271329 -32.184944161262294
67.5705989469565 -17.836514999181073
105.17566721291756 5.357372797860033
129.0388319974052 47.208535792493876
104.62731707478096 10.568089833914655
118.40436490116929 19.81986972223501
113.95949285215352 -2.728898274946195
84.0854763636394 7.4638808323688215
103.17947991428761 9.646273806661478
96.08521215442418 53.241561945960555
94.02814932336494 60.45302474234171
120.91533292234652 83.77302652528206
126.9490227813128 104.17189316308979
101.06477738399717 -47.41907314794734
116.30165414163824 52.472013432427836
106.49483284758979 13.23724326695856
116.4097605177393 68.73749705496853
125.9863917399106 3.7364213959589
114.3201648482673 33.18213437865667
167.53033255836263 19.525219810736772
104.05334805530549 29.124748042553474
111.64008615714795 25.77454928036714
120.10555383697545 14.760230034976852
86.59073480036017 19.733598710823085
134.29459519782833 36.38867541404099
138.02865057528106 14.462695709532063
106.73887804792707 19.648714241379295
107.76859620631824 2.0983096448017298
120.026105952186 21.865308230223615
129.4672020391853 3.4434634133905857
94.87251429900074 19.628393518865067
133.18686926801436 37.11730624822208
120.3230461753572 -1.606055101497292
113.26683403006635 19.088011183430083
113.65987905935083 78.23556325133355
102.5284059591349 7.539581643443265
38.628312556023936 -4.31364610896305
119.53887158071167 16.50580116547165
113.41872492665904 -63.63706652243458
117.40404987236856 12.866932939530194
106.93250903813527 58.90604024055434
88.02649875135032 32.1279465468262
90.23390197422161 79.25690784843162
89.28169330629865 21.39956309550179
161.38757411783237 28.978614315632434
85.84141425019504 14.452308923703786
102.28155442994577 20.83039468718475
121.52907841647016 69.04735262025909
111.69261491408359 20.176839973471854
96.81721393021014 1.6043738997201382
98.95018225343584 20.958243264737433
114.11240280593107 62.93617222923763
118.02999450110563 21.01820840628891
94.17479012507883 48.347763077543455
97.68439648624663 74.90897964591723
118.91744491001347 15.91902784466702
105.08170752317562 39.392787942677415
114.16581500582394 3.187132707481795
100.2203841825744 -30.60928137938495
120.3278909384489 18.58255869697916
109.06860458617288 4.332355608426799
99.1491214139734 -67.03796347870814
43.307558794562794 0.25200187691121495
85.65742367192315 68.74557778281145
105.0107709307504 12.568856060745809
81.50858189845863 37.011056488786465
107.31278573556561 -0.9741136403640436
97.50736864892087 78.01015918086608
136.17098388362155 71.70205548648403
149.7183516839774 -12.248175015273079
142.78617167169196 25.670466989565476
131.4272338878135 16.171239382533493
109.30478806795203 3.500123247576645
126.88992844449386 74.268174815763
106.50681703359706 16.626132494543743
69.12923170080478 2.191754567712022
114.09898437300035 15.172112640439739
21.44971114308175 -16.35521335651254
150.7918878341601 65.3620653121277
95.4876706283776 71.91599271268235
69.7917872339121 -18.943542429093085
91.2050945510112 9.387283711924312
102.6770105572649 114.71777422261164
126.57820872515917 -1.9522184497786548
110.42230263267075 24.656184641181294
82.67262971472204 -39.73662367380177
126.96016964163555 42.88592398445398
74.61091231707239 104.5498233264285
121.84901836878912 57.72309807199544
103.19895103405959 -31.187030156395537
112.77487545484826 30.064705879343656
109.88747871175346 -3.1943769656344387
94.74928157046092 37.009938180009115
89.279878367855 16.161353610932093
100.2135355394028 9.56178097376141
76.02378336931827 13.705362723471811
129.18881025696356 19.96178667848956
114.87720057030172 7.527462677007213
100.15126035946334 12.243736475683383
97.45249660540016 -3.357378082416396
111.87739557380976 -57.37564824266326
96.82749844964799 4.144163590714875
108.74046415822457 6.800975286354687
96.575313840509 8.97113909875139
125.67021989299859 72.48590111055435
102.87014318287778 0.4298325386939019
128.1642405052911 30.42444790363859
138.96672885553008 28.4521055735831
138.28820820168093 9.158831518176859
106.98217603252911 7.334269117218441
108.6258879766557 34.1985860157946
70.66245169359443 69.67109118812881
108.35015502579516 51.1580037164654
112.98306474230867 2.321813632436281
89.58704490233478 -2.730559211323029
100.33378710235996 2.218644563084802
115.99497344069763 61.669939765960116
128.64188277427934 10.323601749451
84.98663901453489 5.661237425385181
101.80475465321304 -2.961957536648893
110.2857910171129 14.66057443446965
116.35049622697375 64.91602090103919
108.57094974234984 11.282996712470371
81.5301601452616 52.26114231420105
110.30727215719385 -6.357344991838227
107.39761211702384 142.14973140212604
113.99026191292648 -12.415755139712092
103.36253531561307 15.127864080550532
98.52203720745946 26.04826804612927
152.55337266534696 123.67475919831452
92.74497134386979 4.57295415438076
76.37643237958609 21.334774063918772
96.25018674531671 74.54408503725298
107.91717247040943 14.394435731373964
73.526297695824 -8.28991612059577
110.00894854596775 16.599638921799635
107.24399018360513 -1.2210494937073235
97.08855390986135 39.818872941880684
95.87782231027818 38.00292358090025
109.99255839681872 17.623474357764792
70.64980816032512 62.402584545371724
97.57631449971733 0.8520959587602075
113.28242295271046 25.459262589856287
110.1467735268818 14.317600686343079
92.10214370906081 22.686910341282097
133.26313304381637 62.93494476005106
119.35692662226543 -7.361886896603931
97.55394055765967 -3.188919855897346
171.26108514457704 56.99582134472513
111.433545515767 35.55516990560797
88.50320899937041 145.18948429393612
125.84006771195735 21.750419888946876
103.16324391115354 3.5374240722078416
107.06129651335785 20.638944532427843
97.69658445503639 12.940839089455139
115.04439093944279 13.81849087256786
102.96792426041218 -0.24797489681108864
108.87364061585171 -52.696134997055836
110.21550460211454 21.94606813942234
86.38748815739028 62.50830909368863
119.72277985515753 7.582398839096129
139.93997316817905 63.701195896456134
94.5273770769712 59.96432593410102
108.26455357151151 30.748676239904018
99.3857138712057 17.639795699626152
118.26211142522793 -4.36397989445837
112.98699190991553 13.011057292508866
117.41905247935296 5.494768090381859
107.46079266412792 -52.51909091723174
116.02629682335204 113.95691107607448
70.56074216140489 25.625635661224056
116.85153547501005 18.403430261342873
105.252394392274 13.71590630090583
128.3483800273642 74.38255360619118
86.0269614869369 18.447272523257148
105.53411965479191 67.59388311392587
111.13626648728113 18.801433969178696
107.77087759702843 0.009485159715056035
108.07999898488272 -55.718618385055
82.61051223912756 19.25361530334876
120.20504033790564 58.3245858938562
107.73222230173764 53.20776780647461
97.05010527968402 53.00299542802502
100.03968001635674 -32.39004292305731
60.51769153629808 50.729239337358614
114.2789879884189 20.291582753115986
110.0683355054695 1.162232105049915
95.85528400948502 26.85529023992067
91.8453250095396 20.242349688740568
109.826537526248 -17.669617206133772
124.18215004388811 -32.56641383870564
88.04458295529378 67.86810997555276
58.176106311518424 74.86758145308298
114.32683231101916 19.8469370189984
131.7913597951185 3.1196889656855546
106.83326763727527 8.376014224670415
110.20914110944877 8.402318860792482
83.98666052723163 10.972917569245318
96.1495549290333 0.28286154410486897
59.97321853238824 9.95521524771859
115.25923468255563 51.785719232311216
111.69333226837503 50.502836561041775
106.48218779204917 42.82036649657737
108.37330806941316 18.484481035262824
127.76940187501907 20.370971687945527
107.30721717667237 63.682219132124274
105.8816863109618 14.17458834236937
153.0177668667038 24.06790100520603
110.87615689227174 12.04927282045059
108.7549110140716 46.59344650647348
99.89065989625394 27.038612063863496
114.30170753233433 20.246332535546795
109.84448345851128 28.919927798918724
112.76794604915541 15.575940676393166
88.73331046597379 56.121356348710876
88.33185415516888 -33.55245678154795
84.12577713359912 19.119274600502834
115.0489813390194 18.524761052523996
89.32769894573558 23.804329454481515
104.87915647464128 86.93317737199055
123.74739756990587 -28.034225540305957
111.94178120117475 10.36991095699498
98.02092420431907 13.155328363238272
111.83112094553256 13.99690298721689
104.18295182743707 36.33930471048127
104.63114628174847 10.926961951351334
119.00499393054898 18.98031937565944
118.77082336803407 6.772532122176474
106.95327886101835 11.320892479464455
109.78757440533462 23.42643419892017
117.18171078955825 76.98302819118891
98.4193192665609 -11.036311341358182
133.0396751642399 33.531067726016246
109.71293256596783 16.354223415125187
110.09188279269694 32.25051731454864
125.07590414285137 13.757891357740855
105.28241172476001 40.887258267085066
