111.38303852407464 17.782166669562333
134.24574248391477 12.016535882817571
103.62956821529238 -15.28001710102665
102.4092988912979 198.5474492088485
89.1856905280846 -87.01528632969674
104.61320079696902 -54.96012389858384
115.52837062131414 -27.591861872982854
118.3520589411443 31.981441042032703
75.74425921029236 7.972920650888323
91.22860669867698 15.099302513222282
109.56181542509323 9.02896856308933
98.8629456051059 22.208468578132212
110.05032318459858 38.35424341498071
68.65629884989785 -16.427962189953224
76.4404523270109 61.730207809917815
80.31804256761001 33.581609983214406
106.33246538697644 -10.15943345141209
105.23805852974884 16.825609876218824
103.3122246722279 54.75517951040668
107.74603267823395 81.85235671616775
83.49569727766554 26.895728621554703
88.23683333360911 -26.65059152777074
93.25642233331462 -17.915659973825193
113.70121760430412 -16.226318444610335
122.23065776732565 -63.52887230154017
108.68728857822813 31.92886466240102
109.60628419750137 15.939143346097138
109.72807928924013 -4.782006562388332
102.36550971507462 19.690204680973782
107.29425805042186 11.606698176423448
110.22247475164194 75.76012048325676
109.19416619682875 14.985337827008154
138.84830110789966 5.432176987256426
139.10342328874285 1.9065918024395319
77.20187848100355 -46.30636999459208
108.82203520660583 54.38386908722646
89.12307223292666 76.53517536533295
133.33680841503286 11.830098422129833
126.88135643400737 2.632903256864232
93.94872688679148 15.406031665142166
116.7798900214952 26.971342983082973
136.18324253134276 39.456583207229386
137.00960002761747 67.77879888156019
100.19290960334496 20.1112947557135
130.23727707543637 10.338062562048522
113.73058930602902 91.3499821576181
116.40079111748186 8.096320702507926
113.64367375745871 27.086587624776083
116.83401884483314 9.935833153444815
124.68881342556728 5.004340979667237
83.8325291149909 18.780748656523848
91.9482023843275 66.4169113055317
38.64766893592489 51.285999723942446
96.21469336355113 103.87210399734398
110.55790179393874 32.94442551598585
107.10672842837938 13.056898212893733
111.53051848161635 166.95611021560524
133.64129401269597 13.602448911122202
98.5160877132919 14.236548178111718
120.093691227344 93.81283484395875
90.4794647106024 61.85513932638244
146.0146861539934 74.66929387961187
113.29955197277678 17.34733394680558
129.60834769333454 31.582151997477315
118.92597884520106 11.5255142409878
73.2492655968921 -1.8912181638835577
176.42703252512663 -16.123194495490708
104.49805977036266 15.79466591746731
110.7531640866066 9.64999493411959
94.94139104456421 -10.978332964234253
99.80428679105584 56.078529062342135
133.05762411428066 12.047412044062748
98.00156954401585 8.432389328587547
119.261522910967 -0.6560153868039142
110.3819892066391 -17.817668149074382
85.17984615001666 69.17978418078829
133.67169525157797 1.6659817890383475
119.60913104583547 -42.464541455231576
102.83083547986499 52.176122342327545
127.71709760650282 22.73825433076535
107.11347777380476 18.155042641387606
112.64954017720123 -5.2548550909300875
108.34179064898547 88.58863351852605
85.5985966090627 -26.85854370366109
70.38884606517294 -18.32502539341946
105.85477187130414 5.4728831384553045
125.04522743095855 43.47261277606008
104.64670052409663 12.175200637921161
117.81120681343033 19.79007771670928
114.24053081334851 0.24830835674019003
84.2547419629746 7.100983159817434
104.79783576953132 -2.584357302329824
94.09874997858252 59.010216572650634
94.36216771910436 77.43403668469807
121.50144672907429 84.31570996766908
127.3048832296543 100.51466312964976
101.74133869560664 -44.21514817502698
113.78375522366821 51.18609930477091
105.51050932297991 14.724175469570296
117.73184928246833 67.70487007246187
124.747588931413 5.284906350368937
107.92546098304777 38.88922075807998
168.43554130185268 19.414173030983857
106.33931439537753 31.43761093883754
112.6161514181963 28.485334692881743
118.28801271901246 13.335498416653383
80.93092357186151 19.27461727000881
128.30457310898507 44.9306174899826
141.12068240752967 19.27533078008784
105.12617818764235 19.70269378739815
107.6876656065946 1.041482447944332
117.44312309910275 21.23163604282353
128.62639518790292 3.990729190503771
95.5839970273999 18.9866221910742
134.6037084862063 31.901546842460448
114.05291331302035 -4.579562013209222
112.53317773476547 19.169968453192315
116.82483137994275 75.79493533736381
102.78720781659821 6.344787152214331
35.28106493408458 -4.50948145372417
117.75077817714424 5.192717615149357
113.84082518600219 -64.66068412511888
115.63648821439207 13.260242345237542
102.48755249182692 55.78721068190807
86.48889315231102 30.845517598815757
89.64130511532419 84.73391312131267
88.38987187687397 21.380262349274293
161.97648950208009 30.82177555789948
85.65691334030053 13.52325262024447
101.07534547977414 21.30644024839829
120.87003179448782 69.25776042114923
110.61141209059771 19.232950857298327
96.99496277586621 2.0257777516844486
97.35454518746751 24.376617131981902
108.37277352284859 60.73733952151772
115.08228701554029 21.537313789400873
93.34409860742649 53.32777068898228
98.47614627110194 71.62542849464757
118.71089804148464 16.17238841936906
105.683893675022 48.00090166692651
112.33436678334276 3.601406964292343
100.22747183199543 -35.21032849892641
119.58973106030533 18.654121858002092
109.08633891742832 6.292067190182565
99.37286053378274 -65.01173525858295
42.039670815070785 0.18055321968669152
88.6059942239013 74.24824234834257
103.9530872319694 11.782961021460759
82.73978520590968 41.05503338241863
107.03715121817258 4.20579959280913
98.36702085857416 79.99576580140149
135.7117547749256 70.50751757893454
146.39415702997982 -8.521562599694128
141.1421534214679 24.231799106567035
132.84438613642124 15.871546865491727
110.017968394127 10.358218286781087
124.93455885054024 74.88403227463013
107.68212607278421 17.36535399037507
74.47535666996224 1.9349298482289459
112.27123494430757 15.710491892332174
22.70665383049239 -21.942072369466203
152.60688046338748 79.36099347794519
93.45653082433522 76.83409110093443
72.3836677433327 -23.338409563013666
89.6509961929609 13.83463502588819
102.64048514942348 122.8648760980809
125.440154570188 -0.8021750564447927
109.78727671747299 27.057160363629595
85.10192965398157 -40.934345430085806
123.6883563570322 42.69594579281474
74.97192332085106 96.78079462150703
120.45490115672196 51.316886248402106
103.8110581921215 -25.194846840162022
112.20958827146396 27.802323387535004
109.89583367582793 -4.529281745806781
96.94185421329078 34.050949679857965
87.8659101695095 15.920804986256858
100.09736307281666 10.522977265664501
79.78896550207183 16.44783158261167
126.83752858844304 19.985210394051375
115.63436613081896 10.18898098685663
100.2589926164718 12.131861607037429
98.59394797642668 -3.127786617186222
111.42910331198658 -41.095293478430335
98.04410183663568 5.444800875811856
109.56941032504051 6.32518186150396
94.9518152485533 7.548246357522336
121.11526945241854 79.89507248404601
104.22674532341789 1.417264742247582
126.89939517941349 24.612809760234743
138.49026653693525 27.709175861595114
133.95877345576753 6.866219779615907
107.04024688687808 7.385104982379552
108.56077539607323 33.04188452892921
72.7272442169681 70.6900300567814
107.94426573128435 54.02353925244762
109.39275816753678 4.20031111479053
90.21603655175909 -9.570660884529396
102.536471296776 3.570034597543315
112.86736936763754 50.51636767307
127.46804478709251 11.498851876026746
83.3073221225596 6.506181342546907
103.26091213607114 -2.5131604321174095
109.09845806410766 13.598055882589655
120.76977883222459 57.68124716242956
108.41592175271533 10.97903762592288
80.7904779677766 62.05004231186781
109.21958637998101 -3.7252556917677633
102.60315037366621 142.45199812891542
113.87913170974615 -9.123836375828626
103.52945399454967 14.548988195528715
99.55808754760811 25.883986068164077
154.16055502252178 117.32900695082635
93.0130824492627 5.363914191686755
78.59710593925284 18.255079105362967
97.34384049706809 71.24209187331402
105.3261503061325 13.578270716687113
72.97819408140312 -1.125638947004533
110.0700223827758 14.450802487793185
107.1186410136419 0.986184326817513
100.23850059692181 39.591793099695586
96.39673587348877 34.21633423274058
110.01633204266842 16.26192548574977
76.44705039448503 69.42928636051829
98.71672030696679 3.2888715963085717
112.70516551446205 23.577775996793406
110.39571398186162 13.34266434809985
93.42139080002558 22.844339366964096
129.71313300393712 57.63323211249079
117.82669395120176 2.251376082302942
98.14701089007497 -4.194425260745463
172.59858961826208 53.35870642018056
113.35225715779202 37.31669965229391
90.16970228510888 148.79130003002166
128.61340368958233 20.839700083963333
104.34101455965073 5.492152736159492
104.38434863780505 20.4777745979725
100.68864857625672 13.052594906938584
118.35999429397545 23.71845122929104
103.37151285960732 4.275985758852534
109.09167767692296 -50.82790438890033
109.13897116295915 23.20896642901199
84.97081253938109 55.802015745842155
119.81892712817648 8.369237881174428
138.44793242081596 62.67779528784614
95.37668852129784 53.16593101938915
108.00143209484752 24.91860839349388
96.99827010799775 16.0455134609201
116.52016363506075 -5.003817899799603
108.85681603066546 12.799811509792768
115.05781067165839 8.209341138565424
107.37449082924189 -48.373148992379036
113.23080733166098 115.04359533916792
72.15304044456177 23.93404127329663
118.94074206848161 18.4246073218
105.31159861526271 13.75807633655581
125.22408373484106 74.96667816596046
83.52980375958592 18.34519714988437
105.78985711370828 63.20422390938479
109.00487933798789 18.061965744206596
107.73435550100724 -4.107897715449247
105.7043824736498 -54.69111531885527
77.6096031234339 17.177796811689266
120.49047520429185 59.60753529175161
109.30704135747513 46.104497151950945
97.82161210038124 49.53529313698675
102.5582870837062 -28.544973241817434
60.90411139680278 49.50481484293005
113.67365031370856 19.82892094877633
110.05211708233603 1.6396801308765727
96.71383732430404 26.24877190254491
89.88152957437556 19.098394949799154
109.10640017247314 -17.973193624237695
120.29349245051688 -28.75075358499963
89.41370515266102 64.35947188457494
64.51566323028368 67.71423326690413
114.4415931952647 21.137698732973707
131.44582137755944 4.459808855763808
106.78108425230121 8.875997381320131
110.9543057708501 11.621332797088659
83.2497479509949 9.8190908387469
85.95585138256901 -1.2530582045263434
61.35840692546223 8.476423212987594
117.9142304983597 52.00972228507265
111.1238651788977 53.98041384515891
105.13592975842168 42.25298263205864
109.01946633032283 18.534277652842782
128.47850901420483 20.41046599432142
108.72072018426485 73.9821913450437
107.8024307147981 15.144244259746081
153.58559173419386 24.631867428396326
107.8099640806309 12.767106117302413
107.92710690552556 54.7742132879622
102.09759459714648 38.843125929088814
115.34494683337923 24.085078071103442
109.84522719584088 28.008134852015885
111.07259428008737 13.945859374533546
87.9911115809005 61.25631435627839
87.39548648567174 -32.394450046149636
82.98557115184735 23.39650021969797
115.60534968530787 18.428752996618165
89.61981070730918 23.927799341941224
105.08159736994861 80.27384936377952
122.84377441059002 -28.288810252511592
108.90660554252558 15.19936170109521
96.68377657739991 12.648147977696041
113.40027981396936 13.991851967525534
103.46869262760941 38.81861123979428
107.36470486288175 10.971082436064837
123.76463277594178 18.81566715924386
118.90295104693422 7.109709424657802
106.68033742293854 14.902276891102368
109.83041401342427 21.173503250892338
116.63051080906486 85.06383059748995
98.9168962659498 5.795175746249136
129.61162500275043 31.597565819010885
109.79980934524251 18.17204647365179
106.11758997302424 31.369897606826378
125.94430812959432 12.378874946616593
106.1517144436067 38.47040834032922
