110.01346660319324 18.535054212759842
134.33664264061346 1.716247348017812
100.76068199002626 12.08536040403306
102.85811555162174 194.27972858590132
89.67495733999988 -90.24245182809639
109.52549167246154 -55.98455790485796
114.26815601261781 -24.668148826687442
117.53115043439561 29.85956708406122
72.29705632436782 5.843419212381323
91.12744761119752 16.911280900787506
108.79274309347892 9.12433972351986
94.49348897936949 21.26384933906084
110.54606250127951 33.1423338072829
73.72935892331815 -10.926165413949164
80.4945478600169 54.421411871766395
86.9626216284456 34.57714449469886
109.48978826838123 -6.540666355303549
106.03169991680244 13.853907031421352
103.24525415147049 69.29547154522146
104.28434457844548 75.4554293163017
84.52657504572312 24.081678325647484
90.94538000597662 -20.72998487064437
94.99764909003207 -15.021443863279028
112.94565227736896 -42.007999102779465
120.99988988748021 -38.26225175153626
109.12617795697761 22.783033288978856
110.28605334834572 17.15432453738668
109.6778208733245 -10.110136971844856
99.26151983302411 24.852012525536054
107.53785820692462 17.462813917449317
113.62416301232776 89.04615156692172
108.58020041521158 13.564954224840138
138.2946894728673 15.342851673922393
137.9872133191144 -4.507668908293746
74.28161745900833 -45.094735327795966
110.13840695790203 55.78273803750622
94.74153245327902 81.25382899132464
131.03189443177754 10.854383638290608
122.5032572219923 17.137162453170774
86.74020051184787 14.343502251224306
122.7835931982523 39.93398633791635
130.0594816706522 45.12012986722009
140.3437237332982 75.1611566223281
105.71530388892303 20.000164108024045
128.66112432630885 10.79504406343698
117.99240403235429 105.62681656887396
116.84077837184968 3.0442292288804986
112.8731357514305 30.739663137502383
115.39056986999164 5.850734108545742
129.9092893411137 12.39421828670545
79.57496707527555 16.80536606125221
97.48173072986361 74.90017078406503
48.32137371929163 63.5582173909115
98.69245713896557 99.93363331899108
108.62553273479294 49.77160099020744
107.37865015415143 15.883683878540591
107.57662270514257 155.31825232156515
131.67398119623786 16.468895439601795
96.31995599047464 15.59259545765773
122.76118016341287 116.282158949465
94.34238974234447 69.95694050380114
142.76191752514524 76.8515549377273
111.74247182731523 21.538814544962243
123.84776958539801 36.32899732196377
116.7188105062463 10.93719218099797
75.93770404188439 5.543928367643932
170.68913669510124 -14.851941579219416
103.66301588735826 14.407219182074714
112.25807907517346 12.243472693496505
93.6255741250976 -9.826097773714528
99.57067451757744 44.58049108946848
131.29650277214617 13.015241677997745
102.92671712924333 9.563166799644925
122.0004048329261 -4.873710284042788
110.42783715055634 -21.80792023103915
90.45691948694787 73.63767623765126
128.4454359651699 4.95006914602646
120.31842170293956 -51.415818028676114
95.52866268799951 51.93084872303492
121.52532516078593 15.20576729397834
106.89507103352722 8.495139094527463
111.88396938038845 -6.769103906338233
105.62268709583415 106.74438991069466
85.07353474413769 -14.241325641206963
76.9644128423784 -18.431671942865453
107.28019679616068 6.170161916315682
116.69353752986115 36.540986604609806
104.87292684602185 15.544738447590905
116.30680594934586 19.71345095665509
114.6867455831064 6.5803763439626675
85.21767252034749 6.745671004985089
108.20057193994909 -24.499333719955878
90.57380438925546 69.56591666454754
95.43186104327957 110.9269767057601
122.42008729373767 85.25316758719757
127.66427843908333 91.84231872425869
103.26449290246107 -35.790348460245426
108.60306813611498 49.47807975128308
103.66934210376027 17.85162454175212
119.91906002405216 66.23159451544186
121.94552466491832 8.800356356944736
93.54714093108926 49.600973684083705
168.42322105102178 19.18917200802763
110.9685106874658 35.68483218965623
114.4480162587308 33.57826414939827
114.43522481187992 10.666824688399721
70.16861423838093 18.358922365031344
115.58066469084524 61.60495077541988
146.24956694258273 28.886826113855452
102.00008800805603 19.79768505759514
107.57091065178913 -0.5878772508249082
111.94098021703313 19.91329768156571
126.61935675448862 5.363135759413409
97.51539987802704 17.725435538396955
136.86762069511366 23.554418202744607
101.39872594075604 -7.003248843212396
110.98096903961603 19.341761717625275
122.92898179202281 71.25041074399702
103.53333344069607 4.486203434160157
28.845995181819283 -3.9463455291664027
114.04216671138215 -16.751598176476964
114.55760738721756 -63.59506035831326
111.9526515693089 14.279401547646865
93.86627633090743 49.5079285467155
83.83717102085976 27.958920500735324
89.06752859417226 94.49396823992817
87.18432818285144 21.272242284327827
161.11993152263778 36.04487541457396
85.55480441740116 11.84021790706526
98.96680072852239 22.214645737405238
119.36826111009488 69.79489819782341
108.43266724097745 17.35530916225113
97.9379098012353 3.209681020648696
94.49307208616911 32.07981908831944
97.05799103964597 57.639390226557886
109.06729986240607 22.505750244186554
92.2278370642114 63.46175426081381
100.28801833783132 63.55231297415459
118.09742970795085 16.773381705372568
106.97972937666725 63.78103071806212
108.63490043674976 5.746725302475176
100.54103195378687 -39.41786710448234
117.9124641531084 18.80977622177101
109.14568391882871 10.653003974678189
100.26586797734369 -59.19705817660113
40.978839435654145 2.452731626347947
94.95548718393512 84.83414557339296
102.02730488788694 10.487417734495963
85.97274790759475 50.30844721045663
106.58159981387321 15.89401511421936
99.23749178451479 83.1491570283277
134.04326406442928 68.0041941405872
138.93925231729767 -0.2899483861592076
137.13166069048054 21.992567905473162
134.7556600943498 15.351871962498947
111.42311194206046 24.365733067686204
120.8264457533407 76.33168809616014
110.06963472483501 18.89448808349242
85.70119884445359 1.803449810018424
108.54151784055799 16.901456716911337
28.083085009647533 -28.11108328304111
155.07739416242 106.62703010606455
89.83503572162934 85.93157409404462
78.77975825858681 -29.520643927864402
86.76551642071327 23.427065499510935
102.74463746350868 138.88991117094758
122.63225984145747 2.097234367022632
108.52547567047489 31.771153095581756
90.4827599397638 -41.69702802217371
116.73833603215031 41.60091863503812
77.09229610582571 81.07734214062985
117.2979094573067 39.571630535015494
105.19296268240223 -10.23427467964155
111.01701955741318 23.04177751399521
109.90898298099809 -6.192012902462357
101.75595920751968 28.85259874547793
85.88773400184503 15.520752506521207
100.11281271757572 12.667218765539687
87.93173142169772 21.98894381443891
121.61112405905041 20.023947488909343
116.9285757839327 15.766068454742364
100.80906471431342 12.159960564381276
101.08286537642763 -1.9642309510835338
110.48020790770542 -6.637369147445792
100.83155625749305 8.56524308206178
111.23165977947971 5.696853717404618
92.29506327290349 4.906456129271081
111.62539006323215 94.79508988125801
107.10722498437431 4.02029176016126
123.84414243606982 14.445687989673146
136.34309522697646 25.885437144608716
124.55957681537176 2.6370321662091585
107.225562520766 7.674941709286263
108.47257354595942 30.268552067451683
77.93377819943925 73.08670189881174
107.19597170603126 59.025884527634695
102.3117984238455 8.13934491259651
91.71699233777919 -20.158056856677177
107.12612190821015 6.831674109381497
106.54070310205017 28.600169710379724
124.72750937435748 14.095015008320571
80.71665522678929 8.73165406275717
106.44660236670144 -0.6635956157145853
106.7517723025529 11.719381844403522
129.297811517364 42.91025535093593
108.15900174204022 10.541912448226268
80.3888676020479 82.6867799874205
107.063245657888 2.319659849050977
93.27072697450012 142.43795384186373
113.61828010913023 -1.6586110250124264
104.08312316359483 13.47399205898881
101.8891436681155 25.39836739035228
155.60314115836601 104.79791470309245
93.76304802992104 7.350373072805449
82.1686806485693 12.166883377473251
99.7741679832604 64.31000741761751
100.33484454714058 12.161349493223504
73.08685315524177 15.927688513507796
110.1876936244803 10.34345368658083
106.90329558802321 5.959685468241465
106.80972934219837 41.081403525128266
97.94131171919663 27.436481857681926
110.05902313183994 13.652533768675633
88.48902029143098 83.54024467241825
101.29673865646562 8.603360920123052
111.45387332541424 19.71353066681374
110.88022116351688 11.524667250768058
96.61837209649464 23.06416508337579
121.96987357570691 47.82555733160281
114.47012464498037 24.76661601828723
99.76435083758322 -5.681328704757316
174.28152878356894 45.58798537586631
117.09613108010804 41.603427423659035
94.0536963174131 155.2114846355627
133.64184403117196 20.015802860393283
106.82426136457067 9.938988295704853
99.24347728007416 20.12382344170904
106.80473609563462 13.448940423767786
124.56346549037335 44.882001778268815
104.26012316396434 13.663255810873014
109.52891056356783 -45.64827128245433
107.01119147838055 25.651506933672596
83.08496870466382 42.82244020063596
119.76203931262663 10.30866894060104
134.78137838556927 61.42775708665908
97.47593037894224 38.32234569330997
107.54107368633233 13.183118207817797
92.5508472562862 12.964865222348958
112.93071587801509 -5.835044251631262
100.65715585995557 12.418169355736282
110.19588066074064 13.92590094305168
107.24405174528054 -38.98874271790821
107.56074422124517 116.45852250390858
76.59534411997858 20.665225126403367
122.87207672014091 18.48407968552173
105.56104229957569 14.125399466160763
118.21796524931537 75.74037724782859
79.79735236325007 18.18452478558018
106.44899156453853 54.714213170142585
104.76218630300994 16.636384935056693
107.70169612474184 -11.545553734292058
101.0648779098287 -49.43063907021979
68.87702102284617 13.098659064607759
120.6308683319472 62.087794613582936
112.45553192437067 31.167327792317195
99.76233630683836 43.01624299707164
107.8276195165316 -17.439356623280567
61.77943556404829 47.26440030499595
112.34085750516421 18.90825876285934
110.01404658067271 2.905681512893687
98.80596964237118 24.7661139775276
86.81737637822187 16.843913140760417
107.693474073716 -16.892303864531137
112.30315215497913 -18.85466544810223
92.75489406479375 58.58114516861693
78.62636939724331 53.67182652015096
114.54278146589311 23.65895150016269
129.81766895717593 7.767116673881756
106.76066697022696 10.279521203288422
112.39467980243339 18.289368544664747
83.04637311190747 7.88022131387975
65.92970137376095 -3.4457618229960385
65.75582746702032 7.0326528714470005
122.85838481598618 52.408534828891945
109.96637522134041 61.46675836031956
102.62328973017054 40.08921361340587
110.32277677736539 18.657786485919114
129.7075329518727 20.46356889275646
111.57557457548637 94.69698487483907
111.69527785759118 17.260563199827338
153.57010064163075 25.60263138976529
101.75171306934503 14.364406444963722
106.33778018470076 70.8263020413796
106.81932612499777 62.9859650785377
117.21426521117748 31.619820976192628
109.8467305798096 25.776939199993304
107.67242368588212 10.939816763972482
87.25089603163501 71.70625601452387
85.86919105897513 -28.445415404922212
81.34642966299786 34.22839232799835
116.59864273214059 18.27990080377434
90.8064652800934 24.00575432168873
105.62058741761683 65.81517181869755
120.48021103721953 -26.69098966541838
102.90373898612054 24.971265336274286
94.37120496219963 11.845282825813115
116.38527656877129 14.076400509350925
102.29418867444878 43.36018941574149
112.87375596060514 11.21321639234135
132.98062336730567 18.507099732663157
118.79192394333866 7.999532596536682
106.25478778012052 22.24248505816262
109.91159143948603 16.647454841978327
115.29519334474641 100.52200023608145
99.27196490885306 42.36783443155515
121.91031650000033 29.265568181161022
109.97422557848682 21.823550871403945
98.42569562840958 29.0286119431274
127.08274911624875 9.863003349943739
107.94471283155784 32.97985254506399
