109.33040881227053 18.92654935975791
133.8954953506707 -2.133497922700984
99.42028546986799 27.08761070990699
103.18696647254725 190.4585212532414
90.25819827551604 -90.43826424414438
111.98946564185509 -53.66256238651892
113.55339129133426 -22.295229688973777
116.9949376675994 28.59797658747209
71.12314594930845 5.089627677899324
91.41963908205868 17.844951558513813
108.41837435562833 9.34115642156962
92.51586391626293 20.769403642167962
110.78735509564595 30.29830963896719
76.63920954698206 -6.607163359629203
82.93958958895479 50.392709093332066
90.73813473838264 34.957160253026956
111.06452063845107 -4.336583717772717
106.49765778290705 12.932949698397733
103.35455192432295 76.73971114941787
102.59134152648039 72.15457812940608
85.49583749468772 22.550942671308974
92.60396782592842 -17.094608169118914
96.08249813414383 -13.096758087334283
112.53497666484468 -54.457343830268904
120.24633200930418 -24.10484880374605
109.35269059193719 18.121056305437236
110.62010739024112 17.779615032089325
109.65584279339244 -12.426387094467884
97.96532345785909 27.34948498342806
107.70086466980446 20.440980450044233
115.28422489615633 95.04653510314178
108.30321062057398 12.92399477780617
137.35100892413345 21.16815879519223
136.96251731294294 -7.3302444420513275
73.17621420623999 -42.90998614541501
110.79815314547183 55.801486419071054
97.77574356827562 83.76470850460983
129.41151982955458 10.437623938760762
120.0111482974294 25.052102894358374
83.4007686121647 13.862566394475278
125.64310804620843 46.83836742625788
126.56773822138875 48.63429627152825
141.81551909649718 77.76327439925373
108.55146776947215 19.935340134744127
127.59338278432007 11.237482742635661
119.9850377639431 112.43864280617638
116.92150924731438 0.7528631927773137
112.45208198424939 32.315316320887995
114.59321799770261 4.033853049189465
132.32634870211584 17.18052430565544
77.95523406891867 15.846127344068345
100.50568114046453 78.26113372575826
54.262548266366366 69.95175998562897
100.13817058672893 97.25627623598432
107.6713375548329 57.986670230184544
107.56166849044708 17.357168607174142
105.61858745292244 148.92190264717
130.31261328058335 17.93352524676474
95.38892839932623 16.320384167615348
123.95463829811919 127.24012807998947
96.37308464366735 73.7956137931711
140.88396747941093 77.50704974273631
110.92720010166174 23.61093340720111
120.82495764569552 39.016003198513474
115.4845742948304 10.794385199320505
77.98474198471861 9.594460282971804
166.97109838856275 -13.621475699290194
103.30967607594995 13.805022274649033
112.96558190820703 13.625745862122917
93.1949819658756 -8.667214913296625
99.57998936116326 38.9078957036831
130.19482418842836 13.597209138639805
105.50952563809318 10.298434065026253
123.25188533364235 -6.6104162458966815
110.44639497192176 -23.272930416479745
93.35603444911354 75.55527072772568
125.51694190170444 6.769752391006117
120.53681750631605 -54.41766897880905
92.09016739184932 52.04205757781546
118.23767870385251 11.480828812714316
106.8512832232163 4.352348230409513
111.4810487012786 -7.008170398938352
104.32237985333087 115.01811329975109
85.13880032208141 -6.175032740517629
80.69873719730468 -18.11853847123185
108.01126128826823 6.696427921811707
112.42501039513749 33.698558632592366
105.08733859783764 17.28897090377474
115.42876607100575 19.670390637736944
114.8296667779174 9.898086139168395
85.94611507640528 6.743145498211962
109.92826612962989 -34.609344015332354
89.0126810528489 74.36331323658337
96.12735776639124 127.54987703164788
122.72472426924186 85.59722780763873
127.65461310912424 86.94467568988367
104.10538250761529 -29.223024667034586
106.0076491517458 48.625255483751985
102.83923285811153 19.45089662404089
120.77732214232654 65.48976011286217
120.4139473444193 10.713547043424906
85.7512559309554 54.558137762604716
167.74267420454532 19.074798326891237
113.28375199626755 37.587512964796545
115.25301455674776 35.82044330858865
112.45073494221863 9.493396491687143
65.11188292916141 17.90875243908924
109.08140221243002 69.04000099408331
148.22185283263653 33.64759398570646
100.52957155997828 19.837835052002333
107.53467075687041 -1.0512780318943418
109.12034750610968 19.247637251454123
125.4613774751585 6.126750789602097
98.72161487729018 17.12083005870546
137.68890649587885 20.622665771180237
95.18819309402178 -7.322883349014368
110.18887537506652 19.429812091795473
125.7804579000682 69.05536025003917
103.97675439558184 3.870180636376244
26.227142941601734 -3.30745581596426
112.08905935923946 -26.991310833266454
114.84862939563394 -61.32402357906537
110.07392299834613 14.869346012235354
89.7285087537839 46.910956922508234
82.98024764991676 26.291150988353092
89.15432282683771 98.96360332258094
87.04600910028009 21.18873175833035
159.93405941480142 39.53379274160102
85.74528880440405 11.091312153740665
98.13832960293976 22.629413030038727
118.46741383119509 69.97979939884299
107.35972384146031 16.44829244126262
98.59826030698751 3.9282390172615407
93.33206870087461 36.553535627460704
91.64043221316354 56.39692709649237
106.05581974163667 22.929876944316284
91.96559759083394 69.12319062667956
101.3054229174211 59.02490454444867
117.71619291637853 17.145997334049476
107.68192966819186 70.8548644116315
106.78191473115392 7.837656707927309
100.83927005083615 -39.44798571787033
116.99442985179031 18.898263123848007
109.1863923708247 12.95641956932066
100.83139986506262 -54.958797197450394
41.184562050121414 4.651533899391083
98.28045747006955 89.98022994263721
101.1784104076856 9.906759259154846
87.95475737724145 55.633892421033245
106.37147628462894 22.202041476197365
99.60078323996824 84.80291962706963
132.84185948605653 66.87959551220324
134.59088336361248 5.039844546291093
134.78496355394986 21.67421181862863
135.1828313213635 15.1226775936167
112.08938772490208 31.320202439927034
118.62532405734002 77.1855544537991
111.26383128435069 19.6672792942773
91.63521590231424 2.07686361021857
106.68839541243997 17.537496652692177
31.8448746891054 -29.059606754228387
155.68220053691456 120.38590991950707
88.31997943352619 90.1059780168202
82.33659404583676 -30.6111739745844
85.47703061662871 29.079990705662993
102.95791361636785 146.68971108853302
121.09289335470153 3.7938505317048676
107.91395075808838 34.00844610367843
93.60929831608046 -41.270312898810275
113.14944971196128 40.76391187291987
78.71623965285902 73.01713053099911
115.59133948690446 34.08682340282103
105.96194339470253 -1.07155398654999
110.39945820035858 20.601665841859397
109.91429792044089 -6.527133857891675
104.34109248922037 26.784431693620974
85.20341400139118 15.360252363036563
100.34049227511811 13.859507799165161
92.35764703993246 24.715763674436783
118.77055578062104 20.03253082313116
117.48853176146831 18.59672353997266
101.29142196550802 12.2788943617785
102.43787877479481 -1.1238004084431465
109.99150168045679 10.867335246580808
102.38931736982586 10.311834757882018
112.04205831169243 5.48555669429609
91.25371944812284 3.7676391659530344
106.82342900806456 102.1578185598469
108.59791492309311 5.696048871705228
122.02631006343327 10.731799942323304
134.92783861582004 24.868394951864158
119.76230344913616 0.6551629992672636
107.36911519665361 8.019776709710843
108.44516749670827 28.72251651031369
80.88715198106401 74.10850946920516
106.85797210015748 60.96496359582577
98.87455962978201 10.230932894911074
92.81053794656553 -23.697353075535336
109.45991665361883 8.762448732591622
103.39034128991983 18.25730598488986
123.1089556652496 15.493083426616126
79.89578727730907 10.058892268016868
108.09904693760208 0.5088439852214333
105.62300679903397 10.902324470529917
133.2279164991898 36.35067821767809
108.04707437842991 10.427507894110684
80.57241596511018 92.88092829085339
106.0048816868504 5.669805017424643
88.8566773083859 142.18758143533833
113.43212298896853 2.331976823645759
104.44813401850399 13.003372514003377
103.20197212389586 25.07710506853667
155.70391612566468 98.68257752436612
94.5250886644095 8.547912709479387
83.78945053654076 9.233660162572189
101.214166520876 60.867605025167826
98.03173071468147 11.544397824680084
73.52708251783955 25.112467371537804
110.24153678544772 8.471384453636865
106.82766655907848 8.656524368854773
110.16715007448217 42.751980596267444
98.94819846137358 25.010985984093722
110.0784837019266 12.414299903075626
94.76116144781732 90.2601922002056
102.73739876052296 11.56700822611083
110.79874328275426 17.7597050959438
111.11436258913574 10.730571470252901
98.43405366687801 23.143003357162364
117.94249241416134 43.22344893995013
112.67693845325851 36.66457568067376
100.72213924624143 -5.869526127502095
174.12042203905688 41.23386145050772
118.8690069132216 44.067999498177834
96.14963641416907 157.92606621297364
135.99749695685227 20.468718684414647
108.10599969964125 12.40961311920611
96.83381470569732 19.938224407434376
109.93104367481746 13.735473935496024
127.45582259658356 56.00384734968887
104.76603243406886 18.452313057542437
109.7447997290535 -42.30069969187161
105.98372052872644 26.792600604632284
82.45077158805056 36.48415747305241
119.53107700385455 11.423438987726012
132.477686580945 61.08555480666834
98.71024546952282 30.48261007779538
107.33170751519174 7.37007179350729
90.63587233653621 11.564006767452984
111.08319130779412 -5.8860445226572145
96.72502260436848 12.283436626782182
107.74929207765311 16.889794489884615
107.2270210205522 -33.43135203075736
104.73536661787708 116.37187533577818
79.39575850332302 19.262099464539954
124.69191464192335 18.518122499730783
105.75751445515742 14.382068044412843
114.56863277884723 76.15766332002809
78.26495552534115 18.124915724310537
106.80584586367154 50.513655192007114
102.71403079942046 15.94957656750068
107.72434920076655 -15.003018425538881
98.81599202985454 -44.37041894928847
65.39386205093358 11.146106013487804
120.56886947731297 63.567296351100104
114.00003230448182 23.476077821852936
100.84956783998732 39.8489817198691
110.50649958798897 -10.744832514524498
62.116323058259546 46.70295280898408
111.63016503850316 18.459667942159836
109.99131631979647 3.767186371799518
100.01195143306522 23.952879960094528
85.89669856833517 15.770255546077145
107.02320178076941 -15.570491469015712
108.23616633211259 -12.089107039152697
94.60257477511976 56.177947775585714
86.55364107172677 46.97613156202129
114.50292946344159 24.88269201254678
128.86688532761613 9.714439381585859
106.80738155106432 11.166773839746922
113.08061204881302 21.655870833133555
83.35377713944457 7.040808762333542
56.224131437604555 -4.305182495865532
68.61048736790009 7.9534769470300875
125.14426792881419 52.72853544620018
109.37835084337604 65.55566778337658
101.4650300185774 38.82037187785743
110.97191750821112 18.72948862886175
129.91782280604218 20.47643317882456
112.97615452481092 104.55292730562425
113.61860912013026 18.368298197640133
152.76863743107788 25.995669757072534
98.86952856955833 15.25506378766097
105.58429836416414 78.63339544042876
109.2241063053522 75.40934995633982
118.06791887849933 35.14275122877777
109.84746720359553 24.582866455245924
105.99711897389183 9.647437030157292
87.17940771978265 77.00269705009767
85.57799934215022 -25.952147947551808
80.97195756270386 40.48994858815026
116.96757198383936 18.227410133610636
91.76509313955441 23.967898540290225
105.9315017088794 58.70029884934338
119.15616137761586 -25.212267516027808
99.98896302208612 29.80352417818246
93.40266455984593 11.544307587665761
117.78932218979836 14.187997159180725
101.8103618051269 45.32522354058079
115.58874491763686 11.473262609998894
137.38781966529467 18.363838965265412
118.58665230810075 8.70325983100258
106.08296482102783 25.91261348126294
109.94955590457178 14.435608539514126
114.52430472119666 108.0975445896634
99.26664281858118 61.399375931115884
117.81146143807844 28.354978025599415
110.05974721146366 23.6082379279303
94.75229966113153 27.713877285985774
127.26412393875817 8.797815473554147
108.8640029860997 30.01520027509093
