105.47521171551976 21.200790621264673
126.31567988082571 -17.196803717178824
94.23406624040155 123.95958928908053
106.27946447329327 157.54497471657103
98.80936748573716 -65.48216507697784
125.5237663736646 -13.143173569174078
108.62841887255155 -1.2742485949117102
112.46312469211772 19.46557771177441
70.8074199979309 4.32164737720146
97.24954806990756 23.4029845723552
106.7070528161108 12.955194228924352
84.14029614152832 17.7346080332564
111.94585856803873 11.87220317219126
98.41221496334082 39.42135593094136
102.4653525599751 22.74779046646333
117.4161267374848 34.23079858137632
119.23884925025074 12.669596230508153
109.87374409034894 16.874646765370898
105.85582560455788 116.61520353032942
94.53533858645082 52.90426939875266
95.28460033112695 13.248974264705632
105.63051663097784 10.176018682696586
104.96437332559567 5.016008269266745
109.51744944867737 -112.59763265004881
113.81126713911586 76.6951689835479
110.66929949440308 -8.278718580014512
112.2754617006545 21.61174569145736
109.56425289215284 -18.988991982846088
92.6923387312703 40.009945119871965
109.05189495930581 36.963254711736376
123.64833938506135 126.8014705661678
106.99319602691257 10.885912205264322
126.9372502496029 62.59085073350673
125.63881979000854 -17.808034698794298
73.61039902665512 -10.69007608799989
114.33633938050421 49.81437420570463
116.65227125461422 96.65479188319719
115.44896263849803 9.752187345984368
104.12628690496278 80.5074112391024
70.64754366596244 12.295376943957688
138.7395586747594 88.82584077669638
103.5629539960033 76.12310676320375
146.28216484900926 81.7809801592166
124.96089201519986 19.407101464615195
116.90034899624625 15.651508533808379
129.34520433056704 143.87658955614592
115.69619457662628 -7.955761562970415
109.5958375169665 38.97258670017641
108.80533531803911 -2.981699647875087
140.56355342763254 59.65390423768309
74.7981721630063 10.814523315146213
119.82311255224272 85.81729562512919
97.3281648084604 105.59474918516896
110.49431667836699 76.64797971027792
102.93413758244444 98.51117837850562
109.06113115031545 26.172596262175205
95.3496865523645 105.48012005563959
117.87557435278825 26.51797686482106
94.11509727115283 21.10294229547194
127.82873920157203 188.01609582737595
110.56436550216723 95.62942304496983
124.42149689095918 80.62041069176333
106.06327202595551 34.550160175082794
100.9547229851575 56.75381398330693
107.36854189791065 11.330729022333218
96.101348879001 34.490304247649135
134.47313478446705 0.7962383579070496
102.69233440778794 11.365779035344318
116.28103941362563 22.32956689079871
94.14664559560218 3.7354321672843978
100.71799182421162 14.383023956411478
119.96211260449991 17.899546360956286
121.02764398776552 16.134962831336424
127.50229486236867 -10.342801330590488
110.38397348350053 -23.618947250433784
112.58108044312306 88.83578723434228
105.90600031961273 19.15292977040802
119.25896785581982 -45.35969320437634
75.23534151082303 55.828481431148504
97.71031490858284 -7.050415925833453
107.22374682894834 -9.10806197054216
108.92138609437997 -4.05663190876707
97.62367857515027 149.00026122040558
89.18001918806924 55.203153745545094
106.82908008271534 -10.622584656297319
112.45291229709667 12.16733246584401
87.84889906826243 29.189269461261407
107.33588652042734 27.566241293999596
108.89996514731084 19.38747699418895
114.39601003385802 30.468569254345102
94.7476253024484 8.469871476540636
119.59427741040176 -72.10919208061958
84.27369737453299 88.6843477607536
102.35780525839218 219.6378576841481
122.10680232856438 86.88023987456604
124.60410141481839 55.48964603064897
110.05373831360983 28.280940210262134
92.05109429372915 48.249111003183216
99.63585114319008 28.554505194302607
122.53051133906695 63.5746965094743
109.61214811919687 23.18588326200061
37.67029981555168 74.39714068162698
152.83832287515995 18.43999825500186
125.62643933431808 44.49069240324362
118.8906744064364 45.901367522526996
100.57189877309392 4.918815358298973
43.097226419936916 15.669695259836635
72.59701091805485 100.83394358296557
152.17570329029098 57.16767326003558
94.59961597563638 19.952868730368273
107.68882152427913 0.8581963404043985
92.91159123424964 15.459112728317358
116.91092971363418 13.399868789521761
107.57418927329644 14.151862567583736
138.51867257230282 8.52916201682039
64.94528111318456 6.347929411897535
105.56277103668137 19.95280433719485
137.23774905076863 56.76435454215004
107.59679563900085 3.7117541677905663
17.48408069477985 5.1355126150662285
100.49899620025367 -60.12810039678926
115.23376923211583 -27.863981934415182
99.31243504342163 18.986415716977316
71.49055241758363 37.02500452878663
83.59075281663287 15.327936045737388
92.96018164962466 119.27884487199033
91.43354206116054 20.354010267679797
146.06542502734766 65.30308776497253
90.81887937472374 8.37651970938512
96.33536295007973 24.134960193543453
110.9123817020143 72.78391213445329
101.88736089604296 11.747263414751341
104.8731298570557 11.199646533951105
88.56989213175365 70.23236131012402
65.82246691417608 54.178407201107014
89.81796918664945 24.41369862509028
94.22177906017497 101.5524654842892
108.56245737380529 24.799219079715634
114.06765951698041 19.745201737454767
111.9619522124713 100.36315993609044
96.61112183958133 27.396218099330877
104.2842459239641 -19.174524762669456
110.23793334188255 19.500623253346884
109.55279279904688 27.224415018918886
105.48100582503511 -15.3772118670859
46.26013407806801 30.706701465093154
119.63931937328411 114.51727373580047
98.24098155077486 8.608900127420577
102.62729549140353 88.30484201163068
105.70769684504013 64.26545162776422
95.01127265413145 90.59150395631497
121.30315091292381 62.0873671664944
105.11026686805327 47.95339559546099
118.3796243769742 28.521974336652523
132.5692791557069 14.9272719296811
115.28074040098792 68.4886032072123
104.2473444117815 79.37521176327492
117.64648121369318 24.00900680244633
129.39274828634316 6.591331981940318
96.798127512537 21.55818008278615
70.31057651507376 -2.213339651399786
151.41104793896577 197.8727885058651
83.64484170667907 108.9608926645558
108.20027581962283 -13.74312134927878
82.65798714009674 68.91400367563179
105.7017831526225 184.9713801962003
110.27345834393049 16.220324740938242
104.98380182911886 42.62870233269715
115.46488702979944 -25.141364721201754
92.18346995045732 32.18701965680346
94.01981009449355 25.480963035204034
104.63254424776729 12.469189348589945
111.3371106357295 61.84025208523146
106.80241751500145 6.711132946958749
109.92810120915479 -2.2127281510113814
119.89170528689395 22.962637102794687
85.38759051821059 15.206533878844303
104.26391624542045 21.727583408023825
120.93131102207924 38.91539195847094
100.79236930416461 19.902877850218424
118.8166644294562 34.72508010600021
105.45969396780498 14.486225498068675
111.5487987436506 8.300003194446264
107.26506424397596 111.26390873177273
112.61956914216508 22.050738878307026
116.30204460775664 6.961809050140852
90.45712006918036 0.12077149241451113
79.962402905656 138.5584466675757
117.34388564947216 18.132407189110122
109.66474527928628 -2.931764141259387
121.26964763373468 18.07706991413479
90.45268026575313 -6.168105299987757
108.52521867149855 11.856074062244236
108.5891081487012 18.131097406453403
104.63792327111724 76.39937307826298
105.66109092311143 59.47171444388089
82.74636778792319 23.66331423653685
101.8920780817033 -26.6819837466051
122.49230893690488 22.212234805556847
87.05776392566565 -33.47287643663593
111.27267726270739 23.9683807254998
82.34954389025955 19.61304377814706
117.82534549913515 10.844506997094264
100.04639783147083 7.791228803672821
149.10170519541822 6.56777011103326
107.76832883047015 11.811836425639962
84.80193361555541 142.81100184971527
100.91212074046321 28.172640686998946
68.87157479851204 134.8526390806707
111.62671760605632 28.690585076921536
107.51271956413193 11.390962243344385
111.875766772025 21.859366394127964
148.65149028660915 63.10417168004318
100.88492257572703 17.093705043906287
87.64439961188477 -5.2755464105708825
111.05372020061235 41.15231143879361
88.30302674813977 9.819609445953596
83.34373119437066 88.8859954425409
110.43314847257332 0.8814256873620763
106.94109782303366 26.022578436660904
128.9219203907532 54.5807392200651
106.94211516903941 25.485877219435793
110.15149412815745 6.873014217583118
133.05679644923717 124.94328809004068
112.77264762420921 29.774862861683914
106.90648179073206 7.189065813400354
112.24921761736321 7.315920846090884
111.28198946699918 22.945272595671334
93.70073754915427 21.919506800160953
101.95629872339755 110.41764899167761
107.96987295875434 -1.7552566616377667
155.85276673254796 10.66727248014826
127.13587945502645 64.33219533629057
111.1802876915 165.17659038039193
142.4357504362307 29.63935525840071
115.49742841070146 28.006409250899225
85.0759151249837 18.844989560194588
127.36301717736619 16.21401442721973
138.86331187229177 122.04450335900961
108.88341036634178 45.77481983893598
110.87206311974379 -11.194035045823835
100.75573818567577 31.81154946173474
83.56908072231266 8.907363401772411
116.26079218412501 19.523399790121527
116.17781558415794 62.37651498401641
107.54908382405523 -16.479883971402934
106.4202294703385 -21.587953223420314
83.8741932057214 5.068243891347722
100.41707659575458 -2.5498768105544958
77.43584056393198 12.637645951143096
94.34290129499816 33.944717889215475
107.61301744891306 7.342326663460392
89.78012134611546 106.61842657247163
100.04289003143825 19.05106123115157
131.54186680293398 18.775131436096895
107.54955031930069 16.64781201928153
93.3656459350888 77.41408670834768
74.73369332541341 18.017195005842638
109.35450993010319 30.027182094335583
92.28703012310238 12.737079713105278
108.24918208709155 -26.6738661963341
88.91412024589899 12.53566119114537
55.131184719312806 1.0561984697907416
118.18379545270827 71.39304920380536
121.87914279966085 -20.792047620334195
108.14989776343317 27.46196052536903
125.33854693386927 39.05289276438587
64.9538750431239 47.585636873101585
107.26178019297264 16.24545491249951
109.82467486595442 12.420451443995024
108.32144508701181 18.50607099520358
85.39335188102092 10.403905209780678
103.76062033952218 1.5497828263910356
85.01470501980522 38.23428399848397
108.38343964257746 45.045943171759546
135.23162007607027 10.672481792091038
113.28245275920852 30.873786170717594
119.52110573941476 22.632090011663383
107.8355323684564 17.641305408324808
116.17200236242373 40.7133848385557
92.88876543002655 5.159549834475909
9.062593493850796 -3.638361519237563
92.22316974881502 27.791827456082725
135.6648905709883 56.89504986138799
106.04193810969213 90.20529598720346
96.02784949189373 27.620120509120344
114.43650301431227 19.271041166705146
127.24896236481376 20.38512741998028
120.23033290610333 150.47409467823667
124.01662439471492 24.897908983895405
139.46660732478142 26.65298276008629
84.62265591629661 21.062260267052604
102.23901726250142 118.45140079128583
122.67023203144537 146.8412150810876
121.12160962385623 52.049138107497505
109.85158150160464 16.7557778005641
97.59137177174357 4.563887998640204
91.33163568234615 101.90159628926745
88.61516634098349 0.6509736736614169
83.5571587881168 80.01840435100769
117.14066240545849 18.181633762441855
101.47624874080839 22.785682774733488
108.76222628229984 21.281477580170012
109.72125191524349 -6.251543412358787
86.08103806685214 55.139565230259045
90.61078882984314 11.417582822713408
123.85683573908774 15.784574396183771
100.77684615070451 52.38560161190968
129.85844665530726 14.532459206043155
155.68149150370394 17.69683869589631
115.31471683736625 14.539612121781996
105.72170355129748 45.008171297453224
110.09830181413133 2.7904778556487164
109.1829407361526 146.1869120365802
92.263199872119 170.1974580620231
92.4726382104713 27.71546007349501
110.49355971610925 32.996178616404585
77.55485909024056 19.069454196831437
125.6412986904754 5.300332149491442
114.29425435304633 11.300202471784717
