104.95572366650765 21.52657460669237
124.33872648051855 -17.600061653616358
93.7170208567022 139.61889175809642
106.9624340451597 150.24318145497233
100.8609848417464 -57.52960769656024
127.25068966929022 -3.7126860909964403
107.79038837641417 2.934144497431568
111.57380487038417 17.86836387085363
71.62694315606116 4.734310066809166
98.74436418851035 24.25481855179608
106.48782996269003 13.907946025462287
83.43676356432445 17.255247119368978
112.07945552199442 8.925031355641533
102.7251797183019 48.82486738843717
106.12650622875232 17.787887608757984
121.90581309225131 33.52569224535463
120.30713381936883 15.952634312598569
110.46603457652488 19.308735137520433
106.51097196208784 121.44358691854296
93.66794071988427 50.287066439107704
97.59979988858508 11.776165295564669
108.04379384482483 15.241098696948647
106.69157034302457 8.583414905157714
108.97087866611224 -118.02791270485312
112.56677328059796 94.21049225307479
110.86310078030438 -12.038473470942659
112.46887825820322 22.20333292698862
109.5595214435346 -18.87904915687203
92.36723710472376 41.42460177588965
109.31153505810873 39.317807636965
124.75001908354295 131.15860500373222
106.85856837222704 10.928874007690025
124.35770677918242 70.35678142221343
123.00052914892596 -18.602112690369577
74.79112699168299 -2.5980838000046003
114.81209894371607 47.84819494132699
119.72907511551087 98.03289741522107
112.64774196392023 9.973771239604176
101.54872022647287 90.4696012919028
69.95284834041483 12.28940562052137
140.22191186922728 94.96334258340143
99.73602221908608 81.20624436943757
145.94815505574925 80.77861614579042
127.42568216303138 19.307103335248684
114.62701967360803 16.563984439332845
130.36904266172854 146.58321450421076
115.31922118575488 -8.600028822528314
109.10432519868633 39.55422937748515
107.80834317205482 -3.4177181413329243
140.6683843207897 67.83415628875736
75.90240898213965 10.220899690988514
122.87897927597251 84.98306165847842
105.45211021179765 110.72269899101916
112.30403396897795 72.25669478737241
102.40180791512928 103.29663664796014
109.34856928267051 27.501522207377832
93.95808846156405 97.66907474118466
115.40396563898189 27.72006806531639
94.49300545401263 21.86788135207625
127.93455466640403 196.34943064771005
113.00608529191143 98.91880835840094
121.01375685471542 80.80412925405801
105.32144723290438 35.939912282317174
97.69211573544176 59.47679164978923
105.99446288012248 11.641462825319946
99.71895244373994 38.492788050880186
127.73976005519513 3.8511553643641503
102.91130036900891 11.217854309100765
116.58064009990566 23.758437172093817
94.83802225289728 6.294517879996857
101.13077405308302 12.227995482408705
117.8473495115234 18.70934607418353
123.416665227073 17.354074559995624
127.7006375419805 -10.139224769075678
110.34838862998213 -22.377202414093283
115.86253723193427 90.80313464964328
102.58800327196732 21.38195669699457
118.73963193130284 -41.021000937029484
73.34450793266636 56.85559723669722
94.44734819337035 -9.223491969437877
107.37006221355107 -9.036168579708649
108.51484545022988 -2.5575921897948746
96.8845382527722 151.80566452833867
90.5631162364407 66.81316762668403
111.5093587167077 -8.585841563060425
113.14703602607878 13.344841947842852
84.22190844626466 30.117940408269668
107.8071739812605 29.127858532163472
107.7404252100124 19.338448499458256
114.10933982103109 33.68097736763892
96.77197646530128 9.079217603158366
120.95677717171856 -73.83483589312384
84.09582703795616 88.70113467158885
103.7056298539669 232.04469930144765
121.63979426709699 86.22900009712929
123.6743743801548 50.9708844893425
111.08009376091145 39.675740312649545
90.29864146014286 49.2669074338203
99.39399812159861 29.824327497282354
122.21676094442877 63.790260128103796
107.69561245682559 25.23004979685916
30.278433380111913 76.58509925782195
148.6475311707556 18.359484980053537
127.16594841388805 44.60524649848533
119.12810421310732 46.70305940685355
98.8795046372352 4.652171625437164
40.8975850078837 15.415186191920544
67.78104311191932 103.95370364891293
151.5790690216564 60.001409916319005
94.3106939266183 19.951482998620364
107.7755226275255 1.8592402359093017
90.61180816834786 14.931619213042804
115.17900041381402 14.894443937329163
109.23071533375244 13.846152599057513
137.77497129473 7.975653013656467
61.56271879285376 10.783962592977165
104.85058325648885 20.026460444432647
138.06496006248545 54.7397817934204
108.32917514548079 4.162549105540186
17.544113207177983 6.9526777816712855
98.76215998308956 -60.937024402763086
115.11488291521094 -19.72413800944834
97.73509326971087 19.72821667711381
69.99311913511146 36.460003496508186
84.81342227142015 13.501675637004698
94.24659307522074 122.18255281971054
92.97961109353251 20.170045480499628
142.5556095160937 70.44043380419188
92.07478811065808 8.267119350984045
96.46030463159427 24.20539877270592
109.51104817455 73.30727120052327
101.22466625577252 11.17503448973889
106.18118970019587 12.780368046982062
88.33312915152632 76.09940614460045
63.12412060929171 54.19985172151111
87.8018022749852 24.51638783395523
95.23276073745784 105.87892037779267
109.88992253594016 18.470563298125043
113.25881994922183 20.19875914040855
112.62572713916325 102.8070033431417
95.2496532088532 31.78324205538766
105.0940586775426 -13.1469366441213
109.02805409398077 19.6065520939385
109.62479696261926 29.42458345251585
106.38331469530469 -6.787965730274317
47.73979778289881 37.027858543958224
123.0668131544403 117.016268707324
98.17328185528919 8.702706226935694
105.4379429312496 93.24756727264275
105.74711496210807 71.8228119485482
93.570431205652 90.9615313770749
118.97468961663785 61.774610934524155
100.11742463356636 56.45481018588434
115.33595067282653 31.039203402608262
131.204605305516 15.064347204926232
115.603943925082 73.65923325952993
101.94243737634903 78.9276244549436
118.52041050817945 24.595796320660973
135.37395284370928 7.779957174519895
95.4532209401467 22.190326962612446
78.51396184536159 6.014707316975284
149.10598590363588 209.0318080827392
83.66443059766006 110.71472488674259
112.82031243388973 -7.5903541028114105
83.17890132640211 76.383382319147
106.34166793935772 189.52111247045607
108.34238715362734 18.526601642599147
104.59944176965847 43.550909244839694
119.21186763012739 -20.98951893437862
89.07566430545873 30.112972763528692
97.11275602916871 18.50445372995573
102.86204776068536 10.758978927936967
112.25212447659479 73.29369054929481
106.30535936342032 4.688451621605026
109.9275580605996 -0.676063006643139
122.25865313690412 24.363091007266153
86.35880564870827 15.305011455181582
105.18960974252887 23.02750047220142
125.59847400942044 40.74947281302404
97.94441300130306 19.84575124309162
118.73142039638243 37.14199619453143
106.37470945511409 15.013983192989247
113.08838314819715 10.361522311053253
106.86002926191561 126.04682371222154
114.32295259315438 24.028377834877237
116.83589156253765 7.741830737811008
91.18175692322751 -0.022856464913623364
76.25523038798316 142.90058944725152
118.62796919086378 20.380173226673556
107.43745666006384 -3.7626434829855158
118.41322536329758 16.94690361523108
85.99261844121112 -6.486655340410909
108.7581779577333 12.778660453594954
108.6454416031353 16.30284971688266
109.0743327196002 76.08371359625778
105.62789218870233 57.38954549913648
80.96882920622592 25.8723117915609
103.74744063211035 -23.190628317771036
124.40200833998712 24.507148435046417
85.00854046004072 -39.95964202167871
109.16696845875855 25.252512406829318
83.78525258575657 21.309462992480874
119.31736651522802 12.99054025824564
99.41533083873969 7.560100983286846
150.39420827640689 4.073292817859454
107.80189416422621 12.300279365598163
86.29307257396637 148.06393841204988
100.35862217103657 31.840582852569035
67.04078926241849 132.0293523822158
111.25563920192107 33.0336996309468
108.13418543477715 11.338217914909896
113.33741409113848 21.168245573444736
146.3150444790147 57.22992940582067
102.27968755489051 18.628492470911556
87.60414658818355 -7.077150239741882
112.73491788688334 38.629206086105164
87.4300961392784 9.883915569176857
85.72861321279403 100.17922608304592
110.44143212016218 0.37593426582341494
107.0399749508978 28.91334305021015
131.48709264056365 56.62184176605304
108.47856734326677 26.717475747140675
110.15675783452402 6.377817845567882
139.00582294311548 129.1856419958136
114.45336136200555 32.613087304356654
106.32952382568581 5.864182619279864
112.37478406433614 7.088845174855769
113.50734297924971 22.837080851123456
90.10888521823298 18.972507704194186
100.33974879415113 122.30843290682729
109.27690046036135 -0.18370253072558862
150.63726108545737 5.445894760595019
128.02892572243346 68.14987810620032
113.8016918721003 165.071017598432
142.48170814047228 33.386477716681426
116.53492975649041 30.5213087624954
83.8529866980225 18.677960871980254
129.67894999731726 16.747958089959727
139.73565497264687 131.64236795647787
109.63416929912533 49.79431075082701
111.02460852956808 -4.672708166727605
100.12376065255106 32.25703271918913
84.80407249900449 6.190980836364345
115.4956993435078 20.95299654856398
113.13987914114603 63.28329582188333
109.1906226082711 -23.559926498237033
106.32238356268707 -24.811966108703736
83.38678364995373 4.447992659551543
98.8681570889801 -1.1870114339061635
75.11182615093762 12.910231857429117
92.51485413987898 36.36203996630097
107.7743338779432 14.974954369189767
87.73944568519397 103.28149103620406
103.90431255991457 21.36672538716528
131.7731686356668 18.823329586770818
107.95491346784357 17.156982044192276
90.28965111659164 77.06081741737005
75.52003220522651 18.048726236288676
109.807029449953 27.11616408713723
91.09666199555453 12.354190209684281
108.39287687679935 -26.965403672003276
87.91994126384881 25.32578615665893
55.86757122870432 -0.38428746060764873
117.44148777947812 72.53438230213742
122.95021870577303 -27.318288438267853
109.48993730910252 27.185797987317326
127.38184528155276 48.95205676832529
65.59193102006323 48.09735009456709
106.55972570025682 15.987031756158835
109.79479522245363 14.202066946848133
109.86318239117243 17.59278568351027
86.16243904094279 9.83767154271975
103.36888968751377 5.275315941985175
81.7335850507126 48.23133930667935
110.86920702828606 43.73975066477867
142.75665131239398 5.30629554029085
112.93189641572334 31.470942862508448
117.45860567808886 24.8086133540303
108.07481835450417 18.842141447208117
116.5265567902494 43.32913643759997
95.23917073438582 5.333475069933699
3.7878504393873325 -2.672839044633757
96.68873711066144 32.59398743404198
136.65130311574472 58.63791462473778
105.58602939188289 93.93135594758989
95.58445774629574 25.377344564952416
114.8771039527436 19.371264923332227
126.04232304207348 20.332502700295283
121.18480935370702 155.1823885786193
125.48302447642557 25.877766642299854
135.69260595556935 26.545414079440526
82.88586126827317 22.01008600511154
101.89322758441094 123.28718797174146
124.38851972014817 156.81344984151303
121.18664013117264 54.089864469987425
109.85221075696205 15.466955697412333
96.67897270688655 4.419294568226393
92.7902579919769 105.03156015582135
89.75887223397139 6.480879541868601
84.81387621381751 86.88716805518824
116.86320380328421 18.21918137646634
103.38936121351632 22.446217233040453
109.3190538851573 16.440175585844155
108.05044003352987 -1.8984645557400093
84.23615227685742 58.17025821227273
90.79673287429259 11.688721199271512
124.38842195118221 16.192942710248108
100.90247879895517 52.42770435464376
131.64567832184287 15.228899306162033
157.06976640394822 17.640311811480768
114.5650153466389 15.741911786218198
105.7843026611586 47.48403200321855
110.10532178088552 1.2341463918145759
108.25449677176132 150.94281104745752
89.59569672969965 186.46315506009554
88.6660404035211 28.559576336600628
110.54707897815085 34.25230682737187
75.78684018139093 17.56106494546713
124.90717366336872 5.16383576247878
115.1148610778742 8.284656603298846
