104.49965945203549 21.844128584560448
122.23105196328424 -17.203971925621314
93.34751963507658 154.74289835639053
107.68020587332062 142.28747909511523
102.99358146435601 -49.27761406160818
128.78921640680696 6.219765699740053
106.9690586956299 7.288096532032587
110.65391666129 16.283631720002145
72.77864715411687 5.2298197035397
100.29010782870886 25.064224318145943
106.31904341436497 14.920877461007118
82.99885663103325 16.804563628376886
112.18157433235443 6.113763317462327
107.12995180592475 58.7628550868872
109.80859475431099 12.844745097953123
126.28949959695571 32.643870337325616
121.18300213030109 19.278274890486966
111.05649801432791 21.74289660048882
107.2058467163419 125.48885268304036
92.85570949523473 47.72995949577013
100.05961937861551 10.350567879227711
110.47541553074743 20.365169890924374
108.42737803845613 12.310100907087529
108.42588274140603 -121.89212505919687
111.31361071600992 111.29536119229843
111.05036517223715 -15.613208262565632
112.65074947633093 22.770364383527106
109.55781963565764 -18.16501761410293
92.3042886602456 42.70261331786428
109.57370817571893 41.3393846455576
125.7968247594165 134.92625038372537
106.75749217522615 11.03915196059196
121.52823161503119 78.1348012333337
120.29396743005167 -18.842763934266035
76.39383570901578 6.811779816185135
115.2207963799673 45.38923648154069
122.5946720862458 99.12041091232928
109.81677087320615 10.255534877362589
99.03435654040885 100.20227946511851
69.7121317653777 12.359508048792193
141.40769601824613 100.58451649300609
96.00277844382998 86.16008277164798
145.2418373823878 79.2012308758295
129.8018824847524 19.20725136888009
112.34414922654112 17.48998557167485
131.22851523902554 149.01967831253754
114.92855902160316 -8.934535516070314
108.62034255120156 39.765413734296246
106.82655564107094 -3.7256108015197817
140.66919716970443 76.12006199979345
77.31108868155714 9.707405192918266
125.78767739992259 83.67178645862974
113.60323650001516 115.65736878807576
114.09555263731893 67.81731747533807
101.98338479225302 106.60377849165286
109.638053082851 28.7157203313978
92.86672524336467 89.36169046393573
112.8283509169476 28.868173064520025
95.06100329126853 22.620148239970746
127.72773989864187 203.64107164240897
115.40588940480166 101.63255059991879
117.4844016580326 80.80526611478065
104.62852751727694 37.19598546487223
94.4906466478398 62.62364243924797
104.66064658187021 12.019798731677488
103.46962853389583 42.4916094067818
120.78694148092961 6.954338638577065
103.229718878397 11.128946444558125
116.8582560176945 25.15325690522006
95.63609703633946 8.990291092612859
101.59707894874242 10.844090755256625
115.72150963370608 19.528513933583852
125.63137925591313 18.60926497082172
127.73368259240077 -9.749124642182176
110.30815038375341 -20.65361709355341
119.09280139202907 92.15638453424997
99.32271136281311 23.59310497810651
118.0854206762338 -35.731173812904174
71.63677266731442 57.94183994050367
91.2656061620124 -11.300913000578952
107.55849104445687 -7.958317717325045
108.13629927907884 -0.9200610874399684
96.18952779043386 153.50441363817404
92.05096488224656 78.56221158547456
116.17444265324289 -6.301363491216282
113.78945731418821 14.603458006421183
80.80422420928754 31.29294391226638
108.30160739301033 30.583088279547432
106.60159178278657 19.2906601737074
113.7735748385604 36.711431899289074
98.9317183678421 9.798012517933
122.20549338156769 -74.89495198966554
84.02032837227952 88.48050885607277
105.15425664711385 243.28002508995098
121.01570137912512 85.2286685170092
122.66281823838715 46.850954845565774
112.08702381513591 51.47565361324107
88.67945405318743 50.67406718185941
99.28876191503124 30.985817427559976
121.74137264201966 64.35374436388155
105.80215159539885 27.236622996747208
23.21972781310186 77.71430104323264
143.7783836345426 18.28438876109933
128.49653379924047 44.287665656893644
119.30795832498492 47.20479819935835
97.30405067729369 4.543005256461105
39.06364494905331 15.191163527443551
63.33477668926962 105.96800840106194
150.2324004329871 62.10261646292701
94.15870287065772 19.942427629641994
107.8776006915552 3.0396428852045343
88.52383260583699 14.440217550321071
113.35265255612433 16.426008656662237
110.8951277985617 13.639445257558595
136.7962201422567 7.507055838352878
58.57276585104486 15.422180026163378
104.21314481078738 20.094353725541044
138.5063717449465 52.91667753257467
109.07148463453676 4.723807547808811
17.760848203132184 8.873332463009303
97.16438509953102 -61.10180769577936
114.9475376984414 -11.10441822194978
96.32243222958766 20.4646280087958
68.79533069554924 36.29953606253804
86.12216315886826 11.7284868310116
95.67893008657325 124.22653522389678
94.66199907549897 19.976967393770465
138.8046215623509 75.40060399585376
93.41751049180557 8.296330920654597
96.7512556221446 24.18596985599852
108.11373971490113 73.98708792710404
100.68571282539563 10.64795709133065
107.50773261025788 14.419636523311537
88.2638541952994 81.84747626424439
60.649531064070665 54.19778151242768
86.08229057143987 24.568393470085056
96.44779474499836 109.60411559996618
111.21265001883835 12.148988395445926
112.40771471107753 20.645700374194952
113.25928378909408 104.42630100629941
93.95267105385014 36.91507469912144
105.93250296765072 -6.068195297235019
107.82333285195222 19.710125325560554
109.69805634240025 31.529379275164874
107.30292886375459 1.9108299151133181
49.248553986773764 43.32019886982846
126.35416018293897 118.73993961874132
98.22757615628156 8.933780212916192
108.29810273411935 98.12570450801132
105.84211638262727 79.6109235440461
92.00952686350512 90.8911071769081
116.51475789182102 61.565206714260725
95.21711825587569 65.00203098741929
112.24641309629351 34.0994306789036
129.6976645519704 15.236991234061229
115.86284309773637 78.05167475710998
99.75342911282917 78.43306798919834
119.2218660158221 25.135142035397838
140.95921896843274 9.051962101636642
94.35534852805674 22.793321165006233
87.06174596057602 14.856086029236604
146.32256364472354 219.57218055045814
83.86254975037548 111.90294413334354
117.43172737458929 -0.07059737086642581
83.90098399031277 83.78032090314446
107.02802794255962 193.66438345619414
106.44373280988965 20.84169415899992
104.27270417465355 44.37404528893577
122.79443824907943 -16.154736691703647
86.11339851277963 27.912961440812133
100.33819159483717 12.421265583845795
101.13868012834816 9.589782825509756
113.15065615844493 84.90977628552092
105.87555275356179 2.735260596877897
109.92683227472124 1.0083887192666534
124.45872728331945 26.15466153788848
87.50292380577542 15.474507370205416
106.15733133596044 24.29904798879525
130.13525042297059 42.45893624319728
95.16735141537998 19.778695800854774
118.53464652884063 39.40216310985969
107.31624634687118 15.59034098377007
114.59264461977288 12.533220908941024
106.47836334961163 139.9611812755083
115.98363030541898 25.946158231631898
117.35524753937895 8.600910296714822
91.99236405802222 0.05963318696790361
72.90519611966451 146.24242195140002
119.81077253127152 22.61743876629875
105.23128511479575 -4.143488837143574
115.47985621936891 15.82832184465443
81.77922298229576 -6.571926687588521
108.9976109603023 13.751622106203692
108.71084231084129 14.499911812875043
113.5151269717891 75.5935344453427
105.67084767279027 54.91186313531901
79.52624887575011 28.01574115742291
105.70932833350238 -18.436046127274995
126.06255579779678 26.739503408185143
83.20023728041522 -44.92131816060198
107.06675047919927 26.46061065643726
85.58028885542747 22.999692586753202
120.75551576997891 15.207990697386098
98.89149002923045 7.428172596435653
151.22562820676004 2.597015946051978
107.8574898922078 12.79566940112663
87.98884852869001 153.12683914654718
99.96090318384051 35.42809898108507
65.48017849763848 128.1448281417188
110.8712112470521 37.212675891786674
108.77231845252834 11.345708112771288
114.74708637077482 20.455549270389664
143.35911340107342 51.407446677167215
103.70735842855812 20.168821655741777
87.70569653950749 -8.500858747166975
114.40452081787735 36.57535677530214
86.80601435121694 9.986596866764977
88.32897434119438 111.10535643094182
110.4424449853055 -0.008901282216831286
107.16488087325249 31.703152032162066
133.77011305233034 58.63410741254342
110.03474389354929 28.53871718548464
110.15945959042203 5.974141134945838
144.6399363686081 132.8938173513488
116.08304988350973 35.22462160544652
105.77209061343359 4.688212221394712
112.46726151048529 6.960774559528037
115.67584815455827 22.703869805519314
86.71168966163032 16.031368374472496
98.82360974153681 133.59906859551973
110.58666730566361 1.6045325641461223
144.99131904004113 0.29547994604034766
128.80847508639616 71.7983915836563
116.39654124258267 164.53824142120627
142.26913515456874 37.39834758790727
117.48010785508802 32.92184632015424
82.7381467132881 18.521683905863096
131.85569715294096 17.306939700247298
140.1595501435442 140.52688259716516
110.38621386038292 53.26663527198417
111.15737991590485 2.126137755692273
99.56050112798019 32.50563434144055
86.16180647054999 4.565980194564009
114.68747754257559 22.358546694139136
110.06345070319301 63.956731454766704
110.84101787422821 -30.36528660293323
106.24500160570814 -27.779129511940152
83.28650010361223 3.9330740806048743
97.42357303106304 0.3270125202772891
73.2329637915511 13.226599971683408
90.90805909230497 38.57482061168334
107.9727992064669 22.63615804929912
85.94220816941133 99.7455108153543
107.813853616924 24.644710315963916
131.68140879355522 18.872166700744867
108.3791924103437 17.69093532415933
87.35497110385374 76.32296147118122
76.90908354919502 18.0835649025523
110.2572617874342 24.391066634382636
90.03289329388873 12.025081510534035
108.55173837451619 -27.023293328002964
87.21619544376755 38.33548489368009
56.919410417132816 -1.7021361886542437
116.61297322189405 73.37123897199363
123.95447928945539 -33.48315127358637
110.82997642416962 27.3616596109541
129.15784576377553 59.430361325456616
66.39144929274853 49.100318585546475
105.87875697260812 15.781865782201084
109.76519713612709 16.020536290328504
111.40303607506628 16.700470731511466
87.28147383243446 9.322074969748634
103.01973973330294 9.068006471474337
78.71951711304666 58.4171987176291
113.34405658721487 42.65587291174261
149.9437411812651 1.1363695795728255
112.54011913545217 31.932229348336488
115.28380492745237 26.926408551919117
108.3475548230914 20.05243354825696
116.86212128986156 45.61606488571217
97.76973808460176 5.680316305659553
-0.40861770181340074 -1.5504026052641158
101.22784851835647 37.662027194409745
137.4476411385068 60.77591099313097
105.1752008495458 97.2918609289013
95.22453259974188 23.04696405471119
115.27452040814525 19.47227660973943
124.68228301123642 20.26558587146944
122.11214602166392 158.85831050431668
126.78860892289131 26.782438135078554
131.84223131770722 26.357039820617462
81.39330528638939 22.925809448685413
101.63150923065625 127.56783630161516
125.86856011645897 165.57832712476034
121.18649389601825 55.85504239334729
109.85282974600382 14.227236272650119
95.98519806810104 4.450693419727111
94.32745168030975 107.38397580136122
90.99729082416643 12.426782096631037
86.37672108118974 93.40149350183864
116.4490741275206 18.26610541817249
105.33868751779272 22.099418015020344
109.8832662264132 11.825683096317851
106.39573422667215 2.555977282983731
82.79827677263656 60.72226307061127
91.19821091133497 12.027845163073188
124.73401331345337 16.637016791007376
101.12030848599022 51.86775058745155
133.36838242826133 15.934167459997964
157.692296005282 17.588430089958262
113.72352012334119 17.000353335088835
105.90586410668848 49.800543596300614
110.11023532237809 -0.12279626101580043
107.34581735590717 155.0203991279979
86.62666351036899 201.9090355438855
85.19259699434336 29.523585545186194
110.59272529187763 35.44541341784264
74.33720039051849 16.084640948541313
124.09614663477612 5.1654934926351705
115.9072019852967 5.326369037256791
