103.42168287811924 22.573980395636287
115.35159272165907 -14.065922741438493
92.81138599753749 192.67399133575304
109.85953182697769 115.11402898141168
109.6637823180373 -22.60675894881077
132.11496519015844 38.78034499414495
104.75509823905014 20.702721027901298
107.90309209893424 11.848570763874124
78.56979208744482 7.251288147020018
105.44763341554888 27.02066457890743
106.19115799260204 18.170911107648507
83.01991788517263 15.546227588332467
112.29125941033905 -1.4476327899597412
120.29460688169829 88.79621047859136
120.79616089947076 -1.2523375819643867
138.46807219059016 29.560135639845363
123.12100599600733 29.19669600717509
112.73075724510929 28.761655803115424
109.3942636389404 134.20455120017655
91.43429232329257 40.089950770655584
107.86054761185545 6.79636105229414
117.64873163859 35.409772228673454
113.6498014051483 23.72617666628461
106.85969098200817 -123.59145534787658
107.51048183419103 159.39754598030598
111.51518679915016 -24.418608335707038
112.9469060357932 24.10322001742878
109.55682938402758 -14.499825611801425
93.26746738347731 45.2378532421679
110.35574680874873 46.185559857005565
127.99565394964165 143.60759329012282
106.64497164643251 11.879352975872408
112.71388113205529 101.2648550726293
111.75621014875514 -16.871479264962353
82.00489025366863 37.99908941871697
116.09330474591131 36.176205725641175
130.44329508523626 100.3648515689423
101.51370253147502 11.66870360943971
91.96699445770426 128.71594019842246
71.09178834200559 12.96463992258782
142.70650325963936 115.96771003552553
85.81353763295408 99.03956699969874
141.8175075791252 71.39894532858291
135.30112987655235 18.920245413015035
105.45304499586973 20.279966396381123
132.51664938270847 149.2997669855087
113.55756736344851 -7.641176461082524
107.24678330765096 40.09197159705639
104.11475533181228 -2.5898392972818822
139.94166565942683 99.75887505824966
83.62336599564267 8.869098703329943
133.37984365435128 75.85315664245324
137.46944358771802 126.36337984863842
119.07479309130015 54.94950360808835
101.28123215143626 111.67076547021362
110.50538732953684 31.71883043429104
90.90626633372025 63.85848478487226
104.97640994485249 31.83091705427346
97.70315993904137 24.69267559954511
125.64526626800011 219.53513227414686
122.26931891393167 107.57101254795417
106.67963089287282 79.34739460603231
102.77576323635726 39.52580056583745
85.5758867531016 73.66306046529137
100.98588191560401 13.691608735231116
114.95476938776733 53.68032311845734
99.59942345507395 17.043910601092996
104.63196721658005 11.222921101280244
117.22854012095719 28.839002845416417
98.91271809413426 17.38511581226908
103.29196345544635 11.346988301075683
109.06171453020802 21.92373250348482
131.6502871693536 22.355510363848236
126.52040212715866 -6.586165480343036
110.15184554552887 -12.531171928831398
127.99062299373101 94.85538331995778
90.33513515763721 29.83499423695123
115.73653501400011 -15.991170642769829
68.26469727005217 61.952429221967144
82.5402349893074 -15.686045788831112
108.25984345379489 -1.5795617393330028
107.17013557705806 4.733507022089049
95.25801114216446 151.52711489187828
97.3146979438295 112.05077996657278
129.71486923670795 2.062783642888372
115.50244021106913 18.584001183245224
71.67660570261927 38.21075539644191
109.87093282698066 34.3088272660789
103.34199775427798 19.1570659515399
112.60579316448234 45.01170668038129
105.91813353555938 12.664965674772015
125.06041064657579 -71.40571678299821
85.3057471374668 85.73561690540593
109.65574575336763 268.59534423415096
118.2925503393269 81.131330482589
118.82826953300163 36.417519837373305
114.88576431882103 86.50006597008759
84.67956775057557 55.406048802979825
99.44443105295582 33.74947447875154
119.53788061286649 66.51865591923512
100.51106519087665 32.7384522442398
4.682619727800093 77.76308174447158
126.62247911319851 18.1078720363631
131.08104502298204 42.44226736514381
119.20147381875259 46.41383790857371
93.37594459587902 5.319092076828078
37.35623332449219 14.750039929630429
52.5506230071917 105.61582795213688
144.1405502236617 65.48005397295961
94.48925439207373 19.880314787071082
108.25432328079263 7.634958039471692
83.54499563557128 13.237584865788522
107.67153650881734 21.16097372265944
115.73389704039553 13.569262486493356
132.61462070385596 9.251682214713776
52.397999414225254 32.369945099951494
102.59907517165429 20.259551677845547
137.37585480533727 48.68131831366007
111.31675038227534 7.289749349969619
19.45518820794707 14.976993065759888
93.16333364567475 -57.40056851424865
114.2854917299165 16.85340715877576
93.15083362621218 22.551155509482637
67.7949378676086 39.521625808400714
91.98260961823642 7.190324573324803
101.11181610156976 129.08808433315866
100.3162248963386 19.37609624708529
125.90036916102238 90.32774174522396
98.05746597363475 8.997413147356461
98.11179146810707 23.841710851626644
104.14116114173393 74.76524543121958
99.83119535016375 9.594854147282184
111.62034696777629 19.615135732714997
89.46519116430487 97.58333518430378
56.20184621785663 53.77886328606188
81.8213699402121 24.37957931588494
100.91055791337988 118.42824090431546
115.0334247383486 -5.99826929976641
109.68586850116772 21.89767342196959
114.82300776027884 105.10687873663106
90.83480480224188 52.655883382233775
108.70419268676837 17.96144779772748
104.34804482689005 19.99848636219906
109.92029986789004 37.3126627347816
110.12313666550283 28.46294615360735
54.74783880962947 64.8329632642623
135.1164961256501 120.1089153731995
98.9567649445052 10.114881348125985
116.84049678421648 111.61711703080718
106.45791289211571 103.2656295980675
87.02205558161597 89.6007343206295
108.80823314218587 60.81057041339786
81.18242622184802 90.22097174069822
102.98042559009049 44.832980330157916
123.84597885791034 16.000707308689
116.19762842694595 86.82185015972163
93.92993897269872 76.65129564233698
120.84972656520856 26.328428875946386
156.38753855843274 13.525568365396643
92.19144781740943 24.389881037335428
113.62681304162047 43.76596132876598
136.01447806378366 246.37547212688358
86.02153193905642 114.17782020361939
130.76025277333272 25.510009820711964
87.31846688299166 104.27654648729879
109.22504700360406 198.6642888294558
100.91514148120747 27.660027509146126
103.73583054629896 44.86511148880884
132.57488034527853 -0.23804773192889694
78.5192706625592 20.9206013787351
110.34660861035944 -2.5865271008119253
96.53843466231528 11.01377170868803
115.71243923467343 116.94528800564079
104.77661429018464 -2.060239530444892
109.91913602099135 7.698754367641856
129.92963436849578 32.824976503994776
91.70097038336394 16.25227925165419
109.23328931670936 27.74162728414339
142.37777498910125 46.23299087665
87.78838809823093 19.550112187931546
117.45090511930444 44.484432716357894
110.27666930493187 17.494159662680826
118.72361518203631 19.299136733170176
105.53657567997762 175.93445766351005
120.51705994575866 31.276256419651048
118.43337490299595 11.533973057688458
95.73240446238465 0.8282434206625997
65.86236147117064 151.46547316385153
122.69303466752662 29.09781487118185
98.94972825420308 -0.8512214516826853
106.48539638751498 12.68742106117599
71.49343267937432 -5.487012762698132
109.74183823672689 16.95902698048196
108.95465493492142 9.47129314501223
126.3576794145818 73.99778546489033
106.01631321420115 44.62549948485072
77.16592753534407 33.77962907396675
111.73548512041788 -0.31547247049125016
129.99712115490513 32.8531670059342
78.97934739854227 -55.34347817209872
100.95317671846558 29.640561259648443
92.14371569896132 27.913091340153947
124.49111188958078 22.077657951277228
97.90810174323792 8.061614528224775
151.9589830939049 2.58045334809321
108.13631318894714 14.606830929458368
94.53451590663474 164.10497164110046
99.4238227275501 44.85490657760342
62.97665729901352 115.89604899498057
109.67231119970577 48.25757079927626
110.71874887941668 11.7609335039766
118.5305033560593 18.2412090622202
132.56828723117775 36.97611618944944
108.22631136429926 24.64746060541988
87.0454847688822 -11.402535585720285
119.0480233127578 31.055165067190224
85.83323936595426 10.709916490909944
97.69037504179988 141.09676093530766
110.41617585336728 0.21093516008941643
107.72225055980903 39.18384476169791
138.6332657788963 66.37944591446505
114.66044730623794 35.57315531311461
110.1521412863982 5.581492183169942
159.12893882540249 141.76831193846252
120.65993894977181 42.11375781420454
104.31424287765554 1.4840372999487679
112.58878396809175 7.133422034346887
121.69110641215083 22.115255034352245
77.9176655273838 11.485940155601561
95.15702919729318 163.00115434359282
114.42309361315463 8.108771389988508
126.15533411637027 -13.983405667523638
130.2565187605328 83.11563600660848
123.59061355295773 154.9327366316946
139.49787199806622 52.35150021104051
119.86914477927567 39.364492828667
81.2688811627208 18.108380002201972
136.49134917800305 19.103652292534218
139.82896073215585 160.6092032134203
112.54976956276833 60.630362261499855
111.44454449071512 23.036229224370846
98.43737913059277 32.595650131164106
91.77459588371248 3.3484523286196075
111.83078580681273 26.270639221426926
101.05654083880903 66.46393633587412
115.6233057833349 -48.03995291009447
106.16080680156496 -33.14295633505159
84.62429134890567 3.3375232829748933
93.82145579939825 6.2652951443405565
69.82949651662922 14.508698107060193
87.11513876835693 43.7403076616499
108.70062940739253 45.32286584277866
81.71049783318266 86.65382139853406
119.4716203802345 37.152735027726024
130.7078546649978 19.01081732140209
109.72764035725022 19.3478415726072
80.39805448096581 74.18395058787813
82.89030363275096 18.246836683179083
111.52532517309736 18.70341052179201
88.38278717128416 11.5008399538957
109.08783048969383 -24.80276336343748
86.74549846476829 77.56661826373525
63.11510616170208 -4.246776379418969
113.73530412399789 76.95968093215494
125.99555336027575 -47.68124775248272
114.7107765983169 28.233142648535456
133.798511187134 91.00969361451632
68.66493046620296 52.924772703254874
104.13312010011427 15.359605534663102
109.68162869845499 21.581742775558595
115.84643818427755 14.188810163679419
92.04972140821994 8.296283773529863
102.51551823937731 21.0298790424859
71.88077576877585 88.20707285421732
120.46841682169016 40.90162915608809
169.11231956751217 -7.221582829445376
111.13933802909786 32.25013576767773
108.59368081475021 32.67050013467225
109.23864739187864 23.621463308584918
117.47659446257218 50.64817672664008
105.867978177134 7.571245115098983
-6.399542822479041 3.0595252636174646
115.35084733152165 54.58103326177382
137.84385755719399 67.33117084024641
104.23923702634046 106.44804719187184
95.15654647611578 15.942330774691921
116.0930692891521 19.77104752909872
119.71601121680332 20.000401128330505
124.26553628298079 163.0353478469462
129.11025343219754 29.01648559928601
119.18168458311209 25.379228897186167
79.26723768201482 25.562290042699914
101.27042389402962 135.67667277369398
129.44132104722408 185.69702830860274
120.34653936740125 58.55681442957244
109.85440659827269 10.972138745183607
94.63776471758908 5.092323258040519
99.94449689472562 111.89039878888988
95.97562807912993 30.376661073233144
92.92278550889363 111.20636582439123
114.78269201551561 18.472250283060827
111.28377266639882 20.905868553713308
111.54839188970348 0.8504231419456798
101.70991407826301 16.886044308115416
79.56199372695217 65.93352467842921
93.70680826671006 13.483565616940995
124.98421344447257 18.039947765637447
102.4210207819398 48.63932043634696
137.4908224038377 18.211679387175582
157.5170178699778 17.52806479592067
111.0475609246484 20.89051878729873
106.41967614163876 54.8912148059154
110.09238909602925 -3.1494510021649824
104.74940330078098 160.90382996143208
76.53680006827459 242.0506514219327
77.00888623524372 33.9247058402622
110.6849154670765 38.20222106391097
72.95617471493044 11.963255614354011
120.7017167195061 6.046252231371708
117.73917425285298 -2.536765312068761
