103.17809174169523 22.71563130632668
112.90321542988602 -11.908058950173691
92.9943668907405 202.96963642626037
110.58383493017405 104.7987599606957
111.9008639863905 -12.811603781691497
132.87856501381845 50.539226451334606
104.13392217405497 25.175024720639538
107.00022998602007 10.538422062027992
81.15873919626179 8.199250984602
107.28129884256825 27.49876191734372
106.26881569915025 19.321875612869867
83.31669122925067 15.187031398468799
112.27907050285013 -3.6151141498281243
124.48300452372837 98.84408396808128
124.23985796501037 -5.648667345128315
141.97913683450759 28.292041246820094
123.5353618072384 32.32428797178108
113.22132288776314 30.896651561150996
110.14994719101075 136.52429225931377
91.37144208595625 38.552866697304566
110.52073884857383 5.903549972682182
119.91295252628873 40.07402308164414
115.35459662882158 27.47899137073826
106.37985005615968 -121.25936306054507
106.25457371070561 173.27218902602493
111.64398104170182 -26.23635413176353
112.99205109687912 24.485354046315365
109.56091856650481 -12.869500815074158
93.86876002172463 45.73632661839907
110.5995826746125 47.09775418518787
128.4917769827223 145.46703108557628
106.67464221326033 12.349119406477355
109.67062618306566 108.65422423041835
108.84247632727612 -15.05954806020468
84.41518654483818 49.91983384937403
116.27229092875578 32.60691580677692
132.6479568589743 100.67544077698537
98.94092177957587 12.331714565422317
89.90381338875994 137.30148429674094
72.34279528987923 13.22824794522122
142.4013577782926 120.04383066542864
83.03474097768644 103.24721394750031
140.05285832849228 67.49721606148992
136.56590450590275 18.833301279111446
103.2225193699416 21.19473151146106
132.54329264971105 148.31222786398934
113.04353180287036 -6.489585705973534
106.82773756567889 40.059152748075284
103.28761944744643 -1.739656724415593
139.17724991789873 107.3144647997765
86.22635866371105 8.814769012389954
135.54103106362612 71.73131555249888
144.91493767975263 128.88098412174963
120.56788136324948 50.75834676918171
101.19424654574787 111.67658725005626
110.78985168404859 32.38420977429248
90.61942850858867 55.34289502539329
102.44908503644812 32.66600962783066
98.74702816681986 25.25233780494424
124.63317911287841 222.9309655213776
124.33749010873895 108.97486060276043
103.10908370179068 79.00505338301105
102.23929436851444 39.965032955923995
82.88549397336584 77.48868759167118
99.88989440006847 14.42915771364607
118.7292346011985 56.907362818062545
92.6095973410821 20.501281773350545
105.22711685761935 11.438650644907693
117.27172059828689 29.99041009102455
100.20001400850465 20.225432371199943
103.96346321524265 12.979725016665187
106.82484058689496 22.663600471940374
133.47531590816902 23.574396632901184
125.73998992666945 -5.060217318286973
110.08756430442065 -9.02855418397607
130.63732489098837 95.01269816899273
87.61074620331848 31.730502597901136
114.81720682838515 -7.389982007479718
67.79060067777962 63.69525893693742
80.0460957362513 -16.39460676312574
108.53491778016966 1.5814737244269153
106.92769076080432 6.923570156843949
95.20890194231502 149.43307834911053
99.33066522510275 122.21719271710836
133.95212610833326 5.109570576110816
115.9162591824828 19.946611851060936
69.44142381771368 41.0991314417587
110.4002967456484 35.276762060893525
102.334399893018 19.116458938933555
112.16423451732956 47.13501204756872
108.31943267020996 13.769615861523128
125.6909123692045 -67.37142857492914
86.4119225620499 83.72149364021071
111.17824747852312 274.44881640734155
117.18039206990164 79.85385549554792
117.3508567429905 33.88432579039085
115.6746486881916 97.69384765824887
83.71892085116973 56.96498036344139
99.63317516565603 34.39501649158859
118.46151875132463 67.10810463437606
98.94667602347937 34.45167632398087
-0.7033045929525041 76.74054968168423
120.4961179838378 18.067222263757657
131.42308640930275 41.35443965295818
119.02597164849227 45.54536310711779
92.38487700568832 6.005046070374365
37.83219252646346 14.652428910673665
50.34072294220912 103.77242464338411
141.56775715596993 65.65179217781608
94.86042983215754 19.856676553422986
108.41542175370674 9.307316741268494
82.49165332122662 12.986542267935139
105.79703514340697 22.724666406707964
117.24705826596204 13.664441291369387
130.72994829710098 11.037663463009931
51.41145301598028 38.74723830788731
102.24690819979773 20.29894124483177
136.28454997720755 47.58715281655279
112.04247066534204 8.362493841947222
21.05676990459654 17.0950307086902
92.25980722774452 -53.69753049072704
113.97822635077777 26.419833450405264
92.38224918341427 23.195192765203544
67.96134737506715 41.44933021543126
94.58127690937505 6.003657290792414
103.16193882895884 130.0611590523139
102.45370423773564 19.173758456266363
121.2824888424989 95.30497613062427
99.86602601585452 9.337263048759793
98.8900398058331 23.62850440450359
102.93571167669035 74.76350769418839
99.85713854948548 9.445197135731147
112.97783708497823 21.37174717318674
90.141274914991 102.12349478536608
56.01477000549629 54.09275103795132
80.8186555312087 24.206621834390294
102.61216620583197 121.19731505226291
116.21465643076932 -11.434888730323898
108.76820590935924 22.261337347291974
115.21081496190644 103.99451844035963
90.1275323213173 58.11373908647869
109.657450331691 26.885403361313436
103.29422138847583 20.086765440218468
109.9939362291293 39.05685364371575
111.06486422749387 37.209888634971094
57.09926198510577 72.66221247282914
137.68531052908133 119.72810424142943
99.36345545434379 10.648296112943907
119.6174760165851 115.28139047663626
106.72490515330703 110.43051260720313
84.95090986292712 88.65591897244065
106.22107698824617 60.581178896386675
76.81753650518718 98.25530752404195
100.0230844305485 48.938546737060484
121.70292149311285 16.330236571538595
116.2146616844432 88.71618790811853
92.23229333325948 76.19723151260344
121.14418520143882 26.611223334580366
160.76345267074447 15.132963443987794
91.8884546794846 24.81165587806352
122.50477820647143 54.278678946494374
132.02488950129228 253.2978131417625
87.3195386716637 113.7428167032768
134.79685289342788 35.59642700790226
88.88739879131484 110.08843274303891
109.97939335848547 198.05462062291113
99.19809685525678 29.837274100782302
103.69597667107757 44.55773240912486
135.4386243021499 5.543982135389223
76.93243061497316 18.516312200380746
113.7196028258398 -6.727556921947405
95.2751747908265 13.029412845771445
116.48174281090698 127.02848811270847
104.4558209719985 -3.4995074933999257
109.91430030933628 10.192600690401543
131.3997793000921 35.28800746745439
93.39369599506072 16.573040377822394
110.28097083110472 28.76922192778165
145.55732852203408 46.85225369112936
85.54852479790983 19.46572409996146
116.9410702944613 45.50597770464627
111.26348353804265 18.172801120046344
119.90270126422901 21.565345741166492
105.27797968889556 185.12167009463
121.79732367643156 32.83125818721041
118.57921317937057 12.66925295804555
97.35030796022396 1.5718923115573777
64.74481475033816 151.88247606843464
123.37284736700617 31.183666572751736
96.9583873251172 0.6783073502133605
103.4994638152041 11.779050362353907
68.54382039324884 -4.478383935175252
109.98428628196203 18.087774284512907
109.04688066899199 7.945717523209906
130.3612091685625 73.44561657952308
106.18297618399272 40.43666571993242
76.8362329864179 35.37885977918262
113.73575004454813 6.437004031039002
131.0760518499809 34.6466628667429
77.89007353257303 -56.76343343311131
98.95858371699588 30.576655985714932
94.59953436880303 29.32720657668823
125.4323554855039 24.363517531536694
97.70635053812627 8.47848142989283
151.77630904056093 3.755561708053094
108.26579902006918 15.321039232843207
96.92843221525035 166.0210689826849
99.44545330765283 47.52150939345428
63.02003725572078 111.31846417905192
109.26839327187325 51.2497295882498
111.35689971338459 12.015625212955733
119.61645610061714 17.510253185560558
128.615050329897 32.84394584050333
109.78257291231127 26.06007533792522
86.27122079914871 -11.862051169771387
120.49632620317415 29.48137556302655
85.9739022712386 11.200249035997343
101.04755610843941 149.57645500925145
110.39565206040831 0.6630385996690861
107.95535052857413 41.39998198813884
139.4352473628668 69.23688886699819
116.13659440356642 38.617344604416544
110.14446549618935 5.792925346616583
162.7509706942397 144.27261571593482
121.94981430093132 43.95700654865037
103.96032844988888 0.6720914955790335
112.60160906372073 7.515054744006894
123.45009875409792 21.8789590624218
75.69250484015409 11.124331312630217
94.21489356245428 170.4964817013162
115.62928978772682 10.445977189565706
119.35936403917138 -18.369508215463583
130.3949522918245 86.7396485175716
125.70685577997547 148.87788138699807
137.93440577425827 57.62748715357726
120.55659764041286 41.293269164941236
81.50421436372055 18.008013605680134
137.51328311743555 19.717988526990855
138.7467651307513 164.87150583170552
113.22300612149557 62.21222011852939
111.48219758638433 30.038381689931974
98.28181301674417 32.262347632804655
94.12175099294569 3.682885931165108
110.80241933614516 27.469885266803402
98.27219963015033 67.70954728983713
117.13727764170626 -52.762610508868846
106.19103432191106 -34.05290646178235
85.62035900720552 3.4113359491974244
93.01757064510691 8.565869326098518
69.55132092248577 14.972648954532007
86.20391969130864 44.95230516412524
108.96337229632468 52.43729928025665
80.77770216497757 82.0487919130778
123.177943705003 42.56501091763658
130.05121013566585 19.05652809798172
110.1820080561459 19.90691726082969
78.70849331570612 73.59495000362753
85.2615174994232 18.316414278835662
111.90515747158406 17.623650530108794
88.32771724808212 11.438334766753808
109.277595154766 -23.089475575587457
87.13034241321724 91.0539615036002
66.17412051570565 -4.618649411655402
112.66471763202995 78.54739810501646
126.30246938268199 -50.67242833843718
115.867182129431 29.422203920594562
134.99410519422548 100.85290299323907
69.14584385267182 54.43636287744148
103.666307166635 15.30814988543574
109.65559179544898 23.414336944427895
117.22996155374842 13.476744210066418
93.9592147008019 8.08998827673335
102.5235787822382 25.01811949010016
70.44582309633836 97.43781750735361
122.73059521034011 40.832887808152286
174.40849216577564 -7.605112886349921
110.63207141206817 32.054633439495355
106.35448767445358 34.42436434607767
109.54023123271517 24.74026996351857
117.52342565931703 51.66269061447338
108.64543255705286 8.477974954791428
-6.257516331310832 4.827130845002795
120.05559912135966 60.72584989449462
137.39160165706556 69.35134716700529
104.01850016520417 109.38717655323441
95.30907973565756 13.623718115015524
116.19776735824874 19.86817406828987
117.97784452942953 19.896733864464558
124.71250944484268 162.99438333489306
129.28941613564055 29.500522697148423
114.65712713850054 24.9587562143821
79.17087634407562 26.31481752217787
101.3247375640508 137.44950067577076
130.3995876513647 188.91722923119798
119.78648016324144 58.9072024660431
109.85482304736085 10.116003197838028
94.49509039814305 5.560215488640343
102.00970091076834 112.28160513502677
97.90438944122859 36.20338230503104
95.59860187737561 116.4608678168703
114.1319473134296 18.555290008787207
113.24892273206719 20.464753853920634
112.06972776440745 -2.120614325312737
100.25254697185082 21.802080529296447
78.92794662636545 66.7179053174688
94.89484266290347 14.093652583532997
124.77872466380805 18.538666598024303
103.00813342165438 47.03205830070002
138.47276772665958 18.980515983193808
156.51677151411886 17.536995316059095
110.11929331063726 22.169560342539384
106.64701038736914 55.636248852841554
110.07315466180854 -3.62996384785779
104.0043361250793 161.32793762519847
72.97546920348468 252.43240838515095
75.0234324362955 36.53971528466164
110.69722012960365 38.93565814223378
73.40874116301345 10.767803548096907
119.27569467574362 6.65595332670212
118.14733985694023 -4.713588277802616
