102.90573572344623 22.934720929363184
105.44953919075178 1.1010813813884281
94.25294867640288 226.04412407416908
112.63902013655833 71.96566509527668
118.39007705093235 16.931339295381783
133.30289998022758 87.62080715843662
102.68427229320686 38.10128786905542
104.48525248701029 7.18235039902397
91.45449763698853 11.665876854187015
112.88101321513174 28.208953842567723
106.72806003803493 22.750041284432005
85.46940966062381 14.37067824748904
112.03083864326325 -8.52517465160178
135.56067651133 126.39043897964582
133.59466914636425 -16.891062792724963
150.35010277578223 24.09717391262067
123.8748470961429 40.530267926807866
114.56220806499438 36.81863439470028
112.41214358824743 139.86200175323668
92.15490130827823 35.805779933571074
118.38576285275353 3.9522896995281025
126.08826029359288 52.83684355893352
120.00482233584292 38.19536222187651
105.05998107501709 -104.08188284187997
102.92249653900173 207.2322926803133
111.90420277981585 -28.211352243388855
112.82742053511002 25.35423058510474
109.57868394478855 -6.709290585831665
96.5990801900009 45.80775669494528
111.23995405075762 48.15074933923796
129.1934263230245 147.35474573775255
106.95386008441011 14.118627738199708
100.65458030575402 128.51321527289213
100.29519140405112 -7.714198288296507
93.1040908256284 87.43412001482498
116.42346641283517 21.2326847480427
137.76258407361212 100.4909562281912
91.86945945660038 14.924953392673045
85.06445213902657 161.0200774254514
77.85798312641332 14.438254159487371
140.06298540461484 130.44164124392756
76.10995135432653 113.3808901471866
132.7843506157105 53.71031590397062
139.63745902043283 18.605216066353325
96.75934359929023 23.818936215325373
131.29789526565983 139.05979561805808
111.3189883126137 -1.897987163977807
105.76194202243671 38.4139571558209
101.36149043279414 2.1908632540613704
134.5780526766685 127.65979181820165
95.03775189638374 9.375703304467145
139.76321885132108 56.53536629247456
164.77178056643095 133.71398486286398
124.37762795421756 37.68773518866242
101.37423315633495 104.6456213369738
111.56945948366561 33.59789360304911
91.26534758585889 30.60446939723621
95.59090026124868 34.48323211625064
102.59616344483328 26.485453535119795
120.95893654667978 223.2930270883706
129.59994933183577 109.4852016939057
93.25926909695295 77.56055562584213
100.9481847284738 40.12123788614786
76.64981580862647 87.87030837590973
97.33493486334935 17.03859591996325
129.42699964860455 63.52570943746905
73.40632811043388 30.637523240741725
107.18403943403897 12.789906755761992
116.96172665763724 32.737396821152345
104.33169796313817 28.50600402218254
106.33297444772542 18.620360727516097
100.3847645942695 24.575892950974687
137.53127049336936 26.968856811029518
122.31713396841856 0.3130531721512546
109.87197886328656 3.0007725337930644
136.91648267941443 93.86998545581704
80.49400027092453 36.30616878733555
111.84789020163865 22.845915970064496
67.44215766083718 69.40753832236705
74.8617830901401 -16.80811434466573
109.41480843715117 16.663077297443454
106.40975292663265 13.946924713011509
96.11125242684984 139.01148037014826
105.97580264981109 149.85213046040283
144.98230839280535 15.143799920677688
116.68536353759232 23.92285093530549
65.75614635824223 52.10668491761952
111.92474603679851 37.42528429442409
99.76149539254354 19.010591375545076
110.67032405968365 51.234820433678195
115.47948249281137 17.195398616084184
126.40530767779845 -49.61873947450105
91.14789455816616 75.04769443556364
115.55940361247666 283.350685262634
113.51975044588315 75.62310468746271
112.58655327721115 27.876577839133034
117.64291672740238 128.41265491429598
82.43426340812478 63.011601972248855
101.03605617536374 35.61114422100479
114.92831613171467 69.89300302730535
94.84214003256997 38.70251629801813
-14.967213952965793 71.90179697359828
101.87017584297732 18.03110055994101
130.742979580993 37.35375376963054
118.1744745541429 41.18890432124665
90.45117650463688 8.950052660271723
43.57827411836611 14.612168295693934
47.040284608097835 93.83556123320369
131.831499471423 63.49750198343254
96.84171726181711 19.76525850905368
108.95994810876387 14.915234626450676
80.78186804185397 12.65928757383757
100.52394940939148 27.229644720789114
121.36534051886302 14.204968511475824
123.86065138182212 21.4167963841586
52.508846265522024 60.0974740250265
101.85538990343117 20.393744235764927
130.54770793562534 45.076302362325606
114.03615814588238 12.322638890996672
29.019609403784667 23.44776826265806
90.96517045782856 -37.58951844256663
112.87995039175478 54.488595672227085
91.65067084683379 24.81791367217779
71.26930047698396 47.75882547280212
103.22528487414412 3.1497335607885164
109.60448352995152 126.92857624066673
109.31743354045608 18.591730117426135
106.81661484944924 108.54718768256137
105.93017609144366 10.950745471940559
101.84792604884859 22.701433453842295
99.76949098323827 75.03983625378967
100.57274037494938 9.727530165320093
116.77762145336051 26.47195563379919
93.23724972089758 113.9184588413161
57.87656158326811 55.42430100514176
79.70899987550193 23.51074251493971
108.00090287576185 125.8629706373367
119.41824003707555 -26.236551292215886
106.13628513115272 23.213410481706173
116.04643998181191 92.72826672284927
89.66911171041535 75.92326746114391
112.48317204020174 56.4339705817219
100.46870834361913 20.299682005967426
110.20244890340574 43.036075966564574
113.74507998347725 62.150896948839
65.58045062378842 94.01230069037632
143.30020315598736 116.80789421286441
101.41682173658579 12.59697208220633
127.05330420790897 123.34430181261193
107.67457867365665 130.59436086712756
78.77948063364956 83.89351316010439
98.75817207260366 59.8544078269688
66.27365761287207 120.2537500108555
91.88376579672098 63.73005605710448
114.59563057722808 17.478832462955943
115.69653239399189 91.26018224330706
88.02340168071616 74.60622125313319
121.4562285590157 27.059881201031924
170.21188993459216 20.097633382308498
92.05135318127374 25.746606142951553
148.01970426361447 86.83449369178769
118.71757541787433 267.03480386356324
92.63989377806725 110.54838127423996
144.76015240135428 67.51968724570426
95.01586039719747 126.40820439689608
112.21156089650681 189.8131564539788
94.79778690482496 35.479351232142605
103.959718491977 42.363658907156214
143.09889845045146 23.571601006033056
74.64088785675116 11.401933003696065
123.65519422072671 -12.442463247385842
92.39022023561434 22.262517762352065
118.25118605466021 152.3833237806965
103.86546765466495 -5.9630108850489725
109.89310702853533 18.20288529636189
134.6277886773923 45.279326809091124
99.21112732985344 17.68582007936772
113.32181403342533 31.470637184796978
153.39235742998025 47.60571963479964
80.81508456742624 19.200503308790406
115.0983099435495 46.89907446687047
114.10978807850007 20.24403725184384
122.62323243534054 28.21013883705538
104.79143901756238 203.60447764583873
124.7987551719631 36.56000470582571
118.42775861040538 16.404396421369395
102.78837617835715 4.678060424179772
64.39842838849798 150.57715258078082
124.34299839056169 36.92568622465365
91.88206514929736 9.29740821346514
95.06768105552845 9.465821146027086
62.56068078039593 0.1319242785688035
110.67509130817542 21.509843884326703
109.33679505124674 4.2830610381920025
141.09992975153023 72.32905263854062
106.92645420766542 26.92016005189724
77.915521257338 39.04044537545709
119.49361532327866 28.40479543560984
133.21049816712107 38.5784590407267
77.26680389949658 -52.08138258631991
94.05694983037938 32.42077407170096
102.27371658635441 32.89174690753699
127.15095308772511 30.901224005280817
98.27741996320769 10.153378874982472
150.06848801380508 13.834150097360489
108.68317781560526 17.598500534285872
105.02067755732463 166.69831982448662
100.10620822912165 54.5180261000322
66.61075382314323 96.62765825748136
108.08744081093336 56.99828514239717
113.16564293489071 13.12789371607509
122.19671486640726 15.410816724272738
115.96748062649822 21.558306896972645
114.34766339041803 29.767412243895976
82.81272703583127 -11.084581740012727
124.29593227550124 27.852573157878794
87.98944077829435 13.235175877172557
111.65685736452785 169.34693600858134
110.30763618572769 2.8316531558382354
108.75853940152332 46.70554275535872
140.23843816393148 76.46235813441102
120.05102504594495 48.49822987753309
110.10588073842642 7.251853070683958
169.7434616549329 150.81714800410123
124.94808087449876 48.22911344138496
103.27460346977149 -0.3162942865388606
112.39940496895944 9.160442325003109
127.94586255181488 21.01932266766415
70.75238534870691 13.840402902893256
92.12738090502506 189.34659671138598
118.75166463551241 17.881676177470133
98.46316869950856 -29.82465022253898
129.15899950143518 96.88364500347708
131.02689909581937 126.5499569050605
131.35799889052316 73.46278551509266
121.70545919792583 45.42580077800983
83.66429715122267 17.783881407661323
138.79007435412367 21.521976348057485
133.63112214943504 171.27447537687695
114.99862153891307 65.0993048451197
111.45517060330172 50.11053024855829
98.61391110712289 30.522334911028263
101.90747184329965 7.324010183835243
107.6827794928185 30.604210118891817
90.75253454009605 71.20714704924133
121.14051854921783 -60.59157982121772
106.44072720812711 -32.48187657873022
89.90337204074143 4.551605654610628
91.56809392983224 16.32087717066392
72.20831633928877 16.502277545346573
84.71148565835139 47.225693880624256
109.81212843767288 71.18103891970901
79.55808560617132 68.39520482121821
133.66416602972566 60.821734526222855
126.91374337235253 19.191941762933705
111.51371615224532 21.514300532440473
75.06441401153779 72.28611049890822
93.08259854537506 18.578289341647228
112.89511362091584 16.802197440588536
88.7119753577085 11.793466951687574
109.8554651648851 -15.657450607910112
89.36490303852105 129.53057344313237
76.81464274129046 -4.666556837442773
109.35827850611818 82.87114378237628
125.73158316191149 -55.97163227805003
118.75646003834362 34.661019195603764
137.33228814316016 128.73049964240374
70.68929306242914 59.947147657141315
102.67062387358398 15.3924779424078
109.5906552798623 28.586042001748623
120.94010705016875 11.692653992475769
100.80038091904652 7.910574658584892
102.8296408185737 36.44462401985172
68.27687536727004 123.38666663643883
128.70750565140642 42.968690428712925
183.82157535978143 -4.037421643540375
109.08777366684758 30.79865979026573
100.01543853465206 38.75344854937698
110.4507335058933 27.636978139420524
116.89802102467922 53.286610013330275
116.95532591271814 11.999425453084443
2.5571201300730446 10.912977093760954
133.24564003782817 79.77031887340041
134.7623606435657 74.32416928407491
103.6885753179175 115.28352009914397
96.792802478461 6.972833023024111
116.09592199936728 20.144183173670125
112.14748227826225 19.55940735087598
125.29049934673202 155.2404223482565
128.79582146746088 30.542573438175523
101.0321643362222 23.393226279579423
80.03073621136642 28.162912041529047
102.08771158991406 137.3200857797845
131.55562804482915 191.30073166531105
117.82805595183041 57.43953498123303
109.85569512693941 8.423681073588407
94.93956514420753 7.689089054762052
108.60964377587207 109.72260989189868
104.37393179579936 52.216336689259954
104.37651066431053 129.69103024705646
111.90639561953402 18.84639045940489
118.88314627369427 19.10693034739244
113.4789976396567 -5.347154029564176
96.69350634342297 36.127266440067764
78.9613768941701 66.20301409095303
99.42291617846989 16.269616200666267
123.45833083692531 20.09515533559796
105.08024270425345 40.645191953818305
139.1789285493556 21.203148389152286
151.19905290266647 17.66364893206339
107.34399393930944 25.82030006217223
107.42026570622292 55.47246370115227
110.00660982848513 -3.831254934917697
102.20560554183004 156.0120717544297
62.66468065003315 274.84595880383034
71.092544246432 45.04233159687166
110.65877015326276 40.55013993343252
77.32935860162324 7.904216013019452
114.56224419972871 9.432817674242973
118.89443126441668 -9.140378350691908
