103.64607371641574 22.420709542146867
92.83115046997571 44.017321580602314
99.79584269627006 226.83931590740005
115.91144946944549 11.551907029241974
128.52564806962312 73.67240119426855
126.26456627448691 156.33241278010217
101.77960216854633 57.716333975182785
100.84046875201835 4.415313847371494
117.2466833319877 19.660573584234243
123.10164444716894 27.274682039767615
108.55591073004335 28.349960491568922
95.64451031148232 14.14431579535086
110.97600028573892 -9.304448699962707
149.60728614118108 165.01812893526653
145.27927668942334 -26.917113673814427
154.96858149348844 14.807172309410062
121.2099535677582 50.39420247193761
116.04499683720559 41.73542410901613
116.42493383781509 127.37848267147764
98.38651341558214 35.36385150659991
130.7280130201317 3.5523411491404433
134.23185000431312 70.56164623682957
126.07438442847514 53.08125271489286
103.73585174861384 -32.43376344258141
98.46287708641542 231.97575045575252
111.72700330679827 -17.73295553489119
111.7766480126286 25.750928740500843
109.66353243031682 12.771766499743057
105.35597781348574 37.11586274342761
111.97186628606488 41.80345307448669
127.0558690047982 140.3933950447796
108.13245225664242 18.895346122058438
85.81627202168887 150.5377381415065
86.97333246537453 11.899173320859335
114.64497574820142 157.80193300574894
114.59834978638524 -1.0640949892867093
138.59590891864855 91.93787505896913
84.09790776561196 21.101127580710404
81.06859443760592 186.80421650025846
98.2554248544648 17.962930631155213
129.36325477910802 140.20688945348857
72.77250731315549 123.29662280335911
114.10227854340933 18.424438673487955
139.61068962997678 18.358271847863694
88.03431027173845 27.50678119541316
124.22684463633261 102.6089699402526
107.63319463114023 13.4672998533537
104.6601533047966 30.6879631617045
99.97940952500262 13.6285148249349
118.8861770561589 154.67720005788453
115.34925550635147 13.200807079700752
141.07322550876765 19.655477924272134
189.29733590771147 138.9906507185427
127.24307500407247 22.406655252765876
103.88871753416255 71.37975983641344
112.60590425390237 32.45769685531746
96.3630476498771 -5.530919083543438
86.7958810952199 34.983280520559276
111.59710483188677 27.174103027326503
111.24304196202559 186.3827141563155
133.94481860728908 101.25633763666141
80.67238999811475 70.67375407202168
101.35819984555631 34.558143220535925
72.99381858530242 103.05426764952381
96.12683938468689 22.79428522445515
144.9579423669436 66.38949032759545
47.7860041355292 46.279018737257545
111.6773551143647 17.21975990052217
115.144233654872 35.33250088034988
113.32916739108717 41.51222740921842
111.85579903287733 40.9025300752303
91.40369286797934 26.56308299013339
136.85643842745927 32.1926454386728
113.2410185345027 15.202037722049722
109.461384973198 29.98625420435487
140.97488600642671 87.37377962616411
74.078048228751 40.82186013306897
105.7701813861082 88.43637229463555
76.60020399441238 80.04880198947619
73.82640249435757 -8.78678153040566
111.20840909556199 66.22424827591327
106.48748360715369 28.578945757268784
100.83679160197575 95.7090883780049
119.53073885217806 172.90034075329413
159.39555636399422 35.66357361485137
116.52575205594256 30.498392942213496
70.59958580333169 74.94181548096093
114.34766112310652 36.497836143407675
97.19483535804373 18.936591624958005
107.50560392686656 50.08302552788712
127.98408171459093 24.158893966845692
123.14461561806642 19.783459306208865
105.93354953789962 41.038666451009284
122.45010892965355 256.3139567983581
105.56119772806794 70.6102957122483
103.23063436617716 33.396469527938756
118.96240333005663 173.2650947109595
87.74194538481039 81.16815960031468
105.94915802659533 34.247457776207625
106.73927431957796 74.5527415924606
91.03316298246595 41.73716559204572
-33.21671097256051 54.05664443024013
68.12136891164108 18.254129789419878
124.37680651458888 25.15952611257223
114.5247466123247 27.904283856755367
92.49053275786133 16.690964287633367
69.0884485961064 15.595259349383019
58.03911407255778 53.454147055201496
106.61924753720834 49.14997850934758
104.0734220371277 19.512741241554224
110.14613505903402 26.99577349128926
85.98106550273496 13.673646970678867
92.550331278054 33.53715858638484
125.64526853348977 17.015972485304907
107.23496427256725 56.27282122432642
70.2605448876075 101.10589412769698
103.80330681477703 20.36316642202465
113.66271029704339 44.38191684931803
116.35866821485499 22.25733070322463
53.01410600510233 33.81967801403227
93.48371031309289 15.467704263649901
110.05872382964897 99.54546940759305
94.592302601417 26.61416476463573
88.73274193383193 64.64221486764716
121.44076382113278 2.630286828861385
121.8577228109305 107.43876834059321
122.48682297953518 17.613708414951436
80.17946319212541 122.87961868124964
118.83206169456953 16.20423949645526
109.39631880705016 19.7936230781324
96.44409478892582 74.44384057421343
104.51620061236342 12.282160966555534
122.00800448440366 34.098792171632674
102.8919949450439 122.31124526545545
71.43907050437207 59.65137248056962
86.01272539210424 21.34687399448314
118.62239830797385 117.81320955166709
122.85488355880392 -41.95230652371504
102.13671784533929 24.203329146584554
115.87413219037148 53.48148857263775
93.66794176614471 109.0706296944531
117.20937975722511 118.869577972523
97.8817773371402 20.475641177259885
110.46803004352888 44.52938548499076
117.86942801416264 95.96603716839941
82.94858456346456 128.20802043045524
146.5557245745222 97.38646389986975
107.79181985503106 18.342507209048467
137.88076605627273 120.9149417927851
110.02190019931948 159.6114566596614
67.21667092437062 70.56909400669657
87.67799219752378 62.10575052477075
57.85730285336786 157.8125265759174
82.0076889932061 94.37149313607907
100.09945854905392 20.216249266901496
113.57302837732958 75.09001672088667
85.11213140921565 71.7215113041895
118.63499166654557 26.072175831859
173.0616645939854 29.266163517997665
96.92222527377784 25.953146994490073
184.62915101983288 147.84465420617656
90.96422668327504 269.13882299956066
107.13042695239453 94.80341286773023
155.39580630172279 133.3263454546814
110.94599582072112 143.03897627737751
115.80578579847759 143.4448745379192
90.17392770617754 41.54555732709453
105.99238331335746 30.437779238764882
150.2648069616685 56.190276253703765
79.6255453813122 -1.1806362981728775
139.57202569949052 1.4250100914496353
93.25913849154873 52.80761464860552
120.03508268782305 177.8078628101593
104.31495451416085 -2.3094504799007254
109.82898682376776 33.99479709818736
134.56408751015496 69.8652337577742
112.73002327967082 20.27608516025049
118.49150380764068 33.56883202756616
155.46617799979688 42.81442675244892
79.12801438006247 18.696205942876116
110.04839028662187 41.959663009356774
118.38494029705991 24.01728156202826
124.69031386119569 39.551383858108565
105.81746868398368 191.3422087247354
126.72214430670455 38.73017793991508
116.07631471652248 24.30926243460868
114.28466574638712 14.23058120746127
74.63113192475247 141.57650961698772
123.18208755076074 44.47043776505911
86.26954455039747 40.745655301581856
82.51166719904863 7.6019102381965284
63.37427371859976 12.819035045436525
111.75615491005493 27.556534166273803
109.92059189076822 1.9752630255831305
154.1266893707326 74.59059886744284
109.21281995131756 -1.37666562694036
86.64221768484398 39.61552548847302
128.75195017173775 79.2460437902378
131.80331392354825 41.59633441655244
85.64953908085016 -21.50067646570969
89.17989677736573 31.544102819033576
119.1617290478662 36.17733851393514
124.41788053631444 40.6305389933395
103.0812557524055 15.353763071273253
139.78627574910192 46.18147940852464
109.72348221629574 22.458970291484437
121.92285555330336 136.14609651275742
104.01191157040653 55.60047500809912
81.78097701496988 60.931269507869274
106.22107964994304 56.10252360062514
115.42426881736577 16.5272685837598
123.11813580500682 12.398979059965724
89.95309950391427 3.109089700870394
121.90523920458973 34.32728768652647
70.46033996226306 -0.7650634411650565
127.2124654554583 36.94083583679718
98.40350402116235 18.59735135773121
131.6757983202413 179.84866881173923
110.03613752429874 10.8855600844469
110.56926999782652 46.9643878870772
133.40176163017432 88.66031053093317
124.48908181801201 71.68387674372039
109.98677968365736 13.68750100841185
169.4751092672544 156.02830921921307
125.47691879373558 50.38368975863645
103.65202445472737 1.5280091959584396
111.35025245726811 15.383249165584285
131.67715877845126 19.00334345718616
72.43104177643863 37.08392984577366
93.74807720278679 194.83595458556618
122.23386809329286 32.29682566068154
61.04842077671081 -38.09671253543876
121.86385033541413 111.34539381551193
134.70500513709442 70.16711613632022
113.72990330796439 99.42511535196101
121.11919416182292 46.85030947504114
93.87758625782469 17.810862469623306
133.5082420698645 24.388889435811155
118.14273076728526 152.2677290478295
117.07336266754375 59.199548914911745
110.8639314640216 80.69326712772576
102.18984867098553 23.79753761465385
119.43631072218348 31.75094667244456
102.25108905952139 33.446445519858024
81.10202140100168 78.95120580178539
125.95565371584274 -53.8601173502928
107.6038799361079 -17.815467398919356
105.16980402469197 10.857103098615601
93.73981725115368 31.990141358383003
89.5451042114915 19.93722180393868
87.92686413807266 43.91609939649707
111.46363655650487 94.72907353135261
84.55948968032504 45.09984944498076
147.7598892337621 98.42523464126322
117.82554826573038 19.40161302014064
113.74041430225151 23.83167119419164
78.78085595308212 69.28577319711437
111.50145119560491 19.24411482586605
114.07358176072584 32.75502798984691
94.74876310052055 14.887031605557546
110.9224856349511 9.991975560100158
99.32635366889625 189.7880073870322
104.40737094253214 1.8962702188779
103.09762547436797 88.33968474028214
120.64255727035814 -46.972878432575996
121.27002925780353 51.61808393549809
133.75265411748157 172.71802369163603
72.82147426977201 76.00748319699044
102.29916441559615 16.820468894493665
109.50996462593594 35.570315947340305
126.10943190796822 10.686019994393359
116.37992841743933 10.374982440389122
104.9154324074025 53.364007710600134
73.81827611751022 163.29583490114456
135.95050217503098 50.83283354100162
178.62299855939338 23.36400755914177
106.2522687704687 24.94660011414918
90.95244997032948 41.742546954089626
112.01248128295678 30.91269893215697
113.7967639454664 49.94171261140781
131.08619566851806 21.145414480530526
47.421869401371715 24.297532908051124
151.02191848447825 114.59232818758915
124.48203133677957 88.18005162137597
104.69534685729609 116.83668132331027
103.15184767518883 -2.9624903052433655
114.29949137753073 20.517792142987094
100.48306938070311 18.85490861676424
122.59139710460015 126.9687056875292
122.65595100748541 29.623970745497953
77.28443735734636 19.459226684251025
88.72466971364324 29.927362207812426
105.87149897190383 119.31086974851218
130.0956693409233 162.86224990074362
111.95746609855898 44.59331654176628
109.85568884428334 9.058516741974959
99.18411908544704 14.021458329267833
121.57220267097432 94.64429969439068
117.85431611427487 72.64080836759766
122.39442315952492 135.02254303149937
107.0029576631573 19.551303387874416
127.6154333178152 16.612547474343383
115.14823969392457 13.935487658497381
92.71555277043309 59.071092261223846
88.27181046827529 55.68853322962881
111.14846545792183 21.35617992824988
117.94766075528199 22.93842687007962
110.12874408644058 23.453670005412278
134.1194136396502 24.49389366269036
130.4118409155748 18.32305253629383
102.55140226852733 31.110844944589168
109.17991647753168 44.17083283981234
109.82741805227995 0.32169471603070565
101.0441265135606 124.00528673996443
37.35861826036383 268.8142910392727
70.26520166074314 65.2405451379169
110.36065671089668 38.326511441538905
95.46051868558202 4.970402059298705
104.44044655600266 17.33961745858752
118.05161844740584 -10.423083365476517
