103.90802423000723 22.20135770855816
91.3241017852898 52.47028370861959
101.2064726023832 221.16001689569143
116.36258789825231 2.8017293679885835
129.78775689517457 82.1358011560569
124.32970463864727 165.5862226736936
101.99382187466675 59.591618900144276
100.4603070952661 4.52266896385044
121.625369991634 21.070844134848493
124.55062161068449 26.87233012993557
108.94833013369045 29.027525924951092
97.89250938410109 14.316059444396295
110.76191494905235 -8.402995768636645
150.9056760332429 169.88261459109023
146.16173197627353 -26.678538846950623
154.2963794847662 13.317799985673135
120.17168817166645 50.625820431895455
116.10646897174219 41.57493858410494
116.95108703315104 123.11181251696557
99.79785310914262 36.374731826684425
131.96872675347646 3.9151772627357815
134.76472577985282 72.473169219546
126.4354486360308 54.08576943125787
103.77652169795779 -18.11091295594315
98.01962937557933 232.1174367145362
111.6167183418846 -14.736004343748775
111.5299325954705 25.61913492479347
109.68360045012733 16.512377213503854
107.03117654598154 34.906506848357225
111.99289069344404 39.56083870425208
126.26539584023924 138.42336288546073
108.38728673953236 19.764229821744387
83.79007261101262 152.52003296857282
85.70455609040582 15.723557896566861
118.25947158310618 167.8347842648275
114.04757116707292 -4.145932012437644
137.89004912432037 89.56118233433779
83.56002477786865 22.129601889665928
81.37172344192095 187.78901526470332
102.36768842157161 18.605422737894514
126.91143096174675 140.28299806159336
73.36902410959739 124.0713846068138
110.78541875417368 12.218431063326967
138.677682520602 18.345284506471963
87.38238999147012 27.896322765860013
122.48314581036625 94.83656107776096
107.07225292592031 16.401599446925207
104.5847246506947 28.965584343294402
100.09823311538791 15.887595229909452
115.67806160168841 157.37979546765595
118.7326235271692 14.128688802128544
140.22984920545974 13.20480580718527
191.36632969003247 139.2114062416835
126.99130432874256 22.0141959896348
104.57989527425356 63.95800571609514
112.6996513260475 31.81721508671414
97.54262358584221 -9.836752586344973
86.16175710075981 34.70744572208032
113.11442791059699 27.072393797469072
109.45151020394486 174.9711469361872
133.61057546463022 98.8123344646093
79.98172558176782 69.20762759098633
101.73342862667434 33.012760559646416
73.79912112530901 104.9637725682584
96.44054112576488 23.706891158384366
146.79509424346747 65.38302982644292
45.415948290258655 48.189713935276686
112.3906344169292 18.053742906004103
114.64692165349585 35.216384272216814
114.80253227091121 42.776316446639974
112.74910701335122 45.85320110136192
90.43809060640238 26.638658980478453
135.59278242066267 32.72586225244525
111.52170515349691 18.02268974480979
109.40594376115338 34.44912987951788
140.47611499493644 86.03795751403646
74.50814991313902 40.704189594376466
104.84321493031837 98.52780406844539
79.30780649152682 81.16382751230557
74.54219420089937 -6.335698402035119
111.47293229243914 74.85761153768206
106.62263490825838 30.768934732172685
102.0015076017882 86.7651203753137
121.533627692286 172.55501239749697
160.2680888125016 38.91530746580974
116.28607324713168 31.271059636462848
72.6970387298717 78.70773621393164
114.65650596756471 35.7787558202576
97.10584776305163 18.937263129899
107.02621460314028 48.66022103270141
129.42511009238044 25.152351086749178
122.16361809749698 34.741004882607605
108.74126001658331 34.23819156567587
123.13427980906741 245.54983375142734
104.35451532452078 69.71777652990794
101.86338738663162 36.21345548502093
118.84991028534705 177.61321032349565
89.54649625786026 84.30661036299169
106.9835970309322 33.608796845405834
105.35647296322408 74.88719262888722
90.99569942667927 41.604624134179765
-34.70609726310549 50.12887096539784
63.21749745500733 18.32940742782224
122.691411403334 22.68330374654874
113.79884840210406 25.246195324898896
93.52245817212165 18.110716598029388
75.13512697838357 15.916604693123588
62.005639267897834 45.39364260489603
102.29554761172659 45.269407445230605
105.57182206439681 19.462771060835742
110.3289056742186 28.88555029582331
87.91966082050301 14.051662231123716
91.60404536766632 34.26879127723244
125.89493537935266 17.615429128603573
104.38152215343008 62.53308852737418
74.87861598077014 107.37274299796134
104.29830805933474 20.326423788397936
110.52331022758523 45.3253909506016
116.50895980004313 23.909046295875836
57.72564806002369 35.11320733430584
94.55946402851785 26.33522982413482
109.56800284733967 104.93461681970832
95.65753989416135 26.67543971222189
92.51345481472836 67.96401657479446
124.35096708396925 3.140544231121641
123.63961545009484 103.11062795907674
124.38341581898172 17.516583979850243
76.75239174786485 123.37176656676664
120.75845026731899 17.22980370734678
110.740931901827 19.254040681205918
96.36677444219299 73.85642250431549
105.36175931211481 12.982214587625153
122.45340407855615 34.82984576448038
104.79150144638474 121.51379661185291
75.3362517930117 60.785568123485284
87.90052959689922 20.895892856233672
120.17448041626567 113.86926667419982
123.0255783706443 -42.26407085278987
101.75444845793734 24.24408593574427
115.60627739343353 45.566135875455714
94.7669778372984 113.31534257818066
117.79028136609625 128.3855658820165
97.96178271941422 20.465688242327285
110.48418944936289 43.85298248555622
118.26421293308962 99.38299562155629
85.68915952341314 131.9510968228213
145.7356208718686 92.58567700919436
109.01149628139764 19.417946749144054
139.0275088957229 118.46221277256093
110.43261571202984 163.11232611874902
65.4324006748747 68.23671263932577
86.53039613468255 63.53838404311367
58.56171006670084 162.94197697408632
81.152880331736 99.17186728029552
97.92801370676418 20.664996477719345
113.12261757116597 70.70563755928589
85.84549767547027 70.96057496366305
117.76759479522086 25.566488886615726
170.97626039043905 30.519153511286245
98.52694727917643 25.797976284925504
189.10309112079528 157.07286636987902
86.70913099139264 265.3902574622824
109.7352555740299 90.96743573997885
155.5059237060315 143.23654069163285
113.74128108691166 143.5194713708188
116.23437022659797 131.63229230911313
90.06215689684656 41.5467005823992
106.52411024338939 27.912892688466677
149.99869844803746 60.65359437199413
81.84332243546031 -2.6796248441548465
141.32054755320542 6.04812061519964
94.13859201293968 58.7231651798955
120.00921546465253 178.1636481090779
104.56943931483019 -0.577394433966588
109.81706149956642 36.25898882057
133.60950779769826 73.80764361015575
115.01782345696776 20.69714641212211
119.1138833043286 33.31918179171779
153.76985224417336 41.153584596641075
79.78630003727757 18.626790865347452
109.14639686443988 39.984567960010544
118.8849476261524 24.516079683488798
124.66067445204524 40.99009508894223
106.21127146342036 184.35389415721204
126.46733000655678 38.20967926992277
115.45380342022167 25.531675003252293
116.15462448334206 16.0700298514426
77.49751405938372 139.19653364901035
122.44130509258319 44.92320656626757
86.04843973939244 47.587232934026844
81.4282493852192 7.778929832046019
64.64787260867588 15.174423786802407
111.89395917787601 28.33053271502813
110.00272794101575 2.027856851548152
155.19909044009805 75.29419324766094
109.63961498038142 -5.724648240909737
88.98184872496572 38.868978272911896
129.90353164200653 88.11380179370403
130.78502096393532 41.49107196404089
87.99922771047837 -13.602538433733976
89.18719373460941 30.94437680596472
121.82984982376999 36.239179702558054
123.32217081854616 41.48600699146545
104.18970812594871 16.42863852468706
137.12288545835156 52.15283816477011
109.90159576080953 23.187794993263346
124.4715612913963 129.03164475624746
104.96734678118487 54.10339800302845
85.2039064325497 55.33896804776975
106.03678806713744 54.611085839463534
115.56906560708833 17.20562234345745
122.79165571722062 12.089707101529902
85.92295304649971 0.4943200680650546
122.8276621388921 34.546803249291976
67.61066716016333 1.8989212340594017
127.10980809503187 39.58676620810832
100.73569897606774 19.616095996908395
134.7009538784695 178.51647529750764
109.98423486415027 12.556252650732205
110.85313001467257 45.89792318905571
131.00697931168074 90.305984276009
124.7618538687028 75.67164283569808
109.96383060985923 15.051431942249737
167.28897300944797 155.59628205707568
124.89504426685458 49.76756434382855
103.95260357755542 2.341459420373137
111.11810886328175 16.623138679382166
131.6071375711372 18.667750220820885
74.08078809104975 42.91972671920311
94.7482823458685 191.05659168737796
122.44125714921054 34.414767891452705
56.192422796817894 -37.550443197428464
120.12959247051242 112.55221370561144
134.2715962687799 59.93823641825054
110.47501684258225 102.72932910367761
120.54491423958132 46.067237426367925
96.15011893404032 17.870200120761698
131.84321707636153 24.75056128694219
115.12421820886028 146.50345917187838
117.161724742352 56.54541987986474
110.71023948709069 84.17328676913742
103.06506563403602 22.42501816776795
122.24292986132792 36.023034540972375
101.51980616916491 33.34875739497752
80.64187501389532 79.95133367107346
126.17327747560564 -50.51896642383924
107.87871252485542 -14.55498331614916
108.17668354643698 12.317675243519686
94.77508042905913 34.19571085768179
93.22239241137295 20.501245356057684
89.30442937479219 42.585901446246176
111.711475425141 96.31585281886197
86.48942967531926 42.29340366558577
149.14754059862676 104.06140779752353
116.07093785697909 19.419745686638876
114.0074745501205 24.08744323070602
80.49260483219874 68.32628261722871
114.64726709238458 19.362006550448868
114.13762597894763 37.5044988371032
96.37930585938552 15.653526029280073
111.0780894364003 14.880260085627668
101.57955870851724 196.78554308383093
109.44717377397382 3.525137745466071
102.25327891650785 88.1597275368907
119.40466388472905 -43.051855117231305
121.24970110771623 54.802689277556134
132.29014306898506 177.55298728300957
73.03419552675699 78.82120224009127
102.44860145725374 17.180255697732445
109.50572458346548 36.27933281009802
126.60025597350509 10.77271219379159
118.91680644997469 11.144811013683555
105.42836525653551 55.235013907970924
76.4273893274445 168.40488352449674
136.21649838413057 52.38274985136217
175.66495815988992 30.014277830593745
105.86643923288041 23.69542418956031
90.0210617289869 41.44463233014921
112.20859063943675 31.10333648428066
113.12638517718854 48.57589368846033
132.75490849160826 22.6935554362424
57.55649572182032 26.43067866785247
152.208741895991 118.90218234008304
122.32233665852516 90.26965668916831
105.0508123995525 116.0073414771869
104.45105345785008 -3.755491449743276
113.82985225952744 20.552131667472896
98.7182347357076 18.749671604122934
121.59576829919385 120.76079758099465
121.07169700747411 29.176745883335585
74.23575695714202 18.76780075745827
90.97138856588168 29.964792817257965
106.63911449229941 113.87886955364085
129.2933078062284 154.10371761411452
110.83126148169482 41.74509415761158
109.85543360696929 9.638799683245663
100.30811525760494 15.309134206966036
123.48527058535043 91.26404041600551
119.92951852504716 73.82752420199266
125.07618843621839 133.89266844422073
106.2355046796385 19.666089160032282
128.51013835897774 16.281773122148508
115.25302771772807 19.16378750063315
92.49235182008019 61.95463850696355
90.8159780160409 52.47088215050026
113.17008718615206 22.177554111730238
116.73863549817668 23.314779023609752
110.98854253624856 20.262392497323585
132.35009993265217 24.778950870981813
125.90184177599356 18.47981647572625
101.93979115792827 31.778076645798265
109.49600259269168 41.21751873271206
109.79135953710151 1.6257499874981152
101.24068846970884 116.71932779948746
32.56611566077663 262.6552898109802
71.14149181277173 68.3913369442414
110.28212693881231 37.17163535995361
99.21141473885746 4.933909298451564
102.84300586408861 18.78214187300368
117.65232682988469 -9.217973803858921
