104.19099754266558 21.964889671760705
90.05402640748453 61.156640845181926
102.7183794109108 213.86107090982293
116.73583560864806 -5.522258512247253
130.76299316171347 89.55933241273262
122.20483933708823 174.5195950595561
102.26331822921428 61.02051590484266
100.17249435109915 4.76445795566894
125.96031393736466 22.457754731364652
125.77128709827574 26.385067967591127
109.35194178233193 29.63281300499862
100.21124245386042 14.53551843628514
110.5470883221188 -7.165553889365527
151.7548956837372 174.39365648262034
146.69764124105782 -25.828967778457404
153.24433502547123 11.865434299894382
118.95934401124624 50.66090951831185
116.14996389381443 41.25056061014733
117.42224238452805 117.8139429938596
101.35789708072693 38.029032989485614
132.9272553225932 4.400420235252006
135.00460654620758 74.02429101668677
126.63829305535654 54.55380781154556
103.82432479806383 -3.311143153131937
97.65615643035399 231.4000774448698
111.48925447077977 -11.617923166591003
111.26285154344251 25.407582927726992
109.70690768497114 20.300342543731517
108.72807990560071 32.556482019240846
111.9919424105296 37.069128959332645
125.22293480914604 135.21472932431894
108.66571891232341 20.629029960694854
82.13888900792199 153.64570794523465
84.7304163127527 19.5724556947772
121.77903251700336 176.737172793919
113.45972328205615 -6.791283562765068
136.94946522607702 86.69828948748706
83.34762643067194 23.124001638397644
81.95483531211545 186.5197807136195
106.54499398454735 19.250857213739113
124.2136685203951 139.43675537829014
74.35223657355644 124.55218727925423
107.46909109655499 6.140254066822572
137.47554534876426 18.341285274379292
86.77391923025885 28.21584684976384
120.5783534215009 87.02389203853821
106.52977851980911 19.356425471824735
104.5605184827732 27.121725174459137
100.22428505307815 18.170107175395263
112.40891898386177 159.31549642732764
121.9620000348079 15.096793910950819
139.04824211736957 6.823409401982755
192.92253174072627 139.13366013153444
126.52821227888752 22.46596935114764
105.33263449827476 55.94417386554598
112.7711967906728 31.04332134939365
98.88524180694905 -13.470308317566737
85.90857575027584 34.31398248292044
114.60856335067662 26.884085904671213
107.66115957757877 162.29527842468258
133.11197612716026 96.28462715141916
79.44998251565093 67.30319915082681
102.16831953626763 31.265624794159535
74.8994659077537 106.83025092581384
96.88334733722098 24.56624450287799
148.17728636296437 64.00125504914718
43.60488372371414 49.83030621815031
113.06962738626558 18.895759708921492
114.11711619812714 35.00706256152794
116.18218960282417 43.9220151003463
113.61484537548608 51.2227367837063
89.63590161938747 26.610278451198504
134.10052798609894 33.05304892109166
109.78912115848044 20.856790939746784
109.35588654147166 38.854556238589936
139.65183144273442 84.82954951909616
75.42039570731886 40.43104281926793
103.97261575808093 108.33959933175521
82.10593536965585 81.97062684466296
75.65158460748397 -3.6528446964867283
111.72991010106466 83.83024888874003
106.76725681130746 32.76938423796284
103.26663986598811 77.61981352614133
123.30840980368419 171.2054793693183
160.92822408294222 42.007436425879696
115.95729343948481 31.866631177702587
75.2267419388199 82.65186420325279
114.90967667481897 34.965159998054574
97.17239225628819 18.93972755540136
106.57002619431873 46.896714633726724
130.65596396209313 26.083536991444223
121.05188728171125 50.387747829456536
111.56275277084863 27.27523087460726
123.73769264006263 232.76869290145385
103.20836204794689 68.9218497444427
100.58224084596691 39.00634850727143
118.67826577222213 180.37097097168592
91.63901304837482 87.38116880502659
108.03125497072708 32.8730604054727
103.99182158391699 75.1150873019059
91.1827139110565 41.39877536513761
-35.41058892038666 45.90950958401854
58.82693859385366 18.413448097239183
120.89994272744411 20.150837970769828
113.05468414946029 22.5269381995485
94.56468170657719 19.547739150996247
81.60253938353765 16.26598344129063
66.56778916186984 36.85563773532562
97.99789668854719 41.04597980706522
107.10413508794566 19.41187782018498
110.5006798655017 30.614850310049185
90.15020973408471 14.50296642610618
90.73714185937997 34.8397564418144
126.04118113862133 18.250176267183456
101.55247079720125 68.74089087163485
80.07579121356008 113.0579590968969
104.85345381928863 20.28096153912307
107.36431767418472 46.639425511181045
116.584903830184 25.496680305650308
62.19135186201693 36.21158030597927
95.8623335129891 37.52872408902815
109.08366752466459 109.50587400714075
96.88461688555826 26.654304627359668
96.55544319970515 71.09994900334746
127.18734247475597 3.8232224525645746
125.28489108878036 98.89067757639661
126.19972638102446 17.433761667391096
73.45948219057018 123.00185202728532
122.59448422341214 18.26727107331714
112.07157267948267 18.714531381877478
96.4108507356625 73.63358359508517
106.25081560587208 13.747262235545262
122.79172593172524 35.348204171658026
106.69900657349228 119.92559088534917
79.57597045535769 62.00332014416523
89.89088172442919 20.43394646495208
121.63910300994077 109.86700375289435
123.0791697012026 -41.610115242122546
101.41333327774159 24.22881563137409
115.30516992157509 37.44837798349213
95.92288752711102 116.85686376138409
118.2978986517284 137.2080191967076
98.09143280676625 20.44593745409821
110.49324953962456 42.756450432272416
118.5628818719513 101.91962170930785
88.22154736774435 135.54780732338776
144.31134863123455 87.81654185490721
110.2317082927937 20.49293766217188
140.06298398439108 115.40771026536927
110.8383557123059 165.01572735981384
63.458912636766655 66.08627641835817
85.62914238144694 64.7921053034238
59.60101372503937 167.57816482864024
80.76231688484233 103.81225374398477
95.86443698216746 21.100024970472568
112.62698191426614 65.52953967526696
86.96795757177989 69.9436654879851
116.81774064014672 25.045839239590975
168.45442047195374 31.63482718061127
100.25617953979516 25.58006521826563
193.32577549605188 165.7999552284598
82.64149628489659 259.65318021420694
112.33882685109913 86.92668408883667
154.80506628810906 152.98740058687292
116.51899947630878 143.48885285365273
116.60238591582385 118.95255650942586
90.17432401594048 41.43964111643805
107.11185448512664 25.240037456612363
149.26902984756438 64.51114097194223
84.28724482396558 -3.8799074990698124
142.9182123784935 11.553509434297892
95.21598081631903 64.83964544519478
119.94467705643295 178.2513004481748
104.90923630107726 1.194237680434834
109.80514129018356 38.37565673517063
132.36488784977016 77.61750117593093
117.22931201807788 21.09635707876853
119.64905174191544 32.88692970274684
151.6013238421073 39.279148879738806
80.78016437008169 18.562285943791988
108.25339548226826 37.952034439758336
119.28783291245762 24.96497755600783
124.58104847922706 42.13725064414888
106.64301627857542 175.1346504534967
126.0252095765617 37.66726949828466
114.75805325623826 26.68443542941569
117.98445750105891 17.969581869800972
80.62189798448571 136.58829529887225
121.50912561854007 45.09219716631185
86.05393417550818 54.8926689550808
80.49756830893138 8.01092761087004
66.3858091243371 17.581428218084916
112.02071695842378 28.962786384637063
110.08230262442301 2.254540246805779
155.77316404894404 75.7590643785235
110.0683521838195 -9.678202579415398
91.67577315074725 37.806711635570906
130.91447280347117 96.41253242205329
129.6220590736813 41.139543698641795
90.54267633308187 -4.734814909757114
89.39545492675597 30.190860727872632
124.46021448347875 36.10237340265391
122.14300393692665 42.19437762068602
105.32230915179545 17.532320941558837
134.03561418313717 57.944779559231094
110.07338034561165 23.840323051714414
126.89534291999007 121.64951487664673
105.94870225470211 52.22293175145624
88.88319720060954 49.69458608310808
105.8937391210466 52.94244614701131
115.65286583599271 17.89866552643841
122.26758478545918 11.814658312068973
82.12839971163838 -1.9933863923437811
123.6185931488426 34.66542660012405
64.64577239822538 4.582983635007895
126.81319022881543 42.32918961177362
103.2050863939858 20.633030109307178
137.27270408585744 176.6153845013725
109.93071586940445 14.293177515805494
111.12300438539775 44.695452435579796
128.52679445349654 91.89955264169693
124.96969988356915 79.22749160347648
109.93996943096867 16.44223390540091
164.69622860126591 154.5471239403515
124.07397768811973 49.01836695408908
104.32357727995479 3.374441292608181
110.8743380933779 17.8770796838007
131.3536836785988 18.342828937476348
76.21257316562944 48.975308331229854
95.87994984730058 185.5916498811072
122.5256946406543 36.44634539913851
51.75703435989555 -36.456342720816615
118.3110943618509 113.65899354978822
133.81979698652847 49.74255527655722
107.21270310338096 105.22918675714986
119.84487340357364 45.19665054764524
98.5123972148034 17.936986942495356
130.14917085159732 25.008848094464508
112.08590794272895 139.94934773265518
117.17878598886394 53.65726923774456
110.55431473892324 86.9183017873072
103.97159293740958 21.007056368243543
124.85524175921175 40.20121031960185
100.83246356483865 33.12552214433543
80.32791665020893 81.01471643544637
126.14009778715646 -46.115177356630426
108.16784002457936 -11.014780802337324
111.18475417122552 13.845843022984106
95.9788229593253 36.25936806507585
97.09655008826729 21.057113531980082
90.74819472532096 41.161555660577086
111.93056592954034 97.3729235013272
88.77548622316176 39.669273193562226
150.1697553118339 109.38373384847114
114.26724753659421 19.431390156422147
114.21446031195389 24.298600379630138
82.4748569708272 67.17957266960869
117.71368821845981 19.478397523280165
114.17663524237416 42.767253941068084
98.06491526037027 16.43727061437226
111.21625644096761 19.811667585646653
103.9965882913161 202.77917813152928
114.48936445048153 5.287370405740074
101.4387892288916 87.98941823592898
118.00147887696671 -38.47211772291732
121.16943952298203 57.93813218355785
130.54369033122586 180.84125055958987
72.9501470519318 81.96138173457048
102.64535286190795 17.566940177788464
109.50407360155342 36.72425442372896
126.94224254617347 10.991466714707215
121.39291697001697 11.978870818766577
106.01073972404113 56.86714641755707
79.31188819661631 172.048609554961
136.35579961900999 54.084427170120144
171.6437101103331 37.45648464295136
105.51721247600688 22.438972648562988
89.4069882192316 40.769164918606066
112.37975674406519 31.15617611696221
112.41589715087085 46.89182774369812
134.3224278388188 24.196700691396526
68.39451865049702 28.497653054774105
152.75695098625692 122.40431620674603
120.00970133244371 92.01299691830316
105.46156048226389 114.71446918039457
105.80241042408073 -4.3621980402738565
113.30214680888302 20.580880004795294
97.0518100830105 18.645773059156813
120.55086188014765 114.40370575487648
119.40417208860735 28.63704516749253
71.79078384766832 18.077752335978175
93.49661410214436 29.85689992622224
107.44708169896057 108.19951308718976
128.2435880001487 144.386367233027
109.69546388589806 38.786818805762934
109.85513337731156 10.388671982510393
101.5549614299237 16.629557730983333
125.2349151251523 87.97845838243784
121.90673107943138 74.62700311012459
127.58809159909227 131.9956239559682
105.5010149253082 19.779553002584002
129.37251816285337 15.98970623782388
115.31884342712735 25.379383898795076
92.35681782448033 64.56358302437644
93.64704198497208 48.81648318520451
115.17977442145717 22.949345206762246
115.47320875969046 23.65393314554186
111.83734369993323 17.06125891018245
130.38624859081796 25.042634709707347
121.10605396100762 18.64379850313648
101.3523038858301 32.252099628304585
109.81006660156784 38.08110003211492
109.7551682145283 3.2058189096350027
101.57278225139646 108.79826069016848
27.74572378363657 254.78761005697342
72.32608472546637 71.58350670067944
110.1992911695114 35.817368134007204
103.09411578405803 5.131327884745135
101.3041878941587 20.23078341843857
117.13237028376362 -7.790281692850041
