105.0002190427173 21.399578385511383
88.09188150577407 78.52827542980859
106.0543149785127 195.91781988648452
117.24963590031761 -19.63130865896493
131.88871886039772 102.59793208614907
117.72814323169402 189.85754473024622
102.92391425245025 62.67218887196384
99.91188683109726 5.531673501734598
134.2744150081877 25.12653420906515
127.64397644098753 25.222445601821047
110.19197909620793 30.69800148054833
105.11312117559646 15.068931662177823
110.09990178593276 -3.9864677607465566
152.85272119692578 180.75750511820405
146.85711851733876 -23.07211569295854
149.9099026816851 9.14646703012297
116.15211181803109 49.84182009566423
116.03936619333557 39.991738639362744
118.18527044445194 106.02844961761113
104.61648101689823 41.693705744645236
134.02622001818423 5.928658591838915
134.95856710953376 75.70491933804
126.50803323428332 54.23822666061743
104.09399092614113 26.875241450870156
97.11392406847241 223.1081797307176
111.16291446922502 -4.435605806398614
110.70043560217437 24.88073401358982
109.76032097859364 27.806318388839706
112.13850199310848 27.426280623720505
111.90947758138056 31.386309100601373
122.81235994534605 126.18414100304169
109.25349831532351 22.294642279754463
79.4925945356222 153.53079784655628
83.79062233741611 27.22593894426008
128.4769532438019 193.43007070331592
112.15214786985213 -11.42076747743877
134.23083635812057 79.81662104700165
84.09532174054844 25.026251194484132
84.14611738917228 182.04408642187593
114.94295722884782 20.530119634162077
118.33298790581178 135.72661539067374
77.57306627431588 123.21342991413914
100.95723783806704 -5.716893030896495
133.93032971030962 18.370902033173387
86.55276533265665 28.537156743284065
116.49395731629888 71.14846812043453
105.57292786080903 25.22899083026779
104.67503629294428 23.247384108642585
100.79636480086693 22.75177571476911
105.82789526868216 160.00243402956755
128.03681384951764 17.19752369890391
135.91559420028528 -5.558177235668824
194.37219738571997 138.23861706352972
124.81985539928704 24.118534461803442
107.01077623393348 38.273979228237735
112.77266702759823 29.118633106744745
101.7637577656607 -19.934598674446622
86.15736030453465 32.90484216172452
117.40329959355695 26.29762929133685
104.13225614403012 132.3429246354093
131.4979392531511 90.7307029602432
78.63330996684407 63.27002444886938
103.21300589485509 27.442283304640267
77.99656101849304 108.84866787390452
98.24632901645593 26.08841083679657
150.15195609394243 61.00734226113245
42.56003063105703 52.48692028712828
114.27584610533133 20.57669262443694
112.86712980373015 33.98192070461864
118.81436246940387 45.62484319236375
115.26798147009264 62.84041888349179
89.07116943542555 26.468474190961132
130.30340045570054 33.44229993036067
106.34318142834348 26.423140824122683
109.27359155764196 46.75043120284477
137.30293545569748 82.68207302935787
77.50464275661035 39.20700659591958
102.35802700883113 127.22119747498164
88.35097678615548 82.90931603541232
78.96142074254713 2.4499165541380052
112.18231458495217 101.14936447413427
107.16614919436807 36.39565362279241
105.85814149511116 59.59067570338517
126.40920196466432 165.47808052049982
160.39197634575106 47.300265250595956
115.1344499549044 32.755727512807894
81.28676116192992 88.98066153736579
115.33360043804592 32.867528265272895
97.74822668935552 18.95525785422889
105.75724587007923 42.65776875891524
132.27441912197412 27.705417055714282
118.33810995626814 81.78723795769746
117.1334365164228 13.05392593719748
124.57918490331163 203.80211921267392
101.03486835633885 67.23582762925227
98.51459365763371 45.91198031988277
118.17165151849771 184.06125490268712
96.42195069553372 93.40707195179725
110.1785698094296 30.867494486473348
101.36874257412 75.46493004891775
92.3412495876057 40.14194292495356
-34.73890545900462 36.859643765548185
51.21801910646238 18.61139599739789
117.0359869269389 15.082564326668471
111.50990469075256 16.97670028061148
97.14753942410489 22.4083548262982
95.12897374511843 17.030799326457064
77.03715813542158 19.385420063150793
89.8757074845212 31.71362931544118
110.20363378669393 19.3088496565458
110.8139341759253 33.70773454895323
95.30941707611092 15.556937095483116
89.91040834847053 35.437096762286934
125.97528073908262 19.565845495184906
95.96316222613133 81.82258286465127
91.13364149079709 123.243886371361
106.11325778269092 20.170973654308675
101.15669457182744 49.217583425879496
116.54350686860504 28.4463577838354
71.56958308673782 37.920432147169294
98.94115996287888 60.3693718692973
108.15233433765903 116.35689917532066
99.64666279045487 26.319574261911093
105.00072438842112 77.58081081443196
132.44420122692938 5.530058931084722
127.97598573388892 89.92491237722219
129.32609530920945 17.328443045896762
68.21680739952743 121.1643814160543
125.87691072702589 20.33133370563164
114.61854362715687 17.66886268072414
97.11583415216771 72.8633356237798
108.0963196742337 15.467641340290799
122.91175818798821 35.953161873011624
110.57773925334274 115.37421562379471
88.67758880054164 64.50332020604026
94.50441115560707 19.476097647997612
124.2405737626159 99.91619648530593
122.74389714189633 -37.93193007399757
101.0611542928185 24.07124223958105
114.55628294630894 20.919459058084406
98.64555878850223 123.10733603150317
119.01777800459936 152.3401779477549
98.92602788513518 20.361843078083265
110.48912536384236 39.468242111678656
118.77821269707819 103.5832199958469
92.24894542560779 141.31727829196478
140.233470714282 77.07031273266476
112.63156761587584 22.606079968479428
141.2032371926267 106.8109445856692
111.61896205272282 167.04485108327913
60.17208405354675 62.02106349240455
84.44788975575041 67.33960398456483
63.119939803730894 173.82191392453157
80.68782586909076 110.8007346456744
92.01579073453293 21.882901825330528
111.50442164794848 53.4645238446449
89.62923851412799 67.88006149542029
114.7226831478456 23.862213184347485
161.90918812955817 33.39424240783288
103.97915360358677 24.99514993789227
198.71057555870408 181.78790009569946
75.2096442221254 244.7870735563016
117.42642015978856 78.37957386628123
152.1677639729331 171.09005816248344
121.96240876877705 139.82029698681035
117.19218494021798 92.55053701504158
91.07473079263222 40.573556708925544
108.34516026925641 19.750334009797566
146.66936658247147 70.36786552466366
90.3719137501273 -5.660609393660654
145.04239210584547 25.18234728675152
97.71445433549036 76.28980734562782
119.50495117917417 176.33732841313025
105.79086610524692 5.050478179712905
109.78222203390955 41.68048669127382
129.12136619980674 84.52696795539542
121.2281584221299 21.81212583760187
120.24779518147884 31.538285089966813
146.0032299837663 34.85597850472927
83.35021966546728 18.451893085029017
106.52895504398262 33.493296715854925
119.93343825772666 25.68511989300578
124.03764262345196 43.55233600780777
107.62526727047783 151.13869638457174
124.7323621439392 35.97630882130399
113.26106259618724 28.86869878941902
121.35079010206073 21.800315338636633
87.70084417660907 130.54484737966712
119.23127553680604 44.716578191989065
86.90977149273456 70.84868800540914
79.05255632251439 8.679693541135144
71.95298558041173 22.406818589616975
112.1834591218814 29.88274950992515
110.21883558195137 3.1664923625941674
155.5311159240134 76.69195630195284
110.92053997156853 -17.03086706558567
97.3316456706708 35.2753375894936
132.51764963730255 112.76729756753575
126.71482066016311 39.69168055227265
96.27994782445869 14.931303310187646
90.63962670535322 28.354662840239598
129.236671143481 35.25118959706335
119.4987477601107 43.08328715085949
107.71582785491736 19.776427827055212
127.37386097401199 70.47883424557841
110.39047851520542 25.084271686364918
131.19532150916004 104.51326838076895
107.9946842733749 47.41558488357599
96.5820020356265 40.02330942515865
105.6663705440342 49.017097179276384
115.62578301155274 19.306287900804364
120.96550317629352 11.558769224679548
75.37830017279408 -6.279689531429978
124.84465989559759 34.581020171931506
58.78750232985277 10.500955346848912
125.80498431317314 48.194615678398314
108.23250273659539 22.61486694632904
141.4947341517742 171.27778283596308
109.82241906028325 17.909529279301278
111.61431164037924 41.24493866329705
123.07317243196115 94.39775479455052
124.7630508739428 86.26760085462931
109.89098436432725 19.335786410182124
157.8445840862082 151.4157322950815
121.91227276147656 46.546161070387974
105.26871301003384 5.8944590997562765
110.37177160380868 20.414999064918096
130.4020515455737 17.748699759383836
80.9079509767469 61.59205131981433
98.40687491804951 172.23185041690695
122.24779742442013 39.84970490924365
44.527943142427986 -31.7848050141442
114.39181252070607 114.38811128241196
132.30853740818927 30.788160687253374
100.77019241855949 109.00290358926317
118.12548505447626 42.371321804832625
103.52142659447073 18.106872797394796
126.13539402600094 25.349874858867672
105.96419932965154 124.0537880288603
117.07402499814992 46.95719610982579
110.21473100596208 89.64529317787138
105.9339629719248 18.154940346253692
129.6346860722229 47.81095339524316
99.64582573507793 31.991447495094626
80.64215965464761 82.89342763426092
125.54712336348967 -34.38580256813572
108.8067348655404 -3.533015060397868
117.13315575079871 17.11655718232215
98.74499920421484 39.7741706602767
105.28096638308148 22.122930535826995
93.94225923176207 37.759603027941175
112.27472070397548 97.1504029963727
94.11497365961186 35.732238177909096
151.1359391089089 119.19208497449084
110.59767599223018 19.4306258059499
114.51682959135266 24.547754878106225
87.64228919601324 65.17081933776805
123.50636001955542 19.70581761541365
114.16187906749384 54.64038015639944
101.80702136862 18.106659755896764
111.45183590307234 29.63261911465863
108.91450956691334 210.8169175446873
124.30045017865805 9.034783243315538
99.92251754007421 86.98564138986248
114.86740356013694 -28.332303251935826
120.58574577523771 64.91683920503273
126.58784542634642 184.7740978172881
72.4501050907077 87.3928661702103
103.25200213311015 18.405425054135836
109.50860105152647 37.22084229144503
127.134995136143 11.77458238384011
126.02378616010242 13.831506158846135
107.2858637429978 59.78228031952167
86.40434401008764 176.92957252116085
135.56425466174787 57.03779018264114
161.53229318055577 53.357246102466654
104.91783869480794 19.827838343130058
88.39632529511022 38.775736758862855
112.61624325396023 30.80852587234363
110.90676585358081 42.83988116344653
136.82425204351662 27.038206174189007
90.76277316422686 32.37454513813211
152.41832336219977 128.7909252538128
115.05359425139336 94.32418742413562
106.36947969966721 111.70875003052238
108.55400173147912 -5.169432556159883
112.14478224428328 20.59925808288182
94.05973600558458 18.46594703228307
118.12365495166551 99.40395584936168
115.75881530463036 27.369696884133944
67.78718413070752 16.75535307196786
99.17947711528457 29.2109093690065
109.101230800864 94.779191148846
125.43213699911645 121.9602791409695
107.44164991366148 32.48720295225368
109.8543454803333 12.159205742374068
104.31163579974795 19.367398442569893
128.24645453309694 80.5270755914789
125.44661964197148 75.18357026476819
131.99465643779496 125.44331188213086
104.15111969439435 19.995625286367833
130.20797704885732 15.544873511236199
115.3122514628887 39.34982672663179
92.74341215137851 67.54019970501791
99.84672187333187 40.812710377051935
119.07868991273284 24.336460141439275
112.77026010892821 24.257725384439183
113.46412930606026 10.737865516162223
125.76833123873894 25.4216743646592
111.26414871939437 18.990289008012212
100.38122923127747 32.72857341973154
110.42613232232196 31.10022716475692
109.68265667766063 6.918399022052523
102.48848627452507 92.48561960934116
18.283174173120525 235.89768463330603
75.5440401848805 76.95467466785102
110.02112984767017 32.81512553237066
111.00886945506413 5.902160822878638
98.41037494608383 23.08227354951384
115.89662613846183 -4.198337794131914
