105.50060089092283 21.091820373540084
87.43769689419094 86.87366397705188
107.78373908766896 184.43927831633087
117.3545383755419 -26.15843893257839
131.94501396285438 107.42935952118077
115.4011954858215 195.99451719721506
103.34556418188815 62.89131416743741
99.9565048464468 6.21998518061221
138.26640951602383 26.36754336915988
128.2796008045404 24.54626228464123
110.61610969243736 31.07654804495081
107.59658268849856 15.415192281782353
109.87239908703732 -2.1853002441500697
152.68625978444575 182.23218987143568
146.5548397920902 -20.913946508286415
148.04735904312696 7.938188394355452
114.59871366975976 48.94984999263008
115.88389818892303 39.03997077041594
118.4558447613661 99.991552172539
106.3148029329225 43.92505700115942
133.98150617839187 6.902677222510963
134.58694004316447 75.916944564667
126.0900223096571 53.82340976566105
104.33807425059658 41.97063584432378
96.98589020251744 216.9271789739312
110.97749268873412 -0.19942340114299295
110.39864538019545 24.57050199943856
109.78926775925538 31.4010572440502
113.80646737530193 24.652601035069733
111.83367870077687 28.302468944749908
121.3931616636382 120.62179896618453
109.55484817204413 23.062007816646688
78.73863223566536 152.49603084081397
83.61977068911948 30.948337397506563
131.5750636807778 199.94844884124913
111.46708250272849 -13.270746994905396
132.27589191232195 76.44972591715191
84.8764066017363 25.921646569796522
85.7160793081264 179.17818289469653
119.10424154228427 21.15513339823499
115.26296830047562 132.92189631954827
79.74469179081511 121.90830358319566
97.91621993307662 -11.309764763661647
131.8359126733025 18.395534334480256
86.75062068309037 28.487002948850257
114.37467913072454 63.34392745479669
105.16650813369509 28.070524571727645
104.81797081183593 21.22882781873591
101.21697231614067 25.008056024398762
102.60093729064053 159.11999461746075
130.86775832419158 18.288566409840698
133.87767591504678 -11.401779393506672
194.10334639922004 137.53675229290215
123.6921137531372 26.010053810627163
107.92450185518098 29.026727576340377
112.72014536352717 27.982665840355722
103.3889180721913 -22.170411120172567
86.59876111578335 31.897797885193512
118.64143549798855 25.953774237384728
102.38197890802158 115.63584392552798
130.377381711344 87.77047130105586
78.56839243233713 61.47774041288826
103.85577679813034 25.347408319526135
79.88344376061353 109.16643752182635
99.1191538985868 26.73298148221189
150.34621601452608 59.09514095595343
43.10396863077923 53.55772910506586
114.77444820364738 21.407015503131294
112.19090592177582 33.35145924366986
120.09281638135792 45.9747861980447
116.04445999397302 68.71682497601678
89.22654514319129 26.335900950326632
127.95483906368065 33.463429589612886
104.65897843589889 29.1132629009607
109.24061951655632 50.42089447934054
135.74559963833536 81.68852523976547
79.11506019504094 38.144130544018495
101.59348163083399 136.6188957947769
91.74152100931714 82.85750188572632
81.24912075463888 5.689068236014782
112.36339248746 109.3085646834379
107.44226699895793 37.93109263626294
107.20838713488887 51.13943790892631
127.7436895760467 160.9424294739827
159.5371710964919 49.49400899589566
114.6298807733002 32.927937640477495
84.64425804609823 92.05105112917167
115.497351002083 31.651726282337894
98.1737899288717 18.96801663622457
105.40168332630411 40.026054741322014
132.69652129042174 28.3617723852582
116.82672663120644 97.37924257770415
119.82663016368113 5.981764242368445
124.7327878029896 187.66734543600901
100.05079839546121 66.27721428491249
97.74884366642907 49.92821907019589
117.8038390428605 184.21665690409145
98.98177748817686 96.45592196667404
111.25465900301218 29.701580387647596
100.16215823910325 75.8251492032576
93.15702218551233 39.069114084300004
-33.57306831923662 31.98460641944739
48.35485885142087 18.71851067513868
114.97036671708135 12.597659634616885
110.70318752663546 14.226446183798982
98.59074530054825 23.823655828690807
102.17795368605287 17.43685773198132
82.85858182925764 10.607424880579455
86.10760923234665 26.76940430473938
111.75593075800826 19.256946426129385
110.95252338444591 35.0170903995135
98.01482134286533 16.14220245018706
89.86310536316702 35.481893071877025
125.6727952747834 20.227125887891717
93.44500702912407 88.1527009046689
96.93564098496276 127.27284182359705
106.79794786996453 20.10133499281341
98.12256671509772 50.99154344342366
116.40674144428891 29.763204201909556
76.07349352789167 38.478602356792116
100.64338710285706 72.10358299877798
107.70883000382297 118.6907735396561
101.1910488761347 26.088170036034864
109.31926857008476 80.87739097539658
134.82794186574105 6.595862271152709
128.99785986008834 85.48119770914232
130.53499433021014 17.30740629376355
66.51912067349197 119.85852206229035
127.26988997201464 21.352474984518963
115.79218630166355 17.160454557292564
97.6532048049838 72.35546016272183
109.039222545034 16.396010820999614
122.73328591289723 35.9520630863713
112.5039065663621 112.67453411734064
93.49850189714664 65.61209340478474
97.13175813723859 18.994891919322885
125.31892280938362 94.60303223187097
122.35125699391119 -35.545195121718564
101.02502995287372 23.919922233562097
114.09573908798578 12.549585603950703
100.15805884134345 125.30599731399728
119.23777297005519 158.6407109038416
99.4530460767624 20.311364744205815
110.48008003051291 37.406087777866986
118.66179462533675 103.33244173038351
93.57005891713416 143.5967036214645
137.59066643235326 71.37836226427588
113.78354103439715 23.628556115956364
141.22593923094738 101.47050491220095
111.99542858396482 166.95391791851807
59.023179856552154 60.73133811761405
84.40500668485423 68.66806285895706
65.6592089704131 175.32163358310189
80.9479707795314 113.33003081228227
90.21065516388427 22.224741090032374
110.91449262602306 47.06983765910124
91.3018543914785 67.11542603475313
113.57507301642269 23.172338936898772
157.5971422820978 34.050401203572356
105.9255765330913 24.597764951644614
199.6128366111481 188.8164230333819
72.05118772275254 235.717786643436
119.89243560079213 74.35317425991605
150.4949764393975 178.89384346101164
124.56592204737996 136.25431521503035
117.40441050700724 78.55521638663936
91.86052778928217 39.80602088881538
108.98110394740468 16.98582176431315
145.07013493807295 72.69801877607365
93.93055438301927 -6.149728596454197
145.78043668429726 32.43383069289112
99.03696036792131 81.91635887313747
119.21627507524961 174.90542886026893
106.31536649572563 7.184013726853529
109.77145105588585 42.90785647258379
127.29685042926808 87.7905758713897
123.03267172674929 22.128055342105498
120.31418696301793 30.70328396186444
142.44566146831428 32.47343920045778
84.99550622422746 18.410015739300775
105.7029768076557 31.135477832600518
120.08805339841224 25.88535704495089
123.48549265668713 43.92091488087608
108.15316282611157 136.8723285963366
123.92107631222788 34.91829876442216
112.43545604402999 29.876042330537754
122.93469715448626 23.69062213149201
91.4777598663847 127.15477382513426
117.8965511168553 44.08234331334739
87.67088305130932 78.95876298953115
78.61971362840512 9.21971977601435
75.42178200297451 24.762404419332725
112.23554081180372 30.17567199702121
110.27096875467107 3.936048504678143
155.00997633108167 77.38419862886282
111.3369941690225 -20.420293450841754
100.3980852442495 33.71038787384517
133.07052700069232 120.11333558369265
125.10361794804582 38.52547175779951
99.38396876215538 24.97464913220027
91.67745022973351 27.288232241483378
131.2065397696994 34.590457805255795
118.04454681168302 43.126096401565015
108.93978959689797 20.89389582113648
123.70370982378064 76.72080882180816
110.52945207067187 25.61957044772409
133.12850598469072 95.21664784547283
109.03592692314702 44.793632538694865
100.6851783077097 36.228539385538504
105.60558836797314 46.57238279889456
115.5338105691916 20.01279934044364
120.17835351506993 11.55335685244694
72.7054494794691 -8.090613305607132
125.27488041744128 34.22450560193034
56.310992782049475 13.639715629227075
125.07159884489629 51.78971657019829
110.7850451933711 23.565620680010795
143.2299740243047 167.0540427856453
109.76874917638779 19.751073912894928
111.83605744721908 39.04641283513901
120.21848082927659 94.8502968195855
124.5305553748245 90.13921387315226
109.86613036461007 20.787933636521885
153.62920726394182 149.66742503574756
120.63876750467875 44.90746250172799
105.81566696975264 7.328083250149078
110.11200519851495 21.669466964924553
129.59542826104953 17.48949634733847
83.63487748384769 68.16606695866436
99.85855489996686 164.12786827706353
121.87674711151139 41.21662264405702
41.915299528136906 -28.819114352361016
112.36575234130216 114.68447948639752
131.19215573398117 21.867660809898123
97.69490789164915 110.62621399521889
117.17466299071484 40.63056557017856
106.10971050492802 18.213181355332676
123.85428654451842 25.45487622190107
102.9402737087538 115.25947251819528
116.87125131545463 43.144598685843434
110.02893418410719 89.55894386104045
106.95909567641425 16.74432381315556
131.70457829575847 51.15336898605216
99.14301709523252 31.164300129891757
81.05084476915177 83.79400740164053
125.12480944734392 -27.38162576733267
109.13878221837417 0.6228260730615673
119.9885870105851 18.784360008424976
100.27458764617879 41.32914997205411
109.45923338661765 22.619090493310246
95.66765905545434 35.73459213391654
112.39575046780722 95.70562217238762
97.02045829858572 34.217747554153284
150.99630860661176 123.28278638067643
108.73764387144728 19.426494516414014
114.60249480526473 24.601667981925065
90.79830083129823 64.18938386525608
126.18718761540937 19.816256158944444
114.09442807631025 61.01636071354854
103.76487099155673 18.952488480699024
111.5422637379713 34.466447633292134
111.42335447162252 213.06247568896305
129.00814525628866 11.075873701465799
99.27112816122502 86.30125568196462
113.23959320123365 -22.480574143998382
120.03310899532305 68.71481234558719
124.33436778790718 185.26344142696286
71.9936396972432 89.96094351759217
103.65621593559628 18.841960604651597
109.51265819833587 37.20825224023271
126.94332856527308 12.337126106161575
128.17143031168425 14.801802256965003
107.94368726923494 60.696152531640756
90.33701427458296 177.07188440835893
134.52059211809734 58.20273340176005
155.88609126722423 61.67810899836887
104.70886104993792 18.511800930904524
88.13413781310388 37.42921239239805
112.68631426676757 30.50625880916364
110.13327612361276 40.41963313140776
137.54792803628 28.346170170104774
102.31358750537126 34.13722533424095
151.79097269557596 131.3897934001484
112.48614060764943 95.2402116071363
106.8809225796529 109.97805811737068
109.95356266031925 -5.120858147522576
111.53399391553315 20.587535613961254
92.90272962734544 18.387912829074374
116.82181395312381 90.9761729149289
113.81463653868106 26.645006145652072
66.33052742922507 16.131458822294253
102.21064092768569 28.71288458699949
109.93844700756632 87.72995166113297
123.81832786254779 109.56208387463356
106.3552940816426 29.016356327380436
109.85388082089187 13.125747189468289
105.8095459793722 20.746071140697612
129.45281467622056 76.82884275273916
126.96295924226371 74.91284863576473
134.00665797631308 121.27605969530329
103.5516715933531 20.094812361889513
130.28911579786845 15.387019202095422
115.24013434149555 47.2075126679511
93.113048690247 68.27086454042866
103.09389733955302 36.453703163316575
120.93191798056263 24.957987319569302
111.3398010357619 24.474452053057806
114.22062874974132 7.637209190423437
123.25103307607051 25.51027395611619
106.28809176663711 19.17425351444112
100.06512749988883 32.71598878428171
110.72433451534218 27.35171561486463
109.64709461607596 8.99344595189799
103.02082286590858 83.88155486510617
13.666772759307053 224.63812664028978
77.46178594750886 79.23498364121346
109.9293307920933 31.074912690437962
114.97006918254192 6.437896914900296
97.07486247204628 24.43681162649394
115.1316536124536 -1.841046058881998
