107.81829958169966 19.674503724694407
87.27550586359588 118.19272249302776
114.88539592074508 126.77882136433136
117.2288112383546 -42.39883052705763
128.81844545827528 115.07156951456354
105.7179912928837 207.0374959383115
105.52790075917692 60.6952795534449
100.84666467203236 10.038312549768264
152.2342027560897 30.602709526711397
128.71119832917242 21.474315599998587
112.24521721826923 31.013317076966104
117.41908803304142 17.138205941518468
108.97964398526048 7.468304456781077
146.6825809738796 182.31824760645415
142.53956095606088 -8.302348886613641
136.06140853710554 3.5947143534820762
107.9122895568574 42.584628274185405
114.68709108098524 33.4880648665505
118.67014493618444 74.87330031606743
113.2839592350055 56.26520530943234
130.5621818554092 11.66984398936346
129.38429564330912 70.43488951575648
122.37973586484807 48.416275099835346
105.71401052809748 99.34736080850269
97.39680842632029 184.3111247285768
110.14254978780951 18.280487788564106
109.13194751940006 22.744526182397074
109.90951470992916 44.2291090945984
119.83789206858526 13.179311138087785
111.33435488822532 15.435691381842034
115.10876341453094 93.83387350988072
110.76889049435891 25.565003178616372
78.97430025960773 140.101629132796
86.35009325161134 44.0360811387381
140.9555541510288 219.2966368166825
108.68800142647247 -17.583193826675277
121.77297811570173 62.19035211601309
89.11555251168883 28.76577955547858
93.73739320721343 161.83674136074717
134.31497905780589 23.447680624893174
102.40334601640602 113.61679559083272
89.93451923487669 110.2061644401801
87.47668499366097 -30.564982730288754
121.5331256878207 18.563745054341524
89.86686213942147 26.92295732248468
105.58879634326136 32.455229128396276
103.9721030719906 38.24511525470259
105.77731686045054 13.190831352177232
103.47784563113917 32.951569969661435
90.74256906000136 148.39838256741177
138.967764399151 22.64636940378628
123.50836978735428 -31.58902634970012
186.17120580382206 133.3954241837893
117.8538582819112 38.05005614917899
111.63384735749426 -8.107533606865172
112.26321886444198 23.07909593555357
110.36300333351416 -23.680203625862433
91.2379115313926 26.767140647488088
122.56465823529786 23.754066056824836
96.3083880133885 46.163442591895546
122.88171562946955 73.59654351342705
81.47149127783466 54.417831427642724
106.83352171440548 16.69873550085007
90.62802243393249 107.22554827358772
103.7512274271146 28.609848314087284
146.96538656217066 47.39442974061225
53.258358391343116 54.75108767236496
116.4009250432889 24.492608942135615
109.38135471508991 30.02043577012173
124.15856621760123 45.01217213024184
118.41002503998482 90.83605908388655
92.65598660691212 25.053966891201355
116.70268123835959 31.5037319119676
98.50283571939258 38.941850757881795
109.16581292170594 62.45354373141024
126.82671057697657 77.55979949008383
88.26523703161828 32.3113517672734
99.25320125717435 168.33381098202867
106.92691726258886 83.07239390007507
93.00560416999336 19.37559911555241
112.82793327191477 136.402079202248
108.79321527819357 42.071121204220326
112.67417192679812 19.43217088172859
131.37693616640746 135.00266704944667
151.3500396183752 55.30480933064127
112.26810710397619 32.291698162472855
99.33744470084955 101.68396723113254
115.66000696971568 25.889757388102428
100.88794420924643 19.064449466559626
104.66996445230915 27.566779094463715
131.06676548467058 30.180854974257404
110.16583211083875 156.28948011104652
129.0601295323058 -20.26082999457428
123.88518723326777 117.50882068715907
97.28268847107257 60.75960057256595
96.24177773422898 69.27278743647216
115.27816483613326 180.0729769060176
109.70179485450643 106.24643220842155
115.32785995500994 24.107433993338347
96.0539482288535 77.77650695986208
98.16986511539821 32.55809376502686
-25.34379154089338 11.79598254878137
41.756264626387384 19.178207486158804
106.29335792817487 3.833782374784596
107.4713271672988 3.9084758333868246
105.26897837335882 28.979030374782003
130.54894731880026 19.154644667672915
108.38462493695717 -22.469737369229478
72.65295118474573 6.505062434394185
117.55746661215846 19.057926727412593
111.40321399876002 39.163316123944
109.41996560105886 18.721390717963025
91.9785851653994 33.54120738631435
122.72466771189734 22.72959225482779
85.12902589711868 111.5227595541587
120.88657141288047 135.34075429644875
109.7763564659183 19.759396921699608
86.8777374915534 57.98140155443987
115.00397076985604 34.02417262878535
94.84011464332647 38.841070544170684
108.13789593459002 115.83242053670948
106.16686486643898 117.8008987560275
107.92134492312508 24.43068210232677
126.10160487039495 93.32499279179477
141.9749110911572 12.113524497778274
131.09849960823396 65.91090092766089
132.99526620445738 17.43845016139496
65.22992389601689 110.68148981305539
130.24456651244034 25.06540407082742
119.74233021845748 15.448374582014477
101.15830867045048 68.48404278731942
112.75713456832416 20.31991399343828
120.60122264085855 34.49736651103721
119.55558701377021 97.44982345250108
114.49957537000383 69.41717596143053
108.99442987859513 17.19089949769992
128.3678954120921 70.7934213881757
119.81904878133702 -21.172377216318143
101.6894449985345 22.995117449942335
112.03377301703784 -19.79765787845094
106.8386373575059 129.02486379506965
119.10804867053324 175.01166236373803
102.8930900383279 20.042887822389673
110.38698930261664 27.669557067344865
117.51905891003013 96.59688113761025
96.15156529900919 145.0622998107171
124.91381924785583 51.50347985780415
117.90718522029155 27.249516083861515
137.7039983063334 78.81039212287172
113.26702148419795 156.6447704631952
55.37878531030948 57.50015825929958
86.30893885798561 74.38416637542687
78.92000490447613 173.7142161755519
84.02264544567085 120.08406187705101
84.37609024287252 23.305005531575535
108.54208018161027 19.825424387415076
100.04074512895852 62.22904108672106
108.84188282638112 20.118248328250438
135.07867624810785 35.454390071280834
113.9334445454396 22.611744736863546
195.88581845447158 211.1360591333054
63.63035284081473 188.80399741709422
128.81739561463687 58.10777785257174
140.7439997721692 204.0009583390753
133.59895193781014 116.64177367198295
117.56459213560781 23.452401376045664
96.5582288709326 35.50311105229892
111.56096422206589 6.302414404597865
134.6960487934213 78.33319989323157
109.8124472592062 -5.253893243172699
144.57609988301203 63.782741980442765
105.20541824249683 103.48473721006809
117.14510068832665 161.99591026453376
108.8215934014616 16.62082911395229
109.73211114808231 46.12610114070189
118.18965639494407 99.30558186327688
128.5624404134864 23.07555487765902
119.18085062734298 26.51244262144993
125.39878220659676 21.748088533343033
93.37780147638153 18.351179388639288
102.83166137081247 20.35202152857444
119.6676516471416 25.774909472821996
120.17929795516329 42.24400392014956
110.3609040076236 69.0496691228364
119.71602502651596 29.265248717699585
109.03810415976504 32.62290162984449
127.69160314685607 30.81060223872465
107.58325110360494 110.46249003422817
111.86622940991691 39.45279912861228
93.09684669936854 109.63141411345298
79.63021049106811 12.476374842130884
91.70997747581357 33.60081003627955
112.17071305609262 30.456211163743756
110.3788262094689 8.89495238044127
147.39746966090271 77.87813255711549
112.80169222583778 -29.836448195879946
113.50514338631328 26.322072624023892
131.88689425286853 143.7305251062735
116.79032998907006 32.92636591399876
112.42732937537481 67.61189977403434
97.12483221991099 22.280910309925158
136.21480914299585 30.69574918905476
111.6355871863837 41.680333747889726
113.80766194724434 25.053870796610006
108.04579478610162 101.05460600058909
111.02034721644873 27.116774339585515
137.7621324896617 55.36026770412312
113.15028803078945 31.907270298113303
117.7273700872434 24.022264673291964
105.79306932922417 34.64115721491785
114.47561605297152 22.684147119129342
115.82894716101951 12.185761269659862
66.75051731448794 -12.436970873660725
125.98195831680484 31.475059205621395
46.247276714363245 26.275648201627114
120.43918668259755 67.49818117073937
120.69255063616039 26.89193367366894
146.63850633489275 144.40584435233214
109.5611506544321 26.928898017216216
112.57114107004573 28.82888744497523
108.2789568244865 94.00969128054533
122.44910303159465 105.54943892309284
109.76900916500001 26.33549388450732
132.34941600930034 136.65359512372152
114.56008394125521 35.6212454136911
108.2967383620159 13.880517323579936
109.06998108945906 26.226235522979124
125.15667580420144 16.701411776181462
96.5090835672278 93.6663851796102
106.38986898817139 123.75728307225675
118.74564414871276 44.681942749080065
39.25177956095173 -13.600458884443714
104.22796887522426 109.00574479984104
125.422664187848 -11.175533846686104
86.52113533938633 113.13220882925035
112.7885434311945 31.68675692701766
116.59251359036597 18.728863008986316
113.55524147521051 25.395470280165274
91.79219609470607 77.49098561828933
115.5336681016237 25.265106220106034
109.20386287757651 79.70151426174354
111.24366592378178 11.49208243003067
137.12592362571579 61.50061512292202
98.17661383965445 26.50740401375943
84.92616774913827 85.78734018024151
122.20774691233291 4.402728004322162
110.47257264294379 19.306358319152423
130.44531222636684 25.31589192290609
107.01299525470361 45.55177995786736
125.88220667404353 24.402816287761013
103.7324659132499 25.97245875617031
112.53853775681642 81.97283528486395
109.16240194078276 31.694330703197682
146.33063193944594 131.66243823399375
101.72125047457723 19.407107571733107
114.46413703021899 24.106499094318057
104.95687859450189 59.27183161250285
134.18130471922953 20.172194146554453
113.48412692609904 86.03196186443685
111.89473427995217 22.273244999405463
111.71669000975791 51.6687911399089
121.12036876027686 213.15803987406758
144.73462657642904 19.779338388712354
97.74158291341375 82.53860622072874
106.53092942511255 3.198649841403231
116.74009467825154 83.32955651253764
113.67452573888845 176.47503285047293
69.46260473409336 96.7458791404951
105.77279569412356 20.593869225269337
109.54381593251357 35.26177893430895
124.47054898791421 15.265491980708102
134.73980052983748 19.0663590218247
110.67570252398076 58.70960400451379
107.20116165695127 168.16048196057403
128.2577838349473 66.18768441593548
129.5613323058183 93.92742656429868
104.52634598885697 13.427802963265648
89.086454501602 30.39826373525343
112.55440785481558 28.46853688503474
107.07763677051534 28.33106726115223
138.37756502191908 32.00232311445454
147.9918686684913 39.744241592816245
146.21367655111158 137.28722000221126
102.25749542442267 96.14659596725022
109.04793387470765 96.89233684516402
115.28039078166142 -2.564862290685986
109.01427292308193 20.407399444054438
90.11335140170728 18.168324736227202
110.93111055417903 58.08746832688705
105.96741618989965 23.11540772415176
66.16769849552284 14.012834881741519
114.76276920952088 26.012579887115805
113.16620270149134 58.087854548248146
115.92168169622352 56.58722738918016
102.34608766909703 14.590029352251918
109.85170886354233 17.48489827869978
112.04141017305925 25.98738548815881
132.42252313971878 61.29306038067105
130.8874372523864 68.10228613696104
139.99966639169776 97.99882739407838
101.88277386537585 20.44260748503158
129.00893114290074 15.115909939102146
114.28081663484707 77.52605538349816
95.78824704402888 65.50145679786358
116.46013227565169 17.92143301825568
127.21416701495475 26.851613683430973
105.67450685110101 24.939113183211237
116.65370385425696 -3.2059989546690653
111.57567311950106 25.12814694109405
87.15385575306557 19.90996130018921
99.92447231693656 31.293236962393568
111.70865141083122 12.001053484400243
109.51372958638883 17.88136976098697
105.79564903175562 48.16919469533822
-3.175196755960962 171.56691660431733
88.57792599685722 85.49759545994189
109.56523280873715 23.1693911882561
129.9673728750815 10.250144709966222
92.83908350034093 29.178988390117453
111.57357077623921 9.606698809570245
