109.83224491613635 18.54828689962276
89.49092152811812 137.63374132676356
119.72514575720729 79.75849328598972
116.35519539257147 -40.878316853888414
124.59045405394863 111.45828794056837
98.86311630779709 205.10814983918047
107.74917612450052 54.11350501436577
102.39061233919128 13.76696383767637
158.255718317198 32.58149101475008
127.19049031603217 18.94226106458764
113.2767643469611 29.88457624963062
123.9737126520898 18.662885370603817
108.40979792319641 16.2253136982467
137.76102490962558 173.83783711278807
136.47108941544306 3.836394785989061
123.6491794245688 1.7120366548391024
102.93755194243398 34.92006794629703
113.27160445954247 27.303801081499145
117.83214918901086 54.88046665389233
118.11906420643504 67.41918669356743
125.30580849582081 15.910986220334832
123.49848841042636 60.96796806130814
117.9792656729727 42.38488907170851
107.17166813646818 135.44139525964388
98.86887796526773 153.76070474318638
109.44853896977226 32.37662120850231
108.2295935186982 20.923188975662153
109.99753811097469 50.63870607231378
123.32551692229025 5.1382728141712235
110.7594126397159 6.207486884752038
109.93829994902616 71.435140257292
111.57356781830642 26.73279781023239
83.0248853906805 119.85032128192191
91.52445332654163 51.035815819823426
144.86749887944825 223.24040030441762
106.70935432937749 -17.446585867419575
112.4966422826123 50.67978506283139
93.9355183658475 29.92999048991792
101.09283770834327 140.5307284088737
143.1408937715756 24.805526282112062
93.12605670835381 94.26218760135751
99.30016898462529 95.80088137724731
81.48177037322951 -37.596805209683566
112.9562853336904 18.767192607685917
94.59039716697762 24.709706471711705
99.36853139278124 14.00247756679832
103.62337357432729 44.071265769386706
106.95687817034381 7.75769510775419
105.94203098224273 37.768614300882646
83.99056843627473 132.83190084529562
141.9137627896812 25.534944046236568
114.02751682925049 -41.74842116121835
171.3528935367618 128.80859679159934
112.64279077952332 49.93078109338779
114.29612545234384 -32.74808206683104
111.59864627156807 19.103976649135504
115.56602514379445 -16.15008012407617
97.0985037163203 22.01706665974682
124.03508848759952 21.630509390680174
93.24517808993411 -3.63885784822531
115.5942838250872 62.12088132874696
85.9861018604417 49.53601388845502
109.31787033246349 10.437227011603957
100.97830530761063 102.26672461842226
107.82671724626029 29.07076873509375
140.78805143320133 34.12607168910815
67.5530414549774 51.38246387408015
117.12711103575127 26.51096085469293
107.35954677402376 26.178763274362275
125.42303576877632 41.65328273743007
119.51449579924069 104.83895787609917
97.18595710763643 23.487484202896486
107.53215714777245 28.243356077333686
95.16999247141818 43.68947068969964
109.17814517589947 67.16347230441256
118.25506122663995 74.20261148280385
97.3913827366558 26.35643712584459
97.99795256635021 183.18276540037616
118.82518739520543 83.18295579405982
103.68166158096892 29.73601387462055
112.87640406741234 149.63514413839226
110.00926158333456 42.73453515603497
116.329000241214 0.7521568003643102
132.3202732026757 110.79433052920636
139.47190994589707 55.39408262227659
110.22732109111789 30.443164946079108
111.33388013331476 104.82458113529218
115.34811886025264 20.654209591520583
103.8117715966255 19.18063290909662
104.67276432562134 17.157119848839177
127.66397680928637 30.11611498358984
105.08139515773445 190.31882550098902
134.2157895751354 -36.275819401598845
121.73488415414464 60.08631787329814
96.46014392726264 56.05887106384559
96.89971267561813 85.19557822958633
112.823121070383 172.02726272764883
117.63585705987978 110.30045955140413
117.90615037844694 19.305908694820225
94.13474389260907 77.65025296264933
103.29158506105617 26.26408003581897
-14.435235662236872 -2.5840890907854375
43.682863104354205 19.52503964146905
100.07615411539268 -0.9314443357416946
105.24320340620672 -2.592665443001234
110.89318706082045 31.98958778832477
149.28284022172622 20.447762014917743
128.01236880334557 -42.0428231603568
66.7798096504329 -7.519773318743763
121.34614335136648 18.93200293509386
111.5928567825563 40.743421371991715
118.12055669490186 20.70023779917651
95.32032462853503 30.40162939896322
119.01599191356368 24.263152222282923
81.05379968942538 126.93172334370946
137.86658720097677 133.9359793122227
112.04940649209843 19.468090154389188
80.36718690918066 63.905453634499565
113.35492441634128 35.438224426735474
106.86539079450618 36.85827432802492
114.01667028029983 143.70076796923368
105.37835807960818 108.93116499996005
113.19069579290196 22.625381620643285
136.78983640963736 99.57200638934735
144.59810849033911 16.81312517367805
131.0290707113308 53.68309088316065
131.43366192662725 17.840570832848815
68.7976114974792 100.044490982188
129.81407573171543 27.336632561013463
121.64922524699472 14.69479526220361
104.7215218395059 66.40709786097528
115.29525934424682 23.191659232485698
117.98613135998912 32.326496844539164
123.49505802795964 83.01319016195413
130.05104498855636 71.80932298480882
118.0961172710458 16.149276254372456
128.32259984188383 53.25664597094526
116.71860981729057 -5.8594637644197505
103.00842683165385 21.868266467404705
110.26467800418806 -41.55804681327844
112.19785475381526 123.19979623536913
118.09464349928082 183.0604946610719
106.36335426166605 19.786197512673322
110.24724135299537 19.33106294254947
115.89281752625274 84.62065759326318
94.93696195082488 138.9028433356263
113.69291737463796 38.56013102672955
120.04465866428093 29.187188439654275
132.27351600102654 60.027703342907806
113.84436644501756 140.23596835289084
52.681074385272716 56.52682320313836
90.03370349142625 76.44643812967938
92.28893579646737 166.7730841050048
89.25684958702246 118.3536264744434
82.7705893164678 23.828067626324987
106.89522011858648 -0.8754599218168098
107.7779102558899 58.48754049720071
105.3866439671749 17.727471754408768
115.10252925919782 35.01909413680667
119.61703120173534 20.79011559202683
181.72026200096224 217.48998186864742
62.693921540475856 143.5887823517983
134.03863319712244 46.843166848639804
129.4604848914646 215.69245058847144
138.50402346608433 95.07607984128686
117.05754590474153 -11.515274911909643
101.25258661953745 30.68714725801166
113.36725692193659 -0.3995839924502653
124.28183733208833 74.53374206122845
122.14950776339253 -1.7565435300539785
140.01132973691486 87.32069835711195
110.29393429019298 115.11568230595896
114.77672594397376 144.17973189774725
110.83559066395458 24.09326624285337
109.71037554107947 45.5532506080769
110.10806938942494 104.04001132145605
130.63594970031508 23.473415795809807
117.34980631743727 22.274034709871927
110.80413132608885 13.277408182772309
101.21822774178823 18.394280924583036
101.50072214032137 11.887141767741156
118.85273738408057 25.024163612085978
116.96195459293142 38.22412585279363
111.9986242212375 10.862941919851654
115.5216158208915 24.17001528721248
106.57854865772674 33.21854848711337
129.23875267576352 34.84712008471743
119.8464497726246 95.95477141139472
107.16429743261246 33.7099753290636
99.18760215506798 128.15025466585186
83.1124905849408 15.675756529113535
105.45585120789258 38.76017680867122
111.83674123824956 29.69552817834125
110.3599995535484 13.802190287896096
138.52675943386632 77.43153978802192
113.66291475833373 -31.057538138442553
123.1622624236208 20.291942818378583
128.06206083367087 155.0237309522216
109.71305840930306 27.6532556737923
121.9723253196387 100.41294582778096
102.75642285468842 18.16055353521515
137.8254381041702 26.5872959489049
106.64063271963133 38.127157901118366
117.09891137249319 27.48178965336162
96.4063669033171 115.87708436169243
111.28383782556296 27.181152693099193
137.81419174925085 26.728104540070476
115.90080357023548 20.83329985554723
129.5850177421485 19.105085607163833
106.45194017022192 23.64768910965555
113.11952705567663 24.404329913978458
111.74576282410177 13.193850639496466
66.4316239762943 -12.027390392465804
124.76075345765928 28.03997475939239
40.7020252531103 35.13290124378156
115.73120412096345 80.73287429499773
126.88557059682473 28.671952930080273
145.7866732359863 120.56224069206417
109.42664468815313 31.426694122168364
112.96063180631214 20.24645940615327
99.38086348493636 91.99100824933515
119.58207567755703 114.30085258441655
109.70558857559065 29.784342596646923
113.43786018560091 118.06237774027583
109.42877169526004 26.85425613210252
110.36934360629752 19.445402170477518
108.3802302489255 28.78863223816224
120.56934437016166 16.403241902465247
107.49918571796654 110.03161016964143
111.72718988593098 89.99273240786103
115.64673412816526 43.875891989119104
45.842178445864874 0.9042061170508546
98.5669002142654 101.55108103200408
120.15059118654116 -28.5651303953397
79.32510649446617 110.59095901702489
109.13380061521234 23.63003532778983
124.00252665496032 19.175597861677122
105.28759223657303 24.71697364743925
85.37677615192554 47.662482859102475
113.72292970071366 10.979411127649382
108.57824991251515 64.11739317713683
114.36030936889117 8.18650837266132
138.49231872517524 65.89871943860231
98.37750651295163 22.31397233504417
91.51265248278165 84.65532633931643
118.57566966040882 29.67039061763795
111.38891052010942 33.57227477413856
136.66279372284913 29.54269567356731
112.250698201012 46.25269803223413
136.51386985905123 25.359565642387302
110.69543497464004 18.142012319654462
112.30890624449495 64.93788235512336
118.41634006636636 31.486840818296066
139.63787601400833 132.62199886362924
97.48848476026312 19.38692791175434
113.77833107406012 23.105226708544976
116.22839753768302 56.38075874823355
137.83366173559855 20.324801620232343
112.78385277581043 102.50917577381907
117.81429319840547 24.460551566503437
111.64815276731296 60.438251995017005
127.36948750994306 200.51880914368968
153.68510071702073 26.330326395106646
97.70271706075053 79.14948227511249
101.76342821982428 24.32095591028155
113.24251107078427 92.14335105665751
105.04795670504143 162.55557671409125
68.690132971599 97.38074306569162
107.90340823964145 21.793560967222888
109.59489535692724 32.14607175106919
121.33770546347857 17.864940513677816
137.54241929166577 22.36649846902014
112.66326948922656 52.140526062631125
120.28062588024461 154.91827420595664
121.01619468455013 73.70145452788559
107.01551869440178 115.64162361641696
105.09173899400267 10.24402528777178
91.87650184393937 24.145781612338013
112.06323020965262 26.069111646511693
104.94913338775078 18.218632162795803
135.54728670597999 33.456447227468395
178.53625256499924 42.2927351748011
139.8408416076209 132.64526222356994
95.42216461441626 92.8427908369631
110.68820566133816 83.10892454376544
118.64889825087714 2.152786878370004
107.18200502813548 20.15700808307741
89.87307131792689 18.13564748405215
106.35733322464542 34.101853546595805
100.45358617960927 20.073690930567224
70.81157482814378 12.918035256713038
123.70065813005645 23.44520506077368
115.23537164611315 37.517290054011596
109.17680475511256 18.223424949045217
100.12575697786455 4.3144400334129305
109.84978569949715 21.01870621104478
116.54938802525677 29.464328327497142
132.7072473502522 49.745018766102646
130.94893186865417 57.13086730227697
141.7938665430014 78.11620365395764
101.39582311106724 20.590767358857008
125.89335743188742 15.417311640625423
113.07524191372148 98.46898397900794
98.89170693025898 59.59441509347988
125.79469303582158 4.048638389651652
130.62143820600832 27.30835238451155
101.97723263738065 24.98253417762978
117.70152441120453 -9.281486799867842
102.3806248261069 24.0969306496883
74.80998261306415 20.403203066498538
100.91705332389526 28.570166397161504
112.17456021346055 1.2122345658062539
109.43555370821295 24.67776623923254
108.20928713956312 21.739593873970236
-13.137235939783087 126.79236182937532
99.62630091443643 86.82199563613972
109.31152069881281 16.735531614292608
138.7725447569348 14.082190220297354
91.7930608769704 31.871129653033208
108.70126904214372 19.24565374993583
