115.25410241729963 15.751717997624016
104.87744835429918 144.42796156207925
128.24604192391155 -45.17342594262722
111.11388702232885 18.049423626108123
106.67117905736221 61.7775070236726
87.09570922157909 136.7035679393644
114.35229117288704 21.473221932448546
110.08668198370763 26.053572490549353
152.2385330525042 32.35360857745082
115.05118368692692 12.397779330397418
114.35779033610582 21.754545178409096
135.32850173103364 23.070222004230608
107.56208482157338 40.54054180098527
104.64514416109152 113.18133244290293
106.28764518305032 44.577789722761736
82.69938278270926 6.406125846697837
92.72090883404704 7.682477706701634
108.04764522455027 6.8039407230329925
111.47248850334059 12.464795003183577
125.4067590876464 103.39756958363242
102.57281430399891 28.11166122299832
100.8699606744221 12.16265006207973
102.27934640275033 16.22621777558647
112.06402722604139 169.75588183621153
107.99880473183487 43.360982004195634
107.74940955748767 61.69543044240298
106.53181956729127 15.388171085243714
110.1690350677388 51.672026022234
126.26772260450224 -11.294059078819595
108.66686855406289 -9.422665828055724
96.8379866836673 11.809146388986218
112.8256059078282 25.58714174353927
107.42668968027105 41.95344134411428
113.43300604537185 53.3125148722706
135.2212839382756 179.9037548359597
103.40150802801071 3.0378528904167426
85.07570235603482 26.111494697501442
112.91160437458667 27.285716216000147
125.369071036899 46.01823975813984
151.05901997039223 25.614774518660113
74.77906878442116 29.626667449307234
129.05887732600584 43.057930367376784
79.10546299725321 -23.89932009222615
88.93048133052987 19.596241787708873
115.70635628821917 16.21977164680193
89.54959088664782 -9.544737774561051
105.94431716546025 44.52765362656067
111.5229675950747 -1.7609934146100281
114.36178333820406 39.371160688508205
76.30537988751931 63.95861378634683
129.97117449012302 29.977404457268644
87.07956997572772 -37.77364236644958
97.85203921300523 93.04452853855729
97.05011895491027 95.97098996832715
119.0075222601403 -74.80803758050038
108.85972409586554 8.598200292133496
126.36076041525956 47.33204017385924
118.93651421806076 7.820945606669154
119.97935811892867 14.833783439918033
94.20511234128855 -101.6814896979485
93.0783233402798 39.406836485945426
109.54434292386186 49.59660483609512
116.23471134048764 -1.7103774251205843
132.2486395903646 71.1524249307298
119.38971753550766 24.68219069216578
107.00470778350906 -9.228250720744462
125.34640571026192 24.546532089921243
115.47946984806013 28.56189733407067
103.26597279656589 12.829689784657196
120.27767923074592 21.277447258113767
117.22211527784631 124.07973867535094
115.7051538044377 17.445613552871396
85.35214227354938 15.250563291896576
94.90438257575138 44.05396073676258
109.48049942670194 57.195787324421865
90.9686351029734 61.063267137518174
127.56900903464478 7.3213536847805925
99.96783563928346 168.71456990061537
146.62650189416092 75.08209925105584
134.32477178150833 52.34577099592378
111.45232906742922 146.19028035661484
113.3979130015979 33.113774213389775
121.48756049306925 -28.64387488865454
122.82040064098499 29.278412213754564
93.2629173013954 36.38948201963431
104.38606381329636 20.108347007699965
141.4275571210866 100.47863877466291
111.57035579369723 5.867617473573505
115.18291773828399 19.63072024920387
107.17208237276408 -7.942472266644924
109.71968692866889 24.80098476851506
93.98616574599518 243.19801859032938
135.11564234930285 -52.847532721463985
109.88916908089502 -91.67925176861061
101.23394248717015 51.8168311950224
107.45094406323327 117.65708829853544
104.79842781700053 120.88145339140075
133.56005134097842 100.8001210087217
120.9153105604893 6.537016793314253
95.3826101588513 74.75324987561292
120.53709509504026 6.136303642271317
32.23990808344764 -30.911691987401532
81.0269355497751 20.267901655314038
88.15725521837716 -4.429480200881805
101.08503173224932 -6.791096588736194
125.87320697720979 35.29304403136079
179.35293873178745 23.104427613468463
170.00026363121717 -60.5394294062498
72.38687275316587 -34.70964929536173
126.76848130496418 18.811626776050375
111.06948261965161 32.69193473782813
135.59137605843662 25.00024447031651
111.90133445836896 16.189940356188192
104.5529646094241 25.625435785437165
86.45045849366261 140.64051317577741
167.71592228248966 96.64723257466571
116.97307215351529 18.733490688995417
76.33036116470934 82.01236810737493
107.11991609984291 30.57574407292778
113.48461951483291 21.918653392995893
128.05839556151278 187.2684656973949
106.08342223684713 43.03632186128989
125.25866057897282 16.23885993673529
154.12086849256062 105.6389626988679
134.87667243529796 30.395819554495638
121.45774022749958 26.43517041371217
115.73782754393716 19.69958752242627
97.20434349533544 61.1044427341843
118.69260261708209 28.41548173972525
120.32174519403316 15.61205668970857
116.24055790589986 67.57662604308345
118.6477484815463 28.709414722180775
107.70158338003239 19.681405125164197
125.84566041747185 38.782482477313955
162.7142989393994 80.35444933629894
137.32010765847662 14.903438905692079
118.30043889618213 17.88948200528996
104.97159221546924 49.65872512728214
109.8359951931463 17.51552032901325
105.02393587781533 -70.5662103244061
124.81843020062863 80.61896109210448
110.30839113848377 162.51230530268546
117.10732446979306 18.940871781446578
109.64835126988676 -3.373198510918553
107.72926319005013 25.4105176142909
73.83395688151629 88.47250453786145
80.91286203668245 16.00377644561454
120.03891773332914 29.38077873534331
106.95258647983349 9.598652216470517
113.82180769614281 68.29356219163016
56.653111311313154 58.33931458468326
111.94396204014726 74.43895272328402
136.53565466411314 104.33848908227625
113.46402509380597 86.57056858504109
91.76785314952784 23.369809238275646
104.28096451959503 -47.92661713394951
129.68422858669683 46.91776906432996
98.19423686548646 12.239681216411608
59.790913941901984 26.76012144496253
129.86780130088806 15.380752053401816
99.2698121617074 181.7709576824995
86.97159566714808 -11.344456674105679
136.66003507417196 33.049469545439614
91.22650173732488 204.88637250483256
134.53141551050652 21.03665406624139
112.88975630877897 -59.34780190040464
118.17791178126969 12.495147955243365
116.4138892123033 -10.430500416450503
89.96751182991562 29.591963931837075
150.18394151337907 17.963187284977188
114.57934346821078 144.10625340960178
123.22903226644155 123.3964500692544
105.69003777492351 60.43898013169064
115.28514020938255 41.16421460314696
109.69560820514427 28.972080529218875
88.30448890045076 103.05538015709934
125.39082248819858 22.98287122072823
108.10833490967512 9.47652627552107
72.89739497284253 -7.429421224419812
126.63142814104707 18.950348338139634
102.19337780394598 -5.462901833340478
112.18005733731086 20.23740527163411
105.7544619132742 16.868672736330083
115.36739855298555 -145.50701470147962
101.20291727426152 8.509509018431864
101.96662353527043 27.862479478265875
123.01611988084089 38.02551442777146
147.09615831524485 46.611947810930914
96.20492935886199 11.174175837403372
119.73657026716307 145.3411689220605
108.08664663256879 25.91112728115012
143.91105823510625 43.93313070004354
109.81673972900258 21.92408871731392
109.86122891510888 29.871851511859234
98.82957632650367 73.89306577242975
113.96005257581815 -4.402375146669283
143.7578948564319 3.9544066477300417
109.8752493971487 148.64061454027433
90.28631585438008 9.419712232732044
139.9067583342526 166.20706552534716
120.69295676795964 7.584435198505244
128.18087092803862 12.412676586799122
95.58039886614553 18.62306829870511
121.99090960043594 29.464760270857326
71.69525663709476 134.17899733475315
110.89564677814991 23.7228064493952
124.12014016584055 -34.53124845802427
119.75915347343074 -8.62976901434133
150.58570050947392 24.974802114522696
109.93029069382607 -8.309117078848317
107.69188877602751 26.700783965774267
100.36375734942047 18.538032925216985
87.25148846776939 1.0063953915472528
115.09332154109693 15.527957354540588
38.678728740562825 50.48445509211237
99.95028266898773 111.93063898422432
135.38135092237002 29.152543666054644
128.57265405484068 26.587955547632646
109.26337963484552 37.4372892750097
112.24676068797379 -2.304926386149888
81.29360104767129 74.26923327739017
107.21634420292595 113.9710547034834
109.61538594919122 33.49009420059927
61.321067335619375 45.191015327734625
95.94971734443787 -0.3696592233024094
115.47097518898396 34.527263685966275
107.41349982417651 29.81854155655935
103.411275437798 17.41898078323888
137.4870694695345 135.71146819753613
124.16436694607454 -5.185137974646429
104.41018872490747 25.312085305263228
93.27985329927827 47.23555725751093
89.08776519296103 65.11002416794258
101.26863299490071 -23.625442818701465
73.78642975729828 84.45087367839122
99.13093922027497 -0.22551960425965367
136.10756853362682 20.57292987986342
86.42839608103974 19.911134574052113
81.6010207189887 -14.443238175003682
106.60504031344219 -23.226409871924755
107.42338385226044 -4.072636756275149
120.57573904856541 3.143595103444669
126.62307508912556 53.22658996620643
104.52696981743664 9.401927562157011
119.02936191182575 78.05950386337018
104.67410950770144 90.46728515558331
112.92136285938781 65.88037558224683
139.28513107357546 35.6416122080561
125.13448821721698 32.23197583245516
155.40195982168487 25.295600361922066
128.83266673910003 -1.94459063902491
110.42668514314525 -7.6826118409740936
137.82271257743676 48.974994481139326
109.2950508244844 108.48902692948548
93.14845525754998 19.334003776937408
109.90143222461202 18.18356416910174
142.54424278314832 55.20492803056456
133.4648810308513 20.221399339666803
109.07537240134617 122.35485377409584
129.86872375958126 27.783740743259276
110.53399202436209 58.83762356934346
134.65166055654527 118.94975901921349
153.60918718178667 39.665385343276164
104.30720554792197 62.199116565484495
93.96725212214615 77.72953164508027
101.68892704121228 108.17772618115852
85.87016343968277 92.98311115965583
73.84445333923053 84.77984294129911
114.4850953025107 23.819403690473692
109.84645455467512 17.12529149015136
108.37354568658736 25.757301799921056
132.60467671493237 29.350696184448825
116.71843066312495 18.330914550333592
149.3859508997746 75.95075408491574
96.63532527938938 94.45448734310543
50.1153036976505 150.193014870208
108.82060824380932 6.67139859036482
106.0025903469807 4.835016839117621
109.74578431375075 16.80902622425542
101.92492044977942 -8.35038626113912
111.49825446445861 28.95584074342031
223.9939205335099 35.30324453551021
108.5438440784486 85.51016223528822
83.5753652471447 66.43769964056777
114.54923828346408 41.48347096133801
123.31401304739897 23.23415634553575
103.72570498681057 19.093783451493827
99.08350628253007 18.738152917568605
95.92783661206465 -9.939424645723594
91.1141679453383 11.599925700247141
98.22281559529117 13.788682651318668
141.75236382909026 14.7417553579056
117.086552056338 5.113120325133494
90.703355867933 -78.86562698883989
99.5051045187184 -14.673825093462481
109.84454653524982 29.941387482706965
125.3304625232569 34.801975866386435
121.32729153196064 19.60875297032635
118.41596772027076 6.805635962749954
133.98492010298935 20.883722083506854
104.28927482860985 20.27126352692289
109.69211679204625 18.265603950809272
108.24706934948807 134.56853445460908
113.18800898888134 23.89859488297851
142.5671976332745 -25.895902617070217
128.1559286743611 25.423272775367924
96.95733792783903 22.416436961123924
116.15632443244736 -9.138442900729727
82.75194281137111 18.70890965764241
56.78232144321559 21.130235730942832
108.53348263900288 17.209221898850544
112.15981587857516 -16.19524589769955
109.37805241347023 39.810868980150985
115.15375014064952 -32.89629941889534
-21.507122753440182 7.319010927017301
133.77891106075592 83.11142065256671
108.86330723372083 0.35018534421183456
149.60103845755575 26.966811553369975
96.1992655448566 32.34664397635107
102.10672676649483 44.943636164889206
