115.68905053457416 15.548205606827795
107.18555986291243 140.62881170067146
128.3533976482748 -53.88993919626658
110.37297803382884 27.35040526003924
104.54325481378417 53.86404513937326
86.85563103028055 123.81720294982725
114.92905026228391 17.25890858762063
111.03067817119071 27.28427634791359
149.21244303805173 31.688612781134132
113.34094498975759 11.894178862750733
114.26766297371911 20.558158438167514
135.62321539288365 23.405375261764704
107.56384911573983 42.48170559107687
100.73657258917632 103.26240707526424
102.5546465392807 48.39945163560883
78.73372909703915 7.919445738515
92.32767905918509 4.90594757251243
107.48293553071571 4.775151906569809
110.60897345010032 10.16764458435473
125.35762893773 106.18484690729436
100.02569562155695 29.225966885190516
98.50126252913321 6.466343297569804
100.62097307343727 13.060669304767762
112.50394665778363 165.55308367523733
109.30210697350385 31.162145002167453
107.63209000420838 62.957024139036605
106.4758524611335 14.877396571380338
110.17015433867434 49.81345640924004
125.70161588331251 -11.832289798798184
108.45057908370521 -9.56210961732591
95.92411432034812 8.2466782093468
112.84313790671919 25.155054947145256
110.74576157317223 34.06049703353291
115.97917568292713 52.09152901109214
132.0695996051167 170.54550055335199
103.38987711819155 6.649939543701378
82.71034130949424 25.200746246666277
115.11924586070657 26.48510635716602
127.7857566278254 35.975435005760005
150.4652197959409 25.40487746960369
74.00588662477303 23.23080291113787
131.7578318713346 37.62307142212017
80.575349340645 -18.876678008464808
87.01767818352971 19.686856818047637
118.10699919910542 15.267263682805895
89.48715714935454 -8.250396899355332
106.467300155678 42.84098144990779
112.0171577773073 -1.9251713445761678
115.15524425787645 38.225808576172234
77.34696410592989 55.30957824932664
127.35768137664915 29.98764528897118
84.85672532338748 -34.3745418327941
88.98610228601073 86.94886899258171
95.81020638663958 100.82420710166257
119.16403924807543 -74.67306645807194
108.55290531405231 7.857862183635842
126.76665054908199 56.429667221744246
121.28447926599985 6.561278702830658
118.91707880806837 14.223465824871782
95.21708747594313 -104.85167562589126
91.01034965739233 38.10970848047242
112.72700830668256 50.488441251154335
116.75817975965968 -2.1815439570189246
134.96944053354733 67.77219959389704
120.36092954353316 23.684415538120003
102.76052546782621 -13.569043791842038
131.78930346397078 20.750268192981206
114.94666218684341 28.368927525918238
103.1219230138725 11.482154079749918
118.97362873719707 18.59077422982777
116.38917987182852 123.34403998272788
117.76191811868404 16.780079255650953
84.14297142297723 13.840138182466626
95.53109623070479 42.64572743351003
109.52762921123288 54.26920125060853
88.53115520899533 60.245508137004144
130.48925355158576 5.558318722703921
100.7189592395144 161.23364457185974
148.32950125291546 73.67138857086098
136.8670193660987 53.13254802236353
111.19956458795282 141.61112582276112
113.64493610705885 31.080697701302878
121.46881906925717 -28.97780598164368
120.85771198188887 21.19506712922356
88.32948013564832 33.023360055061616
103.90402075460764 18.7579176014867
143.53251782577073 98.68323855247883
110.98029467984921 4.712798378254474
116.37434796471793 19.6769625410948
107.62593057416241 -9.492921565185027
107.43422898468253 23.79779392581744
93.42515694248493 243.6188801669692
134.01441293656515 -50.40619854641734
108.37658445803437 -103.43938632750655
102.47116119171125 52.04256700389786
109.0337452371007 118.75060856834156
104.07170076899519 112.45663785839342
134.34280389244202 97.99580566220726
120.62422225756245 5.53891004762693
96.21849301737407 73.51182123878668
122.1094618966598 4.255991833677378
38.25078568036772 -31.82249104535323
87.16500729708387 20.302890986123245
87.66680971844804 -3.600418352729318
100.92775895259076 -5.733863804967469
127.07875083459561 35.03179494841629
179.96320169160836 23.238161250463705
171.44787744444355 -59.08735799924596
74.62823466454672 -35.202788160867456
126.69194753636378 18.82584464040498
110.91219256347988 30.64523229118959
136.49156529626694 25.240073043096707
113.88760345762073 14.553816306397035
103.01549869474545 25.494749019743146
88.74420867403985 138.61371492833075
168.06488214074474 91.85495804168086
117.20659821105644 18.685941245148147
77.38350735740369 83.88972979024327
106.4762909452206 29.21656783590493
112.24548820454024 19.786759524445166
128.9267507141046 188.02194107548996
106.39403817867937 32.96204219003678
125.99438402135074 15.597181251566452
154.09909287497797 105.89836529388971
132.2031233173419 31.4159981478488
119.83867409257243 24.69039667502308
113.39048809937924 19.91855644884476
101.65969661567678 57.00211908744096
116.69569845912348 28.043711758352256
119.62885353722648 16.01289305305065
117.34401560416235 68.04548698726612
118.47394776692035 28.963834061940965
106.5519097523147 18.08249394595893
125.27202858408293 35.00216017254981
164.20026759164816 81.10823328254162
138.3894219385746 14.945697753165051
116.53786744480071 16.60831173773001
103.75669631150203 54.97533431167306
110.71547669101352 17.05417621036526
104.58148091441555 -69.63090550320884
125.55997768736299 73.54698507636246
109.24262221613208 155.27363280841234
118.02709503345262 18.85932323566259
109.58153125325603 -5.102239695904288
106.75047184785555 17.896370582235633
70.6942007617445 81.73084416836052
78.03216262430462 15.651069958187232
119.47027183836283 28.855271706609436
103.85196811013155 5.922864844792059
113.61842373566566 59.830715566071234
58.67660149795509 59.2008628562839
114.6129514208276 73.89021089725054
140.91159967649756 94.55994888116095
116.30922386356244 81.0888529485456
93.91743789578287 23.091492322122814
104.2929830925682 -50.7318244298017
131.38536516817777 46.37223961194316
97.87879238827084 11.88534756267356
55.58241792364237 25.373363034533455
130.0208653380858 14.946746893209014
88.97423607270137 173.1372075940441
91.70166396876346 -27.07798056506347
135.45507269443917 33.08201722473907
87.19953228351963 196.98321340016705
132.70467655294584 14.698741407568637
112.24566611983788 -57.998448407455875
119.88111921977938 10.494633290365126
116.43625155667404 -10.484449856829258
86.44735896215234 23.27858300451649
151.46725299306232 20.58813488525704
111.2213840934982 147.27461733306328
124.12407133240868 121.66789571150674
104.8051877851353 49.97253312353679
115.55202396234392 42.28334357866335
109.69883819472999 26.49604476411573
86.39072082978207 101.06138208021322
123.74671243834273 22.783751087212845
106.9949833617482 8.36531694362013
70.38054519038 -8.762177865954582
129.03728010933241 19.04154930095088
102.60645425754234 -6.2735320109366
111.15948564482885 19.586718841800444
104.60204256300509 14.187243537869984
115.50640811621487 -158.12998158834617
99.88214319663982 7.072058260843653
101.85586899187018 26.78671716085542
121.33867853697264 37.518096672765935
148.48355012567637 40.96352941077494
95.71621473021199 8.842567369843868
121.83602129887696 143.01383625734383
111.45028228132678 26.855293467671732
147.0138801959129 43.38523417361423
109.54341567958188 20.74971027503463
109.77844245978328 31.368070310401134
94.32569577830824 73.18631878417031
113.74906025882981 0.20766285070401658
144.78528082473665 2.762927366764268
107.54989701034798 144.39469343490538
88.71318439724246 7.679218044770977
140.22481128983964 168.88922394845363
122.34066256951776 6.724420086376161
125.94725487485863 10.929404295152802
94.84747526893688 16.17703001789413
121.91750839275537 29.256925450118036
71.12280907251697 135.2149108820008
110.76963725644423 23.013479934373418
121.32574174073162 -35.11315513909083
119.62850263545006 -10.794730114294937
150.91157788426298 28.182360200709514
110.36144462154826 -11.103555342648603
107.10875569469334 26.65521091861468
99.45094040857352 19.249033105364443
91.0688427158605 3.6879486263310204
113.62075274646969 14.158401999968651
40.00673791579499 50.718137899081626
98.36793255721727 114.00829995406832
135.2454981730587 28.634983701423398
125.65728984380895 16.477526345951354
109.27138481075905 37.505682495963505
112.01754942749352 -4.090895471428111
80.84786994813189 72.00774619895604
105.80246714516608 111.56140843518621
109.61870643647254 33.18753451201314
57.428907794748994 37.78899697802485
94.88658291175604 -2.783585952985524
115.87186995031614 35.79807446009131
107.4495994669533 29.371786520003162
101.55719309639991 17.68012660242602
139.78851712526406 135.4591334964618
124.92542956025942 -13.763870911009404
103.26100897090731 22.51170938482302
100.51434124785372 51.562013118986535
88.89704637894476 60.672918176825235
99.35928486437082 -18.376284700930626
75.07770397515597 80.33094021490741
98.29851130031334 -2.1421801231605095
136.15162792291108 20.695172997193367
85.27941107457008 19.244482279459664
82.7490984322859 -16.63047650485389
105.84824250504887 -25.550990518943497
107.40604314649113 -11.518757530233092
120.69315166099204 3.1259494394911456
124.14553783151545 49.88951445128739
105.52268071122776 8.281749367689692
122.05326542074232 77.63896588267826
103.18575682883933 94.39600680243292
112.91887965743041 67.64692848297936
138.22171760669704 35.44768533660246
125.90242159166391 29.65661049417428
156.29135379180684 24.915954418449235
130.0626634309445 -3.275863043780691
110.14819812214526 -15.72254718802809
138.66567671944244 52.09770113905694
105.43724127943159 103.01579743494018
93.55126434577738 19.329375649021184
109.39429525905213 17.62596807034005
144.16453166412566 55.630778664764485
131.339681435442 20.15216592052892
108.61328660176669 121.52063810329363
130.30192627482174 27.83040070761308
110.33843378040163 55.50006786758596
134.00647374428416 106.03333187951826
150.89012057867654 40.330675040501305
105.51451146137194 59.78631203412283
93.78232847065414 81.27814112391508
100.5910939148121 108.27680436937263
84.71713189409225 82.9127450887797
74.81056182042815 82.6972486158756
115.07919806652575 23.81677496501187
109.87457193755387 15.276368674232252
106.81041360203797 26.49264474683921
130.90165532050864 29.66489372661559
116.88189523256057 14.147659663813958
150.7552830046836 65.59898048428377
94.1574403226617 96.03847514092297
46.121778573245514 151.38626882384912
109.31470875689877 6.828833098989163
107.93386655801572 3.0524928779385547
109.45707861846827 15.762084881671004
102.0873804990776 -10.17824588959795
108.32841385365124 27.862939535921694
223.99975269307723 33.41943892434869
104.65298069906243 78.82802388217472
83.21493403510229 63.87538536384332
114.7899586856369 38.16201449671828
123.23342053142885 25.682798707865935
103.54131254975027 18.974759478134303
100.78502931029782 18.848699909375043
95.36430732201357 -11.746194684111108
90.89274119784291 10.909111735588844
102.11631174101036 14.182424662171973
142.54555934078314 13.9104946182361
116.919641665472 5.577348174199583
89.11977663217749 -85.63632913818881
100.03587978646095 -15.176780657897213
109.84419298599734 30.48028831286076
125.53959780273479 34.836886435301984
119.14541570900862 18.39608668455515
116.23526065671504 1.1436655829147542
131.89661141049865 16.659656729594474
104.96741765103089 20.17716191743864
107.61690302326255 18.708408424997288
107.70844051525818 135.67338833624135
114.86282055318286 18.73370143500935
143.25882632046282 -27.501820633489977
126.77812884833318 24.863787391510648
97.03445215033179 21.916429432698884
115.69322171437705 -7.4248311264520455
81.94835565950343 18.00182695711704
57.23684484370498 21.112453277334204
109.53712838624294 15.891004078609065
112.00724233849287 -16.22287079169907
109.39157410021052 40.73233577833876
115.7699624569417 -34.98139287315153
-20.44897043608345 -0.9683585252232039
136.7552252692195 81.71363694637112
108.85768731868056 -1.0322795938716898
148.9295965385208 28.28443047789692
97.39251766328805 31.569340254314103
101.7537465192461 46.92788369680936
