116.04591361399122 15.371201108483753
109.5064421447261 135.51730341481905
128.1325108459273 -60.70109317610954
109.62849212169792 36.55045230635532
102.4414204553022 45.83823201420871
86.76967973388489 110.0277693896755
115.46548970758326 13.053206973315882
111.95038165173032 28.37180825167175
145.8927873321175 30.847244899356248
111.62535592380051 11.461028190358546
114.16388841089513 19.3458898667662
135.6161295783614 23.704437515642937
107.58772338876555 44.15210223343777
96.88948118859638 92.8471040704904
98.8831312236701 51.90063964044383
74.87686825219414 9.622359985443891
92.23298604713099 2.255269433823955
106.94635778115068 2.944581234356991
109.73995062663974 8.571463745431691
125.24842220185369 108.77194851638589
97.53387692036229 30.228774525318567
96.21408978705803 0.9384679440420154
99.09079262212244 9.918010181979504
112.89214741819713 160.5354447860423
110.60858420529304 18.902279401560655
107.52741569122313 63.62720307151313
106.45069581754349 14.394726369449284
110.1664788363958 47.817034609362395
125.05291458845733 -12.133692607204688
108.24230488595622 -9.222501963699749
95.14095454647908 4.884345316262588
112.85766991337836 24.631946152445842
114.05778139493397 26.294149713283815
118.44561627125366 50.57300162471716
128.7756025195875 160.20112409351853
103.46996428394132 10.344748827424537
80.57507795876974 24.98422558934256
117.25621248426091 25.639624593721713
130.01670390293145 26.081632073276143
149.6512555150775 25.12485525256911
73.72005166653418 17.473489646018667
134.2671186045046 32.32394742526695
82.52020534901841 -13.689604534375743
85.49789934437989 19.774968650810568
120.42238539409081 14.345607974878485
89.74544288162748 -6.515992442644539
106.99682011672559 40.80379218497779
112.47913632966629 -1.7775108047788484
115.88426388054476 36.831028649011955
78.88042872192078 46.61824795932513
124.57408658233747 29.853852988437133
82.71098910452723 -30.24000342884232
80.38413344307422 80.96624688853987
94.75466606371671 105.2625059683223
119.26004615364701 -73.61052366369752
108.25777965692681 7.2290000845340705
127.01522202997579 65.35792486219727
123.45208222535682 5.3719577857646765
117.81848060551516 13.655223746627211
96.32709950288015 -105.94634770287284
89.1195838420648 37.053003521537285
115.90220627237227 51.939577749878055
117.22505969055496 -2.3872297292613958
137.23481763761635 64.53213705032006
121.15874682317217 22.660581753623322
98.60104145663539 -17.58479851542839
138.04812697407627 16.927727879295432
114.34592614426413 28.059767848221774
103.02444645070425 10.18104957423427
117.58026281218969 15.907480988470386
115.50054744620148 121.79315384998314
119.75182579507202 16.139964766645534
83.09950762375492 12.456751680101922
96.22412807570855 41.045894831657336
109.57722000873869 51.18680995614581
86.29540809835328 59.14501880060957
133.088654141441 3.860541673424424
101.56457233225156 152.40706675922505
149.64295627324478 72.34483115956793
138.96715277010966 53.79829109226798
110.92489943853293 136.312860852336
113.8629455384753 28.98852928696877
121.32288760174758 -28.43769269233861
118.76044413839662 13.377205198069365
83.59034559886922 29.479281501308986
103.47593142793237 17.415588345662037
145.34411636624236 96.74266052464085
110.37541397028411 3.822479919485638
117.53615156230529 19.721610368659068
108.0939297625656 -10.760230644725672
105.16543289878594 22.756200230001348
92.95954047049601 243.30150396143154
132.68061000828223 -47.117178472090735
106.87339326273761 -112.1489983112842
103.8066332703627 52.36301935614011
110.6194541891696 119.01293343866938
103.40722384754876 103.49584870692993
134.8684458068099 94.80742514922632
120.2239551562481 4.648029960872125
97.26071731541442 72.42402978044096
123.62615949927175 2.5090056258713638
44.421988274338304 -31.82868655490561
93.62564019954839 20.324223865161862
87.48686186107702 -2.627582354701614
100.84615321535789 -4.3313877460357935
128.2019061485206 34.51593471140139
179.9987769630596 23.369552041015158
172.42708819973606 -57.17439264936646
77.27947450879681 -35.024047324718225
126.48384631080945 18.84423107199812
110.73281205397691 28.507945027463876
136.90240599433216 25.449795913462058
115.83547906976196 12.980515180390288
101.48312417489129 25.290150010579357
91.23178914321076 136.07195719316144
167.51666691214308 87.31681195814114
117.35196557396014 18.648191665178604
78.93540052146143 85.28685611261928
105.84320277581054 27.76527613835373
110.98974290990205 17.654299583451877
129.47461827380297 187.41994049072662
106.75592399597042 22.769707107466825
126.49173829456157 14.996215134568523
153.49726721909596 106.2848959628684
129.33096775267845 32.254889731530874
118.04034141753628 23.099712239927356
110.99396802116364 20.131032425576766
106.22973584697787 53.07595137308573
114.61319686686356 27.607667792176926
118.8344824332665 16.46642956033642
118.34107785886327 68.99903289001747
118.16437663697442 29.132974013621272
105.44152892250221 16.495649939116525
124.4987311031802 31.414874349877184
165.3321038280826 81.6733377758803
139.17169299180125 15.04680171424739
114.71163370018118 15.372716010307693
102.61491785806788 59.84507637863454
111.58738056776008 16.619027791044143
104.17800521112663 -68.244366184447
126.17760332923982 66.21459913929527
108.1769015619675 146.6383777622961
118.85668045218215 18.780321338950447
109.51819487911195 -6.595487741841557
105.8006905522009 10.403593275371783
67.27595629290346 74.99345197354842
75.35881277926008 16.32611968759889
118.76460616143959 28.211765812163666
100.8084030763464 2.577497136044278
113.36280461565379 51.39783802491817
60.88745552350428 60.1454696310405
117.22513803162481 73.23474968952354
144.995273844553 84.22457466798036
119.10468019612178 75.47145874040531
96.16219229015118 22.780313621918793
104.36811009092894 -52.6101443226992
132.86514490841805 46.07264041453663
97.67398572176866 11.612546363559819
51.978115678706104 23.92944810878315
130.04562488193338 14.535958584535631
78.91674057570852 163.5214625056149
96.74715874056498 -41.47844020562913
133.91609060856737 33.72891297599275
83.233098379438 187.44143326911353
130.59852090878275 8.947444380229332
111.56534372722017 -55.76335952999496
121.44553731161886 8.585044834188736
116.42751936310981 -10.243166361718098
83.36552974317294 16.916797191061953
152.16300025894168 23.20060121768436
107.85914629007152 149.47201041228845
124.90328579677202 119.44125620834099
103.96549511441044 39.62331748509207
115.75672399157182 43.092633904593896
109.70415702748048 23.954235151517793
84.70327543690472 98.93000183655985
122.0586688115933 22.57003456952535
105.89716279810668 7.3881854011070125
68.37854076205417 -9.874506043487045
131.17918529589187 19.134084043633056
103.06160681911344 -6.917969929818631
110.11959538967916 18.93772065295573
103.4880326241002 11.5270816203582
115.59961875638304 -169.37305532572486
98.61487801959875 5.833966539140036
101.8152610028399 25.637598171057533
119.53868879302252 36.74736311260724
149.48011135054213 35.78465030287957
95.37399347877152 6.655496326188805
123.87226008608955 139.31930731292235
114.79767329834831 27.76901398631602
149.6794235041361 42.53698488376287
109.26932016677915 19.560605529451674
109.6954157928734 32.725908509832266
89.93494956243259 72.46691025939062
113.48249778574844 4.922716271123986
145.20040676738256 1.6166640695984489
105.23263710518833 138.9981287334288
87.18931956747223 6.115356098473546
140.18589674453582 171.1505706654582
123.88916462277419 5.905301926948672
123.49096413707005 9.510174031791305
94.26680886414617 13.748568148574844
121.7078494692591 28.953009368811625
70.99060878668016 136.0905258261328
110.62957922681723 22.253470603697004
118.34823939537783 -35.24783925816619
119.37925240139616 -12.807451070660754
150.65981243859505 31.70782691619404
110.78260043682775 -13.615898400717892
106.5527981368059 26.553185363510984
98.67779661269368 19.956363606231406
95.16291551869291 6.513869433177504
112.11456953872099 12.856912745125138
41.609418361624066 50.56685938822868
96.89175809029834 115.9815072885757
134.923439391901 28.02061673295996
122.5851625014862 7.0766496292685535
109.28682970483406 37.256674171334204
111.7823852752047 -5.608203103007094
80.49963503484813 69.40909137095787
104.43102977348109 109.13084234146932
109.62438486714699 32.738565747103436
54.0843246752607 30.391189337080284
93.92677503488567 -5.100033181651964
116.22520098137807 36.98641006801687
107.52691972575174 28.851989192913695
99.84876802077494 17.944631225409662
141.67176230480658 134.04505704909457
125.61586054279199 -22.07167221951292
102.14188922895151 19.699370848684975
107.77593873941647 55.60866967778416
88.92020749500065 56.481295546138895
97.51345779209134 -12.923338439430747
76.5420424349954 76.2277610078979
97.58572967732461 -3.74469807721603
136.00492716987108 20.81086052583506
84.31733666365223 18.578219773509506
83.9982174465693 -17.287333273525743
105.12959172469326 -27.65742533323236
107.40314890999387 -18.580925387955336
120.75447858841846 3.306896983627491
121.5045158026785 46.122391673284056
106.5499049112824 7.311711739066993
125.06442985851324 77.2589853708174
101.78618543617903 97.39492461356728
112.88775083946112 68.6646197834219
137.01075361350578 34.96069341529915
126.44617497907922 26.980262600844966
156.79425834013531 24.501293213035044
131.09191335548283 -4.2430138249905385
109.86402721054384 -23.497181862513372
139.30105076185032 55.459540807395065
101.60432655337026 97.52623985440023
94.02748679577786 19.325106259167438
108.8884596831284 17.089454452081632
145.44963998147517 56.5027045360913
128.98135184797462 20.07938607028674
108.15662161568122 120.31720396767908
130.5046068030561 27.73024095893421
110.13085409630246 51.55359690349876
133.18697118874294 92.51847216850324
147.80389899796032 40.62555922473299
106.7901188852512 57.802175985924265
93.73962869828941 84.15867166567533
99.59832691860248 108.00603030859706
83.94927314910392 72.66756312030222
75.72210206688864 80.39949758745011
115.63370244947849 23.783583024075647
109.90117960418404 13.461592252590794
105.2834637270681 27.168484618403717
128.93625800615172 29.828813815994216
116.97704955806526 9.977719240638681
151.602251560865 54.960598133261435
91.77403137950891 97.11241677532861
42.86498881544796 152.22750551250172
109.81310812111855 7.075114719967977
109.88135684707593 1.441537641563933
109.17200889488726 14.758033553452375
102.27531716892841 -11.82503086267019
105.1838783441076 26.66878404141512
222.88456373560678 31.41598608933902
100.82941235294989 72.04672007028873
83.02256147019362 61.10601957937731
115.00316978248914 35.222608929288974
122.93390320529731 28.06933786056295
103.41278088253765 18.86302029399748
102.58896597709935 18.966432533720994
94.97642299311913 -12.405912542530048
90.98097797485053 10.35907851310082
106.07819426577966 14.62574698398419
143.24831790834156 13.133622362507255
116.67961640001056 7.146769715273898
87.62754836664584 -91.88841687614075
100.67720933600349 -15.327685485812106
109.84387211555361 30.948898115335137
125.63984190717369 34.71353378506375
116.84217808930369 18.086202563055398
113.95750992648631 -4.345706587229193
129.6500786445402 12.54875317261915
105.72848729402817 20.07788662177445
105.55602185335295 19.15481497081797
107.18898348739542 136.25279898733137
116.4784536368554 13.576471451991715
143.60913699686634 -28.7387737845255
125.13638149575789 24.23867478799673
97.28132047510002 21.381465524762735
115.20203591697806 -5.300895136582213
81.30879083023979 17.2998064797959
58.25007745281912 21.08202434546517
110.54148063106055 14.617940761246844
111.82504478901728 -16.036661613427633
109.40734549034754 41.544732506760376
116.30912811635143 -35.7547525946127
-18.904865352724908 -6.964797487374968
139.28103415545806 79.96241784674797
108.86533269248532 -2.088869046576932
147.90864857010445 29.511402530090162
98.71959420476814 30.666192101837012
101.50629461968543 48.75012777575438
