116.30001525841095 15.213799740476482
111.82911530658352 129.84215277427484
127.7054847337181 -66.9434460950878
108.8889560343814 45.61440478491089
100.3700793711917 37.62689907573013
86.81917472892518 95.47084349512153
115.94071968716845 8.872262025230047
112.85027119793943 29.317144744729905
141.96579576095138 29.866687042707664
109.89690598118413 11.086482828463994
114.03772393903515 18.13490692849336
135.34602336493955 23.952422319241776
107.63685845918198 45.45952891962348
93.16422117099762 82.04330631758137
95.36228537656676 55.2534327117647
71.2208495053221 11.412052345213212
92.33834374423387 -0.338717515255647
106.45878051782555 1.33088579286989
108.88004628718423 7.498172470648598
125.04905570058739 111.23433145893615
95.12485989247295 31.126794461982843
94.11522704892049 -4.432808940679109
97.65528859646435 6.789526100695033
113.26309780632283 153.64913457052702
111.90756667607545 6.643526348854396
107.44617610403762 64.07033880019304
106.44991871930242 13.952043220691689
110.15845460358896 45.29247483611965
124.37287094677907 -12.077174407080665
108.05024004270508 -8.604238488860787
94.4833191385358 2.442995351235098
112.82051667357676 24.02180948834078
117.3163858228106 18.93481474699273
120.78973890174156 48.765003604652975
125.34922645986337 149.29475709585296
103.66661953954214 14.1175617653752
78.63704814536719 25.36687946211853
119.30400631314188 24.710030796727466
132.20185578989884 16.972604220705996
148.43830009762186 24.747730277799555
73.71175305570135 12.577746627593068
136.59630102329666 27.39269499701997
84.7181226231513 -8.165922366385084
84.21434115559899 19.860304712936315
122.58558985619365 13.456174268550408
90.22255541304808 -4.56418893836524
107.55749693888063 38.591070032219044
112.91298863813394 -1.287393542514438
116.60545322860978 35.323789119835055
80.62607323186403 37.927775171179526
121.72807266166862 29.670682880461776
80.79115355824773 -25.706484982218026
72.10257394136704 74.82542341039282
93.73031122344149 109.0569198873345
119.23927911168258 -72.17770331328114
107.96693720617978 6.692592270789028
127.1534148780647 74.24724541327066
125.40190261855463 4.256388626276731
116.64376380876796 13.157310005530752
97.54834655032298 -105.43611271998874
87.47855752567148 36.44703963925239
119.04351766900302 53.6519884913883
117.62175876729505 -2.2258573767363696
139.2593570225199 61.134259477663726
121.83389382511206 21.583204933497402
94.58835939522342 -21.425055319505656
143.96618696047466 13.13111295486842
113.68430135839282 27.659680481322226
103.01367372027488 9.012686148443885
116.1234429749878 13.231103330619547
114.59166463272489 119.81695727562555
121.69093983372403 15.554417057884075
82.31931481715134 11.154161816572184
97.10563183579752 39.15732575257629
109.62758623606746 47.6270344544795
84.1728081043273 58.28951661820845
135.39034252616113 2.3189299134466395
102.47188892804544 142.34515928614528
150.44733316078555 71.0227340029737
140.84551878201597 54.29464253377578
110.63851112798 130.61944219400212
114.05923236427225 26.838521329056686
121.00803572293113 -27.10501617205436
116.54736787001995 5.638086571691867
79.14207733524151 25.80832853181865
103.08465620469617 16.094263245598192
146.91442970007847 94.78093476333054
109.7642675561097 3.0408105805042784
118.59587682438331 19.764654387452506
108.58499174671957 -11.68736112519587
102.90120592975246 21.69545572082759
92.56938224618474 242.23325128221245
131.14111534739652 -43.23543820784354
105.38970546258477 -118.45825762441433
105.17342979470398 52.95939838652565
112.20023248322788 119.27027752164251
102.80118414525184 94.57331569902252
135.1363075118573 91.45502017727081
119.80810577106864 3.944283035416288
98.40022301483997 71.52447899538868
125.01166453841873 0.9048714317019608
50.97484306931866 -31.54698254512606
100.35636913443342 20.326194939614616
87.65774135311565 -1.47732121527948
100.91915421988166 -2.7596789105379083
129.09356987359146 33.80959647849078
179.69819981627344 23.486136438371336
172.73838008712195 -54.99911547179188
79.93370809786057 -34.16432012336533
126.00192345158061 18.869839160673692
110.53875487826299 26.29317216798862
137.08395936628241 25.593095496425683
117.68848059828376 11.463206134451369
100.06526527401253 25.051205065319262
93.87625521009812 133.03720448871132
166.35628665294456 83.2217421792356
117.42498525146688 18.62017340818764
81.0424075557653 86.48832028365604
105.23979075919559 26.27614047091302
109.72850897166981 15.523618493370297
129.80574974694227 184.70655603912184
107.12092565414812 12.541840665859915
126.73043194716524 14.462644031876863
152.5691114633881 106.69032772093722
126.32716615447697 32.91551722235691
116.21478336218823 21.728230148973683
108.59425229822392 20.331881759671532
110.8502549365051 49.13510066972927
112.45395333230047 27.053079708053698
117.92594970858424 16.936286831081247
119.27661048107841 70.23783838292606
117.74858822980289 29.232556632469887
104.34251151532916 14.937129818909975
123.56546903222522 28.55898085440253
166.16882003436 82.58698498196496
139.5688826721004 15.165555771968041
112.81496190890638 14.952077399204196
101.56087480841178 64.29931416509751
112.44511501665727 16.20806953727814
103.78828907637832 -65.94755236202018
126.66886705723756 58.94396808077909
107.12345025143269 136.60172524749038
119.65477366472157 18.709412423174168
109.45842392337134 -7.7714533422007595
104.90662189186139 2.9991580346536635
63.889939415910504 67.89779850721945
73.04596269088348 17.655870696260994
117.93255593360901 27.451054442814783
97.8803143254495 -0.4833674189914712
113.07895443639721 43.21743355641885
63.30887447686652 61.367406432768334
119.76433425998391 72.83761788547154
148.67790693309792 73.69780011434675
121.78502587602195 69.95374944077004
98.5254481401051 22.424583614260932
104.50801823234657 -53.69916016818949
134.06488646626588 45.58966953028418
97.6193070068531 11.399577357569676
49.29167487531029 22.432272292356885
129.86960868353776 14.138706331313928
69.02803011899776 152.6995862182856
101.97046337982711 -55.170717273054855
132.1841090643932 34.59153663759071
79.57637696703048 176.74590644363468
128.10562989730178 3.7130356432397145
110.87514128769376 -52.64898289057055
122.94103360613258 6.7923482212539135
116.33126287529679 -9.695126121785
80.48240713262761 10.578746660974467
152.40154961151174 25.74294410921241
104.51969949184937 150.26225135160698
125.5041359875729 116.3452558286193
103.22721887311455 29.77728119284014
115.93117124518022 43.695619160618904
109.71041078614813 21.356911247968934
83.27269945783847 96.8302139035202
120.24121118554521 22.321529159888676
104.84309216294372 6.630433049398362
66.69491841131662 -10.590952388938287
133.073629590374 19.22704734648723
103.62688621537218 -7.47692034270736
109.0723030870931 18.2980186701936
102.46029949258181 8.928700670344165
115.65812543199058 -178.45500261088853
97.41607128159664 4.798010290081812
101.88133340433315 24.440835258511534
117.63887108968342 35.7792039575547
150.00407576647302 30.70058876580062
95.17472709942439 4.601921375049153
125.77912548527839 134.66299548527564
118.10053365415193 28.541184401648774
151.87986833827455 41.45479924922224
109.00059495020152 18.371270818959943
109.61329741133979 33.88690040708706
85.79116952465941 71.70349472711712
113.18910848078211 9.76917797377589
145.23396587028074 0.5607431887055851
102.94306907358045 132.51305877944404
86.01182519160068 4.699477008478404
139.79163704566932 172.2000731269394
125.27590266482628 5.297982288357804
120.86451139876866 8.144978064361064
93.88863686973735 11.390703905982866
121.39842867893955 28.55072693026032
71.03771579160515 136.66937354329673
110.47139714228624 21.457399619320316
115.31378257684241 -34.950094940383835
119.08217743147172 -14.555063878116801
150.15614609119024 35.95223649727624
111.18925831370453 -15.685568880009555
106.00656914142371 26.423713374072193
98.02780506982309 20.647235978423165
99.40630569122872 9.536452040564436
110.58759947726043 11.632103357593541
43.39737988993495 49.951432710223926
95.5307480428833 117.91765098482588
134.29442714428765 27.336584106620837
119.34693476652456 -1.5043905573110425
109.30863207107029 36.73939951307482
111.52777663086566 -6.959574476611696
80.32942165543716 66.66380075005772
103.07679280803237 106.56922078655552
109.63458997521282 32.13518860628326
51.494772850550476 23.051146335913256
93.13091705760607 -7.230925676667054
116.51747451399594 38.06072478671147
107.63479871878775 28.216252571725512
98.21180112334895 18.21808686278032
143.44872945360314 132.34968768507673
126.12689473296373 -29.748318128473294
101.12237042314804 16.88366465930207
115.04432693617703 58.93523660513363
89.24089289301108 52.80820521768621
95.78681132115182 -6.0907252418433435
78.38114913428906 71.93648838399112
97.06549291557162 -5.087915302636752
135.71095799738853 20.91698407281556
83.41599905150159 17.91374718796621
85.41238958872033 -16.61495836275172
104.41790767203955 -29.007872094040927
107.43769158528663 -25.146556616466494
120.65634696764667 3.5896065496810383
118.83941092305939 42.326672960096
107.60152537307104 6.493200573320172
127.92830139698792 76.72870608402962
100.46967620841498 98.9659488297518
112.85080630948079 69.26134716126963
135.60854755348365 34.306727605688984
126.8944494985084 24.205205875574848
156.93869062381935 24.030520415081885
131.70905479190625 -4.942547296303325
109.5794815712667 -30.98137776946382
139.52104567127216 58.691424642035145
97.81286358039786 91.76554980692529
94.74961833732084 19.32098809044974
108.39555905509191 16.57899969313126
146.51297455042618 57.50798474054473
126.45128960079998 20.005185511756753
107.71473787821598 118.9396288424238
130.67419882809267 27.572981762050066
109.9168989014115 47.38790456548774
132.3055430265211 78.62445009047431
144.13352717035085 40.65984198423027
108.097095121737 56.06169656333949
93.84112824429721 86.5825125538559
98.74257514190985 107.41904504923056
83.4669161847568 62.33560857612423
76.56910171117516 77.97194948440456
116.13733022033017 23.71007341197499
109.92721844668823 11.719740401090231
103.77994568767535 27.73534420513861
126.8327658030105 29.939861773619825
117.02287722094086 5.93283692049773
151.9209410875376 44.563561176425715
89.46616037669823 97.73046800626321
39.84363287930479 152.9903540572316
110.30844232878698 7.418652287847459
111.82587021815769 -0.1392927073047343
108.89565922687169 13.797582635770043
102.52358624029405 -13.047190588598143
102.12236324129339 25.3700297648665
221.1595118221967 29.35610898187793
97.08285142336088 65.47547628685575
83.12929284757497 58.27643594884784
115.18212600212811 32.30459139151227
122.47496682089385 30.36601123182082
103.38238417973291 18.757836328068404
104.44273686620424 19.08884557292595
94.76784900010063 -12.616633461064502
91.13355119101057 9.884935378573209
110.06938892052746 15.090172798119712
143.71441752389356 12.40951807320315
116.367588011256 9.106053773136251
86.27759082952345 -97.29444867872294
101.42233710102019 -15.395640330857791
109.84363660458676 31.220000453071833
125.71836932608295 34.35075158546479
114.46327872749896 18.64605125557008
111.62939205125201 -9.566734301261258
127.29212690520187 9.064977502300586
106.52845691078326 19.963595071540368
103.53317525875251 19.60642120259297
106.71798448721316 136.66951947399323
117.97268516845554 8.455919809972926
143.52658227701247 -29.4013928185775
123.31892619098967 23.576453209025427
97.64858858173837 20.817673035588523
114.62398657602981 -2.9358887749315
80.92558252537225 16.60698448598002
59.65733750864614 21.033618893444707
111.5360736323434 13.369201951877153
111.62935445469778 -15.58619545454942
109.42689727031437 42.1447762648171
116.77849175790718 -35.34480686242062
-17.035110844984665 -12.480558619684864
141.52199042195198 78.02229432883564
108.87485319733953 -3.077644013410773
146.19662626212272 30.588820976986355
100.12614987130283 29.687384600037472
101.38628934197452 50.11280830296176
