116.69487485743386 15.038937700306048
118.5056321991353 110.57570063095564
125.26646907919421 -78.9911761021983
106.75245113746051 70.75357576002793
95.01840928638468 11.974314716572888
88.3823734863361 51.83573114717928
116.98542205376314 -2.9865288836368
115.34162962234612 31.85164828697313
128.44920274050884 26.0084640656577
104.78837630979372 10.639098818362571
113.48822519872972 14.658638971021109
132.52397900856033 24.489932589976874
107.89093300362528 47.964015536030416
83.16300943909839 50.63437977285565
86.21417183580074 63.91037321983999
62.62529702246942 17.080724712417382
93.63587361687665 -7.137092744423519
105.14403776724612 -2.2997458469142553
106.4755494069113 7.948323978384236
123.17099849059294 115.36431903483498
88.94267526620165 33.28493153921037
88.91660048126774 -18.35602302161601
93.92687165009438 -1.631454872425223
114.11619066274069 121.74879419867793
115.63644146769184 -29.31996153538725
107.37581502881234 62.48536781166792
106.62283897032627 12.947356263317598
110.1259937836965 35.93828001628406
121.44918835258039 -10.395736561768299
107.57235041666374 -4.740845428831159
93.44880002637217 -2.7781320176868594
112.5750827172548 22.026339608491348
126.54427338474497 -0.5773294962645652
126.97741926917526 41.49326139083999
113.88043105270316 113.16894030918307
104.7416635495389 25.624859070195974
74.91818508702988 28.982300356183785
125.20094726409698 21.738880515547066
137.60032120802703 -7.829970530058619
142.67138557498782 23.381168870358074
76.06957200198778 2.7570728903631907
141.30226632546336 15.179529933869599
93.32758388440756 9.50126559140422
82.42971813301037 20.086716393043638
128.29673928094275 11.179037793162381
93.04638170894488 5.409094582608355
109.41318136285376 30.871719742806047
114.04868331648721 1.697083708883652
118.33101960483579 30.014478723477
87.61021869782492 12.285732705687014
112.3832856197081 28.23826915903152
76.33778725540336 -9.024358586151035
50.345866899091185 57.065113261722445
91.96341056221807 118.44170172910607
118.45139931873764 -63.64127054973205
107.2770595079947 6.039791876805093
126.25407161033353 101.18339772953152
130.55629640529787 2.0224924764797634
112.57982022424362 12.013930917593328
101.72067440473259 -92.48592021274219
84.73211553392258 35.449827653726146
127.83436224354232 59.55686057848914
118.6568730449808 -0.291481426776489
144.19317178388394 51.41327758405123
123.12263694264348 18.2528325083304
83.44345380984046 -30.210236889562537
159.03900760098145 2.191235862765737
111.58493654041327 26.0883183422813
103.38970688083225 6.263562002481475
111.41115913000013 5.60931604525377
111.72067991608218 110.29707798793046
126.59250766590091 14.032206459732699
81.27958297156508 7.793917142746608
100.64365420087067 32.389803190037405
109.78333651245187 35.5125867693381
78.8138279584692 56.02719170694428
141.11056604379434 -0.8324106994214076
105.55012433429162 109.52441060330742
150.48758465706618 67.22704722603181
144.57545276636787 52.94247543529564
109.75928156512812 108.84057121536654
114.47698934749218 19.915130364273093
119.49443318758276 -19.461807155984886
109.52124677158 -13.825931877789234
68.01428345770404 14.519669921562393
102.33428484675916 12.351487160949372
149.96217311671248 88.0878196627436
107.96977914940844 1.8560115593386395
121.32202042514176 19.866134207160293
110.08647836490621 -12.990440404763747
96.72898723921662 18.397829031126744
92.84687489991789 232.0123989660196
124.86498896695879 -28.216260473460444
101.19040812979787 -125.52216746336572
109.38049086064484 55.79038042383695
116.79224223179388 116.84682535039731
101.45390408127926 66.01884917283499
133.67745009626344 79.97003345734876
118.1240798463691 2.5898787660321374
102.41081385331238 69.6739593761699
128.40052138654175 -2.906923202755916
70.38591522392608 -28.00298342122596
120.81013462460035 20.244798502780835
89.69427579066442 3.2443597882258377
101.6342461453498 3.3158169503252757
131.05273305001435 31.046748243896126
173.52041292875154 23.572181772585274
169.85691198143613 -43.71267479372549
89.8177580602789 -27.597572457554406
123.45826732482601 18.972849387997833
109.90896762735431 19.38274164147141
135.7206386543887 25.628351302123495
122.64845817105864 7.41586573667703
96.41263320149662 24.03908486489194
102.77434168213638 120.3139539638541
160.30248561652147 71.26548793793492
117.1896463321957 18.605801814830382
89.20207277417194 89.60287106320965
103.76712910784484 21.503686101595363
106.09386351460242 9.43203530671585
129.53313460583388 171.95074340399327
108.38230136097259 -17.28368689565487
126.44727568028138 13.247952857714214
146.6473855996932 108.75911606098943
115.92826250232062 34.18665490922494
110.37845996358462 19.935494995252924
101.57163573540865 20.881792680345715
124.55366830917137 39.27762187462149
105.86295698644442 24.638572628333463
114.90944553173776 18.445760947164793
121.58392535590652 74.46861183281563
115.91343849885405 29.045773323840777
101.57023037836807 10.447123457857737
119.7552587626001 22.60104360847873
164.25164237372869 85.28035738326099
139.1920838938452 15.703180470685409
107.00737074853532 16.834274934985974
98.89827917483777 74.59610391699488
114.70049503851139 15.202020688599374
102.92620782402543 -54.85813379927002
127.0895394623639 37.50109389296134
104.13501622892439 103.69573027490416
121.55369450558513 18.533503792658745
109.30965070504449 -9.447622058254712
102.40118625712498 -17.9127490973258
54.65604914205368 46.97299770334545
67.67943791681272 24.882217048294446
115.16470870169617 24.74158204546645
89.96815626152244 -5.46173667022368
112.06036920618335 19.21397423975462
71.3380841482876 65.3773898608554
126.4034184330349 72.05753321761173
158.45070395280476 40.843736689319904
128.88588845499413 55.463147922704586
106.33340854911815 21.141679533241902
105.33815047279596 -52.968981426311544
136.55986545912623 44.58082118254082
98.30946373021571 10.984193597607355
43.57527493753952 17.790017516502456
128.05211167782147 13.279269339829424
42.38543385848824 116.94183271942316
117.87846843054666 -83.50625692240993
125.79033353067119 39.703575087942156
71.63347794844098 136.1849875893795
119.40345445333408 -6.664169666361549
108.7682236934073 -36.06922786894744
126.28074322213789 2.3591094542804965
115.68165617776528 -6.589668445966762
73.36157902221183 -7.64149783691579
150.89362147534024 32.906464587510015
95.01556345513805 148.11012461022133
126.72552544994161 103.09769420355792
101.39479708375646 3.483437253819848
115.92883145458617 43.71432551006126
109.73287143650309 13.550766537936745
80.68768353808323 88.11857991703604
114.06303745485285 21.46950196039295
102.1311647889476 5.230006361442326
65.41067085167995 -11.656137960643012
137.02342098032912 19.501842892197487
105.57911868254516 -8.075000446469401
106.0105109891459 16.49663520353636
99.98411360970354 1.8775197342925432
115.52135481240276 -187.58792734913735
94.685287541397 2.4453560614664327
102.42262516876178 20.538369664257573
111.58555168097554 31.639173840323657
150.14891075671625 17.89413129846159
95.22085076455159 -0.5284513323637288
130.45660549568635 117.3904064067843
127.4676477280994 30.486604543009076
155.8349229561181 37.245022918649354
108.23828310550832 14.908159760266235
109.37144890230223 36.877877729723444
75.06967540055604 68.71038805500001
112.15612361403159 24.50454378592482
142.74330421697223 -1.0465032864341364
96.53586335169202 109.27442502419669
84.18782744675671 1.3455589046879435
135.96333963222253 166.75751434483794
128.68741998067424 3.9511571628989857
112.47644619399564 4.971724021134141
93.84338743456843 4.8309521568922165
119.71032856433507 26.898226039632277
73.17408256254429 133.19990767649256
109.91517500808584 18.92558147948359
106.15396913595075 -29.96837300082575
117.70374269223603 -16.756097782535544
146.51854493354926 50.381078948025504
112.2855214475752 -19.83906122491328
104.6256259230064 25.606696234093835
96.42588849677283 22.5247456539054
112.77690599848133 18.811792386912934
106.03044319069626 8.593786589241848
49.591612262696195 46.39931640187249
92.21667548424838 118.89599342969028
130.47768447276246 25.054869370860587
109.05395120996171 -21.032976689195408
109.4199305881628 34.33197928647929
110.64280814991396 -9.721097172163596
80.86626003475287 58.77314880363118
99.4570883393139 96.49374756484671
109.67246640470165 29.633060324675384
47.37544418839995 3.901827131266847
91.34711034680421 -12.093414978679354
116.85444157400259 40.125344871638745
108.13280602738301 25.745094553611978
93.95943837080428 19.091580239169662
147.1460940045752 124.53662033592956
126.76505017642737 -47.38955896844778
98.58002571092369 8.639406685028982
136.33207866869904 66.66180112774762
92.12552377245694 42.475471239329366
91.07221442723709 18.467841817661835
85.57479854039255 59.279901810568575
96.041098664176 -6.85958800062862
133.02616760802115 21.149033858595093
82.69477993415042 16.0401626703079
91.03950728026048 -9.573038202053034
102.64664929383468 -30.617017480105527
107.71694065093813 -41.84423449897474
119.91289387593537 5.764331563371473
110.39035149987653 29.740887847187054
110.836836769662 4.8178128398497
135.93150851075578 74.59967298792547
97.28649008057967 99.11006534022995
112.59608232930951 69.05834870903685
130.00362209912575 31.41810772804643
127.04675602691631 15.77502415036156
153.36582259656447 22.38002565502591
132.86698225449635 -6.060062960719354
108.75417549954348 -51.42777435352336
138.29317660238965 69.31248561034147
87.09108106864066 73.24211204442523
97.82331842001196 19.31111947328747
106.9685234447691 15.210104636092787
146.02060049161585 61.80097325011016
118.15551648700239 19.736370172488392
106.4907843587642 110.3407803945645
129.405986827977 26.39044537409016
109.26379121019457 33.2881140773118
128.83362562274692 37.08785912467684
131.20845925375147 39.761567296285236
112.07653091649615 51.83229963531369
95.29998818292465 90.79646102871341
96.76353476122033 104.28532808728052
82.73691203063439 33.37877401392126
77.80281165892154 68.91863136043324
117.34020577807539 23.29371672040722
109.99219655440812 6.871380774462177
99.70546875481591 28.83004421883585
119.58336895678035 29.481820379442535
116.74486913967367 -4.971251745031814
149.8226509311438 15.610270589545344
83.68370335266488 98.56239627246332
34.977902139578156 154.21225064495815
111.74078071566409 8.804484483953573
117.44198033230747 -3.1729580783199207
108.13323354675828 11.245670841000434
103.62857906092562 -15.347794669800297
93.68298799382676 21.310238589869606
211.09779663526382 22.639537590319595
86.6333279460746 46.19777106836964
85.17413665353298 50.28104188736841
115.19936760590582 27.230963055785548
120.52245325724817 36.80717426365332
103.67133188060342 18.508705348272567
110.31102796813909 19.466613095606576
95.10804595513062 -7.948496322449862
92.54253301822018 8.873735475938826
121.8559386200833 16.606884123980294
142.58962800268125 10.779970883985467
115.14012942989564 19.990980081025327
83.85268965132748 -105.51871013946138
104.09557546281673 -13.296490578908397
109.8431339771775 30.961969348934378
124.68896750839414 32.11449325015947
107.11600046539286 22.112143062846364
104.61073920421961 -22.528076583106575
118.90211890933136 2.8865017264409216
109.10128988299383 19.571031843195513
98.00711451548119 20.945468808594196
105.56517799633257 133.50170055632498
122.00363910593578 -6.056431921591318
140.34427709027423 -27.717261429016226
117.20936478750967 21.30888291570082
99.4937621266597 19.074806237784372
112.73685155384885 5.655176986595532
81.87238135116539 14.680769615206081
66.98757404321611 20.788905406271084
114.37013473566684 10.047662081745944
110.84524253455012 -11.99628448108089
109.49634413208648 42.55794709825587
117.64396060170846 -27.580012125449244
-8.350063211538329 -18.060201781852538
145.90342812449043 72.48114968300943
108.9600446854174 -4.313169628485801
138.3841594109076 32.95073588379675
105.06524013728801 26.216842123888394
101.45895518654446 52.76791829889676
