131.18750468284236 137.92512513653367
94.35621767634508 70.6895207640744
122.73030458211873 132.98588227738546
52.52702206472918 137.53925159973116
20.819079046753277 32.86239095153692
109.81046711573565 124.61316142768996
108.56431896625806 20.951750753877246
112.34460625566018 41.025692103084346
130.9712024473795 28.465292452828727
104.28153743278509 126.2008858574438
56.95038961362159 31.584584583013676
134.64423369263807 28.273715386710407
108.00222509061575 133.05713609562346
97.05489081571541 119.88510500432172
102.0348987531781 92.74204223893994
98.84107815347456 25.211272158240597
20.08812541238866 7.333039612157994
117.82254801611006 131.05388259047814
55.57872343449159 152.08598689392787
116.71767724773991 121.69586479230136
116.59378702186396 122.81812735209434
108.239119818052 21.971094376773145
95.73362322105731 4.57628381280148
113.57161059139425 49.701652628254855
116.69702593998191 113.0462906037399
98.85860776978008 99.01980421725071
57.04131326271706 58.92398979342939
110.1779786278737 131.16215188020675
42.16205257416026 114.2833563127651
109.51311479165305 25.18244583674317
90.74967107858895 49.85558370423745
111.24860092245251 32.93196328089886
88.3037250087254 128.92265280841346
19.4029898854284 16.981840695905436
128.06408088936809 134.12233812777387
97.73619251355093 118.4623518822182
87.27309782629666 62.24747290748067
110.17515740385595 21.983937832624502
126.39697120373809 120.18477866372831
124.08387787546282 25.229663875214243
92.63782274088071 55.589316683316675
118.68194721762309 125.24582042427801
39.76424659709366 17.439084430980643
116.53497298787646 19.28733812935372
93.4135364796124 19.791782057981127
106.34819057276889 116.95600477576285
109.18513822269028 28.459031795003956
97.41081018882548 59.43660799371579
118.9362031108663 47.45191621773413
83.96876218115338 116.4890537258932
43.76791476075636 28.56201655563462
23.965451722899683 75.48828394015227
104.97969279474012 116.29623521934657
106.78964162596894 123.0358320352309
130.6304424829216 125.25307372041223
114.93893003493744 123.37565182056386
121.89482035734353 81.18850205138091
108.36471083100066 22.33051354589725
119.96258631577062 10.718268981436255
105.23060462527579 127.54849320229262
100.20742227327939 125.59252894322604
108.24167873379537 52.82555780033139
115.40077911580245 6.840804765805266
115.67269128090571 76.12097418738604
112.9244469885664 17.602198265745187
102.23842845613221 17.990211243545914
18.501845141179597 19.791232507479265
116.96441331926334 24.088237036534746
107.61271640397256 18.841352996257605
122.30870400554588 122.50787438600193
118.79000535606238 142.65267706485963
93.3881393657758 21.3273007777106
113.46699330995325 23.877301479930935
107.63634918769245 120.48329913500895
96.82786715309265 49.24973911972765
117.44181221080149 125.15525287249086
135.76756424700648 136.47213038200664
119.90068968840622 51.161083998960635
114.95266735267437 125.65766570860977
117.3234410703413 65.17433792317645
114.06842641953087 63.759564046319746
29.865074991582883 132.51336836462605
116.37596460525347 69.38242461241113
122.86273282695552 126.7116615256722
83.45059903195086 59.23694514097414
109.3979978487075 19.05355371809805
143.11393445007147 136.83856863423526
106.39816690766901 129.42451149750602
48.94197535046142 18.702741124854455
108.69800127605757 18.464282138091146
20.842116685570232 25.03548432234233
113.2421332665502 122.85031541124589
97.19041274856305 16.498600023445505
108.08788812565975 120.36674423046584
97.28133195361735 60.007631706639714
104.1704311747665 61.54027623404011
113.79036068681219 127.3053100983704
118.7376695953687 75.31911869727793
117.92181703045836 14.39606081468157
92.0658654818084 41.38154084081506
112.36894912858884 12.386077566473398
103.56869139349473 13.926631878947576
76.54601678312969 21.24047331187309
94.39232652375959 19.84149376220955
103.50347979593994 54.66751253192701
124.75465975497883 28.5618077595643
17.81390330926289 20.367375023237607
90.80819811165082 78.14664750790128
94.38834116992328 133.01705783540126
124.5676304166986 18.970939748269597
107.4845716699582 24.08964248594608
132.13478465809678 27.51735236816716
41.48851770659839 24.572720940112315
101.63676436858573 19.84377118724341
114.1426328638102 69.34317072679825
146.24015137096637 131.06978150462712
111.5700705762981 19.842991829142086
42.91107945571573 110.30334870322336
110.93207094638221 25.634155275430075
61.79428057509174 24.69730477928489
120.60991353261028 139.42591712551626
107.75270579571682 148.31884433448366
108.3709407970826 122.53628500187862
127.65910269396768 120.16172208859058
124.51414235080856 25.40851191927518
133.41910431136967 117.24801138775993
134.13451484156423 20.124886594787206
99.58344485924799 119.28070373855928
113.97558253511477 121.49663606275234
111.37812863944903 19.559615381220137
121.74763669008252 130.63887920194426
117.99021239628348 25.005505775757737
111.67715951808164 123.32967660858881
119.04816563627385 135.2926304925758
123.30866217992744 132.7362200668768
130.03678266169138 14.003731125559229
121.05530786919945 128.733391898628
99.85956219939335 150.83182946289392
110.39539999189492 18.595319951605333
51.393473919770734 132.58815007336025
101.57466953160412 119.77661061328102
120.61381321008825 125.52231882340786
20.267603659458686 19.711794868253573
23.621436247367694 -0.9689463291268092
107.83455994024537 20.45242061656264
51.84720783601365 124.81220079102951
86.22061703452461 113.32467961446056
120.53668095196836 25.69470662327216
97.71052881869787 135.33684060917207
113.0278971599964 128.56433413826196
31.574516758223638 142.70084697761584
103.73866318252867 43.72492956901181
120.01527193546228 119.6696152331891
118.49517509279188 123.31470747932434
91.7903936852458 20.393251504217485
105.37779603720146 -2.5872718887535022
123.77925027129021 119.19379451246178
20.894407023364913 16.805889552396582
106.23637412878395 20.393843347640942
114.30233952367134 14.656692281861261
109.11972436035191 119.14934142581565
129.77606661146115 128.56136854802998
137.50027314731156 122.16774175089705
106.0635381039302 120.08019095648321
123.3899063973758 110.27187760862417
119.54494358888695 133.50413734778377
116.39175651457953 12.075664269962749
111.04371581345477 9.608938183267542
97.69037062811324 25.3694509324545
124.34296300546664 124.1760910203916
37.890617037790626 129.27586431308703
108.06199748566887 119.43975899118202
105.55651726389003 114.54218447403726
110.81590579440639 119.17980588560748
36.90603838720073 27.655080361842607
98.06739969599442 54.999647491356086
115.0706779682819 25.423522434878613
110.2920191153749 20.497484298377657
101.69873307611492 77.45040377678853
118.52140249858824 18.776438539756494
102.59577579628719 20.541389662867395
111.36021338363237 29.49265769504603
92.05575558090024 73.39928584640313
114.25761295557191 127.32323089402081
113.92640433382158 22.82738020569249
112.40685694366753 25.79555221450098
130.11189518792895 130.56703607599223
115.46528374130496 117.56160609410585
107.90170569090755 39.65701955016345
124.17494569550965 121.91499917589239
131.89658971166406 127.93314430494758
130.2638714827733 42.45204055662548
96.80184393089796 23.97356506732852
110.86249908136759 30.250654135984846
84.38535178013532 63.52430519868204
60.37851609429687 142.50027188714176
109.45834052535771 16.52680075428192
113.72994766303997 118.51472653545758
106.53641807205726 19.802209690888624
130.119655536479 125.07637302980865
93.34182590392244 22.055600452164228
37.69309932634094 132.25129756251988
109.09009422591708 22.890013707183744
119.64805457078214 31.336709126262395
91.34238964772611 124.08475357350432
111.62591903315246 21.59881656232735
130.23070394643668 124.26708439922089
75.52487321609546 19.58426208405309
127.38892452364213 125.42343228165247
19.130730517629264 19.76356359470092
19.417802294480786 23.021312110970563
52.96027207299482 140.49920207366233
20.256206659749846 55.40079780369467
21.62528959938632 26.915714436518847
23.271918019690464 29.139463458672125
108.053599843432 114.55763680353279
136.38137610742103 27.931529199839563
115.29769570222857 125.15507872443247
108.78278328335753 33.803723169146494
108.88736404068007 5.880355308299629
89.99491631368726 120.72771664258757
97.0958434260276 61.8304934140736
109.08741927003925 34.40173099031793
86.29762133338775 116.233473005629
111.37885522018615 22.0233912141025
113.64110836799445 53.64697311228611
108.0276398863517 31.62171371881017
88.76278797564125 18.554196393120893
102.34132983839372 125.38677699525364
110.75785980642362 56.58686405381316
111.43116814826332 18.08013656743049
20.76245352222338 33.608056811337356
104.51806492397603 35.03786155374117
113.4207434573424 120.81711169430535
92.3300032403317 125.12683985719322
27.67309292819736 2.5289950619401242
117.66843568333164 19.857118464960312
106.49797336003978 124.30074147043622
87.13843446460622 130.67684033369557
106.77033810542174 15.044942669255331
14.695886626315655 -13.169920236049323
119.21394004532645 14.583906371368338
105.73612967281403 119.99339249185763
95.77910558172285 22.581982437316412
112.0603564320708 119.27799089158705
95.32902068092588 37.40016061520308
59.352862296468786 140.4104322579826
147.25486305013536 32.50050632666243
109.47635947116672 18.662078693925
35.99761790537063 29.58229905748329
136.43240702519813 119.96040347036777
109.4523969935504 26.902888112631114
132.5869328593225 121.55164727421493
89.9051479826792 119.77045709467306
52.48912003421108 19.961640182841656
110.35200376886144 22.787455372363237
126.78590337138829 119.21289217512296
134.2674276074651 124.29341285483831
112.48157408339367 129.32735629815252
131.74639125661795 24.972136820617287
111.44031404179269 147.58283347566743
110.5658224689012 129.81995853045618
49.03974853611013 29.296332772081524
106.66602879039955 147.93757845282846
100.95319241328515 143.405992897965
118.84394421143062 125.16721240908075
110.9469470498478 121.02532118441476
108.81540278527461 154.32434405047744
119.54054912443704 24.6044193883718
108.89510251609236 25.89016765736544
94.71779013442502 26.214109769996732
124.68317549636916 26.501456263286247
110.5164744576082 20.39519267460479
113.17965515448911 138.1131650479693
105.68612655916017 47.83175350227051
108.3015485911173 117.35683870910965
108.00740377311375 22.059636699372362
106.910692257518 21.976592924900267
97.79780176955882 28.679591010528416
90.22015935899829 141.82518375348607
131.22860957057156 32.71066373222771
98.2395545590947 22.24073680527544
97.54827917050814 113.0562876317261
98.21770217949974 37.37610162908686
118.06239986799481 61.69421310748637
121.94358157254275 27.429817253784776
106.62848354999183 19.11041386480102
91.20734910447221 19.795775366734013
102.61528591541239 54.437233230300535
81.30849595070558 115.18710455833283
122.18850142476045 20.620785562411847
133.1789720251509 16.66749626659788
122.96296833115342 127.41199580567738
98.38251324804615 128.38490738237027
20.550736712961832 9.143226207961556
108.02193395761687 76.90305838408364
128.97366972711106 31.421443787339157
107.46649855479619 76.8170492156198
115.28992192391641 117.22353775235084
112.04573375116289 122.35644398201725
98.84051825846423 19.951820946860998
116.06461673241365 18.918567178906336
105.1581415105947 110.20949728778169
107.59953279673107 127.50358607724652
23.480862825405723 2.1091361597757055
97.66217665761418 19.572394937008028
114.17671553407365 21.940327212803645
110.4703978678558 119.80642617973187
91.93338150909045 26.832958284632117
65.15065235804383 21.115238760498656
102.04948606777442 21.446545612819833
110.0051787554648 11.139894540809244
109.97297505682494 126.38278908775057
111.88199165758793 123.18361489870374
42.280094606277515 143.91022394277135
118.90570593554447 127.7252556616601
22.810873584761175 3.367962865776892
134.3635533112142 24.149582217233004
98.85256742432213 35.52918674364185
68.4067816401989 112.82991714974567
