116.71976608394311 15.115503792602055
122.45186222850873 96.08948097022422
122.89148028865857 -82.27549301580925
105.46922696874095 84.32421818567934
92.06333130148542 -4.906734004620084
90.49091539138246 23.950019878603168
117.23557821803341 -9.668022491015195
116.76386903858932 32.83609734787614
118.56694384210914 23.079134651290378
101.61172277691617 10.854763935993763
112.9464212056062 12.533340180675593
129.28190421224568 24.623508849541988
108.1694913806191 48.40246390745045
77.69440278285143 30.505898774159604
81.38557131812001 68.06556930404021
59.6909091408271 20.983374702212842
95.32965330683619 -10.717125385189547
104.53170010173513 -3.236424033358911
105.11501843070289 11.834658002702778
121.11529627290585 114.85576061665937
85.85194364518064 34.039701177620714
86.4443886133995 -25.68748322240231
92.19053133815805 -6.286874590662286
114.5199403676431 95.45322175169603
117.82413539876072 -51.4839331848474
107.40491455442843 58.49868644731892
106.92317088093913 12.601151162970853
110.09574821940674 28.720662233871625
118.84058128144044 -7.779347861069887
107.32692642295518 -1.2022246419402984
93.77364336133195 -4.086118018221292
112.28592787667306 20.572130318849286
131.81229046167306 -9.75412516663906
130.44273832615232 35.415243342782986
105.96794514357178 86.05891672056673
105.68900307379931 32.973615885014915
74.67422194396585 33.28383695183232
128.50065693411017 19.594534832944994
140.16420231203833 -22.41731548381895
136.89756649609456 22.202181978486955
79.7072941560316 -0.10860549438737
142.7949154469036 9.717582788811052
100.00832990365232 21.981974184488386
83.0929585884855 20.194884031527582
131.14448231972597 9.976071357778189
96.10248205625614 14.085333584373608
110.71774308622544 25.115008513236905
114.64740662681172 4.651388289279963
119.27581447304685 26.105183590448522
93.25319498459196 -3.65261918261806
105.95891454909535 27.01568724928731
75.07940786820053 3.3735929758228655
39.33337969407695 45.42169874255397
91.69235232647982 122.57838270046284
117.49771574491051 -53.668448388739016
106.95790542060962 6.3417723030373025
124.71072656754035 117.80907503464842
132.9572377963498 1.0796790693947174
109.68728490948152 11.441151834340365
104.72504916815384 -74.76525348900392
84.0761966936145 37.29950312155361
132.91297578870828 62.98025016559578
118.9618116662217 1.8126121593851412
145.20728066888339 44.50692319605098
123.4369345780043 16.065703381152893
77.34912723413001 -33.88152722609252
167.79434914549194 -4.2033531959336585
110.10189604235526 24.75633461475377
103.91951108712432 4.792864087233712
108.14505340187303 1.1116148234245338
109.7364930928773 101.45843015177367
128.75963215424886 13.234189115584687
82.01673345491267 6.119206584826449
103.5808099486943 27.16180129185438
109.88985250954403 26.945599568210596
77.0836785211779 55.121016795050174
143.48499511379717 -1.6845704230519005
107.82528897509818 84.97894931766092
148.5651828325991 63.96714719560243
145.04874065990438 50.44850218707295
109.18374111594852 92.71603419551965
114.59708112367491 15.19151490738653
117.89649596623688 -8.656769345295876
104.80357506582509 -21.803656804721083
62.911685623062986 7.221332315928709
102.30642369654248 10.127804665542936
150.18097180720383 82.60148914219846
106.82652627207588 1.7746423869818295
122.65180928514738 19.918950844154324
111.07296807751872 -11.497518719438373
93.3657487991027 16.218090441003067
93.70650137822668 221.9229677103489
119.93517836127435 -15.736687668660345
98.83597762372592 -121.26338244646819
112.21151052635938 58.34961758267786
119.54330588647771 113.27120057526054
100.82775103198428 47.24819261885724
131.30565547683926 72.57921219412485
116.59666905618396 2.2581688054314055
105.33935218312071 69.31560207707729
129.70010354130713 -4.6008885781304
82.84257939585804 -23.103822127900557
133.97585090713295 20.12316091097957
91.8994967959822 7.263905291215437
102.54240249764186 8.191069944331817
131.0322493106856 28.769806497273475
166.6992737702059 23.455467201817882
164.1832008187527 -32.63496248323942
97.43096681608122 -21.058518898573485
121.17195443016561 19.05771366261297
109.4829121074929 14.738763076384782
133.99023556022945 25.24488058427126
125.36198104431391 5.382030541745311
94.79925577283535 23.135480228688223
109.07299016041138 109.96247764879104
154.2212666599172 63.95613857527571
116.76020348789532 18.643646956873983
95.59678452486722 91.85850590072468
103.08657705007298 18.183761026707096
103.82286648205623 5.668763547755562
128.45529130879123 158.42492651643002
109.32795290068704 -34.87025730957916
125.35997405475484 12.75673177131574
141.27061211488677 109.28702140811534
108.4179374787972 34.265815450550946
106.47139565386749 19.696993524210235
97.0799720007628 21.1926224536935
133.358472189967 33.92319912152931
101.65069621887996 22.70698985273934
112.68867023435658 19.49882250402681
122.67997575615004 77.39187674086976
114.22628317319658 28.230256337290957
100.07528096124211 7.862080487238217
116.83078010942546 22.062035455601727
161.25910723163017 88.56855092098877
138.138525050042 16.24952238840402
103.22974243663735 20.59232821091623
97.7669281651363 78.82224629573398
115.89566627141039 14.717759721456401
102.5922904718882 -44.14634107479878
126.5695118278295 25.418629767340036
102.45610864810538 80.5212540738246
122.40220299041847 18.45355642157253
109.23342811314305 -8.982784097569699
100.97588722117594 -30.406253698689806
49.95385122780252 34.41338873350091
66.35543062850829 32.80276902224896
113.19404739606023 22.677387976415893
85.64376007873499 -6.066955020219652
111.25630662018024 4.822023789294623
76.55840168235608 68.16312980904142
130.20946966310171 71.83393518143873
162.64701823609144 19.429196010953824
133.06492382036186 46.69202740462248
111.8466831070971 20.200077313870917
106.05993209172296 -49.222332209121646
136.61012418372334 44.89900309060556
99.38428012059825 11.049142308285226
43.1799068112971 14.746208389580074
125.89265218540159 12.926159431061281
29.892594937985585 92.84271391433926
128.22568046820462 -94.26832908883097
120.89974872711817 43.66455231210099
68.38734712375093 104.87660858290725
113.0374073099008 -9.643280213889202
107.38299191457828 -19.556631131764327
127.80857820761805 0.04462319587190722
115.02075550316816 -2.762639128140956
70.16616312016411 -18.379018569748165
148.19518525169408 37.03116249216433
89.3918761670104 141.7892771520171
126.74811350937843 91.5966342629319
100.5664089815585 -9.700019418273758
115.69364832447904 42.57064678100558
109.75273334642291 8.70408066214544
80.34837703774426 81.05063982184782
109.77785071950072 20.80415303255116
100.79232236167404 5.238207701910238
66.69037564820148 -10.72519890002435
138.52959091305564 19.669390390186315
107.07802079544021 -7.096526715076312
104.15880090121064 15.472961108595442
98.86153772754801 -1.8070831388165236
115.24338798929347 -180.54254524015673
93.53822945174248 1.7253424234493293
103.2839562243212 17.863522378146754
107.37246464194503 28.200882147925142
148.77743759604482 12.94568746643801
95.84628527962118 -2.8193087270390143
132.69441308095793 101.63012202549629
132.58859253165514 31.250611920084037
156.22382007916323 33.538108519607576
107.80208806819351 12.804239320697247
109.21446385754243 37.931785378674604
68.99918698581693 65.90191826216338
111.39747178314101 34.04429528713084
139.44130763546303 -1.1763014056685894
92.9763514406281 92.97065313122823
84.64224562016237 -0.0907374539396908
131.62092181954415 157.74670750840522
129.78152479006104 3.7302241455806255
106.70575345281381 3.812395421347437
94.69918328487569 1.0736691914436707
117.95302637601758 25.475857062703966
75.70893929314104 126.91319553611541
109.5147690769597 17.243540935894256
100.18937773296959 -23.242372242616764
116.44596099116004 -16.339797227496483
142.48483715205597 62.020877178535166
112.89833324317308 -20.660445383259614
103.90678956345154 24.645556267383142
95.65832712648836 23.588084404072838
121.71099727793549 25.018231772969017
103.1702974831937 7.179448248310852
54.98141224444557 42.52550319234881
90.9527855953437 117.22202164687843
126.9391280014567 23.310032425028467
102.16677325377039 -28.38350822764815
109.51041583973466 31.986116162257098
109.96938029371822 -10.39403765700209
82.09561140648505 53.546278017262885
97.71397756378651 89.46139046891675
109.70856608024327 27.61332229973791
47.85806383257401 -4.528045942198185
90.90298635420697 -13.815313944461959
116.65013700924311 40.30838124327694
108.568912472829 23.73406486661319
92.06833603326074 19.701870687622733
148.30317142796108 115.62247079628447
126.3672855322972 -52.6943541032803
97.13911837231127 3.5032922374426034
149.340005724755 69.71034376346954
95.05849514333228 35.92762092164932
88.58274373850494 38.21351660973734
91.51923507422967 50.89431641652996
95.92669266913074 -6.7689757173506
130.06709313360855 21.244852139095713
83.90272339814305 14.967362827081777
95.9488466967291 -2.738558213361987
101.72124999226173 -29.9320515957397
107.97093973417445 -49.58999695636647
118.85857512178013 8.121962500337629
104.6879449439585 20.626659418142832
112.94437621128459 4.202133066609803
139.5464776910752 72.81916390997827
95.78749573837113 94.20116460018681
112.2909730369757 67.18435366236889
125.15663258557694 28.941833020065026
126.10112213404251 10.288436559502891
149.43732727857486 21.1575899264946
132.97816730241087 -5.164485937309807
108.26233331543295 -61.45390362418482
135.8296599757926 76.46624636098932
81.10704986487518 60.321352006117
100.2341825827434 19.30808470654317
106.14318529501625 14.490194230254582
142.99469424291917 65.6565133568238
112.38385185653945 19.53467513412557
105.81113308651524 101.93296123307125
127.61096426844523 25.084396338024867
108.84751841552146 23.29647601949349
125.60794199867004 10.012616388529448
121.45776034108549 37.94203693133313
114.6091782091416 50.35507252557397
96.96589315079869 90.04023554071156
96.08622652266244 100.557908253448
83.59657578617738 15.653060054037779
78.1345693337188 61.901889950574976
117.68913292272195 22.803176212892993
110.0216916148968 4.132929392089829
97.39509281010636 28.97402614728313
114.21848406606968 28.494271615277448
116.21144492241099 -11.033438787276467
146.41948770186988 -2.0477521292312186
81.04086822867755 99.14776467699517
35.84471912054657 153.0076893549192
112.63766875404923 10.294124223899265
120.8673562365183 -4.074045991748147
107.71535757023194 9.810394961654138
104.63147613869332 -14.840006831595101
88.86731434342899 18.474054458856333
196.51657055385826 17.877278341432838
80.08511680209061 33.901219305632466
88.09117024314756 46.70874295983593
114.76437472403578 26.024539052005018
118.85254277780183 40.35787124989505
104.20557364534397 18.38282587374534
114.25820681893494 19.7124680556604
96.01723621294403 -1.2271473377526
94.12285176436527 8.68774568238033
129.22524616391357 17.81051555671311
140.13501916424673 10.164742961479167
114.11258512976465 30.10421472355125
83.97009577613666 -105.27092534307774
106.15081254549432 -9.869985512161023
109.84318855514049 30.163381390942593
123.1140710447786 29.797852148036878
102.30628095773707 24.32284603239113
100.18766802247916 -29.308869250205877
112.79952112647136 0.4379783025119448
110.84174564039753 19.29666583264103
94.73899574073691 21.760926323695045
105.033762070996 127.36488814535568
124.16270796035062 -14.606294897178193
136.4591756092768 -23.756996344265197
112.75468026795963 19.65069372142181
101.33618746134653 17.919491122504002
111.30541428301855 12.174470285550617
84.21244605364423 13.577927593844848
73.86688395566604 20.563706088754582
116.08167300872205 8.30613624876554
110.22611437897193 -8.470127945115202
109.55148765530626 41.586643583334535
117.78994405289276 -17.964872614615473
-0.6170877948782723 -14.170868264574565
147.17165676479212 68.3309445095037
109.05275896513585 -3.5949512234436547
131.13333353852624 33.644505790186294
108.73408902239275 23.579993459354192
101.91234997941591 52.90965131754351
