115.85098182235612 15.725431816930076
128.5446427514089 63.54025359190337
117.1004766122089 -70.89184046924426
103.77950797040953 100.56698622114764
88.1590288047616 -34.6541254211608
96.11172929169106 -27.033419723783794
116.80858576254411 -18.220502202219006
118.85766431293646 32.84411515148354
98.03859207105072 16.840456456264587
96.30929337534822 12.104152366284575
111.50769583890609 9.081634962787149
120.77511376280275 24.092193417985907
108.85943262820328 46.079598017170156
71.52200856846112 -5.135189871691518
73.31776632660407 70.97544488731937
62.33182956205814 28.421197775955857
100.23907785815314 -14.490514043748217
104.22443983793734 -2.3431118497600774
103.03758591892725 25.32390788879585
115.11305931047 110.92475249249208
82.59495590893417 33.975108817522866
85.02462820318046 -31.388268525654485
91.23567391418062 -12.798444655167849
114.93250271850239 31.147145195204327
121.49691124435978 -90.28603090605507
107.67123855728906 45.006270775949545
107.79914666705965 12.34128564170868
110.01998301538097 13.354869645429323
113.00625969023851 0.34328411725156016
107.09177322314419 8.030593320531766
96.50534129641726 2.0710868052041933
111.456952611537 17.581115826748253
139.10871570420986 -17.268559104062973
135.12596109966955 21.485158425265936
90.87386995520896 31.172494651790274
107.91136554831304 45.84340628408478
78.49363867558424 43.11647327952989
132.9836162184795 15.394505399864157
141.16720107269708 -42.403517513841834
122.84898729674036 19.504734557160383
89.9464343326185 3.341730035928882
142.7032754664021 8.033483250491392
114.2690289623085 46.21924463756421
88.05783727223886 20.28982939362441
134.14070901284555 8.776743400817736
104.14588209621988 37.15223926625558
113.23757546462755 13.001155830177492
115.42436365141428 12.901900588721803
120.33228418725685 17.65325525720398
106.27209121919445 -28.860366842764908
93.77842673801369 23.838354476399505
79.9261528855407 29.885473514324424
26.953931315476698 23.783366768717947
94.00935688519549 124.00680588813276
114.71390949324727 -26.64989082246679
106.64598373290085 8.462722603998385
119.93545689426507 146.2653516802398
135.11517834221496 1.551677394269232
104.02347273617428 11.52968822521762
111.14360124098822 -21.31038962096025
86.63484467598336 43.14071050396082
140.82040027213793 69.67574131547123
118.5066599296982 7.331040301809369
142.34051549667547 35.38383882682733
121.9742216489746 12.175472159018147
69.29455820657608 -34.293710955569075
179.22336607794162 -13.218821305023681
107.16528362578066 21.56560152074317
105.70429805823554 3.569168980474032
101.93588673804942 -5.449300390190372
105.83327433519315 81.61477131426253
130.80247135261544 12.460849280379973
85.15150809912805 3.8546322537803404
109.880453797903 15.730525142361213
110.09294197426136 9.297721205169724
77.81550456328407 55.0161321847328
145.18410464197424 -1.200848148300183
112.56804730779767 35.0822887780012
140.60703828374346 58.94970659762712
140.67355473876654 42.730345366848326
108.12350304579138 57.5816298061295
114.24589177744686 6.625387526648587
113.69502758524375 21.60624448926677
96.29041104078567 -26.00458092747582
59.59686472801682 -6.071109919942371
103.15556497715404 6.7122212654074795
145.94906908798347 69.88733841810476
105.08276518530434 3.7958886328761716
123.76099290009341 19.94069117756775
112.8822798343862 -4.679270796549206
88.73700077934268 12.310659399963214
97.9183126932854 189.12823675204652
109.05184139081317 12.25221178711153
94.80216399156939 -96.14028980776988
117.51289088341412 64.44224988988164
124.11533982191087 100.22941362499637
100.5648666186953 13.768570991460452
122.93306489523295 59.11999286216617
112.9004634964143 2.9551008706062563
111.4229655050875 68.24335262054808
129.30145061425475 -4.980988358871272
105.03282602292188 -7.630663638985065
157.99711063479748 19.772499744132162
97.70755106428108 16.21739620912184
105.30556258860666 18.838837355833167
128.67660086714838 23.214816110332343
147.36983686374256 22.689467931364593
145.54975846217718 -4.086387647035344
113.84405641052243 -3.6524753646026618
115.43031082433082 19.258046274962734
108.68517933796757 6.205919147077107
127.73342821871131 23.563318354441073
128.9634007041785 3.225442307384964
93.48858554980477 21.062201539262354
121.54577042846061 85.33343856943804
135.79499137556314 51.12741665553105
115.02209595352518 18.788902968964504
109.60092244576416 94.59667140596068
102.74819289789541 11.753844177403206
100.36863849609882 -0.49119349430572434
124.8113521359857 126.27592264216587
111.27564614353092 -63.867254643591416
121.4713521671521 12.505266208188129
125.98887348153507 103.73698256995647
93.91455592188069 32.293028646343835
99.07985359268793 19.215916316035546
89.48197235495535 21.586172781246027
147.63405237033777 28.699116807613056
94.62163898374975 18.46729420910768
107.95572172635366 21.55424681893154
122.96698826266206 80.5365619053955
110.12604145681192 25.504762403235855
98.25372671820487 4.133924020216479
110.42694448694792 25.51933728663515
149.32592778965716 98.70148620208116
132.95923505462434 17.673805243597855
96.65569535183229 34.383936994952066
97.01350234392639 80.31184164219988
117.6147496540581 14.416645825678366
102.81928468656274 -17.51607088187438
123.25343949976828 4.190007000197746
100.04232089025925 32.409523703597685
122.51388597231812 18.400817516422894
109.15880540129163 -4.044884013154697
99.27108641321581 -50.43696596429097
44.19414322781461 16.69335594228873
68.57223815398535 53.14934575737226
109.00088567881151 18.154396024397133
80.73174703318952 3.2098806322024522
109.48382447093098 -16.21506638549185
84.93905622598938 73.56195125304406
135.3506225205334 70.10336470632228
164.12263391544292 -17.886380166180977
138.8832064640836 31.30477382161042
122.5117002074015 18.267821015852522
107.9554765803345 -33.63057493614207
133.03502965776852 49.78436720784895
102.75490991925578 12.147657781437376
49.45921904270785 9.522037193523296
119.88224722328866 12.992774528341595
15.015149695177103 49.21266129052903
146.15472587351798 -98.05863724761156
110.15939036237197 54.50330735800281
65.68556124270178 37.093193219496165
100.18055059377363 -4.918530013576353
105.00359630431052 19.786563644522253
128.91130210395175 -2.326436579968289
113.06303219209967 8.164204723972748
67.69744760849929 -35.095165461194235
139.4918465737102 42.72902404708174
80.5768676041407 119.95300972066082
125.26922902522779 65.95550022959775
100.26503524249843 -26.291605940894325
114.63505959587869 36.638124962302086
109.7968959108631 0.18890029199342262
83.22371316731414 63.44481784497638
101.2179840350892 19.354954971937207
99.29221180132555 6.944294465445765
73.3927542516512 -5.10231880959935
139.00711638723038 19.932521572189085
110.22321513232417 -2.0482424849683474
101.34228695897751 13.826663494669068
97.8588166386515 -6.168141430472233
114.20980183944575 -145.16975534155264
93.2822073959461 2.87924414414236
106.00726947815782 12.76581881037336
99.30487108568694 20.221722648816602
141.6591827641006 10.980296880108504
98.89835702241415 -4.891856354073235
134.2773844815811 67.50390294757511
140.02446826033787 31.061571103821397
149.99451518798196 24.285755478850774
107.14537652725875 9.41448842021469
108.94070819630655 37.751478938559444
62.82773296237096 59.572628376570194
109.79518050017505 50.36962841626773
129.59667082337361 0.3774383749648233
87.65158859966343 59.776488959020455
88.3895685681595 -0.1895400278460338
119.77728136528454 135.2173400510747
129.7873952797514 4.702256033232174
95.81664163043317 3.6259459540163026
97.98657041540538 -3.937312475232042
113.41606035167831 22.0402079363691
84.61717801763183 107.85493792094724
108.72139220254031 14.239107970697596
89.58673786818916 0.4540049347234989
113.13123358004836 -12.432552378560565
131.58495878298208 85.0654745319891
113.72739671706536 -17.78733549103335
103.07922660892014 22.293530141831702
95.71126375397311 25.049996265234668
138.04258286663392 37.03962822787925
98.18245059417228 5.555004121767276
65.30992469413276 32.54948403835333
89.88541263866135 109.8333275584729
117.49572486299951 19.51573155182926
89.62018236418649 -29.076123187826575
109.72806684937325 26.131086361566663
108.60422115790625 -9.654631218525957
86.98858467691306 46.236259652275336
96.03156732126017 72.68382792335142
109.80184264995994 22.94491522920925
56.76259928039184 -8.873319861398304
91.85058987502683 -13.21734544559401
115.24163777431298 37.6616588527867
109.56036322186037 19.424893160624592
91.08010398665482 20.85253671695468
146.51651493986557 93.02436696476045
124.19846367629357 -53.110286885791695
95.5174892103609 -4.596135454073329
169.90250407928758 71.038260648174
102.41659244355036 27.929460214611378
86.37479581108572 78.59943009211929
105.26722009436992 36.39706210951492
97.45679346867992 -3.820672176633323
121.54492915085599 21.23441173069434
90.10791085096388 13.408140610717213
107.22451376396089 19.666658613397463
100.89678330645624 -21.40203403025417
108.64552324204837 -59.00479493158687
116.00034597665817 13.870560442274568
93.95267023990459 2.5016584607017256
116.90078437130009 4.956386993304548
142.87476347587196 68.08126244642499
94.48973298015555 76.18251159559706
111.3594558013907 57.61832985454615
114.00725053644805 23.162832792504595
122.7064884295985 0.30625429070691856
136.87110098831468 18.44259414988358
129.92761455373696 0.6550640541625841
107.42013826475865 -68.98463060569561
128.38727024297168 90.08530684964065
72.42407681603298 37.39413785556442
106.150873656329 19.31089094583269
104.92163572336285 13.43845742083652
133.05132636797288 73.66833714267615
100.64138889330106 19.10663986865596
105.01541819254977 82.40003792550031
122.1823841210442 21.86495209927277
108.136546373648 3.4392967834809625
117.18924130925633 -36.321203826026206
100.80272690245509 31.57874763828956
118.93406668069196 51.51531430863793
101.87551656982724 78.85219202111192
96.72940955548461 90.43243766271016
87.72179964459238 -11.948246670955726
77.83379109162787 49.38317252007721
117.40070156625451 21.388308890488712
110.05305085480437 0.32978741281365465
94.5211864992577 28.080230047257256
103.2377870336557 25.34780297081591
114.06102400742813 -20.130599625464264
135.80399751176668 -27.18163893141016
80.08288011128587 96.15498864990083
46.342633737685915 146.60198757117112
113.9804694219898 14.577404877758703
126.36085460087119 -3.3750062270562187
107.20337354205219 8.181339898121713
107.23294370660824 -8.980410243378113
82.54585143511773 12.94954795236058
155.60460255446617 8.59914071563536
70.3043335635862 14.35121281813266
96.38628507560341 42.898928975444235
113.32794954709628 26.313172460776812
114.46612182925958 44.450275936483756
105.83522865574714 18.236816155108837
121.58296775705067 20.157716605503342
99.21166789796622 20.39499104968657
98.9277987891845 9.923679683500437
141.53182470007718 20.40527501676161
131.9515869860078 9.681420138056204
111.66253714112524 55.81725098381178
87.2679209629391 -92.59611588551152
110.6709791712286 0.6414815154068769
109.84420215713187 27.140376411330458
118.58196187783822 24.078612980930266
93.85583782957764 28.186358512201355
92.83766012525795 -36.31695672128745
100.47175278381211 3.9505832913078898
114.09946058843343 18.77013946744181
90.12800916894977 23.104540850277694
104.38237927765404 105.73238739965798
126.82870763635 -27.56760299353435
125.84033654449824 -10.106857283659382
103.64285699143434 16.365790057822668
105.4457662798531 15.872367401023752
108.27316926544799 25.814424920331064
92.42379007975691 11.82398798770087
90.98497280611282 19.961811675788745
118.8495252812965 6.216647012754426
108.92138290439271 1.932723623668208
109.67984898356035 36.32857812957901
116.94413159672531 15.539238293740416
22.384371163425058 10.808687289833664
144.79300483500322 59.49420768436536
109.30631583582061 1.6673415695685392
114.41178873879882 33.22180441550901
116.1101322348024 17.97342166334106
103.60325796968264 47.842464437503445
