115.51911803636834 15.950302474552487
129.51655536879267 54.977561324548596
115.50362447947542 -63.37967227283687
103.57582801197763 102.85825759307743
87.62117504254307 -40.95399823954344
97.83901716372111 -38.03116369230196
116.50496454134232 -19.20505294144139
119.13220499985063 32.545200463607586
93.07175449111394 15.3156582139423
95.42319345712869 12.552193991095596
111.10961766694248 8.39705272442002
118.43379944882267 23.815416906636944
109.05778569652578 44.996539246114075
70.82798536656802 -13.157673078643205
72.06371190930578 70.2890884586951
64.78053018085261 30.119817369630738
101.64267195170993 -14.629814698674558
104.31574600338647 -1.581367092019853
102.6636946671525 30.33968411602671
113.4044296680988 109.75055302679498
82.49295897916076 33.641129384927375
85.51263218823007 -30.985950876107825
91.64465648871101 -13.289440659533168
114.91355431310447 14.345265243723755
122.13268516705298 -98.34866391473764
107.77177532360454 40.87165023397412
108.06516239633294 12.395692527761765
109.99666901025726 9.586476961918015
111.47996641932625 2.6577918224243495
107.09770277807446 10.795760779192785
97.59333991509398 4.918714073171974
111.20798165959447 16.855073780528492
140.2540787579703 -17.65317843955139
135.70803515724367 17.796905077727242
87.54658216762198 18.119324381757778
108.52764482887737 48.268541362321535
80.36756265650659 45.8186155444244
133.4123219736294 14.432461822451932
140.37550151797097 -45.072336039972505
118.96117158002103 18.79351487200361
92.97532338667985 6.775241171542944
141.9412561847753 9.30755672024344
117.83532805027829 51.9489673797576
89.78550469303838 20.29671646730479
134.4154114892168 8.655371468835616
106.3868305848474 43.88475538628654
113.80783950203039 10.054262014083747
115.49209100978028 15.239328269928189
120.19292535727269 15.515136182684687
109.74293853172502 -32.33483109602561
91.11372653274668 22.95863312407264
82.30535263173999 36.51224119725783
26.31104434833246 18.805148823061327
94.92317891248403 123.49604650634633
113.87507701359175 -18.45663812842909
106.62406336408112 9.227872958925374
118.3625190008045 152.28719218886806
134.90632359874033 2.0781307600471624
102.71099017184325 11.793816130900607
112.73599664566927 -4.701380766793466
88.03949207056478 45.05717885616079
142.21685215736292 71.50504853982625
118.24083118206163 8.9791975759227
141.0063046465692 34.44324674866931
121.27092956983762 11.318492694651171
68.38447358101268 -32.46823788557225
180.8828624836821 -14.674011556453884
106.4722771753824 20.673736000159302
106.2653416625197 3.5512896215756347
100.5991511543019 -6.3527659405890695
104.89546189050026 75.98163670028127
130.77650403632876 12.403214975939965
86.60508029226648 3.64469136302283
111.48640907654344 12.87227213601883
110.13743203983046 5.025557008367754
78.65322198900273 55.59686551965205
144.75883166795748 -0.690423888094454
113.71569317443702 23.368613917183417
137.83750121061016 58.35058085015753
138.82156131668242 40.054905426058106
107.90214788008605 49.441035036462395
114.01330730784004 4.825687895097736
112.55199468488972 30.07041681269949
94.36955063368262 -24.311170714242625
60.389853123647455 -8.836675409581918
103.50172918707663 6.07105741255372
143.87747031733366 66.51763901867285
104.82041949155935 4.728393250860234
123.65338694828164 19.931051217093486
113.28823346642763 -2.3764395808518186
87.99084713417297 11.455225575327713
99.23668768995434 179.00861747527836
106.33748536481215 19.604234118847373
94.0666146336254 -84.32323002951276
118.6237596755858 66.06117994167091
124.91277677681113 95.83353815993992
100.6728167992874 6.162829640508659
120.40468326067902 56.0213812379068
111.91406112022294 3.48607009042158
112.89935382570148 68.11984006371051
128.66746303027068 -4.552532245698647
109.65713843610459 -2.720610359177849
163.13022831939688 19.666930888321954
99.5115751723689 18.565553063610363
106.12166855407219 21.569159349336566
127.53370063602887 21.654819589203985
141.4948389492435 22.421129855424542
139.67819647854327 3.6914330249232723
117.94148355784878 1.6142146404228326
113.75025869766704 19.310239444865648
108.50504126105645 4.375288166352856
125.63710257585304 23.00811798972837
129.22185755731485 3.2001699668638874
93.49083389508321 20.504650656987646
124.48879153056683 78.65063617957198
130.35465452884156 48.970744779203116
114.43338710512282 18.835088305118177
113.19489627410942 94.54918927820624
102.80646979176532 10.254881403590929
99.80288166781999 -1.6727741631661552
123.51628102351327 117.91741476128077
111.74403019560646 -69.6791356624189
120.1328687257091 12.556204556906723
121.59212438086335 101.25173608985912
90.7296269829821 31.429335810375136
97.49095298053952 19.099830493215972
87.91018778649257 21.6327977643967
150.23027338342038 28.108199805067716
93.19004722521368 17.395243963859233
106.78305884319714 22.012033697586027
122.7520440368314 80.68087818436443
109.05287569552324 24.715479380628988
98.18557729208669 3.526114883518083
108.77691712574418 28.12496033351783
144.85157540068664 101.6387811740789
131.0449144182654 18.0830849330828
95.41124849968752 39.2499306444954
97.02860805554818 78.69866491735299
117.92923014799926 14.52516985789987
103.08273459922266 -9.877868973875309
122.02305393179442 0.4734094897646002
99.69805108120345 20.885201103060183
122.14870069510388 18.41381707890659
109.1570018853958 -2.193644823235915
99.08124528259414 -54.33981479018771
43.36875227166614 14.010377261923637
70.23653282799933 58.996699589300164
107.94393998886761 17.0266152980632
80.50091307644564 7.2089098248882015
109.03621749680117 -19.734021668804964
86.87306565083944 74.60950290156198
136.16865091857184 69.71039103829175
163.07733097048563 -25.46558623774407
139.8490521329637 27.490980300070806
124.99211193593683 17.800231442634878
108.4900330094181 -28.43186040932249
131.75203220111862 51.50344509131352
103.7807887859272 12.662977298819433
51.910311863548934 8.465080732820173
118.24469855149151 13.172687357102149
13.864133009107974 39.56465044475204
150.1352371190674 -94.09701390541257
107.41837604933525 57.67146595146515
65.87520363701357 20.063016360849335
97.11897147101755 -1.6712796797973217
104.51800478716801 31.45952833689237
128.84285380491676 -2.4382064777132273
112.47678283223031 11.309239872464916
68.19241114134134 -38.19582661461341
136.7004035479001 43.86275811097937
79.05553815178858 113.35491729936773
124.57752787353998 59.42973200126457
100.43274694596822 -28.010352044519266
114.25808745495041 34.73405836644465
109.80855446701227 -1.6066270253207193
84.66249496753449 59.23972242641787
99.24133752321123 18.987661488336933
99.18425315640297 7.568035743057898
76.25866416445099 -3.0546001165073653
138.2053384965866 19.982114046684725
111.01428956248114 -0.29417312557533104
100.84838815917755 13.523074242309038
97.87506117047867 -6.4425538291166236
113.83556444693075 -132.25533026084125
93.68583412645556 3.5043784797560025
106.8286689225225 11.609380639556598
97.52970511359463 18.15838635122482
139.26564536939233 11.70535938961989
99.93302167549076 -4.794657003408321
134.18799583279417 59.358776942694895
141.1899008794243 30.684937892289796
147.09676099332304 21.799296534112667
107.03425079581632 8.884466567317707
108.88495344375141 37.328939557479615
62.441285721377085 58.177721229027824
109.3917933874042 53.53403555594397
126.68842640929446 1.4277033171563278
86.66162564282435 51.655534175665395
89.85196768543179 0.3655527734965858
116.41467066954084 129.21548565819214
129.2306671567227 5.303935457413035
93.46312633907303 3.9518701594934944
99.25425218784947 -4.460674080804758
112.15978556232386 21.095448105391558
87.79137660322587 101.90869311775111
108.54036516963629 13.584739188423427
87.21004596822128 8.871741310477628
112.13826413243781 -10.805079091251526
128.14512954891973 91.05140686686077
113.83167049341799 -16.006555828285766
103.00884531771347 21.634269771535845
96.10709501291826 25.222756128281688
141.53983111116764 39.82007367748322
97.13224489349004 5.3841834310320635
68.05289247891768 29.724617231517385
89.97775761534987 107.17087420691914
114.87445553130061 18.551038542126424
86.9818256752596 -26.4768587443351
109.78579784220537 24.47291478225646
108.27589766295043 -8.722830509554566
88.63089031286107 45.33506506364697
95.88903701909425 67.83689823897741
109.82805429664626 21.645653266962146
60.38292180624169 -7.8749790983129735
92.42429516562035 -12.415610713401184
114.72943807511523 36.50744031666232
109.81601860711879 18.315649353189748
91.3247545501027 21.098098691258976
144.79363378138544 87.16404703440023
123.38293116967992 -51.1228917329442
95.4072543740055 -6.108341754628331
174.17000696714047 70.13738616202544
104.50704054438755 26.412484679209445
86.24716366307588 88.23291987064525
108.95165524520293 33.27171659967883
98.13360230714459 -2.466960980483334
118.9848008589105 21.183973953962063
92.21516831463205 13.134781345938697
110.22316894911329 26.228211705976126
100.8671724094769 -17.983385338948416
108.8288346681321 -59.54367733872998
115.20388023469788 15.470358365919852
91.67405759188378 -1.8050637708238764
117.74925170243802 5.458516119438913
142.86715091999935 66.76518859690094
94.43848132321287 70.05716022139418
111.0846304036583 53.69707213060584
111.07442753209446 21.536977454704093
121.51589537378626 -1.9076252777000593
132.82814836950084 17.76022752652211
128.4855170847019 2.622015222620187
107.25608751123308 -68.10139519313923
126.16153477004636 93.5220934456343
70.86740087399423 31.75305242164549
107.79967528816096 19.31282018864931
104.75091791853146 13.272677624918325
130.05633832105278 75.46258986549583
97.84758196950956 19.00306168959801
104.93512734154447 76.82149605681063
120.43054000398554 21.022207201695338
107.98656599762857 -1.2655714001952045
114.81418491284902 -45.73468280563706
95.80206405201915 29.575701350441488
119.80407121009641 52.30303154958109
103.38830887578347 74.1628098701924
97.30604737719476 87.50215345652153
89.35620098381078 -16.877389265175793
77.58632095141762 46.454818391271324
117.13643825587305 20.998081592612962
110.05121060604228 -0.27102989715230774
94.18154349778939 27.604721692706246
100.62893151791727 24.31850974889278
113.38691159075587 -21.789613818681527
132.54007079762928 -31.266183397364443
80.59536002681432 94.25865003835182
50.8297465886557 144.28313866948233
114.22129644734439 15.821707920913164
127.43364357350293 -2.856024021332085
107.13815476758471 8.014788403114224
107.95192019325971 -6.6021248901475325
81.91148734909251 11.69389185170382
143.92574168947286 6.500918875911809
69.07027597775655 10.958845537974405
98.76454170005886 43.104974015396536
112.85043951077598 27.395981590119497
113.18796258806088 44.95556586936247
106.35014022366506 18.237825334088512
123.18967624781331 20.254304191813315
100.2785226744348 26.797171290863744
100.36841020766394 10.44030615993394
143.97566444313892 21.034857194048467
129.19055062269194 9.682064740508629
111.00247226461231 62.29402801458803
88.70478657112825 -86.66501432376276
111.80688908391672 4.0549749398597825
109.84465260926206 26.13703610350626
117.16871334417255 22.490668099081372
92.1973643713709 28.92300997311278
91.26930063000327 -36.75291954504277
97.47509149726149 6.457768298089583
114.82471424509811 18.655145765586113
89.27772829973888 23.35594945869948
104.30265208375806 99.27598921735652
127.10250760020013 -29.753902109431444
122.68565218333178 -5.739151374530456
101.43163859965327 15.617546561927293
106.63654491710878 15.446599419089548
107.52944770038582 29.19555041210141
94.98612358685418 11.522922313751378
95.74901404704033 19.792928929565413
119.43012263191308 6.021762753473424
108.60514149346601 5.075900749174618
109.71390163011381 34.59474200279679
116.51335340225575 25.19969635023491
29.567344923728655 18.724624956260307
143.40095278164986 57.40387988113691
109.3895653460015 3.6048657883077584
110.10296760142433 32.682722502104255
117.86583266201005 16.57358977546128
104.22288862165864 45.602479155670174
