115.09492194321808 16.203786255439418
130.32199515822245 46.79881111196508
113.85489292527515 -54.362086497185615
103.41696638883862 103.96351297619877
87.19687059167472 -46.58438521614109
99.57892051214822 -48.455215322578496
116.07001342657722 -19.89768323248665
119.30688102000164 32.10889713526365
88.23060528925025 13.828226334627727
94.63365608613611 13.068366131954194
110.70251933219136 7.854959803734292
116.06361415785227 23.492551076486485
109.26454715339682 43.82315478351631
70.45567506167538 -20.471838256992413
71.23013769307178 69.1881723633311
67.87604474915547 31.724339699574596
103.11566155089305 -14.500923941516113
104.48451434912643 -0.7174468117187208
102.37505743007851 35.68528738971092
111.66650133034405 108.24753591502927
82.72211065895367 33.12861923753421
86.12453566223869 -29.996276711485244
92.26814222019773 -13.579227070148495
114.81964368606388 -2.388827311934751
122.67488774145656 -105.8500190038397
107.89942097416416 36.44420516939675
108.34561121097205 12.515187267125466
109.97189629095338 5.893523203968414
109.93966458716272 5.2310793035503025
107.12882248727371 13.637288522164816
98.76676278199281 8.160230330175974
110.95040410073608 16.137237644963655
141.0744637602302 -17.463772550419232
136.02695602218787 14.124126078616014
84.39915839939181 5.900216477153007
109.16052101788657 50.49701291754404
82.60725610922302 48.74983983828656
133.7656235222836 13.55374027086992
139.1630902257675 -46.409055121834314
114.95594620543565 18.085820796932403
96.12014497877497 11.024425885997939
140.88073137423402 11.458441457839836
121.30974087889632 57.3779329335094
91.74389645663923 20.293240639126868
134.47889723295967 8.656863614944402
108.6658014304121 51.054784016305256
114.35169082694411 7.149039070228178
115.54168959280646 17.645508398416393
119.89587012121386 13.420091230414526
113.21937268657199 -35.435783226864174
88.5646662009621 22.023790036525973
85.09341289868438 42.977182759570134
26.75588311482774 14.796055106745772
96.07629284208942 122.17012279421432
113.00028367604732 -9.839967537714804
106.62434244871656 10.057833232344642
116.66394448698145 157.87893418272864
134.41513311851844 2.7931676068103313
101.49285314663027 12.160118133165431
114.31576014398327 12.638960644125415
89.73224500398496 47.04630196319035
143.4391460678685 73.21591877973705
117.8673670139126 10.753587192459305
139.54598627675497 33.80975076692444
120.4465016973223 10.559816152878275
68.09752190270994 -30.270680335619442
182.17361272664797 -15.832927976416725
105.78566600245028 19.771028783899865
106.84492749127378 3.734365580732142
99.3625432511086 -6.90150333453672
104.02109994343095 70.54693084566276
130.63904999872204 12.393451997022524
88.31934300065811 3.6833243934815765
113.08713744883343 10.031311412642356
110.17917545895489 0.8219873445519772
79.64817393770319 56.33629622861203
144.0085890886693 0.13030787865049975
114.83466350644161 12.071755205582985
134.5592313181585 57.7245185304113
136.8123529737999 37.08069007938262
107.68331706401831 41.36837973398771
113.73037941380792 3.1541103511267106
111.37189699668143 38.86923970458257
92.59320834626276 -21.90968526919833
61.68148568014921 -11.148200026751077
103.92162661544553 5.604678046381617
141.4759060773132 63.07872763885748
104.61296357128042 5.690628790106048
123.44624536778151 19.913841291832338
113.67302523502188 0.278878692507853
87.36196995006568 10.649356739480835
100.70317931348421 167.9129590687797
103.65138469559663 26.935036223546415
93.4727997135302 -70.88260923625198
119.7065966911381 67.38029453211854
125.65971886148544 91.21736091179487
100.85964710686946 -1.147041616911002
117.7149149175685 52.761489021439964
110.90678836213259 4.244889218257784
114.33708729350973 67.99969567664341
127.97126297692898 -3.8700408459074804
114.12035549761922 2.4003189337899586
167.66685605067298 19.55814807068408
101.39192652929489 20.913565242162612
106.98894770595352 24.27756393862466
126.22048836297901 20.064349612371224
135.22734385343625 22.11720653710324
133.32886940087474 11.66663079412644
121.96463764816838 6.980338031144898
112.04569023043473 19.362458615157646
108.32863975793401 2.7115992970199443
123.35667944720126 22.425665803207977
129.2063494723456 3.292666424682726
93.62870951762797 19.9357008979424
127.21887792872455 71.86559926267998
124.56868069727335 47.11039118301815
113.79316480278865 18.889036211968385
116.77096096138037 94.46663755647492
102.93421366145368 8.833620167856775
99.31754342989584 -2.7468680121820324
122.01033258769402 109.57777894441074
112.1907800299434 -74.59159406554237
118.68956569382176 12.683312772982546
117.04016184865999 98.72625092076635
87.84464457767292 30.420438224407125
95.9889058404934 18.991662360128625
86.7531369386177 21.675244983642454
152.38563037501626 27.512126804926954
91.82501229015422 16.34854146339292
105.63337802667421 22.43702322954404
122.34783241087183 80.87118933163386
107.98926059444716 23.87824170931658
98.22516679326071 2.983903168033639
107.12949156940411 31.267265747992262
140.0324202687599 104.75559559918955
128.94566337862727 18.505625580402373
94.36997771548756 43.97914469092416
97.19410907211028 76.38578882140776
118.1255935342538 14.669376192312479
103.40985194679327 -1.8701037966207998
120.66997368929488 -2.073177372686513
99.43752092469336 9.754359120536192
121.56118239427684 18.43735466997286
109.16158655449686 -0.03893510305572612
98.97469600881085 -58.114263644763355
42.89629015737681 12.445407578823643
72.0459459756869 64.8214639638364
106.88887687057924 15.91712546787743
80.52334643262981 12.150750499266
108.59716927528228 -22.603575646340072
88.72958053411753 75.85159003551225
136.67592062928512 68.9844196113921
161.86923972613025 -31.55674303091051
140.47994184550674 24.04921858558427
127.35445861467328 17.35624754840013
109.02934309623924 -22.792198135722508
130.3433386689905 53.52888644416457
104.87730231587466 13.27757122254752
54.66126644121821 7.565464647285181
116.5018330019573 13.41666393742447
13.357370549828184 30.90132089026692
153.8223938990677 -87.55282738004118
104.71176262373697 61.27808917068687
66.86726910620295 3.911443144900428
94.25101590466917 2.0535963675235367
104.09264357938764 43.83442017847755
128.60040812498733 -2.4253501215871944
111.8762837523746 14.564374516542616
68.78712736611993 -40.992637525120955
133.58081350059027 44.74723672050067
77.92985997909906 106.63237209714566
123.64769145050124 53.3755995821585
100.75252904493456 -28.606594543991093
113.8393185868168 32.645910472364314
109.82026549151499 -3.253181795411871
86.35631743668573 55.358971446690475
97.28956112305389 18.62122388230004
99.22069770059682 8.317590092308523
79.39565797817257 -0.6830003352147669
137.22549947368867 20.025913862040177
111.78435419779215 1.7256237264604868
100.48845350107877 13.325544184439675
98.0235509301429 -6.531354203831807
113.43878008225066 -117.55899426716236
94.21242124244066 4.347701817403884
107.67029814997504 10.550215266343091
95.7952122651353 16.11298845135547
136.50629312423894 12.46240803190954
101.02083615569086 -4.548809955263654
133.85643337733472 51.24796191463587
141.99805012952942 30.137430756372712
143.90027436642316 19.285317571112447
106.94686051255538 8.499338940215827
108.83786275709319 36.60647549978666
62.72774644692192 57.1178756668091
108.99316649932021 56.31276299572451
123.70587356693645 2.700090086016615
85.91853422593424 43.982302611116545
91.48834711086998 1.1574093616813819
112.95805893649508 123.12500396940874
128.48130038518158 6.098962377340976
91.35474905036381 4.416870185223845
100.59319824075213 -4.791767265567412
110.88754250852277 20.125822013717563
91.10437719151247 95.17473830878457
108.36543105421859 12.996798487803861
84.93766832592202 17.82789990514896
111.12694839069461 -8.798373419072734
124.48336124247379 97.12436482714534
113.90043953695383 -14.016803599838955
103.01397098503378 20.947803356608716
96.62971549936216 25.298876430347647
144.6742232143886 42.4582136740044
96.12301632626226 5.377613025549634
70.7772321811206 26.732640979877154
90.39857115167143 104.53445003991847
112.24125321817496 17.591810537975615
84.5338772915863 -22.435023157685208
109.84375108458322 22.781599355040377
107.96194083307041 -7.485432844308823
90.36376685691525 44.91326793319274
95.81105036335869 62.97552422631594
109.85466931275492 20.317649353320245
64.27471671087173 -6.186049467492263
93.21843692013348 -11.029725278207852
114.16532892836726 35.22246618479517
110.07139597583925 17.222592491643667
91.82276727462683 21.333645441682798
142.74404202680776 80.91942506901933
122.49566750219125 -47.51114375780179
95.47383531903579 -7.282954268265424
178.23993554003545 68.50593414589804
106.65974855857431 25.197105746306338
86.3510535631199 97.33131787328259
112.64095132998938 30.629105029960357
98.90802041821857 -0.7987420506041254
116.31823793116875 21.12499607080002
94.52804520482547 12.931566584321823
113.21907414244934 33.70275877094518
100.92973132504177 -14.394631209235769
109.01872403573145 -59.34520972222037
114.38261627605915 17.119610357206597
89.62226556827225 -5.9112236041501625
118.44125560924964 5.988939434007145
142.80567902427194 65.82141525173166
94.5959529817055 63.275638201685446
110.79231273398159 49.34642618881138
108.13550227934688 19.88840261962196
120.19441873117212 -3.821606771367313
128.51533441351214 17.092463518263006
126.93180163458368 4.670021860122119
107.12895145665826 -66.70803645271147
123.73980816399077 96.899699262384
69.74268090330064 26.918380115976355
109.46790135908617 19.31546177749127
104.61208078766295 13.167255109357107
126.84714447900302 76.86367113139673
95.12537557370506 18.906734881086447
104.88422934729634 71.23438168417402
118.53663745899343 20.16210143454031
107.85174469047416 -5.720415958626434
112.39403697856869 -54.00751793260805
90.97644544982484 27.39644416437316
120.63665502987841 53.162287724781464
104.9509300064368 69.05983719521913
97.98634899996917 84.79563684884884
91.0274018305588 -20.59984256160836
77.4016475142594 43.54945775786942
116.82694392872709 20.5989851080612
110.04822519327499 -0.7024869908160207
94.05855121261018 27.054752071783152
98.10477216194698 23.24269267135744
112.64767165425528 -22.87342233358882
129.26766341747867 -33.709882949431005
81.19973876222242 91.79474294159223
55.96240916437443 141.90622886047066
114.43194986684757 17.097120807137255
128.33067931799306 -2.089355083540431
107.08251517290397 7.892337769283311
108.67553699323022 -3.9212615374866724
81.369612241931 10.557230541912958
132.05891958319566 4.507450439605266
67.88593490619282 8.363861920509244
101.2717380203658 43.52276576634608
112.34923298487094 29.318908750079842
111.86425424784588 45.258053001655654
106.89741126228553 18.242582105372705
124.68436579692009 20.33492878344045
101.48556736643317 33.99730090669514
101.90280713502023 10.988567748617037
146.00685108214932 21.642512227913993
126.23386937825289 9.753515675865193
110.32488473375187 69.08233880948993
90.32430310441565 -78.79351617889876
112.93029516913765 7.566782722006225
109.84514048934795 25.101444232216554
115.7143082997803 20.87169821298755
90.69503954847812 29.573685692430622
89.97645912828726 -36.82247727189132
94.63076805483395 9.634489898153358
115.48118942301494 18.546974293423627
88.63229556628826 23.596540476432757
104.30019849306727 92.76263330551419
127.11789699864758 -31.701068902881097
119.35768800827198 -1.0435173973649459
99.30468902674626 14.9235079892666
107.8586826656268 15.089788003580779
106.80187700287355 32.42635009498927
97.73956028035097 11.24158526235402
100.58009812398903 19.620787925102324
119.86272414319959 6.046900136989781
108.29452130975979 8.343977024771723
109.7485808611988 32.715806370831814
115.97524604182712 34.941483906593625
36.75281852105467 27.010199718807705
141.5391283320993 55.26536964827676
109.47582922568198 5.66905977382725
105.79486194054775 32.03365092852786
119.56518200125967 15.205302976265374
104.90839815115112 43.239503251008074
