114.11526298890497 16.779771904359134
131.2757638855526 31.439723159303732
110.42824226166857 -31.445155244196414
103.41293677286401 104.48115683888769
86.56790964012309 -55.26846927306582
103.44287025092166 -65.06259521328187
114.99165676116881 -20.82938625087334
119.23235763550323 30.70849539064567
79.18143517289344 11.043525586354999
93.42089274136498 14.236723151555172
109.88004049306606 7.158997787000646
111.1162355480195 22.792552087857935
109.69537566270965 40.852296335986104
70.86817912534426 -31.877318444511936
70.6356693036826 65.24070041771292
75.42782978427545 34.42029851855076
106.15504797523458 -13.386133886867777
104.98840921050592 1.7163215429516883
102.02175152846651 46.91885385006555
108.14979430335444 103.62485894885226
84.03989525613304 31.671855643294982
88.47318889948055 -27.2098099401933
93.89640615337335 -13.073201767187944
114.57115672466529 -34.75996543922702
123.47640980481229 -115.77245142797317
108.21900229473532 27.030799984339517
108.92775546133119 12.987821928979164
109.91986824083152 -1.1126730295453755
106.86467025124145 10.675797043291254
107.25835817302683 19.437569659975523
101.40127032736666 17.147878621145598
110.39684371203752 14.822264589890203
141.91156678639402 -14.673563411878572
135.83629259216346 7.003504131743771
78.56379758905659 -17.03292044599588
110.43487555481093 54.52773803822455
87.74418699008035 55.91004177772698
133.72570017273765 11.989470019625607
135.8677543704394 -46.279616476942394
106.84211119776973 16.718016892601938
102.85667271929309 22.108766125785152
138.32557426373486 18.66864401308046
127.8649870190243 67.47830757538439
96.24203350277381 20.258616707604386
133.98364805440121 9.09627345352146
113.2234813468901 66.49369339894625
115.29037591948169 1.762807410570706
115.43252982618057 22.522250725960667
119.10570550952283 9.435994263805537
120.08537693678232 -39.161035402152564
84.29086972835867 20.073454894317894
91.51369830103553 55.51242677258865
29.760572415760674 8.784001518429307
98.95334940939577 118.17090992787088
111.13318991751272 8.185459934815945
106.6560487754149 12.015471444779376
113.12594743736103 168.23237684722574
133.02149277681727 4.758572189449703
99.46672339097974 13.13840232977463
117.27537111267449 48.21807857749118
93.83237251548427 52.194198824713276
145.08867557728846 76.75648918919354
116.76606461027741 14.58815370728997
135.6957637324168 32.957147085381486
118.34419397312078 9.28826627062219
68.64264436328683 -24.597520230838185
183.20183043171554 -17.05763405786262
104.56327922151308 17.961054663295023
108.09128582399049 4.634986008628422
97.25229409063631 -7.079775842568535
102.3465528869854 59.889959708082785
129.42084452092342 12.591736667547877
92.36846874073373 4.374483999237043
116.17970344005832 4.6107956558374585
110.25483945255549 -7.294403975825963
82.62736469448834 58.58387439429922
141.64876542093054 2.1003741724268243
116.94101305528459 -8.766384988814126
127.41067530878878 57.677835060777284
131.90755024627256 30.8623857516584
107.34370463941805 27.02851207566739
113.08439351405426 0.1564089809105882
108.99665432286973 57.05817921834954
89.43894341913486 -14.487213522416859
65.94953604805261 -14.542976567977973
104.86329483314076 4.994971305314778
136.0875062350931 56.9884615858428
104.32109824954775 8.102665459807664
122.81865862612328 19.86392802611631
114.36344625219417 6.253377377109702
86.70187617401574 9.32666766169008
103.80558689169885 144.20941713080487
98.46700802984465 41.27977382645899
93.09653415995295 -41.830852468158824
121.56489203688608 69.90269124376901
126.66398322900827 80.66177291551857
101.52737927884297 -12.934780014218862
112.17592124756243 46.94157227809981
108.87345146301026 6.175461190600661
117.01972393413412 67.42427596793235
125.86996319911731 -1.9661311856645998
120.58475247158 13.30036330698098
174.15202243868598 19.328810831713756
105.503741974426 25.483905263093206
108.79654554382574 29.532159098962236
123.0286586224676 16.89010085201588
122.31342090734633 21.380147820120598
120.26638407150007 27.800046228718433
129.56190826281698 18.11228320859933
108.57456595483814 19.464436723838155
108.01717132903956 -0.04411224603231556
118.59508796173169 21.212904073781925
128.68421624781843 4.046044675312797
94.25824016697851 18.78610535926104
132.25345806229677 57.97445865091264
112.55949369809854 43.96101812476119
112.43195538335584 19.0251404309231
123.53030770985846 93.33687502736484
103.46591420349498 6.3226222746371405
98.58029111146075 -4.128482337829726
118.53808699534515 92.64147872307046
113.03013033120766 -81.36002565076325
115.54395500527501 13.130417777694653
107.83017323193894 93.44292154802471
82.8503634728835 28.11551025671728
93.40954717707189 18.798194934082748
85.50537481442043 21.702853842499653
155.15988916648794 27.072537746417055
89.70083644433187 14.339373677288322
103.43141588619538 23.228273387749315
121.0353569343972 80.13336751975122
105.9530211353187 22.076569815254427
98.73580665390863 2.2960296753386444
103.9151242779439 38.5299272929011
129.26306312457228 111.27954064471324
124.20997777394817 19.38683178930444
92.74986092432762 53.79913490411748
98.05604493052842 70.04622529588079
118.16806094401991 15.065702529371784
104.2790917633154 14.606277656445464
117.72830416893954 -5.954603697196182
99.21298206882572 -11.209445502291546
119.90461815858545 18.526518364656525
109.18749605533498 4.893551190455455
99.21094201113962 -65.23165356224914
42.76282730584861 10.536862595111666
76.12215849759197 76.69291020390153
104.91902434862219 13.827907965293964
81.20095434490158 22.684207265466732
107.75308725298144 -25.125185623277453
91.8746734741534 78.15124046638377
136.55209107038388 67.73151498727908
157.70060290981303 -39.84584314599196
140.96628112233222 18.683825970058432
131.8729997541075 16.542318397142054
110.12876951897935 -9.947039236965974
126.97507428700848 58.13006214377221
107.21513926669796 14.71191741307572
62.37347614704667 6.121919181499801
112.9129230481839 14.145941218448192
16.294597367822934 15.50461354976674
159.74299308365758 -69.20005909688223
99.4787037748728 68.6579340667019
70.4650163975726 -27.09367437694001
88.87573603205139 11.699660879728103
103.5244365746242 69.63639954455907
127.42294400306298 -2.0227443644983945
110.61910914195994 21.189215128002626
71.55037337228244 -44.96896041475601
126.80543101755711 45.890622479991265
76.86029577492326 92.65289953056298
121.49934162229334 41.150598041919224
101.82772559872781 -26.37242340750731
112.89678959576615 28.010996512122194
109.84276071096407 -5.698269924097582
90.62621828961841 47.7040208642771
93.84292931644454 17.912373882082957
99.66225974296637 10.13722147475112
86.79327542471931 4.742865242704015
134.43547588898872 20.09781399054225
113.25045514896314 6.362965814606223
100.08285110600146 13.14329152091815
98.74082500752807 -5.889287047919314
112.55659117891689 -85.94663672495246
95.77128179740001 6.555876781067347
109.4376856973847 8.89317559947287
92.67905280517611 12.13054266552231
130.43306112595215 14.62545647689052
103.32286495645577 -3.597413398728384
132.6698587636284 35.55659340808476
142.75298307745825 28.675450338813192
135.84011887748574 14.272545265055108
106.85188832467718 8.156489721873012
108.77595099392148 34.736957098201586
64.52422014511178 54.92546922473121
108.22326477977339 60.7747063392406
117.3280485011372 5.509444933402589
85.0973780244578 29.575102365348062
94.94152021004912 2.9743810569333977
106.01827952107969 110.81826583168602
126.2188751467589 8.27557932930274
87.84701537767073 5.913626680738745
103.60957130772027 -4.456348252102545
108.32109951090287 18.16263388123657
98.30480080970062 81.15957121052139
108.03693269229791 12.012403867835708
80.98712942278527 36.567491752449094
109.05892273707612 -4.420810622805102
116.6513293703646 109.63811851180787
113.90857872378562 -9.326993498635929
103.1875419612832 19.547067822822502
98.19967007219805 25.25884080846105
150.00398050366934 46.91232111066279
94.63788276923404 5.837111338837936
76.59820840524907 20.525767063356206
92.1279151725171 98.1500707174346
106.94800893845797 15.764795602328341
80.53980034626888 -13.143016228605513
109.95762776055922 19.284175358560617
107.3940332627336 -4.459485364122258
94.82775282971564 44.61220609296547
95.99941121226932 52.99284028913723
109.90850701818798 17.64560662966224
73.66632693776754 1.0765240867460482
94.90843506517695 -7.555431991828115
112.93769182246787 32.32232080512651
110.57037518714495 15.097501597475505
93.11147301358851 21.723954576576514
137.72146325933187 68.39281234668171
120.49582228866684 -37.01442321762554
96.01491945451144 -8.866995821732278
183.72252635367187 64.8809487236223
111.05697229703229 24.67247783815319
87.22348299507243 115.3370021572064
119.85750501008918 25.479273686404465
100.71645008717142 2.9660567444478065
110.82043368729654 20.954060032370716
99.43527929559224 12.644087816500619
119.0616358260198 50.74799684620443
101.37254639988372 -6.338091763118713
109.40626867091856 -57.174429242741965
112.67233969757726 20.449990187061562
86.32173871638675 -12.97933418922301
119.59614290924249 7.389110805926547
141.96260799815843 63.94120525903352
95.25672712397493 48.86942246700272
110.17250876162268 39.68724377103281
102.36961286387691 16.58374685091458
117.2842385080012 -6.905815151168459
119.51937527652893 15.80193391794661
123.38883852328347 9.240099389735436
106.93385414431783 -60.32272615945183
118.41228076335935 103.31809114192919
68.77185691015347 18.46507654853155
112.79861122765048 19.320870794678658
104.4605346320844 13.188231944650871
119.72676117171261 78.98373518806278
90.38129827734869 18.727834349130028
104.9265689275335 60.22493445370012
114.55653944524335 18.424772704643473
107.65906979241483 -13.834167634548496
107.49867557482202 -67.52204604045524
81.99163237793607 22.848409890994887
121.88172976268825 56.14610081410936
108.20550107103855 57.657967006320746
99.598794486602 78.67630848851014
94.73181983393 -25.480495103274382
76.56527868804697 38.17127218207395
115.97943620190136 19.775132360759848
110.03608814863568 -0.895642683769639
94.4393427859188 25.761719533435766
93.41824665629439 20.953301048867502
111.11171316347385 -23.246411650410135
122.03277869079666 -36.82230833987018
83.18231594841383 86.04882718185686
68.28904366148541 136.52474398094517
114.76044969236123 19.72551992070961
129.4986580870808 0.2245138866752192
107.03631476843823 8.17660267031089
110.16109641310521 2.4086319391634587
81.53311601084442 8.376209790682392
107.71960871694866 0.903467469362776
66.52683400798726 4.833612457498637
106.56245167456703 44.13186293273253
111.26168335850114 35.05616187285723
109.15179202178763 45.617992379946266
108.02686602290623 18.28871069590012
127.36900402979916 20.468249926629316
103.99640082850946 49.89044368195183
105.08903525316965 12.34435648567034
148.96071784634958 22.782008967083787
119.67774880429896 10.178636976108871
108.9524354930129 83.21851628280591
94.24208849514763 -60.184755165094074
115.01427385217778 14.91642514295639
109.84623096639895 22.86347821888011
112.64100807667486 17.604750497074434
88.20770055999351 30.4820870868631
88.12060040928954 -35.04187647798362
89.53148182786555 17.407509747280933
116.5517435838801 18.36718164703714
87.72669772992262 23.9771476429199
104.54299103658546 79.16754408975711
126.56894417720324 -33.53349875788271
112.3887110966633 9.065932941505984
95.24398872462154 13.601878950772003
110.36913147853117 14.488227145060801
105.36763280123695 38.57649228763313
103.61873222629123 10.888609865957777
110.45329749510668 19.269123386933565
120.60392043164117 6.27824365276779
107.68703958163103 15.199878117269597
109.81337538924791 28.540233194339397
114.67774577263131 56.4350859670593
52.38995614482494 45.08499786276327
136.62747736669604 51.35450785978311
109.65832251110376 10.330606983950723
97.37413858432052 30.469931849977446
122.51376744525541 12.653841041741911
106.48326191135055 37.88794552010151
