112.26718026313863 17.827762836942828
131.20622990735978 12.475389443918827
105.30099742845871 10.077024397499208
103.94175534512281 101.38735271791995
87.12491582189922 -61.62977975114825
109.52838045832361 -75.65144872945804
113.12022081179313 -20.07249547331114
118.12678140032757 27.784902781738555
67.74187041970279 7.477008927545281
93.16872970793733 16.442322335954902
108.69464521854513 6.937105853565558
103.64757735009208 21.52751470163254
110.34874990844251 34.830127434913656
74.0342519676244 -39.344393528814535
73.48538607513414 54.736873617217256
88.6130473898506 37.517044264366085
110.85948461423429 -8.783909348995229
106.27350197202982 6.63180889896864
102.1441738218369 65.3590529827526
103.00578656227538 94.0853614130111
87.88964341057421 28.629296435627815
93.9654308355279 -19.347588469185748
97.56346755169001 -9.964112548218374
113.916105163987 -79.35498493085423
123.68094232498218 -118.97861603118352
108.84529753694146 12.552497130143951
109.83916560946 14.239121206906953
109.840627208134 -9.564897655889697
102.38422426987701 19.256528722857027
107.68123482035799 28.025849931363034
105.72422822113839 32.43117335908289
109.52675449046271 13.225639325428997
141.08616027459612 -1.748373624247308
133.7255197229926 -2.610633521772932
72.31296598153155 -43.152185116030694
112.27141985177285 58.55603461367217
96.71711778794295 67.56481531354783
131.74798017461816 10.367014806205228
128.7984196006953 -40.080933947147926
94.97438408099872 14.909422783872651
113.27728985583353 41.54747355633272
133.11087742893878 32.44464792001578
136.03415969178792 79.93079017056733
103.71605203627199 20.128318069989746
131.220295129331 10.214550732496955
119.76529931788995 90.88114154877191
116.24726765946153 -4.829855276983599
114.77324382938663 29.552613213573867
117.20316262239798 4.472831048225652
129.53333573861119 -34.08876435287231
80.12017051123468 17.105802826259538
102.6423259422157 71.93701570748487
38.95545313547407 3.5122613526115227
104.04288010056234 107.85726501672417
108.26992447066557 35.65341297984014
106.88143252323486 15.684653579025126
107.59180556787386 179.73783941779922
129.32878879708 8.760655441571913
97.43961307299669 15.094527073723889
121.06885227779472 101.82526344342816
101.46821382805085 61.193819497499085
145.20771582008595 81.79503681709843
114.67406960841329 20.694965690340844
128.16285787539653 34.2632314382545
114.56825045174396 8.266755780906626
72.32113975601673 -13.891455007463684
180.58675823330825 -17.028084650628497
103.1850606002733 15.376529396559945
110.0965856399412 7.1559128252444175
94.86782682028178 -5.517266755496481
100.32748366301287 44.06460852181039
125.63442148342078 13.485833044631034
99.5447580968906 6.686385925856774
120.10440304734382 -2.45491511040317
110.33567268710692 -17.960704038869967
89.02929104440662 64.43702214175723
135.62327707930683 6.62242215080993
119.44429308093066 -34.48029894072629
115.19597299657552 58.08907195246914
123.3886594101813 20.71325471067226
107.09665478694126 9.419247432379537
111.9649060013003 -3.0617552911695736
105.52399843286047 85.18905517270545
86.2835526623299 3.036031821062661
76.49700466250154 -16.870180320601325
106.61574810608931 5.135219676636858
125.95787804610194 49.82788024837163
104.34373122277971 12.5944377364182
120.9488431797337 19.752980774137637
115.07151462774276 16.161313367230026
87.72280101968757 8.1594004628706
108.93440074535685 107.21019299733183
91.84150146153019 60.265136810284325
93.28933554441444 10.304959284088678
123.58298139772329 74.07786911681474
126.85888371377774 63.96711236712436
103.06272553794551 -24.847095093935874
103.59275997016098 41.21041221721276
105.94885795165663 10.174938220045886
120.2682326302662 67.06609317687436
121.73595034397728 2.221788104840467
127.44044414461705 29.950918966571255
178.43620527293513 18.967533564516625
111.96419670664326 31.594101273910397
111.55676663792798 36.631761304134834
117.65031086263816 12.355416708569669
102.2000614346965 20.139067665999093
100.22075116675705 51.214011297116436
139.20272948246114 34.80300826663151
103.40938840587235 19.60620569649419
107.6949502657953 -2.6512421629941625
110.95755448833654 19.311681415596727
126.4341105873419 6.181975913061499
96.57534321502712 17.130731121460737
138.50557478534347 38.87707219999829
94.50605547459902 41.4329455060548
110.26959852728349 19.274610686986957
132.39146759858497 89.40883340545479
104.62803702539335 3.38322854956823
98.26150463578384 -4.3612659965936675
112.7240128018725 65.78218858617669
114.13210988661827 -86.16125271158548
110.42427419387667 14.453990697902553
94.24715499091965 85.48519933098976
76.87235290779732 24.00827101164352
90.36299317974488 18.570567191405548
85.36281710432777 21.589222069833937
155.50985821536662 28.477502514332237
87.7207779391553 11.77395543054761
100.36051863715878 24.092853244482917
118.37073251305414 78.00227033343576
103.21762629489639 19.21910692386475
100.41602544524045 3.1268373056384484
99.4889847937975 53.42494493460515
111.89923364351232 121.49674351878693
115.8928437829576 20.710357813758574
91.5401098815688 68.29627741866328
100.42975021229928 56.43960905018346
117.58402967020541 16.04167689452959
105.96095780253212 39.290425487521304
112.73408491359487 -5.246036681070921
99.52304384439401 -36.60871259516892
116.65505874813452 18.72327543170234
109.26258556739147 13.619283122696551
100.09524015923309 -70.74194809350136
43.049959494205986 12.648289931040884
84.94933020416477 93.06367280101732
102.30499295243062 11.345758582798721
84.6071875614286 40.456303102445744
106.6398745581272 -21.84781832816637
95.90305995877392 80.47844118477947
134.345223161434 66.22085435540434
148.315056351712 -43.64529845928076
138.33387166590686 14.210418283474645
137.72900444494505 15.58055215683588
111.72651513937625 11.296992010810413
120.54099231048552 65.1842294205553
110.89581668198382 17.164681893579377
77.37620559678439 4.912149075720479
107.3519395648213 15.66680367795768
29.977718194782124 -3.4448157498790737
165.3976818965877 -29.531072214185738
92.56629021289623 80.4102190072304
79.11279772985148 -66.27470446747665
81.95520520920944 29.206927212926896
103.18127651030593 107.16328968342495
123.86903984434706 0.23597576149558086
108.67126490413075 30.965665590025814
78.109895241458 -45.918757364486815
115.64882513054499 45.69684253241776
76.9966517148585 70.78935016718017
117.5333906457056 24.31236809082723
104.13316828971514 -16.96678925815497
111.27881871907454 20.799180100522868
109.87473955907645 -7.621712190873383
98.38248860055585 36.45076186974754
90.09561476907983 16.991474597524572
101.21406361379782 13.876938817227634
100.39326487601343 14.041750220490439
127.68199540039028 20.144312379696878
115.0484897064309 13.93919417463076
100.55499698196566 13.401878572708693
100.7542701679454 -2.8774426206511228
111.14605979876671 -32.65014593937019
99.09447259290424 10.83739813066177
112.11358607441962 7.083682976097145
89.66111985981645 6.823239148290037
119.33401440184782 22.28797403814931
107.18632690136953 -0.4901323599280878
129.09805704104596 16.42368913699591
141.07326439712315 25.887803122833404
121.35878747224851 7.126539431388269
106.97078249400815 8.716028851388456
108.73889013470806 30.81782907026412
70.32644887381196 53.31457440287829
107.1946416016323 63.66513699795635
107.29969690394347 10.596559263665366
86.01270562765755 10.251527183507495
101.14348060733869 6.475121419205897
95.94948489489688 88.60668743752797
121.7011251809763 12.313059603091512
84.49891702483157 9.398103763037767
108.55724959939828 -2.0729366638422198
104.61794387195532 15.346766293114637
109.95838686984278 58.9713945170248
107.6385009176316 11.034125640957894
76.53073495432606 67.30999441774803
105.98827098549593 4.405582148747218
104.45545836510006 125.45961934645747
113.60270036849737 0.027470906526478434
103.88350042532151 17.45746873080055
101.75058237631697 24.74998469521431
155.11624909014282 51.155830500090644
93.94668776128121 8.09970423932767
85.58440400597472 11.12468184537592
96.4829192320175 86.54264100716762
99.27725763867981 13.331804669803457
77.49233760373653 4.1571088742346225
110.12215915168885 14.089580069380364
106.66840372191537 1.332448049622755
102.90429704634343 44.81025474500954
97.24137545861683 40.39260239347696
109.98580366800059 13.756018696683961
91.02213667344759 16.941810584717278
98.48047214844244 0.21782280326582892
110.98019209348921 26.990954661505974
111.23962656741155 12.271097622838818
95.66639069702055 22.041294396326798
127.98590339211485 49.806975363356635
116.76731169595644 -13.593017088606143
98.19323310638555 -8.82706863744894
186.49776009073824 56.36698329272769
117.45515968720822 27.785771703084198
90.50233122959139 140.80215746158305
130.07304586039805 19.688903702311563
104.18921017179372 9.489052289061203
102.59247937043588 20.59575611264588
107.37878179406965 12.736187255221536
127.06472754118494 78.51773184223666
102.54624671006349 7.25272630547631
109.9718342587787 -49.235492223189354
109.88401223007611 25.327270778956567
83.62025642015452 -21.45757714991496
120.41874636177079 10.646708250600463
138.5592726986655 60.23587750329808
97.42151816781595 25.71850447405656
109.22453200539468 23.515616947101552
94.41303643768144 11.926868579902175
112.2657375658831 -9.534835020225561
105.32903860893677 14.096103331974726
117.0899105453132 16.861978673245112
106.848928958728 -44.61677725992675
110.03468119987053 110.34137042207848
69.46235094427371 11.342451734950973
117.5754392451735 19.32893515851458
104.43022237555013 13.633719351029683
108.28416801519413 81.12716959105084
84.74464930240644 18.499804326580858
105.27596951016531 43.88840192910201
108.40439365190352 15.924833656707381
107.49037051029943 -23.535886714116508
100.35255840138801 -81.82649197054644
70.81537524649069 15.706974639657032
122.71235233642237 61.55656432318311
113.12589855233826 38.25583006184824
102.59511692579517 67.67706098740358
101.30701940171093 -26.159386410809486
73.69310262062294 32.79958610618388
114.22133829566863 18.5444131643701
110.00198510435665 -0.4826294579251587
96.42583393043684 23.438993382549597
87.21181505657604 17.454558189732474
108.75576519372507 -20.752222720820214
110.34139308466625 -36.026680829098545
87.78549895795794 76.90420270303923
88.9631492016223 127.56432583441034
114.74129132633168 23.651556447363895
129.6733165970957 5.129408629930764
107.13375808227232 9.82717172636288
112.33527502526171 13.505576334788149
83.75478200803492 5.661230564289157
71.65136096636921 -3.2560713325555195
68.2576600764839 3.164984481923427
114.79335233072557 47.89958359802381
109.51536989323256 47.109774782926564
105.17110958569062 45.061092144875154
109.77797970057809 18.42543436619628
130.42943124668207 20.586725392182665
107.99723547058264 74.00644766466938
110.07357853769003 14.79317376793835
151.1814326969514 24.204918655442615
109.22259832203848 11.323557774513722
106.93552050231499 102.66990474094011
101.13879059205071 -26.640488416102755
117.58168268174613 26.113070769115893
109.84809260738295 19.29670624753625
107.89241249748953 12.948608782094325
86.69664663650218 30.983796480262672
87.81360034051069 -29.758346055974343
82.84280069299605 32.110137841705225
117.68536902141663 18.17148257355684
87.76895871338509 24.209781630850088
105.42444659223344 59.35075976133946
124.6698579987952 -33.060865750995056
101.88833657513237 25.314760056291203
90.40597719167047 12.151496463782044
114.06461596023192 14.004886104196682
103.4514821997585 46.86843373492515
112.96730330467668 11.03182258294647
125.08820500308634 18.75070172364226
121.00353726722929 7.442168194636401
106.88147805624398 25.810622620317368
109.9023597675305 21.82876567939713
112.37028391643581 89.41005779010396
78.12093470453232 73.2361130215473
127.09132356590891 47.70925656788706
109.94582419412963 17.843423449073477
85.86829389145697 27.484557171285157
126.17328551047788 9.432667047779308
109.07919184531573 28.976540073839118
