110.1982008345267 18.968136376996224
129.17009276039605 1.3639424057439649
100.51465693216106 57.490111293030736
104.96456312233325 89.35499819664243
90.30205187056676 -63.96921972526516
115.61342439066391 -66.31169609367323
110.87463646195738 -16.75591212123171
116.00748173701821 23.98968693250776
58.97433825291598 4.933493595601942
94.27543951734886 18.86523445235429
107.68721367264816 7.770342289327872
96.9085605947127 20.04466992866446
110.95275147316724 27.292601265774902
79.75163347087285 -37.95530204504185
80.58157866738249 40.795675468653485
104.09487287749323 39.5280208086693
115.4220224220397 -1.0446080059538208
107.96195278109943 12.701060294841902
102.89731119089569 83.38918743137529
98.24300951010406 81.37487879175379
93.96333025128004 24.755638369528985
100.56131174062577 -8.03686135541557
102.1748494044714 -3.7494589213798495
112.85910397019227 -113.42351051948513
122.64119051513542 -111.53750066992383
109.5347335720351 -1.1036457689015169
110.73375209726912 16.05473306762802
109.76476679769407 -15.008833371067555
98.43780662228593 27.894227520676683
108.24008653221463 35.899548582338234
110.56312147084651 51.132979781062716
108.67949206377804 12.157485376139762
137.28931696543668 18.347101710483727
128.59761959400953 -11.158774134899316
70.15819809836904 -58.94857894845814
113.79770178278983 59.228706828337536
106.26899741909696 79.42721061216466
127.67979980621388 9.461346921074975
120.25271406847438 -26.76378994065653
84.85258123858155 13.617040219406443
123.39604077341843 64.43514295838672
125.8814913496008 49.33150668552696
142.2000081692921 87.11099510145307
111.85877609995292 19.93849946335111
126.81795513938262 11.977488527787532
124.92746043466757 114.30511109374645
116.55029008133562 -8.880596828530326
113.5946789520697 35.87192398260602
114.58530358162042 0.8431242419363858
137.28600716907545 -13.68708317043653
78.6570418513127 14.336187724108584
114.52108658231316 84.65785617252033
54.02460505276447 3.3242578032890644
109.45454327243088 92.91789324262662
105.60491470367117 61.65790105096985
107.32535718263816 19.746092142756694
102.24148622671453 187.10945030859895
123.55902626049303 13.510925270133997
96.5446982371804 17.41943714300012
123.4494064683107 153.22669868955165
109.72795868529965 69.79964657078382
141.24823699852845 84.94801550436583
112.22081995342218 26.706964533580994
118.3874837584386 38.58678189735333
110.37354783344121 7.969929118627306
80.31311509152202 -0.4553813245666216
171.05419186944516 -13.777263148821405
102.61628326593312 13.106013292805603
112.07735909530044 10.880170276583584
93.76388932040743 -1.535271767505601
99.05984791629677 32.06216991688233
120.52602633287326 15.087520879593438
107.84395118407764 10.026065517811132
122.94085638754224 -7.57310911495919
110.38334455033437 -25.852313394999584
97.11961793147057 70.81205320017808
127.80496299497096 12.418323490731886
121.23989204406267 -48.69914940372212
102.49637930082393 59.55035242633065
113.86853227690791 10.467815582842267
107.19391493936338 -1.4722611690119547
110.75407065591182 -3.6502076222185655
102.42926219821916 112.12123878119132
85.35664258771057 28.345295893356877
89.31128521984267 -15.129791086242918
108.59020707719259 6.5243657113216
114.4934488628937 43.84977515687251
104.8757505648444 17.849829254795303
117.91029519229691 19.610526692202704
115.29168162829386 26.27914478637788
91.11082003570557 7.8388955658767845
114.0934229664144 69.45268978162694
86.76026122952707 76.35663665612758
94.72526956101554 69.63419780199604
124.41769533584184 77.96894822353299
125.84607598229216 49.40577027059282
104.97899068056782 -27.82024951112757
95.44249800648603 38.04711872645162
103.32915156554633 15.076536025733146
122.4228237012679 67.50853151480003
116.32263340631003 8.072655842114816
129.28285985640196 45.470641918284066
176.9328852148611 18.620852833832803
118.19907484759649 37.019880554143974
114.17827147876207 42.16650856074917
111.71203603068383 8.530184446784379
82.47521597929946 18.8523504995129
81.05231836516471 72.51817788330288
146.18946938580999 49.84962384967024
98.7653658552128 19.720979862965287
107.58832969115933 -2.9619205641646333
103.18908108954295 17.428996798973316
122.71031872365363 9.342605209809737
99.8249441217374 15.754650564288442
142.64898771842425 21.630283067693952
77.85654337575349 41.54803835721447
108.05362861560808 19.542584135340025
139.7556517182408 83.51123289093647
106.03500740326065 2.3702932350366908
98.46342613357282 -2.606190811463884
106.64327196974094 40.00521289123411
115.01561924067732 -80.26431704329171
105.2668082090115 16.02983420064802
81.83672043703456 77.3617213341153
73.28349960729444 19.508561060894987
88.81778806342793 18.4258540404089
87.97487190168347 21.35052537404455
152.95547341539566 34.95193977467562
87.8114702427709 9.801028246501913
97.98990920278575 24.527630993216547
115.19703480331366 75.91203223082181
100.98511766381503 16.382243862111867
102.92226851045346 5.656742859090265
96.01400784296588 71.24565898768779
94.34248814308182 131.6256283003608
106.80886032429333 21.93437327782378
92.14767561321624 82.48811200108592
103.61336937614502 40.89493970056093
116.2295553089555 17.463830496348645
107.93769782656913 61.9864570046353
107.29706515066532 2.6614566989500266
100.69850271388154 -54.47468579453721
112.70684312643382 18.954211191398812
109.38996669125592 22.923950740582217
102.0053069543498 -69.04509377178692
45.20500000762037 23.568978220094706
96.37311817564957 107.90086499721596
100.37716305868936 9.657984100837037
90.41528439878299 60.69128778074
105.76059149259821 -12.57370175320287
99.32353034520598 82.7161535572292
130.12096205352336 63.6725814616366
136.59103908061013 -38.28505124587909
132.49511599625836 14.039145867906834
141.39988382140672 15.042069663961167
113.12559486644184 33.14211038664043
112.97733878981548 72.25450706356675
114.4618776496754 19.776192137024715
94.36559175724415 4.65377755389073
101.987424914949 17.493152657781234
52.23882678097533 -12.825664400098914
165.79919811720563 20.08964852628791
86.63344699907927 91.14331842038736
90.40972401309479 -95.01372692648019
77.05956881422502 50.47547618469721
103.49629304631003 141.59608002376157
119.03802768134122 4.306631391469514
106.81907345258712 39.72521413998585
86.87336655871756 -41.06891314186921
104.16622309999241 42.657851033113296
79.44418464334827 49.479883486690504
112.78801900317309 10.215615686749423
106.8994719707046 0.09118569841162039
109.50022723921481 13.439738734729222
109.90116891158686 -7.868168440048793
107.54139690966727 29.298659728864703
88.24077122408197 16.264148226999016
103.54409313384548 18.06417906903719
114.9712058279339 23.755757484265143
119.18785427563947 20.118865578519173
116.37261948497445 21.836259131557643
102.26572554910562 14.202973161208806
103.39954744661614 2.2203542233387186
109.68437021052137 26.86296275174401
103.62582771281883 15.816395019752347
114.62781297219918 6.109942379304158
88.54744351573883 2.818227063880862
107.16828563873277 32.50574048886669
111.30187160726332 4.679391469030501
123.75928024535818 2.7805494714478645
135.97910299535346 22.490771293352736
105.94065738848765 1.0890204382796909
107.32130817854991 10.049825431507587
108.78997040813582 26.08463149000919
80.37970156946687 54.14758237158993
106.42584774908059 62.939356881300526
97.4797268385511 16.595859805530324
88.62813069285247 -4.8992807079936505
108.18388398337062 11.80727597654025
87.3129941965099 66.15915388663083
116.45796019158449 16.64823323504254
83.44512437092473 13.655015111994762
113.61809615034205 2.6154260241808025
101.48841645115975 12.953792551708538
121.59179423042114 39.428518057879835
107.40879517418838 11.092308190001118
75.20558668954918 98.00938478593282
103.11392723300433 14.822788339277068
92.81035226878572 140.0048443477828
112.81453217849591 11.364026510146141
105.0088506188469 15.557680230601026
106.01407298884553 23.628368061309626
156.17079529971846 51.853989998201634
94.47325726093821 11.54532902948605
92.52900909398859 2.2495142462852344
102.14220485700584 72.93120291706862
92.92803691443726 11.566769227975575
77.23433638276653 25.745258552485033
110.26719538395568 9.401540161288546
106.14603265548945 9.144459450161676
111.49768359550728 46.97650429227379
99.76050736992126 28.421666505426117
110.0545187580188 10.393716768432876
110.1699925847914 37.17425124223448
103.5328982864861 10.460785433922478
108.90298203069989 20.955394699545646
111.73902000605578 10.209077302487767
99.47954905433379 22.080495215862136
116.63974607500394 33.16006383296751
112.47112414693417 14.681688185367099
101.54072646782346 -6.2036352403368795
182.67311988705652 45.20671386083043
123.1170616039145 34.12006099716762
95.17179123697412 163.80418197430342
138.05949280349006 18.28310073849601
108.30787764739416 16.77730459375872
95.02672421313093 20.137003474957332
115.48708148110191 13.530653066459179
133.60128226753196 104.65861685413911
104.2991075810878 21.600043939363935
110.49757987552852 -33.26221508755808
107.05361591371467 29.470072932846314
83.38111528863264 -27.063267799767015
120.43127421243452 14.82674609928136
133.57941285447637 56.732429874761685
100.33007195457472 2.3399653689869737
108.32686098994932 6.90162061250962
87.62388960628446 8.12038711897059
106.99421889115486 -9.211441831325509
91.56943045921366 12.648819429481536
109.95384531786681 24.667150685051883
106.86095862986761 -23.793203197941594
101.6479217252415 113.06716902337662
74.34553496540234 9.61070814447462
121.72994802182652 19.33618716797937
104.77361282811648 14.666737461189152
96.97029530907275 81.08776597114095
81.20661399151791 18.343159929188488
105.8100100479671 31.12136444222492
102.34337616627121 13.873572060219493
107.52569170819059 -29.03000790655984
94.0600638697219 -83.67891821150133
63.868475490919025 8.879862596783635
122.16022707195192 68.35774177662043
117.77449424228898 17.424328051257994
105.99076432905387 56.7145627154964
108.57430800438854 -19.940337118985724
70.46100336905826 30.078243931204607
111.99584935467195 17.41931318343596
109.94373854566562 1.7214268340243692
99.49354904827729 20.741505241911796
82.60689791816726 14.14435941319239
106.44747074346071 -15.233392093511716
98.57358618531042 -29.519862700764598
93.5883600891395 66.84832541510504
111.05385950690707 117.67513766195202
114.20798764549582 27.262593331678396
128.57185320264801 11.489554184078413
107.49573001917489 12.399111908976188
114.21999806847217 25.051288722509153
88.30247251931623 4.404249471855042
38.361146279759836 -5.409839705885371
73.17638991971639 9.170460726235515
122.67404386201204 52.387278535022084
107.77020926470698 59.50271312108367
101.55156088600967 41.809781146596116
111.52257684666473 18.68922506056997
131.58298302709787 20.614848571497042
112.072470937435 95.19818309444572
115.04409302151925 17.644864618826983
149.92387730283022 25.10834821997199
98.88905273946082 13.057198926264222
105.12209007173624 119.73335765664903
108.68057227152092 12.8594901389076
119.46677478292528 36.685544353720935
109.85004173625263 15.721660168042456
103.39296801661209 8.929670713489317
87.89710798405883 30.541815447225154
89.3468921801521 -19.79038196176326
78.5025936604837 49.91600121342412
118.12105549046359 18.091414869591418
89.84763105317703 24.014191450855098
106.73217101150227 40.595345718067655
121.66728063617502 -28.57243093004307
91.97178662558399 41.12696080059033
87.11279577275978 11.291886006426783
117.35859712923848 14.091049177671692
102.06178351195604 52.701734376549204
121.97863614488783 11.89366524422525
138.0395726831314 18.281155005841086
120.15973018676888 9.736853902585265
106.28294660953796 35.86416483358874
109.9744342502508 14.825635112505068
109.8400947210772 120.52081824953657
102.55239167277419 100.52720194499221
116.06177866793296 45.56851710604228
110.22530566594682 25.581216095125004
76.22808437516338 23.61715441635234
128.1903463680867 7.342343200380976
111.75686564203316 19.05926706924733
