107.41461243597688 20.492466677706645
124.2381489675667 -2.154410959927415
95.54570700121633 120.34371736870376
106.94585217506805 62.77849646619873
96.75698252758518 -52.976774928022834
122.85644894994337 -27.644655593284828
107.76089548640736 -8.273121608225889
112.21560899127553 18.506657365285374
53.462187726227555 3.0047704921859224
97.95689025556541 22.16311055467197
106.66629264343187 10.579474253699509
89.69987478417792 18.00492707227871
111.56032260913554 15.863489518042654
90.4073442518272 -18.48321222561302
92.82227548212404 19.23228624895443
125.26893568882116 38.9628476116023
120.60249378834055 12.890486887467727
110.43807276826871 21.59845348126086
104.73478152321749 107.27805381708798
93.37286624433224 63.2324309550614
104.78771357021643 18.713441123298168
110.24725647751636 9.624551139956871
109.20664368664913 8.016101291732873
110.8379442033245 -139.92840277878818
119.60298975574808 -78.18512065398701
110.45871622041766 -15.917181044518149
111.75529179344684 18.88444704633119
109.68038481038182 -18.391479886465902
94.35545654472052 38.34157925356264
109.16772004662181 44.56649154612338
117.01503970317198 76.67559818111378
107.73929594415527 11.645367209161373
128.6641247494524 50.45130988519637
119.1720408438012 -19.107696253260556
72.84951644224824 -63.270630693218926
115.19362083857806 52.7710334028834
119.01064910390701 91.97705953892591
120.0936728304405 9.76700750764497
107.73631267423102 5.0313170354537675
74.70186483256703 12.646547740547845
134.6711041459101 95.873072432174
113.35170888824958 73.53982522149371
146.21763741834346 85.44866063749305
122.32928061407706 19.621929289846758
119.10500554918988 15.433625337896135
128.80172386618128 142.26542253613064
116.16114087231215 -10.092598242394708
111.37608822576658 41.69331519011399
110.51627355009774 -1.020689134122094
144.0159512104359 26.488486059695873
81.67632037952247 11.453130034528204
129.88096152727925 94.46670013700653
83.12343081894011 8.84786521551396
116.59659015311796 69.46509866711605
102.60779404920982 89.22702242032152
108.28073066714227 25.025939968680664
96.32293454595687 186.90542048679828
113.26431317541326 20.549525801150565
96.53631767171272 20.736423006897468
124.36482318743941 215.52260075479495
120.53376177144517 78.35720468923424
131.93058925970922 88.52189089584031
108.66588019531902 33.68855973479774
104.39566890561143 49.628063187774295
104.74570524368518 8.937234174560146
94.87122923630395 20.109355221637838
152.17339172772347 -4.83611784811853
103.09482315712206 11.0571508273931
114.42399068086921 17.285769708255074
94.35482270058255 6.511060710368152
98.68676231936911 21.700916353916046
112.2717677537164 17.82965887790157
118.98850857194154 15.391852060661293
124.86252119997391 -9.735721148050965
110.38325770043117 -28.65774466601051
110.10178052314802 77.05770074355037
115.5516695900087 20.998287183057563
122.34070485502647 -49.433730936072706
86.69848751956604 63.74704116623368
100.68252214999059 -2.454278657868843
107.6676011180811 -10.050437472378952
109.13961364443591 -0.025541426678944212
99.0888154884293 144.4446520087935
87.19121520505882 71.4759870121524
109.10313879687698 -7.948465311570937
111.35831593327383 9.832390875133294
98.73798802846562 39.000633868551326
106.36172735052396 24.97276282107436
113.10797795226273 19.396709513973686
114.78423869508012 38.92016788508232
98.7041685307804 9.34794199015711
120.3538966516434 20.400805644985837
82.82189008924472 89.27469106560434
99.21470668847482 150.5167495453794
124.05789651130628 82.06840011205918
122.33385227376301 33.88260807758798
108.083124350491 -18.035202082931896
86.11216593443069 40.09697969192709
100.60022074655028 21.98561065374087
123.25035401394702 67.80045883190654
108.35989942397802 17.421285499791985
124.88816810672925 61.47338230107975
164.505382232674 18.23409280632452
125.12800383194948 42.077659217894244
116.96623933521296 47.45533065449593
103.64381793609465 4.817288859685163
59.01270759786317 17.182736480571435
60.122021041253554 91.29422438817713
150.36369485234957 64.45350375836648
94.20481442957697 19.811421793230796
107.73428552145943 -0.5695930789460527
93.66812129724636 15.24895118273249
116.3189046767203 15.172402181600992
105.35475196805125 14.512196399033302
143.14548627748104 4.743646849501763
61.23260769742742 45.85105675182143
105.36419167350476 19.86233227666745
144.3846321905576 78.08534689878263
108.36863509123692 3.6358908148883033
99.72409323852695 3.225878536505162
99.11042785450387 10.592078254337203
115.52433890747058 -57.721818356910546
99.09071823809089 18.455259266304058
69.48835181721057 63.88595420619238
73.84999584200885 13.553608370916727
89.44971261633965 18.372483660800288
95.47725432880786 20.789974699111863
145.22047230346 50.18228371901066
91.37007078210286 8.33595504336613
95.95301172110352 24.345693265911464
110.52246367117226 72.37791132643527
99.27925110879542 13.115825986764687
106.99444133020458 10.893363904614331
93.73875222126121 97.00305639304423
73.38533252117655 143.80216859679643
95.36887891514786 23.213135238836117
95.64637940424589 100.13639172064782
108.5059096966294 17.756396168081608
113.56746158899146 19.690137176146976
110.77615541392252 86.8061929984017
100.36011343530696 27.219819858711855
103.85056455679852 -62.05874990369913
107.21611307419866 19.33048204805423
109.58516821053406 34.80705988977292
105.57467295106338 -52.58789606846754
51.202685885662405 46.94161982229859
113.48771482891756 122.85178779202688
98.81123536195194 8.453226769153245
100.51977558018235 87.5795306108528
105.13045082701194 7.798614287287139
100.1007900509876 83.860771019596
121.74220820104011 61.01449114263563
116.95047549736127 -19.883697117086964
120.67007399089312 21.74537231763062
141.25029937248104 14.93737332870343
114.41322676454355 60.59636331459325
102.61022255553898 80.13842896810648
118.5493249918555 23.16565580168599
118.16039319680903 6.083570372525065
95.65842618298241 20.172194138115106
89.07386656668604 -12.885199559917544
161.15539466291932 91.50474824444554
80.37141723496508 103.92879256865194
107.5480330306752 -112.22406503787865
74.53780549723845 82.8240814191935
104.82605387992362 182.42373560905176
111.48235456337548 11.828581392840743
104.78322084473506 48.26892722299937
101.18019085554421 -26.55458004981173
90.00329320147007 34.687037439031556
87.65617568145029 23.40634124477611
106.017822948754 0.9107624549146209
110.99361661036906 29.928574822125555
107.20459580219901 4.650805847925663
109.92360806815732 -4.107688210075417
120.08580770705291 23.946687630863636
88.85089437626465 15.76402362096981
107.50051712907802 23.81507877310941
133.42087017267662 35.90323184151882
106.5395672141984 19.990728661003356
116.98397484069827 31.59638484273982
105.7842191403402 15.90970068130432
108.14218232919127 11.085751596060476
107.79856908698933 103.68080590521987
110.61556027820774 22.746612629531413
117.32960643496708 6.4202775384598585
89.92373333151085 -0.26283181562619407
91.46284193891154 49.61138445213903
116.59936848829882 13.175268991004247
114.71242552554506 -6.182124510413504
125.10835164978297 17.599773206518755
85.83200133411279 -4.789725514868089
108.066527416719 12.808547485921244
108.95965806430762 18.743241644610382
98.06063965893922 56.707720919893845
105.97708646394075 56.0987487818228
85.65683205911499 25.086553739679033
95.5857271986754 -12.173723521016969
117.57718658488751 19.938892404282907
78.97601321729313 38.517271590101714
108.78063176755899 22.689222154540214
84.99565078017832 20.3142477654807
119.65989858034521 11.112660021646379
98.51228264490084 10.736955575587034
134.86917224356796 20.518996206276917
107.3975917349862 12.639639632439538
78.32721262512396 135.21887772631516
100.05722790211763 29.183018329555644
79.54599377539772 155.79777496398788
111.47319539609973 27.359785890482467
107.13897830882522 13.558062418064754
112.16213592972778 21.452821227573214
153.46068028990078 46.982980077490105
97.31097467596253 17.0828950156866
96.37841917649197 -7.010183965924751
110.45920915345829 52.937487773541854
87.65521824466963 10.167408934676951
82.29366852243513 58.4518090054824
110.38576189380046 4.597252277844889
105.90418375432738 20.876794159078766
122.70691721970546 53.49624416622358
104.47730165088312 17.174032946016407
110.11890021161032 6.9737382315620975
135.3277700773799 67.70327698266492
111.03856896540329 25.545470641630693
106.31823651757473 12.898009679847599
112.02233762357787 8.445622178775862
105.67255297329606 21.710087538792404
100.86019483265312 14.535242698016091
106.50064113313209 57.00873563838416
106.8666359097921 1.1022999537388645
165.33711853892092 26.292636491413237
129.01685585304645 47.34256235368177
103.5935991526651 186.59237935432725
144.16244749619838 23.589677062173955
113.96357580510009 26.76870530658999
87.33745923830539 19.463277199983196
125.46423052671818 15.519293301031269
139.00411325450403 137.1478776825497
107.33498034984088 40.136371543331016
111.00247027791514 -3.31771082806127
103.72384093210233 33.53740361538044
86.95031280314795 -27.811483236029513
119.15233232988517 21.148015189822544
124.15499591217788 54.842536196422266
105.06246232190782 -26.364498609576863
107.28822156686641 -13.13435605667335
81.02416346720358 4.881232243632462
100.46874345944283 -5.195295021785472
75.35912637606813 11.614072153889174
100.59643111075727 34.24867347610037
107.1362615554146 10.066963800750539
91.67393467647167 112.3806733686331
84.84434384463613 16.421915238262166
125.87593520809325 19.343473246074318
105.89465239090946 16.563009213740976
83.65971628888192 80.5249278448027
80.35464074338417 18.275765241178547
107.0857153270591 20.009490465241488
95.25668239695979 11.567378825736906
107.90527175806889 -28.87468361625662
87.92135745057863 -60.25390084142614
62.02990202040369 0.9094484581206921
119.80364556384922 76.37948786444372
122.77411434703758 -9.658673497408438
110.91120555888469 42.82251024844923
118.25402449725604 -1.7789668352496975
64.91659481580409 34.76951903369803
108.67542383865403 16.262359714520926
109.84158144398205 7.608231598917358
104.77583162902792 16.99356415997854
80.7553056923305 10.477728512548317
103.85338621390225 -2.7554466183750757
84.51509382040439 -4.951083450521105
103.84899148223462 52.65760374363388
139.8059266885358 103.88628907136051
112.70628059946351 31.392389689307976
124.90700029436705 20.79616386316895
108.30529257214747 16.813805525370583
116.11545027945995 39.55026615703772
97.34486821513391 5.100101025448022
2.0940819652171667 -5.016336994609455
84.77297799970192 28.38418537311089
131.53137024184912 63.393345092114444
105.64308627552873 77.27937530107614
97.76649876561719 34.1885432625817
113.55206821090184 19.141921490276598
130.5846490232667 20.464002991815963
117.1003523858185 119.61861320345224
120.9905163444552 21.628474134405884
144.6292314716287 25.47570694450522
86.78294786739698 16.249255377275688
103.405968562856 139.4962588047962
118.80079878444435 66.43963711852379
120.99305909692224 48.59042899559431
109.8524530517112 11.469799832106633
98.33750234341902 4.772626881917501
92.64590974798872 28.607670122870214
95.0771582441009 -2.3338977276883535
77.62166350851325 73.7807833738057
117.66327869644516 18.147183189936538
95.9488376130741 23.165070409396595
109.01070504184693 21.739124090637095
115.63672767505486 -17.638582889501077
80.43157540338409 59.55671171309479
86.77081686733517 11.480379096703333
120.97963854154636 15.011912363316855
101.48241283726088 56.78547155438771
132.27430626241278 13.644588368996093
151.61757404288397 17.84063576451975
117.59822354863377 14.582131104842176
105.92378451263158 47.02304874645729
110.05699780192595 6.034208352120849
106.53392468063879 157.42570610366425
129.56833821626134 132.91342606308393
100.73690038666919 45.871187760079245
110.53353180862948 34.9782107367719
69.35823448896164 17.934968749572313
128.33936346605444 5.796577876580284
115.07272691644101 5.917923284235426
