106.16951386176642 21.1863559216045
120.97295114051741 0.806708625737087
93.77745670861874 149.62651569200983
108.19911851053577 45.87758646463918
100.68717874570771 -42.82601288956917
125.69296396742911 -2.6998452767008967
106.31626276604189 -2.3040805031401543
110.12944628559471 15.760961244346717
54.33227613807494 3.1446450729551727
100.4136578779093 23.69757365084862
106.36362799044221 12.574535616620263
87.20114372572101 17.050557418878814
111.77121527240692 10.237262645168975
97.05185894064891 -3.0124492627016934
100.09054555281507 8.192557043370902
135.1835581728342 37.34832052350145
122.7583577146622 20.537716752670573
111.68186488807314 26.0005717922643
106.07612639165711 116.7962178762517
92.07691196316702 53.500444218348086
110.76786959685711 15.606897955022873
115.18469980686496 18.94658754501133
112.80565584108669 14.945594622233612
109.68838043280796 -143.80250614751017
117.43073489791192 -56.54499241695355
110.87423316397927 -21.136640958014624
112.1254299739392 20.36261587919983
109.64764360549185 -18.345566185150865
92.88196919316188 42.74157183667268
109.6707669789835 47.64414042584872
120.01810350455804 88.78220961875216
107.33236728427681 11.808407986602024
123.28548513753078 68.63829752106516
113.77307467141875 -20.783977630938068
75.47758026932604 -59.70708794940103
115.66465176989423 47.21171188069499
124.87833793996523 97.03020634017115
115.68434782903701 10.471673763859188
101.52604708871095 27.12385789763485
71.87667844459081 12.507045646706779
138.540840207204 111.28379132023774
106.72429925828513 85.95800441412672
146.52615786978978 79.60922153172561
127.03316806853007 19.447503755001357
114.71928086419067 17.42947672709738
129.45262091955215 155.2052044352322
115.61442326307338 -8.98696640854696
110.14196509972264 43.246068990388494
108.39771463142958 -0.7426607670466457
145.47970086667755 48.40817565984405
84.19007874821317 10.504886257376969
136.61463753164546 95.79315357033592
99.89834659142672 15.128460401004762
119.83237585344133 57.341298479940605
101.47912201617893 99.15133806064544
108.84423787794738 27.434085719413346
94.03351751609368 183.71315151937617
107.73545978499989 24.104000037485413
97.16997797344771 22.34233914681359
124.05422452184965 241.40055218683628
125.34602596929888 82.12838382238913
125.57656583912788 89.82523689784965
106.91104958688143 36.675209314025906
97.50303313021917 57.09174251145146
102.17627119339872 9.944828199800016
102.89018947539252 30.53263535952003
140.17685564585275 1.21541618101524
103.68890778434812 10.428994955868625
115.3543074937064 20.67300692836121
95.7603118982439 11.320281967460328
99.24580803112552 19.61976339927079
107.87014775726182 19.324623723334916
124.10831935275259 18.353005803972213
125.04574296442091 -8.994948501652916
110.35572144499073 -26.344219904111505
116.71045831957595 78.94760975126206
108.98218300410123 25.31858056873908
122.38387081386303 -40.74038072064546
79.85394506563885 65.36686047833848
94.454834244125 -8.004724019964844
108.04323540620642 -11.333906632797733
108.39666112038813 3.138723143170699
97.99078479825715 158.0022287605206
89.11698205655274 93.28465424578116
119.18190715888444 -2.591610783493875
112.67996013829531 11.904598063798757
91.23508667403823 38.703025157667824
107.37443077331938 28.161781257414578
110.54681802081912 19.28745002366842
114.15510453147895 43.91510233966679
103.25915632383703 10.733192832447786
122.78840994489053 -1.939321947957625
82.71330026629568 91.74443017802487
102.23279318486345 187.7879972180072
123.00716753112873 82.96162412771588
119.82561356663506 28.351250431456926
109.78860570994644 -8.079124666278389
82.51162128627028 42.31260175660322
99.76626586395352 25.368531788399736
122.95549033997669 67.33038462533813
104.38608489197726 22.345857616402476
118.51257502322895 67.42505259452625
155.42011252304428 18.096287349527834
128.0357553593792 43.02232455897039
117.82805420860251 48.57330021490456
99.91291552873088 3.9749037398805225
50.571442170869915 16.43529975682133
53.6836433913844 97.55081591668524
149.52289415474863 69.32970335203359
92.98749813451641 19.823763723898793
107.98818826762566 1.6620181821475004
90.01981266828872 14.395404666098663
112.66188381035732 18.408707062625655
108.32378037888215 14.100614690517348
140.93567886456174 0.44910471210852454
54.631073664586005 49.6760759772582
104.27449379177348 19.995230177220634
144.89670008414157 76.34880836403264
109.65887639533791 5.081847270440012
101.00576682534084 7.141923725635009
95.8433138379354 -0.28893114059078684
115.47003513779033 -42.57582496814697
96.52333578617804 19.73777004130101
65.77217913200337 56.7086215721994
76.62535360650314 10.89944105190188
91.03030744723098 18.417523174920372
100.20806828420905 20.43210943212624
138.42276968308792 60.203643128020964
94.64664509620827 8.187521472780668
95.75364279017735 23.969310124525954
108.08209572521592 70.59080185584402
99.24268112402216 11.851362567064792
109.23676418357272 14.233134627335954
93.72935706545304 109.0369178211905
65.15855536230266 148.7061491508426
90.32264471874281 23.65175053556442
98.53938906215296 106.27712062059197
111.0718627503937 6.036318533149499
112.00762850453995 20.8218714610878
112.1522904417297 97.08413137323133
97.39323975506237 43.46886095714671
105.90188353414963 -57.65030608632443
104.57655726847948 19.517463555994066
109.6808943402537 40.10776469163521
107.58089994502072 -39.6389321709249
54.43096614123857 59.95113442985587
122.03249000337694 126.15917976562437
98.59855965481772 8.565982147914273
106.24624804698874 99.64040147921229
105.05553416176312 21.776616703051847
99.39715768799495 84.16550952636683
116.58208599099832 60.21343703261532
106.51361742640688 -5.128528381758481
113.96330556773496 27.52090331955505
138.88383574894655 15.166740706111499
114.77429894579559 71.90470613979109
97.90065142390145 83.60420751830895
120.19271046835173 24.68100816993696
129.81744473791778 7.521601036969915
93.28201216367042 21.497471582188325
108.98008218213127 -8.295396813259588
156.24997109447085 127.35745476900243
78.4893199230765 109.0906504461902
116.40333863140297 -113.80601608324007
74.98394725180918 98.97998151236158
105.86305187549567 199.9434811728678
107.54309288235439 16.198270266403465
104.03053387193017 50.905189054695995
109.01593925579138 -15.117220296635264
84.1139606579641 29.402328089605465
93.64475433951391 13.107572085594985
102.76551960154764 0.24268805464041504
113.02929521496033 47.19601726956289
106.22750810604542 0.9894041005828134
109.92526409507863 -1.1465459424646725
125.96187988278885 22.52313602715112
89.69331587286507 15.742035522626276
109.61676781899094 26.514064434608738
141.44072983364546 41.07384334773889
100.37236414918563 19.886634004775605
116.94074790695753 35.58649603377614
107.88198286944119 17.009724514939318
110.69570696069904 16.097267456780074
106.93041266022955 137.29320015241098
114.1069796596787 26.07931268088517
118.21878388248295 7.279900508538714
91.68274572985582 -1.0587917503134445
84.42431910273041 59.18278489786597
118.98842753382358 17.819003099042632
109.74485304061224 -4.655446388663075
118.43102374587096 15.217623630876028
76.91731807240754 -6.577016496447783
108.55491841317271 14.584523580402264
109.08132036524499 15.035924875704701
107.80970847651409 59.17697315024526
105.94193474689179 50.007424520786124
80.79745415632412 29.15623742685608
100.24330467549352 -9.131427419748176
121.82642145791307 24.049064655069266
76.84977395837177 27.45763817761387
104.89425947323161 25.562873397927085
86.71465526626923 23.692095063057838
122.25324262857708 15.8722710358832
97.65533683124049 10.24676580064792
139.52613977489568 12.871279014234057
107.55806663671194 13.785591125462973
81.65103715541044 151.6475970555819
99.03499185954149 35.96984110537215
75.00172683684654 161.58912226087688
110.70276828449371 35.070746121546684
108.41369948590979 12.804594495297218
115.16134730494213 20.136130381763515
149.51459726613362 42.4140722636688
99.7390795858084 20.016394938346778
97.28153868404677 -10.482440404831662
114.63412172915858 44.85594033884973
86.31201145509935 10.032224763153168
86.94390617681553 75.99042742104511
110.4207013151363 3.1265762776471666
105.96212476850488 26.758791261816203
127.87442223285171 58.125614113957205
107.19843679202047 14.013215519974983
110.13404903420495 6.096034920614664
146.9450441385804 82.4444576503313
114.75232554309811 32.87711342882526
105.19686288124431 9.156530026422413
112.01630464160841 8.155331877347987
108.98496397449239 21.400347858861178
93.45638592531007 6.488989049488875
103.60668353347681 79.6294470826294
109.74434637211982 6.035435119718269
152.93558951041436 16.221970530469523
130.46972488799966 55.30837994502553
108.32794422460694 194.06746758904555
144.8808814463356 28.4899894175962
116.68706821320644 31.260291044588072
85.30888963886906 19.13009025868664
129.68464667543145 16.818241937479264
140.58408810598473 151.6251480779637
109.06262281084284 48.38153482419675
111.14892340734136 13.481312861641722
102.37302618391311 34.69572764373654
89.64506627097997 -24.91593321757315
117.77751006529944 24.26134985106455
118.81634683279397 55.457609440246266
107.76237306985075 -38.93566633826716
106.88101479461105 -20.982421211008777
78.77899622168455 3.979063156915141
97.73126955642327 -2.7891073465735703
69.06357748654607 11.540503224111028
96.5808838021604 38.64272554646076
107.46561063840329 27.9613964953681
87.61576436965028 110.94212713642331
91.23373196628258 23.829918041501422
127.17106676693318 19.345703489298593
106.64573767275341 17.70205380404274
78.26908323688288 78.90305087882365
81.45239404450946 18.30547939537803
107.94256940961942 18.211826282840246
92.4401990631647 10.72395685339632
108.2340039101018 -26.98873691915463
86.29871509605844 -41.47376152532303
63.64770837947205 -2.4512779804176033
118.31083911610976 79.76429922940397
124.42115633514021 -21.509018291469502
113.34895197586232 36.4891310624022
122.63531032576414 12.135525764709769
61.60016838544978 38.172917271637886
107.06689342829284 15.92071512832903
109.78473968564542 11.46644827488784
107.80012513110714 15.242266404286042
81.63230238095653 9.084540915126222
102.81045845710099 5.277221088295439
78.9305959384847 13.934317689379416
109.41261369950729 45.88910409613247
152.19996443417415 96.01998795976516
111.76164102080445 32.66495623883116
122.23347086444076 25.44746926154422
108.84994445056783 19.251221943097747
116.56927120492817 45.63090740121424
102.66030910103208 6.1760848219300275
-8.198047324150089 -3.499423840975151
92.22892905110398 40.339400868531214
134.94226773637604 70.0406702016107
104.74012903738759 85.86726758948694
96.53866537739957 29.434566406674058
114.39953848457962 19.392041794579185
128.76485758887463 20.314415626291712
119.28879344370218 130.06055134199988
123.37405209757151 23.553045676150237
140.3258576468036 25.163698888148165
82.34437069160573 18.083046706150274
102.93710841130034 147.0729590372983
123.44961569690084 90.66697108390646
121.05698803843681 53.54566377443692
109.85341354154951 9.723380804419302
96.55099016454265 3.54525552750645
96.17754624786971 27.122805717511014
99.31958289179481 7.534387696082597
79.72679461076173 85.54529334746633
116.794548436434 18.26171432394225
100.02586959556808 22.51196580499953
110.23620966933815 15.11892744319453
112.24716358710799 -9.396598391194823
76.09063095849078 66.85277306654977
88.25982240947886 12.060915840244514
122.29546714269047 15.780412152255414
101.64371737717704 57.1152708842574
136.20923951524668 14.870848830548368
156.2629904051541 17.718567964966287
115.78887184860073 17.41718884169767
105.91900088690632 50.74622597103909
110.09146157777998 2.1801656407629233
105.03083927188618 173.361043216075
138.58982137786126 146.2783784344413
93.49687496164302 46.45563025873589
110.65330403393526 38.71422302073394
68.30372540652621 15.137815941239337
127.31952536920083 5.501051047564252
116.47015900281161 -0.09590502528660094
