105.07305838181415 21.78076202262292
117.32073533205124 7.685058356222396
92.53907823578021 175.5946447331848
109.56301463486392 27.880172953148183
105.01986425034593 -30.415188132243337
127.76806486664677 24.403010157117933
105.00290770339357 4.3220956513098585
108.02805291107603 13.192276525146745
58.323458936825844 4.078538869457026
103.26035379467469 25.044455517992702
106.26612764409435 14.855382670605948
85.80679502327058 16.200546563222474
111.88697632628765 4.724378594853098
104.15582127966064 16.005044721160193
107.79000983488257 -2.175121378866269
144.13168518854113 34.785906631512674
124.28309324150342 28.15530193561527
112.87028408938119 30.164291814393575
107.68204931682318 124.50098484808838
91.56723273071164 44.07579584853456
116.73084850432069 12.605923846085757
119.93952819154816 28.299006558593895
116.3127394203529 21.975206671096384
108.51163679176352 -143.27455348584607
114.96183968339759 -32.820284503964764
111.24746863086817 -23.95268587342521
112.3428628565764 21.806867240643857
109.62502673256427 -16.430014139600786
91.95826301538699 46.64997745930346
110.17070641103706 49.31657713189073
122.506306497253 100.07104906476786
107.01717697124545 12.312710941903722
117.4987914854539 86.83063738152754
108.22555882320154 -20.28548525296096
78.74170667778368 -48.99703741094696
115.94860015919652 40.4856463464299
130.0545176815459 99.9675763302607
111.02946529397866 11.608763139212918
95.55524401207542 49.96504973847292
70.63734315693274 12.755269348127468
141.2703143672629 125.2149060343267
100.14609881796524 97.70101937113382
144.86344104061445 71.43818920869481
131.19800506996737 19.26843948198903
110.10391642667103 19.480823543637594
129.38264575335637 164.17453866377483
114.83490658212304 -6.716590520850408
108.89063623118345 43.69097586400201
106.30986412601524 0.635074359927796
145.72206926584911 71.03714144006963
88.04485536048479 10.043264030430013
142.08888826867775 93.93830106870814
117.06894945183333 22.39534090597503
122.46324542814567 46.40769767117994
100.65081860639295 107.45151773986117
109.43457503143306 29.519815924689674
92.18926568442433 177.93880606072534
102.29084058937359 27.457521524973146
98.45867383287825 23.800841749772786
123.38926040395141 263.4901853444468
129.49901901087327 85.96098096024917
118.68235313162299 90.01538644284122
105.29953791999843 38.900820459888244
90.83312201880372 65.17593445469711
99.78601581005594 11.388579553291097
111.20033889023124 40.49256420657462
126.70851249377075 8.028549911803228
104.50945644272768 10.219557930193693
116.13888493822077 23.98927631386195
97.70320821985312 16.387002989633878
100.22511619689647 19.095856631058716
103.52606620995485 20.826297625421365
128.64773311348836 21.34282109128464
124.58972596157356 -6.9401773338685295
110.31267118284225 -22.564061644913405
123.07994593232264 80.21048940988736
102.44706746742375 29.462962979516
122.09288142857059 -28.032763304693376
74.63252144124232 67.00091985852205
88.94825429823463 -12.718285214675335
108.45878390901129 -8.68518951507828
107.74840752378749 6.682682639541964
97.41253940192102 167.1571694487363
91.8564984538766 113.23665183750522
128.85336796588885 3.4634161197825724
113.87792702972102 14.212081803342997
84.67172269773572 40.73220554589581
108.4927228486089 30.941755206259568
107.9524633474034 19.183905405578447
113.30825972160238 47.999031900995355
108.12816209452296 12.541551109507141
124.53059697791122 -21.687806173473746
83.92051311531222 90.91440985318467
105.73672419243893 219.56747435496771
121.53384075580556 83.54160971911277
116.89405971594965 25.04157301219313
111.47847593297013 3.0409211721640315
79.77088135620826 46.25356822665375
99.45620604766435 28.440252838684064
122.28488315585429 66.35624752285766
100.56074951751646 27.085878365348506
109.59080943037827 72.02956610401176
144.17695759474367 18.012281091239487
130.22494980869672 42.43793790036175
118.28829925007818 48.22367362918583
96.62287110009994 3.8010530120722814
44.7010010767047 15.822218038134828
50.57681160192073 100.7967493904788
146.91932692833888 71.94878760895429
92.76232431243537 19.813077799453097
108.30939215848383 4.250508999570054
87.20775336382069 13.77607561663535
108.86469894896516 21.688296425423168
111.33279168674164 13.927136035054644
137.0500985545428 -1.2890322509185788
50.427595574036154 54.48504611260476
103.40595897403826 20.104693642384895
144.41926424828563 74.8630534771629
110.94769544596765 7.000174816578486
102.5774193294404 11.406401489299743
93.24373913039993 -8.713755829315318
115.2964540801663 -25.387498933732658
94.47426052328957 21.01098333677732
64.39266614869712 50.4311975941674
80.28715742326797 8.403427563155573
93.57414208586464 18.502118342426844
105.28538945263227 20.045524962235998
130.38342116368548 70.57601358356958
98.75600762887858 8.514546747789833
95.9479419727314 23.345461742763707
105.7018961901213 68.93787270200973
99.54255472877782 10.899585042771626
111.51972643631811 17.771710661758764
94.63976710295987 120.27009944212956
57.90893806784669 152.5769098076228
86.42482301261688 23.904755051865752
101.89211147255033 109.88302373771134
113.57696312393651 -5.002390493068838
110.39087809404288 21.912336344543665
113.40360968223645 103.61745379682971
94.9932249119786 60.873391743133794
108.0866995110909 -48.006387610927675
102.08635685699373 19.69053210386869
109.77449192426563 44.70721578999025
109.64575583808673 -25.12835434547151
57.64955814815047 73.56101593819096
130.3652795517169 128.461834626821
98.9379526817122 9.254669165002445
112.09581985787224 110.60239202960703
105.17394537635722 37.633433250019195
97.50433817792401 83.52599842893706
111.1704590618282 59.94824107316604
96.17577648110344 13.465726303576538
107.08724847316017 34.06443371253485
134.8955561992487 15.587204384835585
114.91740571751721 80.76439676734492
93.48115115159352 87.04208003135757
121.58485435401663 25.966769694440682
140.6436239668342 9.331803669182506
91.43735456081635 22.771620693465454
128.91866705242936 -0.4486228619039032
148.63612749588432 161.63937296612107
77.81886107076231 113.66029097987969
124.89686279673043 -108.47885617945828
76.68533619746381 114.77014821354685
107.04534340229452 214.87313094965916
103.7079653306171 20.679541398319596
103.51449535349956 51.98535136808127
116.89579866468739 -2.7432340436787
79.36190775198692 23.64001295983382
100.50268347002691 5.385075505240474
99.76420168985092 2.5902081088396223
114.89784118645478 65.79237012137396
105.45483373244834 -1.8501020608747616
109.92147282950165 2.4079191812658416
131.26135240061524 22.95106720234029
90.92958817135266 15.810466375808472
111.71999981956543 28.894489167536392
148.1726962194287 45.71695324776028
94.56604536981445 19.75845837917318
116.70972029669228 38.8254821032933
110.05616742061626 18.210436013205197
113.23350039029413 21.23761456401125
106.20510713313436 166.33445232823982
117.43890716303189 29.051277016902247
118.8545588341568 8.67583769195066
94.0352718562549 -1.3792962130738853
78.14757990330625 69.4172415599305
120.96986874862365 22.560353711238726
104.75673851144204 0.9224968878434101
111.36354265509168 12.98725465102467
68.69499428091326 -7.794690127804552
109.08696389967203 16.575310090489413
109.22872221565 11.578217515699878
117.60259525169337 61.836581568317115
106.00899577069536 42.62690213005852
76.55367265111889 32.7419376133947
105.24828125210077 -1.113335204736356
125.62015744631968 27.986638794131146
76.35424782122145 18.07194414022438
101.07334251964912 28.036171734292754
89.27147088238537 26.943192343421195
124.52739255027996 20.767177556936073
97.24846824385983 10.266595870235516
143.16104672794708 6.571392551442242
107.8141970318472 15.10917495260527
86.12926025254146 163.43517390082116
98.51769273719565 42.27601940974314
71.56571618406252 165.40360796590852
109.89230069631571 42.25191629824061
109.72785092395033 12.274347935903469
118.00857789244198 18.764459719925323
144.66345032142073 36.43514176159332
102.5478451436361 22.93735081605472
96.38860299302381 -12.51719899327325
118.6376058194621 38.12148878906314
86.01570713192139 10.135013309299149
92.56842016617783 94.36757718527363
110.44127384823285 2.161093302338515
106.13913721440737 32.250209683436
131.96853966559672 63.747394330311366
110.06249858654934 12.482126205876146
110.13676593673003 5.599827784577312
156.73377468035775 96.04014504933559
118.22918184761694 39.831109889143576
104.26480473017952 5.854532575999562
111.88944038650588 8.149668223671991
112.31680383468468 21.0113596243672
86.56356912548824 1.436624731304272
101.00161211371747 101.22770645191143
112.63871261637837 11.325736250013568
139.19704741181295 6.208511399500422
131.04152253391064 64.29861433428977
113.13269813335666 198.39499042998338
144.18107105081137 34.707452472808974
119.07202055257129 35.05967291533729
84.37168498296391 18.81729545109118
133.3675502371195 18.196057840611246
141.31405372812702 163.74326330651778
110.80724583541239 55.83762025098096
111.22812921287496 30.49367863778089
101.30767419540018 35.01853639868136
93.36446574413975 -20.474584555324594
115.90793774705149 27.15442807022093
113.29417343067466 56.565346721313205
110.53922577563604 -49.50851483310326
106.54976567639976 -26.843097759838567
77.84384322226477 3.816722571670326
95.57023376778386 0.03705212209570763
63.866490919433076 11.787251819571047
93.22131409662279 42.3588819211234
107.90923338555962 45.47189046122388
84.19406171364213 108.1757430667333
98.55691234163669 34.26105312450332
127.7013536381981 19.34703439839795
107.5111825594873 18.889505894741053
74.04247340694324 75.67639387797954
83.77685133679816 18.376155537798834
108.89894239624864 17.64979086199562
90.35647795375218 10.235459213184788
108.62053699512249 -23.507179902775125
85.41259187591497 -17.964530266374698
66.77065422644891 -4.816591951586547
116.57593943686325 82.6059219340358
125.65536707854764 -31.308782080601503
115.64750785244897 30.92288514930468
126.44159571414451 29.06499181528985
58.90223830113625 42.745107527426796
105.59909286335674 15.6984686155955
109.72747853860544 15.600920172554169
110.90483636219125 13.70747355336807
84.38636948556405 7.952576498480598
102.00007355417308 14.203990292467154
74.72345017168915 36.166346107053585
114.97035630931322 39.99826433922108
162.98082304544053 87.49403842360239
110.76047508881307 33.364534770008476
118.92599032281521 29.810340063939783
109.43393755345217 21.691397636700305
116.6391849342959 50.468563133798945
108.22720626806462 7.77933322455101
-13.852378060697669 -1.1835716204602122
100.15864451199029 52.98832189759249
136.86426497635284 76.68135404271696
103.9786984074389 93.24498392390493
96.1472095622812 24.177882989261683
115.08327513056865 19.6447273735168
126.33222743744977 20.136187320934265
121.14178164908175 137.4086774852128
125.02653355469077 25.29192535915939
134.5272184285928 24.647682661351972
79.2728010640926 19.948648828831864
102.88417356414311 151.63685820486387
127.66962378326377 113.14837425579515
120.7857299118788 57.23739588423455
109.85411580931569 8.516425132918945
95.32400741987122 2.886250357577766
100.29836295018241 25.358116946884163
103.76883285318395 17.87474459334063
83.32376548764351 97.74119112717511
115.67516025200126 18.416592536446444
104.4897287428278 21.787720796483228
111.44503160010088 8.640623299097657
108.7394901240441 -0.2784972975103228
73.22091504598116 72.2302429147098
90.717967633491 12.923586670235409
122.9701383333329 16.690638684623522
102.21430085830012 55.63944471583493
139.5704911418712 16.196110522602265
159.22046634043485 17.659274337904932
113.6767578230533 20.28794485608955
106.00849564920561 52.778152732723115
110.11743903521548 -1.325172590492081
103.70431965049654 185.87641312494242
145.0332318331182 156.1601519801749
86.91368768105528 47.183443709906946
110.73785549703798 41.36786065923817
68.91969270145907 12.468147621256545
125.54471650706301 5.733953488583804
117.64480561608885 -5.268989691464596
