103.66653225683304 22.568388560776693
109.16843694254517 29.072333804353775
91.75450369112964 215.76982981577433
112.3155601699095 -8.500646821431108
114.07403750532283 -1.3110011551523213
129.67731688871467 84.8339008481663
102.88755345886474 18.895036882335884
104.05182634185712 9.023384400545833
73.66926979980477 7.786472889777903
109.52352081606931 27.012684361840467
106.49523900681949 19.86578275475506
86.0908119732261 14.95107633504353
111.90240207193268 -3.8984134040592657
118.74399402223541 62.95824233141465
123.27130568680263 -19.02568977816314
156.6725451036688 27.404607707771813
125.58562331783453 41.84139478630062
114.76308835812466 37.102976688604855
111.190747217963 131.9919824131851
92.96886322571686 29.36305382155871
127.61418227542367 7.49801353386286
127.98992444221743 45.823703987582306
122.49310556859534 35.64208151904876
106.32168345918075 -118.72246251130923
109.65853039456006 19.08054005446681
111.77731948448758 -24.074896042177006
112.30661343739698 24.277965532809556
109.60857813808444 -7.006615319587915
91.40508123470198 50.155196833346146
111.048514193303 49.270028249346566
125.69942336799342 120.639547090465
106.68388295517215 14.084740229753992
105.06199228906773 120.80106919636083
97.55761149252983 -14.367162947038047
88.37198783512326 -10.336282231879911
116.00156419078955 25.10427656199459
137.2293967042115 101.69448556449811
101.87197297321704 14.942803790848224
85.60804491852596 96.33390620025895
71.83051264145547 14.324262030210328
143.01814878842964 147.92396408905967
88.22637000286022 119.49523262408768
138.089620090671 48.688193016006146
136.74244459450426 18.923669392024674
100.9989497385688 23.482174356257044
125.92272213723668 167.16373430851422
112.75758495319245 1.2589945913091936
106.61583833932244 41.52052958849217
102.76592455295405 5.495816130443712
141.62062761758392 113.06791594606153
98.59557838366922 10.54665795650079
147.98316424658938 82.43912233100636
149.78038930513435 41.649396808519704
125.95877525445665 27.40169734397945
100.31203556209138 114.3545313554262
110.6216787997402 32.13461228848711
90.95143122852615 149.8961089278721
92.3494300586495 32.78836576655413
101.97705642055881 26.16276764826205
120.51747383559653 284.4992597889014
135.3102885559545 90.98196076142341
104.41094923761912 89.1840733862309
102.6716018490551 40.875928493811024
79.35221304633897 80.59860009790171
96.2333560318944 15.073892119026478
127.28828788624 57.565872098300844
98.62344938036438 22.517798452471286
106.73160199735418 10.859477530251084
116.97830960732247 29.723706633325232
102.8203705471012 26.553232976904997
103.892351969269 22.720102745343237
95.78895087631759 23.53868369031323
134.87380006165526 26.89573612465546
121.94792729248552 0.36300817366915616
110.17917246247698 -10.338758403060364
133.78098481159756 80.80684068795242
90.28451916474484 36.43382620627477
120.1265703414583 6.387376060865126
70.26968812647536 70.00899947719604
81.24063920725055 -18.46354157280471
109.43670358789181 6.233132335082059
106.77535727414373 15.298082365414594
97.7914951086856 171.32706239069452
99.40157437568205 146.1977253757721
145.32738505415884 17.478728545469316
115.70018029537229 19.32848327335189
74.0643985465882 50.907221350718864
110.81233151599537 35.07364650371712
103.18655955248094 18.99322351375485
111.1159355707435 52.99124591315229
117.8135928772119 16.745477641836167
126.73323454897144 -48.676251070225895
89.06280043579525 80.80621928576058
112.99824068811444 270.1126973701718
117.20908725141882 84.5131060854497
110.17642115276983 26.47050284954267
114.56179301104612 33.567941901530695
79.1502139331869 57.786364069829496
100.0845436540121 33.770215840575354
119.3412628336906 65.8703068220675
93.92521444891635 35.52864147726447
86.81996712805073 75.37530819705997
117.4085258906556 17.99410314504332
132.05859912221106 38.918841515996114
118.25321775408443 44.986127550313796
91.61325838903132 5.039284917023963
42.92668795908504 15.038751714955264
50.66079204301087 95.80628075045477
135.85287022508356 72.17331351346563
94.58511116787186 19.731199955627414
109.19678414516385 11.086185637611596
85.32727906578847 13.25549533842027
101.52362855534653 27.849895651981093
116.97086032193356 14.24699353727302
126.32845194907021 4.211374682867072
49.01765049118076 63.85571865705222
102.51564439234956 20.249430471276796
138.97327546381413 70.89016952884211
113.29908503305298 12.050663493972058
106.94657163602615 20.30827901023285
90.39617197284599 -15.970559452943066
114.2099507356262 13.461571886163217
92.60497113362987 23.373739181641298
68.22712934431274 42.86705492241062
91.52233341904551 5.215013985971867
100.44033343655043 18.791136406159588
115.78711420010627 19.23953274554724
111.90478098672904 89.88846443950494
107.9128339854629 10.852740214966136
97.95731418043543 21.699728127822322
101.52866324212948 67.5573906106032
101.39919877716366 9.983836904107504
115.85047038843787 24.874655477557884
98.40225543773036 139.79170314401495
50.745967596271086 157.54676616783016
82.11507730024572 23.887110737336837
109.4532673948148 109.49965761165566
117.95176871806251 -23.46847876603006
107.13399367249994 23.72185110327885
115.17571472718487 107.37646510040825
92.31950492348014 96.53557950202158
112.50941816004061 -14.89445863305305
98.30009694628991 19.959967848585606
109.93526202394612 50.86927828883281
113.71033548914822 9.89229017757969
63.46764229791089 99.61021275132704
145.06926480808087 128.23510943312678
101.01294823968473 11.774347202118488
123.22206897225902 129.49377142016218
105.89117192238935 69.36481654976001
90.95995112201157 79.25350913693441
100.36244032578591 59.387467495618836
78.03296573030364 59.009082218378474
93.70999973912674 48.68781014730286
123.40962575956466 16.861483525815945
114.53154186387984 89.0135382303163
87.24536080660754 91.31112011827227
122.8764935010179 27.78450075298643
158.09093725403253 14.310750080047466
89.5902536629079 24.781284386762188
165.69632089364342 22.379989979978788
129.04122893383138 215.73443786132867
80.72069850124318 119.0558969493106
139.5116364152077 -81.19632207883829
83.77095275999831 139.9841486217547
109.688783045407 232.5226079575609
97.19140981377791 29.346665146769986
103.25135606954885 50.16460041427466
131.71879025690947 23.87353739128611
73.0697108118481 11.730171641633651
114.91828711067018 -0.07967984400563138
95.06401887728296 17.1354428762083
117.91464973059622 102.11337367137286
104.34199867383813 -4.571251582264743
109.90153602268437 11.11653841023554
139.34233496045985 33.037928416888604
96.11118132183994 16.308999734284225
115.68962645379527 32.63067191000186
157.43597829510284 51.898057140669046
84.56301227087155 19.440670347770475
115.51135621045633 43.59663898667127
114.24858585152855 20.74793607857558
118.01858860870942 31.096422811521755
105.09770245838978 208.62217400287935
123.29631791733402 33.4525093486497
118.73796125906493 12.586725684795837
100.25768437025323 -1.2164559234451033E-4
69.60861834005452 90.41343611065696
123.60664598185124 31.42840301209165
95.52044708117735 19.96481190329234
97.39681951498038 9.215084768575094
58.09778713721684 -6.086182734931516
110.18527729078743 20.824138164929572
109.5617108817691 5.5706124518280165
135.63086179723683 67.95132082492388
106.66165592508551 25.617936707610376
70.57235436320536 38.40840818432247
115.78478214056004 23.20909605380314
131.44224929675832 34.813842077816794
78.73966701571557 7.466907284785446
94.91781505986559 31.911503275460536
96.44207468031644 32.831532672602656
127.89965459103297 30.115451705240268
97.58255902314815 11.577169428817625
147.1556020953891 2.4864741222205993
108.48917477236952 18.037708617074884
97.44730480337645 174.42658671498836
99.14263421252603 52.00520254596257
68.55669199230822 158.53776512808327
108.2619099661701 53.121829005924056
112.27139955122011 11.805414921654208
122.72573041353309 16.077638674322944
131.3652292833384 23.108970454634523
108.81348378499646 28.311906272949376
91.7495905229131 -12.7095815469979
125.68146860537756 27.906743482907633
87.79972838905724 11.507755095899363
106.01928403290873 127.50619499142445
110.4173603775403 1.9684751776175389
106.94619260968956 40.70183145201893
136.9558360264424 74.14409792000104
115.7168105713555 17.408847241264652
110.11143188751092 5.655336666771096
171.79418674583 119.78358992275744
123.67537448417507 51.020893172070906
103.26713485272279 1.2929168772030297
111.30927409512813 9.09150422305908
118.53381118128561 20.04715283795064
76.10764517623227 -0.9660853221238201
96.87895747867232 139.84073374545818
117.96966095932595 22.844013225724964
108.00493653819316 -11.886636508872467
129.9767179530801 83.30293664569368
122.13636512146552 190.25301626893395
139.6051282279692 49.450024791253995
122.78598571778984 40.528390914853816
84.66321027854735 18.31647801324629
137.48790389706076 21.033622424743523
138.537403130607 180.40667997800355
114.0468669384851 67.66242959918276
111.13906569137538 62.88556934568777
100.4442224164357 33.823305305490415
102.83747251181703 -5.085137744849031
111.42834071658463 31.96937974593523
102.16403994718044 60.62437175159873
115.86208686627751 -60.43134260929718
106.16573946611787 -32.800081547931256
79.579883971455 5.36854630780008
93.21965984714654 8.424773894759795
56.13499514165468 13.193353197002189
88.28453089313683 46.02426715615961
108.96561173768181 78.48756261178134
79.57750967575626 98.56998965929476
113.90930437815561 60.01217170005765
126.00556724278685 19.346708248400756
109.47537948061137 21.276027203863826
69.62615929470253 68.40467271852819
91.4278196809162 18.63373506149922
110.8485824603902 18.743858787861672
88.6913786908045 10.24461239248358
109.52087092862504 -12.399957168786454
87.53735036425341 36.48591353038981
78.27602492679405 -6.240007911765708
112.27337453727478 87.11400929805352
125.9423862456141 -44.42970593750104
119.26146731621235 24.591258123645154
131.56023969291553 66.70365438719234
54.64000654558426 55.290782050019125
103.05938842338878 15.632297782009838
109.62240691010513 24.22956025282164
116.85789505949259 11.21429342080394
93.04053650886004 6.872246934367657
101.36745280374436 32.34701593002863
71.35231151571031 82.92792009804612
125.31542828072708 29.733801022591678
176.7373782087227 68.28007557414611
108.66443180016184 32.840912212568675
111.11675948389058 37.20259533980891
110.64000068741716 26.192423753480362
116.12507746139083 55.6155955194227
119.44502327398344 12.391367572009944
-7.8681696561976935 5.131862224594385
116.93612903778578 79.05509289748896
138.44780766226597 88.63991310761283
102.87973647655058 104.67531261546168
97.60832809170995 13.34407093853354
115.84923832457885 20.13431253876475
119.68418807371778 19.679146977039924
123.56593316407911 142.85441646888154
126.36255295267334 27.89805971446586
121.01521805195404 23.14607029126581
76.46653058339525 23.503837795115434
103.82902134278376 152.56856939642873
133.52032355760446 148.23717576588612
118.98551517678683 60.23949632844399
109.85482054532923 7.434690632991797
94.10700855284175 3.4357333320239083
109.54004667754386 21.250951206779085
113.16154181861938 38.26804913559053
93.45700690832095 118.09620517760479
112.77777524169069 18.819733667513965
113.80914396916184 20.090399707148467
113.65227919597534 -3.074767207633893
101.99036106653676 19.736714757103254
72.77063941069956 77.92808299885816
98.63342813116847 15.078782317227482
122.46224616091897 18.742059133557504
104.11587512817488 48.5485683307996
142.1876151923515 19.172691748623922
157.99007198489795 17.747428457847793
109.05268248828563 25.786947785364056
106.53010181067506 54.15067574222333
110.14039477080993 -5.789914945517338
101.98950980419494 194.9840022052474
149.84942903065647 166.59496120661382
76.41753659059921 53.90210242427571
110.83036397115329 42.92589328407426
75.04249697217864 8.069588362248135
120.25228433132618 8.32621658364121
118.98784630589522 -12.138472178534489
