103.25947377685092 22.712418494134827
105.03282770731843 43.84234232977746
92.4043253572752 224.90827908870935
113.60956817882528 -25.559069606509652
118.41086264596237 14.44273863342232
129.8092800822876 114.38362617717321
102.13299692455149 26.264267340992387
102.44345304927339 7.5072472006897435
83.40663970468435 10.328417570692588
112.71968417039625 27.627606898792735
106.87278411668092 22.38790819488171
87.58347331157867 14.496649559957069
111.79283847933297 -6.620214897991358
125.45789803330679 87.48319195394
130.40167889091344 -24.56633825403312
159.37293960143654 22.96839855390647
125.33323078668488 47.08117584201343
115.43023977080672 39.33242690984929
112.95501433370497 132.84677313431365
94.67657944721778 25.26038807294881
132.56890501631784 5.424965992137803
131.00463337760522 53.64907905686914
125.06897657654194 41.85323326970797
105.34593642647144 -97.17878491357669
106.98868487957515 45.58246469336795
111.93551817733093 -21.934353304964166
112.07780449041519 25.103103300459384
109.61244823433161 -0.39849516861212253
92.38802305318305 49.18972500766098
111.37960759873874 47.194217500574304
126.33980376305324 128.05630245231194
106.67968200438368 15.403384544656284
98.96337889594837 135.20164457928172
92.77633485498441 -9.514412490609832
93.98215302081331 13.58253519625574
115.7462154032976 16.765383183427286
138.76569294769246 99.85018469696911
97.67397100077822 16.85438682851352
81.59428433432689 119.03805330151495
74.93924455226721 15.543291027641104
142.1423390589995 156.69174877507226
83.18128519192655 129.32537460826865
133.49100052811661 34.86614184364216
138.34121912416705 18.773462291329295
96.9952350508227 25.24528770440091
123.18114273814112 160.9466283373079
111.53847861104269 6.53227677515622
105.60777583862101 38.920624539081054
101.49720093961885 8.714897271067624
137.24264681526844 133.14254196311822
104.4674865871472 11.46998887679238
148.32931177106363 72.59085951724656
164.67226561367184 52.882953115838184
126.75584667397982 19.683344611715913
100.74374090597045 112.04302750047746
111.16056880497348 32.484509542396935
91.85027643768251 129.6738886434274
88.19031190553672 34.757864392433575
104.22200971097395 27.001402927508227
118.41949978651023 285.61579154714224
137.04463549301994 92.81604928445918
97.58877664823119 87.61895224274792
101.80405115233543 40.40750725002048
75.20874489490102 87.57627620446529
95.598642139287 17.268081458152892
134.3828523474162 63.59283401395974
84.9616889642858 29.644129221243702
108.04865064169958 11.722338249799767
116.99272572675048 32.04877759159432
105.7112459887397 31.323827006878776
106.26547252171099 27.770575882685982
92.53900492974833 24.612327845466528
136.7258471336231 29.383663051064474
119.8987313575338 5.260241622611363
110.09294276019797 -2.653577222157704
137.74031662978143 79.8086250496736
84.93910844157377 38.824072801264364
118.40626710813301 27.242589990270098
71.07527756723032 71.96092354030723
79.14638328586854 -19.819176387920866
109.96918809882952 18.586538133609398
106.50196492214816 19.947473998921012
98.79574313226408 166.1312109276995
103.73555983523843 157.47357004623623
151.01574908988027 24.705477846100624
116.30094640894417 21.915526006043063
71.08864912386133 57.98712215065071
111.93285869551052 36.360840689099994
101.18885308795902 18.91078571908393
109.88123674184818 52.55767973571905
122.2606488944491 18.951512774153137
126.82492757162792 -53.35596004100764
92.46642425402601 71.13739835090361
116.4561759610644 288.0226247322444
114.5373656606696 84.43212418805143
106.74007439996218 29.00801433734975
115.8571973451103 52.480855635702454
81.05161339797391 64.17911676077388
100.95560440548718 35.62292704088651
117.1822349961798 66.7991453857229
91.43377105763923 38.86753210173799
73.5917946351917 73.80049964997545
103.29817774516349 18.04601407255754
131.45975180698767 35.908759037076926
117.69999638680447 41.721174703815414
90.25094960489461 6.537093801450476
45.90576237845607 14.855358105094124
54.15055815082265 89.08350059924625
128.59481736774185 69.16394553401834
96.3364495635531 19.66700780203186
109.70263996537341 14.95862419450911
86.14917140331059 13.393214224960468
98.29495372008486 30.518042967345455
119.4449756584271 14.73938136245435
119.82724974829024 10.105169027024889
52.78615498985842 69.65484307005882
102.5119796529121 20.293330189015414
134.8344661903567 69.1092759116003
114.29088791620046 14.87761706167513
109.4223187554355 24.731827260292853
90.31956017317937 -12.199713719193314
113.35901893770895 33.504618276575584
92.76724944854789 24.35365937156757
72.30802125182021 40.71017328471184
98.27183883293971 4.583441953652396
104.49074131071028 18.990426445439557
120.8022330580499 18.835638922033933
102.30991395977497 97.68577827693402
112.67964805400163 12.496466445045048
99.71986302273486 20.751860214864966
99.88304677069077 67.21758640583171
103.00397052099088 10.014661557098282
117.72791557550181 28.16805887745541
100.98777556044215 145.67851895613742
50.66706541881928 158.68212094586312
81.98494971407625 23.668845773823666
113.29569253837897 105.33485086023157
119.59828829728224 -30.400212221177945
105.63916917127392 24.41847638511728
115.74974399308981 103.94907874450502
92.42721494692239 112.24531578813603
114.55842711414223 8.20644392066124
97.1488595925242 20.058361586158785
109.98932770572168 52.19728037488405
115.55030946404031 28.544075330197288
66.21170150859716 111.34079216957645
150.46226015333775 123.58836490031177
102.63451234380076 13.49203085327714
128.21056582919624 137.05154604967174
106.47951105838563 86.45115835760782
86.34133920932288 75.08335240731076
95.2141424879144 59.46242120451519
70.84878608313842 83.1042465625832
87.990715139979 56.67668725109417
116.63006543963266 17.62583980604294
114.0786295577769 87.67761012507573
85.6640840489414 90.92811898822697
122.63959331042162 28.357499416190635
164.36017560450097 17.19150501602595
89.970921044258 25.431305934188675
181.0196828788293 36.53509977624893
118.04921832110524 234.97104784749678
83.45124958302593 119.70531988470171
145.17672890734858 -59.00919556892939
88.57963878465598 149.9221420513993
111.06173210559486 229.1820601235746
94.56012604480614 33.248748096224105
103.48429786669824 47.534883784118236
138.1483020596867 37.31147193928727
71.89833484669843 6.180865040188406
122.03450787406813 0.9123755103830342
93.57914676653348 28.46350272269394
118.8687871241079 118.52112310612291
104.16735814675141 -4.450985581394855
109.88702918012194 15.90024772445593
142.22321231254588 42.037384700985
99.61568584982365 16.780657339880328
117.32442579878705 33.71196172492122
159.64467787543455 53.06688224193092
81.17331662983149 19.266980933910457
114.55485966706247 44.705089168917176
116.03711946808 21.9897321872543
120.16917567729466 35.35212724714679
104.80127503414164 220.5352286023869
125.50469711335982 34.90188909437379
118.09210294381441 15.009672967020013
103.98483590664625 1.8543748323950378
67.77245458246709 100.83239738954653
124.18455622900353 35.227550316634485
91.61676293870599 32.88926144065904
91.26263859045669 7.882558016438785
55.046580922474384 -3.244676684401646
110.72811110209545 22.925660841985074
109.72496900218934 3.316432330536297
142.91283056564538 72.55963359384735
107.18568707321153 16.490203954994442
69.97494934127836 40.16406312671117
120.70869589069056 39.99778195998228
133.04214641786325 37.19940149851082
81.8105367113417 7.494002616966815
92.84694105874951 32.97074454668784
100.84830574671405 35.1157592352073
128.52522240632348 34.261240183144146
98.63239565323425 12.71102714399862
147.5604363157665 5.89356031582825
108.88479322203563 19.629850922575134
104.14535933768185 174.48545005122548
100.0221580472819 54.560603628270385
69.9482535302501 151.7265802922638
107.53312988411476 57.544838445109676
113.37009391448943 11.941327293380297
124.45870700628724 14.881972624145181
123.57665120459951 15.949884392308077
112.05602878038954 30.624164881249918
86.472988149847 -11.30029263083506
128.12388487168153 25.56874937269447
90.02847578549228 12.733478175215918
113.09304441673545 140.41597772159838
110.38142391791247 3.178923980669624
107.48857742607944 43.19046900987875
138.20255189432672 78.47656655341036
118.16466747515867 24.577428995352868
110.08178814082417 6.355471466128791
175.70830888207672 129.40198922852466
125.61719964279843 54.84111296251292
103.07443024636204 0.09863495007756284
110.90939386448147 10.139195604302705
121.20131558952691 19.514033891742642
72.88300443958249 3.3223682254872084
95.5879021478315 154.50090258752252
120.29481279236258 28.537137974555748
92.10323732113031 -19.289604305731633
128.4342293513912 91.9499418929603
125.91991408209091 181.26241925839292
135.7136798969711 57.46568356519624
123.93343278638388 41.92558533679496
86.21372370677464 18.12428561240896
137.98849839568982 22.399699021758046
135.5743008062853 183.37358018809385
115.3948417742317 71.02243997921667
110.97512510620128 76.66942781228548
100.52674817563434 32.560557677851854
108.2768042123499 4.554186021807295
109.0275396399382 33.58143159127584
97.01657148257318 63.841983358630394
118.05096247404761 -60.48812502799272
106.07400417513557 -32.378811467626576
82.75947343988574 6.928970286822435
93.34468865539016 13.436904109464988
54.25746475241706 14.185764358993207
86.95207106607732 46.120261343487776
109.54448657279606 93.15992744811511
78.72658649895008 91.47243702429476
121.45182839221732 72.58176955838822
124.45892000429534 19.34503462315112
110.49651024586271 22.370259965676073
69.11056316102159 64.09808784235675
96.3543991486623 18.812642051679035
111.77686148028351 19.445166632750457
88.60079273354991 10.924640213533085
109.9984365119327 -5.382874955265197
90.10349836108036 66.04649794073602
85.60605913931161 -5.530560487270219
109.89058656086601 87.84446098256056
125.03634049821575 -47.417511424792494
120.45373317180088 22.23191826554505
132.90362709600078 85.76677822330936
53.54078070840798 62.80279889972833
102.1802655263531 15.873844838825546
109.57528210123608 28.404959322701156
119.41474568096318 10.372282925668882
98.81575859024814 7.197222561889531
101.46927020770543 41.0178917154621
71.80921963851553 105.82540511479287
129.62367863914844 24.87915531021151
178.99835897135793 57.57390030226126
107.62786495150493 31.726103290724968
107.05707812794952 39.854222625595455
111.20440677892984 28.02008350396927
115.46232623575179 56.27885830632907
124.64921457993646 15.143684048050837
2.46737595295125 8.692361098741696
125.04294629830835 92.03195484253479
137.90947853940398 93.72163997837146
102.55272122345016 109.29924275631298
99.24832727289653 8.123015478923964
115.77460872819888 20.343304465286263
115.7096720982079 19.424622638589533
123.85487126265701 140.7979042095138
126.05368831519623 28.70308609242694
113.46126103401835 22.115810078321672
77.07808960298617 25.046883045660124
104.60926410406961 149.41674933097426
135.30010166658457 158.3754146238068
117.4254664666713 59.115630085904066
109.85476323425175 7.539042655806881
94.14483555813187 4.485729605692698
114.2528551622193 19.09423849448503
117.78963008640078 47.47448622237594
99.51526732346075 124.67874389211784
111.07710581034527 19.03921498354289
118.35524321984957 19.186163159735457
114.5282132491131 -7.691626867862832
99.05495608536668 29.898240982838647
74.37411932385093 76.96574990588681
103.35730354584379 16.46698567521723
121.2689195799533 19.84658739746538
105.40134293956068 42.841696570147505
141.5334135993883 20.68508855127684
154.48487629499633 17.89611842910895
106.72570534212124 28.257555687338172
106.99257667662349 52.99426253067065
110.137710300941 -6.387068344577639
101.63583927369551 191.39871429397388
147.37137742613467 166.87176928053992
72.68768004924502 58.858354873314305
110.82750070074168 41.813735591367056
79.96494852742792 6.526743945095246
116.96346223621367 10.249793424495108
119.12685359170602 -13.554638861053583
