103.21478223506116 22.734575057001518
103.03084931924744 52.119922755042985
93.1157197958269 226.22878267138879
114.2102222800161 -33.45860715957739
120.43250662740543 22.383138391121765
129.6888498186878 128.27375770392862
101.8636654721361 29.835177471055086
101.74026842253832 6.861252185215023
88.61152298309352 11.776326839960321
114.29068665433263 27.81380295292893
107.15707407349836 23.605735859617756
88.71711223547032 14.35926573056474
111.69252130524818 -7.802693907914578
128.5482569600756 99.31377479428942
133.71258253710118 -26.975636135299972
159.7067384897874 20.698405495951828
125.02345419799292 49.40634026297215
115.65626886724807 40.10109373255944
113.81348939819267 132.36322857488307
95.7314606159358 24.04302631583327
134.76227250119717 4.566088548037378
132.18268578775576 57.05018394222255
126.29276553477031 44.72807773679051
104.91679406729399 -83.84915538461142
105.70087024603806 58.38276509784981
111.98197921316438 -20.310819111681642
111.9137484961764 25.38521373083693
109.61828628278197 3.028166098378683
93.21598516013701 48.026047658828944
111.52034065691603 45.651484291085005
126.41993088993222 130.63294330915602
106.71550296037881 16.115355810661672
95.95179698331012 141.5204809554939
90.58332124457088 -6.588359233661
97.0050899031853 26.105338451158126
115.55977830301444 12.603099305274679
138.9009401705384 98.7118060430896
95.66588655296769 17.863457508517552
79.95996136459556 129.48986986917726
77.07207377615846 16.196883018237767
141.1132695258731 160.3527146005867
81.04428088709005 133.52826516662614
130.69447353571206 27.676895121147425
138.61860729821225 18.70342546992266
95.10788651103283 26.001931992832024
121.51756342088753 156.24475451307228
110.90845992688313 9.339262894515478
105.18594612536405 37.28454946009245
101.03799013603573 10.405295879082592
134.72221878391846 142.69029212764792
107.51859982281375 12.019391419091322
147.86030618145904 66.96353175708268
171.44317568575556 58.88489871974049
126.84393048471487 16.396074256172792
101.07447326380057 109.15512349829984
111.40943225179578 32.52417251516722
92.72692907762031 118.88019510257982
86.46055546966127 35.55281814700787
105.45210165372374 27.254706992958347
117.23281475925101 284.358289981442
137.6355931749899 92.98160448306487
94.43334240599812 86.22853988753052
101.4776461296784 39.77735089308373
73.66063829473828 90.59723716487274
95.48303911637052 18.413748658690793
137.42354046998435 65.97603105096812
78.51754957200875 33.139789561378024
108.7441743520062 12.343656773820324
116.92145017788496 33.00317550420606
107.20083061270601 33.66192464846857
107.51336951119116 31.273237622385274
91.14613010817727 25.040136538206177
137.42981290030687 30.483702465668518
118.80777805007246 7.832795448212762
110.04613756240762 1.7088607179216089
139.30775816433217 79.51049162927914
82.78279015365362 39.75429525754109
117.37229355865044 38.00133114962516
72.0491604953536 72.78903132794541
78.54026596893398 -20.26343573574087
110.23661626674885 25.126001508069777
106.43272476065431 22.266445437251512
99.51275520360329 162.4566713331457
106.01627961183347 162.16938514388877
153.36168147552502 28.254676165397303
116.46028645013696 23.155936068690895
70.31220504371788 62.09203198570724
112.47859228286329 36.75682140758737
100.31571297767869 18.873754901013037
109.25764379355468 51.529976454294
124.296277014389 20.063595023366208
126.6893597302389 -53.90190998527613
94.30721162241538 65.54371142002093
118.0668250903028 295.3984508008938
113.124610658437 84.40707159021213
105.06520865751224 31.112097215341997
116.41461416826975 62.39333302909492
82.41166478145547 67.5724892445209
101.48859587273411 36.28180636417669
116.04274750837143 67.46458081050015
90.31164246879551 40.32956681078777
66.78258707409836 72.38181101340432
96.2726774514987 18.081963337578365
130.89011012997145 34.157291509014094
117.29170657855731 39.680340162147516
90.01274129569471 7.515361260029314
48.354253817293056 14.811708204362711
56.64794030206028 85.00648141807878
124.6595178521231 66.70806642709633
97.46247171981443 19.629446668324654
109.96037733003426 16.979611918567656
86.87708723089034 13.53925251481583
96.8453464619816 31.629485762557596
120.60945469610563 15.012843723642122
116.44950908519476 13.601005382563027
55.78400130636181 72.53147518980548
102.62684540826788 20.30063427116579
132.46766509283796 67.81361966256104
114.73878343139026 16.378231020307805
110.67104227831298 26.90381781445417
90.56120880966166 -8.14859890990748
112.88268718539388 43.44386576524885
93.11192539945343 24.764971008831004
75.00746183130663 40.417655725000394
101.87912529273326 4.4483187625428995
106.59138252255292 19.09417802853324
123.26077677460424 18.63712550817557
97.60927464889325 101.08271570437446
115.026083921347 13.431165967769203
100.76665595674186 20.25036476689754
99.15351568890352 67.05977089373333
103.89860185440294 10.203295518134906
118.57943462866085 29.693211802761272
102.43495015229124 147.27128843674214
51.79643015729593 158.87828755210214
82.34723514195791 23.478793601688153
115.13449875092095 102.18039698468996
120.32704499699652 -33.391067135613554
104.95983686764926 24.700557448950615
115.909453062225 100.83441868989631
92.84020756527804 119.63901266193939
115.54026245569598 21.05829893991174
96.78640428957837 20.09727844850959
110.00966784735246 52.44136548677661
116.40299867284284 37.78388432070197
67.53973606507306 116.67214851294116
152.60444767338512 119.79112911087576
103.53838030859832 14.439120160474845
130.42282039309555 140.0845515638208
106.82234442589211 95.15866207871079
83.6379293601538 72.80495677920752
92.79442085983194 59.277364692773695
67.80103961118176 95.007876696127
85.44829399191676 61.06183139924523
113.13579741808492 18.03388984283377
113.80247313513088 86.49504478771942
85.221464569187 90.5738920751023
122.3041648449038 28.48392545296063
166.63634889265012 18.697476636144224
90.44834806916829 25.63157104722145
187.3300885742817 43.99288377276818
112.44565368655117 240.9761086420289
85.00018501035777 119.181810758274
147.53326466009406 -46.280923548391044
91.37406369800016 153.51658716598567
111.73810509832946 225.04344211624635
93.46385466171083 35.03275691603301
103.68374114094935 46.04743697788413
140.96246753645227 43.73575893527577
71.727245015962 3.677747921134704
125.4863331388203 2.0536380979208895
93.13190752155955 34.75119208585114
119.2119995579488 125.48034463069317
104.13039545803038 -4.149662950426348
109.8786615425486 18.37012385329012
143.1945505763012 47.11351044165164
101.49741572740338 17.06055078001387
117.9837967410439 34.02740800504567
160.23410326082816 53.03584959939483
79.77148712337416 19.17915775856627
114.00629883953978 44.91529439928958
116.7962188453061 22.592949524669258
121.12484799531434 37.21896635104392
104.74607112554173 224.89565865930086
126.27184344301703 35.416512675247155
117.68236467328084 16.3115324016213
105.94365810216432 3.0983257045579187
67.14250802551257 105.33525367522542
124.24173251427187 36.96832110993872
90.04964850128982 39.43289251088751
88.51558736016356 7.390889455880914
53.976437234770216 -1.6445045961875995
110.98949043079652 23.932693938155424
109.80513464921918 2.454181309648419
146.226323759269 75.0439822726946
107.4816089127389 11.93985333497196
70.25233449140146 40.624702505100785
123.02104261530428 48.643424836406844
133.46720694779341 38.17153471895725
83.97886959224867 9.051851262711466
92.05595750532525 33.255830512290636
103.11577518028847 36.09994409691682
128.62960725990692 36.17595388689993
99.2724995770885 13.4308534008047
146.7676944888414 8.696524091906866
109.09424601857528 20.42740131040875
107.64249010241461 173.20803962008677
100.51059358178503 55.44370290601302
71.21846609471206 147.68178095498953
107.20707108773227 59.2871015373306
113.87472105707118 12.146173218685272
125.1860456057751 14.350294622655898
119.4860266810425 12.377345914217464
113.6488885294771 31.590196837588714
83.54774926345848 -10.210014888999698
129.01332873552482 24.551090503185957
91.4047946827566 13.486481631143462
116.5899405393613 145.41589726296496
110.35599324742584 4.1557172959899615
107.78566045336377 44.1071220488109
138.44101301045998 80.55098929948467
119.25871976887156 29.20359704660573
110.0630091498997 6.901633201941042
176.91592352666532 133.56436442786887
126.42937232685212 56.101584159170166
103.02422966389744 -0.08835473806637845
110.68841323105454 10.761496869901265
122.36311320012305 19.24420389761909
71.76537474282438 6.802597073846093
95.11662370635409 160.80960833257518
121.27066832785634 31.28828511790568
84.47459207568133 -22.151007027549625
127.4871193196558 96.0185032846079
127.50292471757395 175.23281646671603
133.44531988640887 61.34476128550551
124.27376165016362 42.10130194586584
87.37726486667917 18.06290561460255
137.90181320525653 23.017027767208784
133.56512016759328 183.69969664212172
115.99943567405657 71.79645767421913
110.8687972761914 82.80380484844765
100.65005134775875 31.82616179294467
111.05731499233495 9.54939010100303
107.83320927315665 34.2560447611941
94.67376274660103 65.63180227804733
118.99288405404262 -59.69899256722422
106.07528424560145 -31.407045946464255
84.98550963031786 7.978596334465296
93.61902176101972 16.071551189572777
54.01706280395798 14.764900853025859
86.68345806731404 45.8147624548646
109.83763917408024 99.70585557473386
78.69935719221523 87.22449801650947
125.02559141309949 79.04871953367369
123.45836616169531 19.344028906786278
110.99914630119541 22.863702336906044
69.22330227137142 62.081633804571496
98.903039013574 18.909862781225716
112.21659312176378 19.77903832520365
88.766630638245 11.39873542144645
110.23590339941987 -1.294504847563096
91.83224363169298 80.8355559650748
89.66437398757478 -4.844609557738458
108.68852165913225 87.61606814056188
124.33516856009247 -47.61746428750994
120.98389850299397 21.498716529590304
133.19146897989685 94.85190473193734
53.503976230795544 66.68747232466846
101.86012956856297 16.049279504803092
109.55432626699795 30.342401687675004
120.5825574186583 10.132164676183422
101.94181452025202 7.552492476346298
101.58097606039057 45.20126231189894
72.65753831187686 116.57854756479247
131.46247052817583 22.53635030845724
179.09977811579955 52.0072624007267
107.1179833871562 30.92458863307516
105.0551908806425 40.69888006194756
111.45773236341479 28.736539721100634
115.08392269765537 55.831036918601704
127.07865014919449 16.601393548845564
9.322555326227093 10.587546427498932
128.94495356164444 97.82247226038595
137.29329947400575 95.91007723154753
102.43943149147536 111.03967750647745
100.17165961779916 5.684714497659522
115.67716262373776 20.429666303584423
113.63102162047291 19.296517793496378
123.86754155931263 138.46733864625702
125.6451618636253 28.989334105582596
109.65118415142983 21.55180147906958
77.87255519772023 25.74129068068523
105.0933144948323 145.69761018128648
135.88800407068743 161.56642328805427
116.57405558991064 57.995150462587574
109.85459236658723 7.77410539911558
94.2712016299348 5.276797465967828
116.56641330535238 18.015902346355382
120.00965056076349 51.6174900168488
102.66237731769766 127.54344567265053
110.20163569588756 19.154278022143888
120.45950363784566 18.738198402168937
114.87829977957435 -9.616971108203103
97.73585012661084 34.83292298674954
75.76283899336097 75.18285426612569
105.79701724605238 17.201089771143753
120.49574836038424 20.39671966351944
106.11036540029087 39.53076708266601
140.67719548103346 21.432369505231037
152.09812613036814 18.002296395537837
105.60378695872211 29.414555300232088
107.25972533298852 51.9049746249102
110.13291914808146 -6.2146719998666375
101.50629137657228 187.8262136282293
145.37904176824054 165.36984470633513
71.55205121390361 61.33090936353204
110.80397028504622 40.973439290962375
82.93486044074571 5.942748319727411
115.2344608060491 11.371534052069475
119.0399362320651 -13.6189000992656
