131.3048921040687 137.06837143466817
83.74932376431089 61.76187366513156
123.62942093833006 133.82523319525623
46.84715851575647 138.60744345551782
20.164035466185105 25.55027853640532
104.19347074062804 121.84926119653049
110.46124357364185 13.196329857820535
114.16995182323562 41.035553178313954
131.99992112841662 29.676378892384648
99.37177136666268 128.88418483258135
66.80469736796283 30.43235389876067
133.5276515387445 28.404223819534582
107.85136941070836 134.760459178031
89.01598971643652 119.89037958921732
94.45884478659418 94.75870625048564
94.6717866496475 27.984872731161026
20.19919926022997 -2.9888560836979337
116.74152674416261 129.95801058259957
57.88495314977035 154.84879911733387
120.19850785510339 118.00300690899658
112.8957272145371 121.23420456720076
102.53400042723072 10.276325983976987
91.73109384996972 -4.941106650512452
115.81611011206016 47.1971699336324
118.53337978950843 116.76001523031074
92.73000055509708 102.06040362492885
64.21133377016554 64.44422185439434
110.10428192529038 131.4709556017779
40.26165789291896 114.20643604865992
109.04764549698186 19.04458476920356
88.1452240838012 46.95027326444721
111.08314289954859 31.466605936097043
93.80510139693624 123.6225964585284
20.05907854260038 8.4130112599417
130.5433143838354 130.65443352231622
91.74637765943066 114.33605260439839
83.49807901035531 50.61762573323275
113.86352750925927 24.465090847808384
133.29077870021874 120.39360577110725
127.38818036027058 25.170222793758843
85.77844734423937 44.771775076824056
127.43084098863719 130.27898563782497
48.93657857141568 17.8310981506335
106.88887161494281 19.322687802021242
99.09396927981741 16.204307749944476
102.16015659172396 112.38152506283704
112.1843356897212 23.66505993483105
95.02817390533531 67.0660363626416
120.2903876141359 48.48426095192947
85.58439580881746 116.76775438050558
53.805903290962014 27.187598972950397
17.08382666298188 78.49015858827613
100.39552943743752 113.9242709414142
102.21274374899328 115.7052982782767
131.87711098707783 124.96728734609533
114.26308752234813 114.66506053150046
123.80868138710892 77.44945465201
111.57811841378447 14.747146893782041
121.70092718348839 9.483393452851486
104.01070323302113 129.93402107306014
95.84284571429833 129.31677853072156
116.3541503635837 46.34335434504874
117.73271663925746 0.9543695460174904
119.07170566386104 67.89006722436564
117.9596863510307 15.000159428077438
97.9930880206632 8.256861904126449
17.659861175080135 12.561641921941277
116.19832721401465 23.985551223460934
106.21371547180708 15.441004797987182
119.23010840946777 121.97739518160289
118.89472313697291 144.11347051576232
99.05371999114018 18.96325021598555
109.9464760414992 19.456758584212473
101.94384630232781 116.88744153629942
101.03118449676803 43.86909626215699
113.02085964112501 119.51874834892949
140.95823693300093 139.74021697227792
123.13944214782147 50.82185844019035
123.44788009813513 130.2221434673704
119.93627868353133 61.005279131406546
114.40216195374995 59.27632795973359
27.481584695560503 135.2186272897871
117.77530092983743 66.86139527367212
114.64530569303862 122.59589347400332
76.34979349834141 49.26541330033543
106.03239922889576 12.83214706302881
146.71503129536404 139.09213119689807
105.42578604906618 131.71097175911245
56.34122560782408 18.940522950314318
109.48531745310896 12.286974652900966
20.268332197916866 22.364357130656074
109.4138091988277 119.57293968894373
93.06183570358174 15.52599552225812
105.31210072446108 117.46948749732674
94.02195215177126 47.410676007152944
108.96676295818382 56.02576854021365
111.24991061359276 124.79944897574477
124.59661374645867 67.03586389116568
121.31906626958744 12.35762316452809
91.20158400600309 39.59039268325343
116.63309105082377 6.118461836500539
107.79670640534326 7.513786245120564
83.41350458780265 20.645179794203553
96.35868072584748 14.089318636206853
102.01867709248103 58.16718640229356
124.82562920887553 28.526529962983872
18.832292474087442 17.83115669170315
84.54324933831263 72.51212477621182
91.13714070815449 136.15529443712217
125.0688119604766 18.947257661421585
107.24110341217522 19.865062294644215
130.35294317275822 26.821338166021842
49.28890810535161 17.502954013980595
96.43308734736081 20.549504820201346
120.4754281100426 62.094276779111915
148.52558362972147 131.98702585877405
113.5456543721396 19.26581315601757
42.01827116534468 106.18859362923993
109.82940492051418 21.001482893046582
69.65902042438766 19.726257544364984
121.09232206265477 140.3534680105862
107.68243348740366 148.7102578592876
113.18339376118006 122.21263009145139
134.1109670501589 120.32315452616513
127.67474211253176 27.697960567660143
132.63425171141748 117.39467924603852
135.57826578936692 20.23153900911066
104.53089032782816 113.02316838052768
107.09792368441963 119.14426644637734
108.64037101803056 18.73561195348686
127.23014464522339 136.44970157931596
117.84028003897711 25.06561137285132
108.60765602585005 121.64190380001759
118.98437241334874 135.46513866247966
128.9639769288189 134.5659026952255
134.33268326372252 12.255282747511242
122.21447372235423 129.8650800551164
99.631133480211 152.50318905906505
114.93480307622893 17.262830062250664
57.87707304771607 133.13141134879126
100.53502756944486 116.27700543162535
118.50060305578529 124.58446671322693
18.812743919792638 18.49392558938767
25.75696654196308 -8.945364833231682
105.2582175308016 10.520705194684124
49.51337877496263 125.18697712684748
81.15148008735976 111.44267536154153
120.66954646825083 26.109175371581667
96.01805610072 137.0308517916874
113.53444695716179 125.14073561857312
28.08013150790918 145.12051136838636
110.85447360855231 35.01105144929174
127.69960183112856 119.61258848781102
126.32255675401952 125.71539031913824
94.17899416029013 18.791543251931447
103.68565306302905 -10.886952038299354
127.33632770868898 119.07242666083275
22.28930994580846 13.944248759371288
99.3390218070117 16.939571878178096
119.3141069090024 12.487473132349479
100.91926052308175 116.19063654831761
139.92401160587303 131.04207941076396
138.66543918849462 123.00174626343407
96.86626380377545 120.18582371326814
120.31104172802135 113.33951573713541
118.76403803864729 133.7972935675152
119.47758595046847 6.7979988528244215
112.23220170142496 5.404237496057812
99.41875008696047 15.337592691788597
131.15957047787498 128.3821319077151
37.56481362182795 132.03207441733858
111.87290581645644 116.0980111062897
104.52099445134967 107.85463505138777
115.05941321214384 117.39715039741614
47.08545793102206 23.77312718254856
94.86078813860432 53.80863285274649
113.84304069206243 24.31508096068603
107.13164152129586 16.909177463701305
93.81799405779054 73.48524384958155
122.30640356434061 18.905950992977637
98.38854729722883 13.19189966485483
108.87428098114376 26.666346784175847
88.2766163547189 67.79302247294049
113.92180057256215 127.03279058044424
110.1840397737595 16.092082799127713
109.5136122192317 21.929531189481946
131.39580740744745 132.29076295012422
124.89046277716952 113.33200124071915
104.90144292115632 37.33425936662778
131.70935862425344 122.69903958614978
137.86664384291416 130.027290385684
131.41996769706537 39.86669146431347
98.94235433497752 19.187286673094988
111.09197142579195 32.01652826074203
79.80171409810873 56.06764150188578
62.44205410758717 141.45635026901797
115.84460243347515 8.366714819870676
107.25168374185093 114.5815742135409
101.87897691419568 12.352722256712713
133.56338200046014 125.74178182831552
96.35392772270158 16.05514795768181
40.67052040955551 137.16717463466128
114.14012707466532 18.397243570642505
118.57405164859709 29.64488929523132
85.83412897469793 125.83506383332451
110.67591172135425 19.15052789952769
136.50662818665893 125.59570206946768
81.79804050056181 10.537372355677185
136.17559726594507 130.03728092387024
19.659074290118635 13.956202123813037
19.70298754574091 19.93925887479982
57.79039948542736 141.26012442807883
8.985754926763269 56.145950413600076
20.552156551742158 22.2679596352972
23.26825750631497 29.497246806106716
104.48005948234152 109.88904811769699
134.43980399507294 28.67391549754557
110.94792450889469 120.16894853408408
108.64349733934327 34.335358742908916
108.3872530994512 -1.350877859878803
83.89697740096877 121.05167783471425
95.08666117376355 61.59283154176358
109.21223428101393 28.594346046115177
83.50315668839977 120.84599646459381
106.48861000261478 15.762473718128703
114.04795843526506 56.3098023743101
107.70961564375365 32.874054416741394
77.76626462250152 18.182628181889925
100.64662169313017 121.61670680232358
114.74106983875593 53.79400720621914
108.09802595775025 15.239469966700515
17.021984616223268 23.322924802002404
102.12348363755513 34.976624001362346
107.90080635100264 117.38386959407397
101.24336123805108 121.9086256130451
29.216936254104212 0.22357393188026764
113.40039001089399 19.535608645639826
99.67601571079638 127.74983803405378
91.18590295464912 127.81765940688665
104.95135056325292 7.3563841325369115
13.239285671560499 -19.1705238223783
121.37808247617272 9.962523583758175
100.32816788724232 118.59856026779123
102.43683027059902 18.573973376581254
120.17983628164487 123.37611843287083
90.8060421119034 31.636451093381027
66.34060374393994 141.1738004468919
148.56797929403695 33.32663103640065
113.34457174160228 12.4905852620615
40.81086970494656 26.517480771307515
138.16339887133344 119.85546878868514
109.12885481049554 14.91863854401646
137.1911733760932 121.82650775265492
83.67991278777455 119.70250291345037
60.779103972817126 19.392792713263045
109.60344585079612 18.072143943859142
134.33848489707108 119.74236472243565
135.92887281244143 122.74656729988928
111.65750841786465 125.62728502522612
131.35359867194967 24.657992061096152
111.13271374997186 144.4584960204721
106.75396555298786 127.45841362054897
57.04304985322754 28.018183683049923
106.86374412257251 147.00722354740574
99.5972908532657 145.234627759454
115.65925298897784 121.17455308729062
106.14686326439292 115.97142684886742
104.7702788171279 157.37617957518708
121.68146797247336 25.040992357893007
109.12823394555392 22.115350329381375
91.0998038024658 27.90429439051647
123.01559916299993 25.90604252340035
111.7594349829424 13.833002225920374
110.3038931719232 140.0302899301599
97.59097180225703 44.812294768936965
102.95049257820763 110.96725851223766
109.69135863774322 18.25654006763978
112.11299293050045 18.531377037585724
103.31774462163207 25.138973360264597
83.0757936799771 143.94942433018787
128.83510942482613 30.205724568408638
102.9398264567237 19.91781868074983
90.15891608482916 110.06088787672469
94.6970205410839 29.156564313164814
119.17283754848617 56.98440833373462
126.05813448913814 29.67616803194334
102.04732215303828 18.76456465634771
95.63001947631508 19.448448514105575
105.84984342470835 45.811329501470055
74.58151973033974 110.74524861844512
129.49600979395063 18.656482790655446
139.30540296841656 15.662403966917372
122.46061149423102 127.39333405574733
97.02710016176613 129.603313363687
21.32667219296663 3.214584785464176
107.06163294077962 66.43174152342479
129.03980419871766 31.63283991388552
103.36653097396724 66.10365521117365
107.88639488628976 119.69303963414252
107.86848800843502 121.36621445550314
103.1681200519614 19.313443268079567
109.56405731900595 20.665221672285117
104.41434179709304 102.64534376583951
110.88983076278316 126.31809027885392
24.86175082289638 -6.1622259705330515
98.9414691857147 15.021786902903306
109.72864574688812 19.89570153205851
114.34785255350296 120.1402872143625
96.30949041134502 23.599835167108495
76.5138014185021 20.697299972610217
108.01976503696328 17.979662786732423
111.70425102494468 3.6280754373440245
110.01786039468337 129.73622645868545
114.53010934975661 121.15280387779177
42.35234199922093 146.2399909723215
124.2990840759199 128.60411187831315
23.23155779864727 1.3531123785474137
137.1389549106802 26.155817250151795
98.22900542325196 35.6313687643203
65.08314682633028 109.79062868715408
