104.24535876733052 22.25059234060592
94.56668330491493 93.33135278466739
100.00658151292903 204.46784118828666
116.84220073847507 -62.59425675521296
128.4681657208427 60.23582381686624
125.96823483735615 187.1818778283901
101.7956517249313 45.20990700829615
99.54982785771291 4.917268875276439
116.8636550256595 19.653274819840565
120.66301784152678 27.161600890220654
109.08883876916849 28.763353254830218
97.45989202096641 14.229242975707445
110.93136507266497 -8.96385641332323
141.05369548552648 149.3594331356684
145.8367761275205 -32.28033329172412
153.0433322029926 9.624210819650683
121.92680770294153 56.787569619440156
116.17179109184428 40.95151706356013
117.4849109482662 119.70008413443462
103.14106765727087 27.55065428685969
141.475839160316 3.1034397707637913
135.13431271864562 66.49253675613579
129.41451167985343 54.4832257891257
103.43315956013278 -6.06381100722875
100.30115196459182 112.44565388820901
111.90074869775759 -8.060635567675076
110.73813281328361 25.836255560681405
109.67867237985844 21.898535830611618
99.65840959368136 38.77170720931566
111.9879646893569 34.921516903163415
124.37054787674782 134.8722221893657
107.31183481427404 19.919132579723264
83.25610758928528 162.2550413486987
81.9078499592244 11.318724492878081
113.16334705381779 92.46871626491664
113.99009943914797 -6.027872079215674
135.2611162329895 90.01305300504869
88.76315121256972 22.926567776054217
77.51765561646552 171.15588695876272
92.08987842870346 19.69973255470683
130.56351937126158 167.36776231731432
73.24259419261091 146.314877069945
114.54816338462254 -7.757528752700439
134.83329537668297 18.470810880934096
88.24859160080156 28.724002644540477
111.66524771908821 119.2763758121337
107.76538826683016 24.180734353496877
103.93254862170514 26.69898274802756
100.34343013596252 19.94461901066182
119.29326589885177 176.38213551161124
122.40539255147655 15.72297988621545
140.17438639020634 33.40650544491719
198.61008810813803 88.64802272378245
125.36900771739636 6.507103583085232
104.05723313193526 80.4547248811558
112.33803810111661 30.563106151547192
99.31435817385467 61.42111162037298
81.72126602828585 36.39830815393547
111.89599946674345 27.15787561929204
110.80025930773564 258.9633522734502
135.9667867721179 93.82649395457074
82.82346010969525 78.23700090972514
100.94941830519859 32.88738786746492
73.03963702303798 102.62318026996553
96.66085803503692 24.075629202716346
148.95419121320452 70.78171704469383
52.12636166482704 47.50291974899799
112.21962952700417 16.577496744686158
115.62552833202665 35.575070398834995
114.6769702085834 42.87016038090932
113.80990552506248 53.28213145849982
86.62556665282219 26.061479885034025
138.14616405968647 34.17127252263246
112.13593166076926 21.301470709586646
109.79084591732459 24.729028300896154
141.50882212895775 76.68596215061069
77.01156022534249 42.310865495428175
111.38841672643056 93.79944079773657
80.75502093792753 74.7103360085647
78.66575740832984 -16.56747489803928
111.47325177365055 55.61733277128256
106.74416379191365 33.15543009916427
104.64007685818636 133.28912644860702
117.28139656342545 169.0176462513542
159.12561994870688 43.787759657383326
116.68856198057608 28.717622873635776
73.3994182278941 81.27320272355023
114.68495142010734 35.10102043655513
97.4971858813714 18.761672817449416
106.3572201098038 41.24068327678249
131.32392770137434 25.26503251959084
123.21747849259425 -36.36405512844626
105.62048072157367 31.245520110922758
123.93240054193843 299.10252809368103
105.8771440629668 83.12672576739838
97.55137045743821 45.178258690726764
118.22873435448545 108.63914441620938
93.19039231162527 83.1544580197863
105.33530545744892 37.23294793305825
109.71154067295544 71.59828645926751
87.30081371654605 44.586128330750405
32.6922408440735 55.518058841380196
64.06369971712624 18.426761486921198
125.5692584392098 24.23469144108515
114.24921696346233 27.0761003010104
91.84902615002622 13.957236067468031
70.26625188651647 15.33258198033053
77.07128735053442 58.41726457186015
103.12464045543179 50.858719816896915
104.85524661751931 19.40513349778219
111.185945304165 27.081960457872015
93.10483225175122 14.922907758656706
91.2586409098596 34.85462276377067
124.53099466195411 16.84637750498574
99.34046794876217 41.738749594260085
76.1282377549358 85.46797723609835
104.51891393248744 20.23494738796305
117.19713784247017 60.11741707719747
116.03207704531755 24.106804989578215
116.65400499335404 35.66246314971013
94.74576205537372 22.91765888310601
110.24421517696841 86.08334492613936
95.99905485573343 25.754856032892754
93.86578153005388 43.992588651672996
120.40226081573216 6.151752657648474
117.0994641603192 19.64982518309907
133.00966085241697 17.78977796525472
76.78609786088944 111.50731235588441
125.63358256761356 18.574723034924585
107.2070382613754 17.739532051131143
97.00389076596028 66.99815554118145
109.10126774509227 12.077162679263516
121.3100321116459 35.228337626304096
110.45252874263238 146.53299244187681
65.97311255074057 154.59088122851384
86.45367371738936 21.86633925367146
123.29448687468394 81.46882513463757
122.20438931955069 -38.63467686419168
102.28723600192066 25.55929923201519
115.75493179698607 75.21468968566238
97.28082161551671 148.4877694864221
119.24118860981766 91.35011796819956
96.9045835374637 20.13469529145057
110.07797269210063 49.40281164045408
119.3879261302725 79.13128043723628
74.43741379313002 133.42638454217834
157.64320133434833 95.94619828214502
108.5346005500576 19.548037048329853
138.69270178212196 145.82619294773588
108.83999909634218 133.8122196509333
66.12123930673945 59.32479099511381
83.97990482818724 62.33056106058054
58.2989288611106 146.32886736074772
75.437223112986 81.35949994233444
95.76868091654237 20.20349183407513
111.83517401464127 70.75984102897387
86.43897767674758 84.76615092627705
118.80357491001674 28.263603914177146
168.03343112402342 26.101689861950877
94.95925320747841 25.44801979952509
209.73206767763452 82.04918559615435
85.35726781765004 250.2645116551191
96.43150862264517 111.20933330217488
154.05898060800905 37.67296443132115
107.53242757770204 156.0632649374901
114.76001161917232 181.4832617962204
90.39404666111913 41.54839102412589
105.18431600240271 34.09608790368289
151.79274082501703 70.06768265271404
75.86647444638079 -5.90143635248993
139.22414234115237 16.283177066385186
92.5269168149436 70.01445796863419
119.41416259462125 153.63079734446146
105.03220829831774 1.125722488836684
109.82909863975206 30.41070052549061
141.7663736155055 76.50113987028737
111.85433902144241 18.711332518816235
119.3913013531023 33.526432216224556
156.13604585803014 48.121407991547045
77.64821613144 18.756563275633557
110.74887186050523 43.87576171438774
119.35900241572753 25.148285310287683
124.09932021403391 44.565523025931476
105.51438359255614 203.50805810805468
128.40300452577662 35.42018821923401
114.3558839321783 22.972657872130146
115.84088344310894 11.50962250275757
71.01103022035517 120.41830995911948
123.18195120708039 42.297755396896505
84.2660079815853 75.05424211442255
77.94475084134692 6.40761883589041
54.72853816123525 9.597933829331792
112.0783280789542 27.894443313393698
110.16497778757628 1.0460958135399532
156.81039000560287 84.79258737559994
109.259039245503 -8.515342206620728
77.31815102179849 40.226672358985034
131.440927776497 95.6252644092423
133.6851395456517 41.54830803838563
97.91300726526782 25.233956405873233
90.26427128514828 32.37693087605453
115.27227617012544 38.43828412028155
126.46821340356287 41.67015728314708
103.78224690103303 17.9078533120084
137.51986770678465 31.203528511905024
110.13428025344332 24.11228147316623
124.77401260851741 152.0463247968209
104.6231700070427 57.1632678490503
84.8449045108396 118.83172726769686
106.03307962895221 63.39113572341891
115.40586565171942 14.08708196790288
126.80264877451648 12.595927361560246
98.40124555697246 -3.7500498810638945
120.48760931997207 34.685495892717725
66.04458810193424 1.041779952484581
130.65387175454433 24.40722009567923
100.64894805073531 17.99513277989271
132.84831753925738 160.8735521225573
110.16555507515329 10.818031940880989
109.42216207351359 44.50823765054361
134.76397666967873 89.47825924844393
123.30426970061191 58.94971984007018
109.94813274550712 11.36325671482725
176.64539379661912 145.44598233726896
127.11070537832481 56.842824572971104
103.39728175665537 2.489392622400443
109.49962891178241 14.988688398750483
126.8073299997803 17.95715139974269
73.49789338653953 36.213743800897184
94.36951085791931 180.48603929309778
124.66412592367016 42.58458845916471
52.217753418036565 -31.16349975609362
120.84072886913005 113.28520794819019
132.97951876163503 134.11179179210635
118.78425060445244 82.61892113588847
124.58232036567483 39.66044708815519
96.32622377479386 17.929815398353174
133.29431654686653 25.37498651043725
120.39642510282754 166.12869205459623
117.96947994794769 66.98911422407204
110.15584634532262 101.39698462960673
102.45373393313653 26.467999223958888
124.21394319785931 34.72538100540904
102.45277992039763 35.53762053505565
85.55628105926262 75.3433659371149
122.61210897281934 -44.43226092223439
106.61712915395587 -15.763292630126454
98.20146066870143 14.555112380716707
97.11414433137712 29.190664244131344
61.557384316739075 18.050415754221117
88.1276537031207 41.13784753687694
111.24561280264744 118.26406227025888
83.15971430405797 62.722159571671696
139.71306684562137 109.46082016662363
116.41783056483783 19.335695246699455
113.20282398001441 24.79287601784106
76.74438075468092 54.33459081332304
112.8859783214019 19.45528819485325
113.83008952346313 21.208750219520763
91.71112730046698 15.142597971018334
111.32643235780856 21.812254366125863
103.28609214136678 152.3565389502266
112.32500131802698 1.621032905889044
103.10430102077208 85.38825115173364
118.81192748865789 -37.59738673672062
121.76551604891924 25.166556199731723
131.86835364675358 134.60627153377965
55.127377030580064 84.42870494039244
101.79915885881879 17.29465871513028
109.48664154628015 38.23621533879508
124.69108451935318 10.617922648308042
118.09013858437461 10.61231218762838
103.20623684580778 61.001905140343275
83.0300108337266 156.48663521993072
136.50650219398727 20.6739236574219
166.02590902502922 27.075449440201805
105.13445353676572 24.93216641980058
96.3929436664585 40.55667460727143
112.295989070813 30.72621470920382
112.47252360095335 50.3270307824542
137.555434793981 23.94790754702139
55.25361681739926 20.902162764608768
144.0380410966484 118.14536996172825
131.02509987967554 103.05529237059962
102.63592612419768 112.90640950505943
105.8979287093966 -3.848158334921009
114.82328911199113 20.687635453735048
103.14344324376955 18.672581950428736
122.20542966424253 116.74028131033133
121.24882927199472 29.395260172467648
91.54948178329005 18.487079453364757
86.03649434290784 28.109815056088753
108.0671888102857 114.43495083185405
134.12441810480158 146.71175217186436
111.63933914049271 47.09839470376921
109.85306057707731 10.613443598191472
97.25490795127962 11.431407030830083
126.20281396671156 13.234329398252267
129.11197861418324 66.12851766486268
119.05937494571585 135.70797900960457
105.91957671411942 19.725656965514364
129.393605168002 16.75592634045299
115.68541740096191 -14.217622556822194
93.08050707427572 56.6227680490932
88.24719194058372 57.70733783529021
118.0189014145914 20.992148045107587
114.95667214440795 22.907627293964296
110.19363989983755 21.807856998876268
132.63265916266266 24.572551973484163
133.7124029977686 18.694331778390364
100.81448293790159 32.944954592805466
108.82318978772513 41.83712196578095
110.07850294923932 -2.4115679987905185
102.32193919576123 154.7103089482981
122.74145252634938 147.85333006129162
70.47913221327403 74.38514164312289
110.50964000700652 34.73858013847316
100.8253353071942 5.130878536092408
106.02777292152365 17.899874154856473
117.45078980842995 -9.845336972125196
