105.09839567175447 21.82583610379158
92.17920913664032 108.75245235274201
103.88663040716014 184.92615709948643
117.63663764113093 -68.61720305354092
130.62947430699592 73.88910253497716
123.34499070688265 202.02984244143252
102.45173507785522 50.21649265967972
99.41471812423339 4.731592976821132
128.0266025900185 22.877381635706598
122.56158086349527 26.48394633694554
109.97348479763185 30.10810660529752
101.8402000615606 14.514363552673377
110.54328839666763 -7.461148796863331
144.4158876476892 165.37410725606077
148.30727483409913 -30.557576846487933
147.34959848319886 5.674181043100656
119.7552978773642 57.8306307171856
115.94163805116656 39.611586708150384
118.4086048752837 111.67970956366396
106.78608818651708 32.125295580856545
141.6886674575111 3.7782344570930726
134.4260739600244 66.41136174632484
129.23188466523476 55.46840005300356
103.11361942899607 26.611809135330304
98.70168089900814 128.4505413868834
111.71775566977955 -1.5753662147409786
110.17716283976395 25.631882025805705
109.7165098002737 29.53518812985098
102.86621574689539 33.371888091761825
112.05766252043018 29.520480430763637
122.21645965877482 131.57119972198072
107.71953192408346 21.4427200688616
79.39139111759626 162.9875295960752
80.46756190992683 19.351775695129916
119.54046055567812 118.06399660963116
112.97685076641045 -12.281775217713044
132.3681740334147 83.53863632485165
87.68665293667702 24.797851861465602
79.02453596072125 184.72223103004694
99.86894691838629 21.101179599404734
124.39899615012479 161.49940237105343
71.8219304917051 144.87719015316983
107.81662091193215 -20.575833299306517
131.59252062654147 18.44614175800027
87.1483569518606 29.373972713734656
107.48113011599384 102.62284683133494
106.5940875867161 29.99362966358724
103.82829966706609 22.005560994808437
100.7527710536719 23.878338616774567
112.49225997680895 181.45125368370879
127.71560342854639 17.53433757948383
134.87725893003028 18.561273111519483
203.6254906862755 99.38014105386452
123.9179446407003 7.015804578102414
105.65545091504913 64.61269504414098
112.54719874251467 28.78025357352034
102.70091718397798 38.504333106657604
81.60605595424714 35.53754955433285
114.37741783368122 26.531044048220664
108.03447764914121 239.21225050476784
133.587473223399 92.56200512925169
80.36610795672962 74.53499250600728
101.26148188900707 29.049469582671968
75.69364855908805 106.44092116191703
97.97447801843153 26.080928109300366
151.4003173347768 69.79323964615608
46.16629127489627 51.534188531088446
113.45317710885743 18.52538072872466
114.6458627771356 35.63564882404253
117.41722128218399 45.09005465670213
116.16872951720315 63.74840271902365
85.81621545390817 26.149316006181
136.7475045212925 34.59239788107436
109.23027456516023 26.645781706256223
109.68982276959024 33.813631360758706
140.05134954322256 74.79110835937087
76.55179336241133 41.62692701916367
108.83860091851864 115.32400362982821
85.70232707743386 75.49565784087278
81.38578903857884 -12.558279792255307
111.87560392172428 66.23317919337339
107.06059985859554 36.62357001751935
107.24074850517324 117.90457017260947
121.35988016684655 165.65952530818012
159.08462218461287 48.6471767481162
116.3436278935383 30.453721382023197
77.7612567786023 88.67001797310743
115.29406969535093 33.070998882135434
97.08636464493955 18.75343954521166
105.42073741669337 35.623892593814
132.658646213948 26.924217761918786
120.51424063514654 -21.21972596828953
110.66646642936438 16.112401193861185
124.97290518706998 289.510013892385
103.19624280716668 82.20975500612536
95.35172439307237 52.56438269465005
118.23449374682416 124.19378531410257
98.84011742581094 88.60328733443124
107.28898722193439 36.00563393259772
107.01583190985613 72.41811065349731
87.92949298025779 44.58635067251563
21.889374926578043 44.75525706515231
53.868655396351116 18.624723043890146
122.0922473353489 19.737410834940565
112.70852961667431 21.38290733595366
93.91665591948777 17.019088852819877
82.6073392539195 15.848195864810124
87.7177816447298 45.19919186198145
94.68213210337304 42.429882842868686
108.21516242030708 19.304139860259454
111.59469438891597 30.67184848217184
96.41965710619354 15.828409631684245
90.27873104265706 35.21269922670086
124.83922499526383 17.708948461320542
93.14021987505491 55.86071209530147
86.47789695485093 89.98305765674407
105.79691008591826 20.147350308624
110.35929818318293 57.8198987666027
116.01049822172568 26.980431246873028
118.58339268460225 38.13093200813746
97.52884469214462 40.14832856413318
109.16086862791732 99.1701968027338
97.98746124425266 25.691687446152827
102.44841406817835 46.60220549287898
127.34848833416986 7.824054345540483
120.84399224847262 19.854223341178457
135.5970292846313 17.56765927725037
69.66250566968515 112.18202868215798
129.0373534682688 20.72366414294743
110.0611004296385 16.780923854507392
96.9265855436851 68.64949977555206
111.31674169195664 13.328594890233497
121.76212768415438 36.19022470372099
113.66281491691076 141.2019305450798
73.94356509964118 151.26495726205056
89.26515893882662 21.01886789383779
125.69732517304617 71.92406150924035
121.87472030919054 -35.88781433579002
101.6002380065127 25.445566128114095
115.07084721459964 61.688170759021034
99.97821975034523 155.91652177765837
120.20007498000527 119.19972421867445
97.59676276839238 20.085736821157255
110.08745218725328 45.67475447391372
120.0285533568652 92.3505422475457
76.78212610915548 135.61851019984013
157.05668905981415 84.75702113136505
110.66052034106036 21.64239254321756
139.9113101418882 142.48724340646868
109.71754212853438 146.6948390041741
58.43200201063331 54.461026130540674
82.2771538148528 65.14667230271012
56.399749796408095 163.21904246257543
73.25082781202251 88.90512308148064
89.10630384728165 21.054537252478656
110.81703912486822 62.0247242853915
88.43826764751483 80.67737657372955
116.59002770563919 27.778113170038367
164.71124323062702 28.751949147918992
97.91649812554303 24.841318908202258
212.26247444858802 98.31456146351286
76.06023811492794 244.62367293301375
102.21877496444479 104.74248960443352
154.26445648268597 76.83797342823456
114.40814544975001 151.67117153303013
115.63286704819907 153.56992933001183
90.34418424341274 42.38703660019529
106.00125142574784 28.17019357278545
154.46224980653434 77.1620222989861
79.62136118917078 -7.899239339516817
142.887650636505 23.74661391992106
93.43046104614967 84.83198310049045
118.93872607612875 161.98874823947438
105.6983347950396 4.4813849858699175
109.80765523916995 34.63795528906181
138.75936611862647 87.94852553968718
115.93302231974762 19.43738136677161
119.34627927593573 32.1842616276484
150.50057252218244 44.51942453465447
78.8373808540949 18.61140964993118
109.3627735078099 42.476783771682356
119.70035337253124 25.855552903637584
124.65382851907991 45.7037810007516
106.28919758350618 176.67607776469328
128.0937609713736 34.30487149563073
112.6158318992349 25.459162709081287
119.49566892185143 15.450260888269668
75.33517385129677 121.92994451047602
121.81728804389074 42.68991727501698
83.61111930495107 88.45835576591341
75.41205489457546 7.0002233905069104
59.129187516391646 14.541323971506653
112.32789370937964 28.741764217631744
110.26461124146614 1.8395760811617152
158.8082620614669 86.57655934105985
110.03462355409367 -14.865707056192049
82.15938603133337 38.8850119261899
133.29342932839631 113.17318931345606
132.50839826154646 41.635215759693196
104.49462663215752 34.20668209489403
91.02165286181844 31.05636864793955
119.96238296482859 37.815178058379985
124.11109040317571 42.296717510449305
106.02761962779189 19.898790571315107
132.17381033196853 43.807932752212224
110.51454009351232 25.219661078523874
130.95527941786736 135.43152441423427
106.85172323965543 56.916422569630456
92.32084696607204 102.77181016699959
105.78840613877534 62.39515343405711
115.49792753024646 15.23936667870235
126.23100297004456 12.295307819992113
90.63812177968732 -8.895442662968522
122.5915788864748 34.96659815317566
57.97387882628114 7.1712113838424205
129.99709543389633 28.372259325978057
105.12279339297167 19.97843577787659
138.34832106713893 161.39523879073167
110.06345204895828 13.952007061383844
110.11034279881217 42.54522249247107
131.37587642628316 92.41695170449262
123.92677193632879 72.5445350412038
109.8949908342471 13.604009178525423
171.57009048678736 144.83405765233994
125.63445317408564 54.67995210231637
104.01927873024972 4.749670923940694
109.02155640163126 17.05406578938432
127.653715780743 17.52650222650628
76.68150583605475 51.40826328176785
94.95235991721289 180.14581707034853
124.75454772945518 45.27334734295145
43.75099518503003 -31.19750566074695
117.60965863261086 118.89605673657361
133.41771136096048 113.73497967579722
112.08125097453156 90.45916945397344
123.81620000059077 37.74493301745841
100.73198721765026 18.008419026882038
129.9980448043744 25.926437527581175
114.25971569490349 152.64026301519957
118.14464153305879 61.546106872646384
109.79095964422793 104.20445538706976
103.84242585920377 23.85404746040775
128.64097168168934 44.064795466899426
100.79442264152259 35.10744734035245
83.56520667684617 78.89489560521555
123.45437668782415 -32.778371383350006
107.05291202386093 -6.532321072272619
104.59231203044004 17.678117924858597
99.32985179896134 33.94546732365942
66.7936899734042 19.465769937954057
90.21833926275438 37.988518670416695
111.75978326916237 121.31206238436043
86.87285619893963 52.11948913879275
143.1893047207989 119.36717539739855
112.9145234101327 19.33138262207234
113.78249651013654 25.199117734778778
82.84279857734492 53.06745157426035
118.4694272200753 19.675126345664488
114.13194208884961 21.64613689747206
94.14646641630596 17.027134045026813
111.70010159156648 31.28121204697189
108.52876798936796 178.18216943682728
121.53047198656927 5.490337348865635
101.22890782930989 83.82579250235885
116.06980077959052 -29.982233507033527
121.15895806242345 29.851514554174326
129.6370421891966 145.82486092316418
56.645832206681916 90.29617358247376
102.41590652244474 17.99687323055564
109.47940776551881 40.26762231788195
125.18168220594409 11.520147575562305
124.32118923694976 12.554699855503317
104.34784757118675 64.25521159176228
89.88907368984746 166.00365400125582
136.51950124192186 24.475347852766514
156.69371307287108 21.039695424397156
104.58840277735914 21.89755446632615
93.70014631636701 39.30731759496009
112.45223328180651 30.592495663552103
111.18819104425187 46.37899133106543
139.93551153103698 26.667195713577595
77.85595314152283 25.005155746036593
147.31390191043334 122.61019122024919
127.2010599179093 102.62489144261315
103.11805542216852 110.57175691414237
108.54551436691811 -6.421226117901368
114.1634168344873 20.688973243005936
99.22844595039716 18.44590441917587
120.83547335974528 104.6538162881252
118.61882049229314 29.11728202200047
85.43972092505419 17.28038453513583
91.10342596582876 28.521544425626864
109.40909383801244 97.79748354111496
131.2855032491437 129.10712818719915
109.48307476390052 40.45095139033782
109.85207711793754 12.216881640117835
99.22448990126748 14.658463311465535
128.69556482479896 11.75740049286581
131.62333989589453 68.81719785911963
125.16441196176079 134.90499940276283
104.41739727655676 19.932556729212124
131.71178900466575 16.195026752489653
115.6849545155472 -13.668951438607543
92.30946022477183 63.37918655519418
94.82386739228846 47.52246214022465
122.40605825464365 22.42790011802261
112.33544145779015 23.662670788803403
111.85020314787891 14.414909780715924
127.88143493930338 25.509056430117386
124.49009232601533 19.021753264294567
99.33752934189037 33.09553940579238
109.53802612691604 36.455752033352816
110.03833290081006 0.49624462100416866
103.11585123066129 135.63259919003093
109.36492104874549 136.01924593788326
71.92625064565287 80.47971703933212
110.33857047101128 31.280182588451357
108.67443040548444 5.838323632647834
102.45243838037632 20.703819395406846
116.37168039636734 -5.862289112063879
