107.2342469631264 20.76286072456952
89.0595056549218 133.36396456998435
112.37167481868879 130.69159785152203
118.12688971022939 -68.30262402066901
132.04343297805497 92.90794001878876
116.79028201032665 211.7690807075579
104.43305166124429 56.47196072206758
100.41544992818685 5.918165463914653
147.65437142922053 28.734270214466587
124.95896491973377 24.526271490893205
111.76514553421573 31.21313384739653
111.51906214046284 15.815948264338932
109.66439387289898 -1.6900141822680963
146.6850027877691 187.19149610146016
148.70877697056235 -19.74920441786139
132.5797120418482 -0.811485090384017
114.15099881046928 56.577906212759665
114.88367954618182 34.747916632523555
119.37513793542622 89.32046585891706
114.2546645462419 44.248888089398264
137.96967442334537 7.105236734547511
129.47281473108387 59.55358135461515
126.8059002052956 52.02368353067776
103.32746063220112 89.47271360017696
97.33951799414237 148.58180955808314
111.06011729933226 13.931297623985344
109.0275827632737 24.7887225172767
109.8155307284256 43.10983290424463
109.59104735775473 21.02158042619285
111.99090056891404 17.513219266830827
116.65951744601631 119.29723510268141
108.68998614716907 24.095996010237034
74.2266902306641 154.85112709761248
80.92525347030275 35.09109428943774
130.7756491266365 161.8239282524441
110.5831463585196 -20.24826062071474
124.31434634919536 66.43233508095436
89.20061002306926 27.852846145509123
86.23431127479536 201.77777851488725
116.26696420922887 23.68502104024201
109.77826089166682 138.55316136398608
73.95520474473048 130.8649014554445
94.96113141260476 -40.36442891336251
123.47732506945037 18.53584370005807
87.46807822747269 29.60607807508395
99.62669530320603 68.56520729122073
104.5499725352547 39.519467141355015
104.35162005309618 12.537945532049026
102.6280687271204 30.885009862421423
98.9151317968828 181.64565084987785
135.21160662698364 21.309128170189503
122.40379072434877 -10.315210095365389
203.2344535951195 123.13932662205754
119.67195892130765 12.029180757917809
109.33812231428924 26.41535121595097
112.74012777918907 24.217043196744967
110.14702630569576 -1.3284688393510091
85.0967472123048 31.84937488231173
118.74371060138915 24.329062894984624
102.73755578149854 188.15395905465923
126.21438922949895 87.74203501513907
78.51472712978672 65.17918130409578
102.8255542325209 20.545207339111254
83.5245602144733 111.79089105350727
101.57972261282018 28.988397904117242
152.21429556453276 63.37472412695883
42.838775924220684 57.294790707144074
115.36497896218481 22.447024071670562
112.25055061063374 33.47409576988642
122.35995550511427 46.42645242021336
120.03137556026522 86.13986803397835
87.67533219832971 25.86579624573609
131.05060080593157 33.43317329571989
103.56848729536544 36.27774466984096
109.51011307814056 49.953225574930606
133.44327663534077 68.24391764048929
78.65757072392688 37.05939843856865
103.91382285888542 151.73034441939797
98.13894202728235 76.65581938424506
90.22286940864869 -1.2622567225299641
112.48632313659388 81.50430807243706
108.14348485488489 41.24518571643958
112.63941960072836 81.44373489520048
127.86804443150136 147.67392098231016
154.4633790932374 55.30387568736667
115.03400358882098 32.624672434803045
89.77524364443282 101.45666151634686
115.72580712733178 27.69435977102533
97.68173433965816 18.79740521695751
104.05713921194757 23.10964678052187
132.52878133363777 29.142058462419975
113.48063961536319 18.527679830348646
120.58559177796081 -13.228481809260062
125.05652670370151 252.24188961024478
98.48113637938121 78.9750188839446
93.07938860525485 68.40014366634509
117.44992874996657 146.15027650755448
111.26085581441662 97.70181491312889
111.42958701464264 31.420986443479556
102.02757802797781 70.66784272562819
91.90205348646536 41.78510167003084
7.934056892258168 19.85856485900583
40.59607031982889 19.082033638312407
114.26394596691125 10.711039214306302
109.29510028538624 9.993860601542568
99.99368219485252 23.27375638897282
110.16061443295021 17.24330199213058
111.63923543737546 16.76130487772683
80.01744168332864 23.05811542500379
115.005424521833 19.105141263921126
112.18345829332581 36.39441407126903
103.9802667556818 18.051778344840766
91.04047219822148 34.42173933210378
123.67887994880837 19.536296469318234
83.87223847998499 87.56097407682954
109.02506950273703 95.72879392338112
108.78846927139018 19.92483830348111
96.91438293744697 56.41183199041996
115.13882412668134 31.782600397897625
121.35282635767082 40.09787480043221
104.36827087490174 77.5523386527039
107.20380733636523 120.90984663672926
102.64090749659651 24.704243723482783
120.15923568820236 53.60936739218466
138.56588870526897 12.800832682059585
126.87003257503335 20.18550722520027
138.52814144733588 17.416578974122398
61.645441458472206 110.45281936477699
133.0427705559445 24.748774254572144
115.59589550039404 15.160735782701115
98.5012849390333 73.1106930360732
115.46916292939224 16.50776164663639
121.55265493407046 35.876886143213234
119.45781466121605 123.15156669649805
93.51129595064103 135.0871495140619
96.72268226080807 19.202219274035976
128.72971231487134 52.57195130198096
119.79202808656883 -24.247411201578178
101.09169824542523 24.488549304368536
113.15831175212399 30.75621839773185
106.6610676273456 160.63777262632917
120.99182975338715 164.48481789660272
100.0281769128615 19.86100975537529
110.0508718060346 33.920284449695544
120.35305948662389 110.61610547737284
80.01113459653307 130.49839435225124
148.16818806796329 61.811999758412995
114.6989768111662 25.552597369815317
138.79667991986366 125.56442272964225
111.44674883902238 164.31955710430358
45.497221946809404 45.34547773823439
82.4873505702736 69.49736557572005
57.557675990916145 189.2336686308029
73.57573250552744 102.32970147762275
77.62573777611223 22.569328193748703
108.67724990450081 42.26021735052508
94.8373307941182 74.47235562499063
111.5067648847605 25.56990000378127
153.53474502154182 33.16137631644025
105.56773793136419 23.116783904243523
204.5890381541447 132.08143681725633
61.899144449232104 218.05081532247385
114.56741106119601 87.06518171117976
148.61896329332856 153.7396659792682
127.21598891448255 131.26023690970655
116.68993809523862 89.40986627071742
92.70951964340406 41.15133614064913
107.92656617185094 15.590275069207436
153.75229713229098 83.3870323716771
91.01056360423425 -8.711860376018368
146.0698133230897 43.728257783392884
97.06401782914723 111.34986849251149
116.9468346132483 171.3421703163229
107.6133675644894 12.735374711252195
109.7663216937555 41.3331860853512
129.31995602127617 107.8652733406989
123.12229297822628 20.858926955240644
118.56523489520823 28.788187363486465
135.02528236142945 34.4074083794611
84.81925142752769 18.386117847453125
106.70768877505705 38.064487775981156
119.33433399451454 26.581355554871237
124.34671946368684 44.38314828238874
108.3796618168534 99.42584570878172
125.1321951904151 30.138048671448438
108.84759038690073 29.561167382614787
126.17152219169272 23.69239735409141
88.69344842160712 118.69709118379787
117.72935026282886 39.7782544787492
85.24982502287709 110.30609696194666
73.44178526178406 9.575904572509854
75.09091193175537 24.744161882051554
112.5287949202955 29.13327376010018
110.3701759516757 5.445224790118207
159.26173357320351 87.13346495701047
111.56017977560998 -23.74722147596202
94.8097374544234 34.5971379445004
134.31331311726402 143.277399562597
127.05097141821376 38.67588808160201
117.95812488953699 55.296956148921495
94.19000603153422 26.80377079057634
128.0215028383429 34.76304589745164
117.91339247724025 41.90347664780784
110.94181097945136 23.750876305633682
117.82096258799046 73.61838401162308
111.12110418477104 26.68576957338919
139.9995290957943 98.73756012752023
111.51078245666939 52.97339523225027
108.74225845833865 66.38407374578792
105.6126812473136 54.2789304970587
114.76799205717573 18.05932168387774
122.52846550240899 12.531828370888897
78.19894475495346 -15.49949614329028
124.82393472304784 33.70037891168477
43.18204421336468 20.593039646669414
126.4114455891978 38.75598671943875
114.3697667085078 23.75569409049525
146.65451100395836 147.05642117843445
109.8396693702928 20.740697449778406
111.38073028009792 34.88277897867172
122.3681550452123 95.30053018873807
123.60945855232616 99.23229582116902
109.78823293218696 18.671028529151894
154.49528118910644 140.55984249751054
120.35474292623468 46.57217936144874
106.02407523136307 10.990139481316078
108.16363015358282 21.35601444160719
126.65137475028033 16.947947992107643
86.50931789396162 80.95730872503789
97.8629114492858 163.14218193618902
123.20246883913994 48.49099891922452
35.596302098931595 -25.738542068412833
110.32748979099996 125.33658577507958
131.58042726578316 68.62197222549415
98.73602412138065 102.95044846175732
120.94559242432594 31.811057187362657
110.61387681814735 18.442488435570198
120.91431375214891 26.42054987836086
101.58424559410693 117.39591687840678
117.54194526659985 45.79691227826286
109.01150298505381 100.788425226492
107.20676295569835 18.20374322805808
134.82826755581962 59.17055010731367
98.6213308659544 32.667288722141194
83.28448951395264 83.69191430563838
124.02171539506868 -2.6864941001808997
108.23579249135933 13.492946309106017
117.4644300108028 23.962997175323647
104.72039228951922 41.67115469970634
83.46866231710352 22.159378618872125
97.2893659211192 30.022765345168917
112.55574198203573 112.06538463889797
96.97317244468296 33.11521721876535
145.3738834854269 130.94904689265613
105.81437799405538 19.322109811644935
114.34673643211418 25.189278157935263
98.31352553223697 51.7325461298083
128.38854758866418 20.059096084300997
114.23937179607888 22.28643813782123
100.73791992758203 20.91100186733983
112.28652462041353 47.90121551780463
119.09004560178046 215.34741172510428
137.91554938466098 14.553220865198549
98.43341055200253 78.85276162875117
110.05593199479672 -10.740721958612884
118.43005379559513 45.155031739512594
121.82127008713549 160.00413737040017
60.88396408209121 98.0794718625788
104.40801440139656 19.576193947449376
109.49747883635148 42.59076645698581
124.09919591118387 14.277914388599356
134.34635286376147 17.194735670173877
107.02380655770541 65.86858645722562
106.2495896648635 171.72333916346503
133.65297574206772 38.155587984118156
134.13096902341886 14.627442590038221
104.21890396127479 15.572310640021144
90.21076749345639 34.93609421665791
112.32500646571856 28.81235629454454
108.49613209748064 34.7319782287908
142.14110810517926 30.756650787321348
124.78198659388771 32.25793473683599
148.3847867571893 125.04607572575944
118.12841757367977 95.71587794550435
104.77880770170337 100.70744290865241
113.79926791145787 -8.81598616150534
112.27418003883774 20.53297092325358
93.16720141585975 18.077666840345184
116.81703791405383 76.43502173538151
112.58598688921819 27.41949673456194
75.87895452376588 15.130719392605346
103.20687863559115 28.38179866228348
112.04295057495466 61.22634380293216
122.65014151445641 82.99891665669813
105.28276334435796 24.562770659921064
109.84962031892712 16.212431364177135
103.99859734823426 21.659649378827307
132.2961840132559 9.857824024746714
134.10692395462365 70.34775614020856
135.18570892458334 125.43722591701167
102.2716465443352 20.292569859326548
133.15052332034236 15.524224453562836
115.27057003900558 -9.071529104143664
92.10972324257027 70.98410942720913
108.59595826668233 23.846327851934902
129.73923366665431 24.90124452557887
106.90637906680098 24.603581496085145
114.7709645917713 0.7247351376575808
117.22670026688607 26.647057247432013
104.15552631394687 19.69694806968525
97.6571959775904 31.8420886732421
110.94549373817355 23.73249511911999
109.94068499939182 9.1539577590897
105.2513987382243 88.96587846652308
79.92696597387915 101.13688236760908
79.23614362330731 92.19928807946931
109.9418150830818 22.86306430306639
124.12059040313328 9.3855829555467
96.21833955146634 26.181698307268434
113.51498868027335 4.899882309953433
