110.91111010190754 18.82059981147966
88.77607805225077 148.52685918998154
124.33188063261922 32.92123280529152
116.28015592872006 -37.64783170918003
126.24925231678948 100.23144865938379
105.18945487930502 195.9742396507983
109.14622221562864 53.5927151122208
104.10898633277803 11.628247420016683
167.66563458035134 34.033793404413
123.83447115928581 20.80929326013641
113.91101349730563 29.155917326544717
125.33574694324442 18.776996875050216
108.42153643182672 12.586456847009039
138.15528391192856 196.91655871346165
138.07171867605138 6.856989783016561
105.15188953089789 -4.257695485498128
104.43166846347135 45.18733650194491
112.03417998103879 23.18838351159414
118.03050085445513 50.81370808235694
123.67858721412338 72.69963591446583
123.658882533767 15.375524344411637
117.54994097899399 37.08607590959101
118.40420291917354 35.99140378019972
105.11631735357766 162.06198104857853
99.31165778711265 140.41476265605456
109.67923427107489 37.639675334521414
107.51662825109165 22.25720708396421
109.97475882839952 56.19268733841911
119.38256757154355 2.5401949444995964
111.3269042005821 0.940429235472207
107.07967069136943 86.81388202435649
110.42679371094258 26.085573986386855
74.51935736398336 115.94578543386932
88.90588690746496 53.287404375842996
140.40738094555132 201.93504999602976
106.88212293633069 -16.394520808574267
108.32536830407786 41.0005908223858
98.03547667938388 29.824325724003497
103.10156438565507 206.4385994836595
138.1342159561184 25.853403219354526
88.02103532017351 86.92516597077363
86.27079267485217 87.40548323016179
81.93132820009126 -46.31927274917503
107.40541702270465 18.83821828926606
95.05104881661221 27.250096639561608
92.05333878444317 20.464894401969197
102.67954679594718 48.06228344116984
106.86168086637186 0.3629575407203909
107.78043304847569 38.26513514357488
82.66176730298623 148.00438794543567
138.16754869246594 26.170549427945353
100.48211960690182 -42.95199544998505
172.7011082818121 156.58829985396187
110.82950345771205 35.253611085679296
114.9082284496952 -31.228547729735723
112.12923984077281 15.89284124958999
120.55339742627079 -37.838998101441376
96.82078447331934 23.141464908009073
122.95407088593133 19.563213013566177
96.57294660180266 84.64253732763092
110.94709330329026 77.37644147473591
85.34153579234194 54.44489763644367
106.85983057660876 7.879954280137807
102.15885363062418 106.18402942441219
108.64395062065627 30.409639049401072
142.67692583530993 41.50432698228777
54.514659596108956 55.138063156621605
116.29299507883344 27.164816780344633
108.09998904298688 26.037082783447673
126.39760535485074 40.1880423683812
122.12440844509257 114.46559885956746
97.53462466005153 23.24816759965825
118.37655600192937 27.637426381937303
96.740343972815 44.9111281091491
109.33839544274964 64.95351389258914
117.04018593321098 58.85544788226284
89.01962847109166 24.973993502161534
98.81281887379892 185.82114432572658
119.39610802614271 74.79628507148715
108.80229247598615 22.424426995558342
112.55332270685508 83.58246298312012
110.38794088789889 41.57272508318833
119.70867731617949 27.537349107288527
132.24557057646263 106.10731390795904
133.41036735588685 52.87649774162084
111.58189415388928 31.168123148608448
114.48506020927145 109.15488800168457
114.55384364958476 16.76000957833678
101.91380071574491 19.00678099314451
103.79809249607665 3.8483224053232243
124.56902164978675 30.295400229171403
101.90306133886915 94.27044012482325
132.12575371007986 -43.14056596638236
119.85052343324405 153.01653502221393
94.69499591025091 70.91455047214838
94.7183987764877 89.99946969512162
114.39860459820682 157.20052619632412
128.45799042140226 106.64294039353716
116.97027825228385 21.254995755818765
96.63010374699115 64.33784035152837
102.96862538577929 32.859354173095355
7.052394470747501 -15.818573251762404
43.94284257168613 19.764132222905438
101.69286159546081 -0.28964442269444945
104.41005568144028 -4.157109518627907
111.58519363105434 31.338654456859036
149.79598441401404 19.71300595334872
145.37085411318824 -22.31177797204102
67.73253794449323 -6.557234266312657
123.32500094612709 18.8731712516795
112.44054406508646 39.5639605562473
116.4678382699382 21.65793723273151
97.90656938773536 29.015019614303448
118.81902706538327 22.23427190283739
77.11021105476327 126.74081882829108
141.90627052656689 97.3816471249124
113.37590433783176 19.48333239121231
82.72385270664554 60.06323941563236
112.1300363816087 35.619933777001116
121.91672426445463 36.11100538764452
115.99771680355988 130.01202700620163
105.47818783288653 124.17911702258397
111.27609891849345 21.63995568311305
142.84882689677838 68.06274780912922
145.68700739847213 21.71335487145722
131.42125720892497 20.524790629628857
133.506602185878 17.831912390978545
65.938831202531 95.35032886714636
130.95254984324004 28.981033524333075
121.41985189472994 13.980554045728054
104.63683787320285 80.63663884642173
120.23698713935718 21.907556436879133
118.7838906285363 29.86964298363298
125.19613061720251 81.39553307459029
126.61523438567572 93.23848592586407
110.52124878967668 16.63991028302542
127.82656654788181 31.162520400290695
113.62618011815742 6.773575675578595
102.90747564352732 21.825761875756754
109.34868735990305 -17.79022695570631
117.41960142846679 137.2636229231881
118.9090644298179 191.84119310560328
106.40109731795344 19.38314741412344
109.88309353332832 12.311188753765624
117.13394661895771 113.16388633111232
83.84357255776021 104.50762050925094
123.78327836851068 28.335969224890526
118.82060948156139 29.623634599072233
127.4115150425574 78.43347497994152
113.41701417392744 164.02540283283437
33.710486147895715 35.429422398887795
88.94273873796064 77.07267098043883
77.9739702640626 210.68513752875467
85.78878712592582 112.76673285065507
71.06993371410181 23.73693667205933
105.8990877454909 9.197796072687998
108.71852959730353 63.999478347558544
103.6211271378663 20.810580520882898
125.59746793730811 35.20910657041362
117.85773126707758 19.525976293303668
160.8123086191566 177.07963979893412
54.04940924728965 149.2919805914987
130.96893105869344 52.100402258566056
130.17246216211828 248.81345772797786
139.682480732588 86.0267963634294
115.98202890015334 -9.581226231870648
100.32647822471368 33.18869022377801
111.0972258183563 -2.043888614829546
141.32803723404595 72.45127694111746
113.16126854537622 -3.1104231503989483
140.01336185923188 81.02843333342601
106.30498870842798 135.38348285535685
111.92460012617309 157.92694045904432
110.96094409113302 26.14306855686119
109.72057891776679 43.758771006761364
109.65648592487479 129.3582318013381
129.37048999786683 22.448701734057213
114.60280038122355 21.86540806952994
105.05254836854957 14.71876185230146
100.3299666730808 18.283258739322
103.9859059636342 26.05721244078526
115.96797807805943 25.497818956180012
119.43603899906559 36.12452451138919
111.78698552044145 -38.782231121624434
116.52724123995691 21.291335305814677
103.75102219763683 32.61031087311458
131.42583339712203 34.446184558377894
114.62333788063779 103.86373083452624
109.57995138232404 28.661107409227633
95.37576422059996 132.51293704622708
82.02528367132348 16.48723821933733
106.01764607977651 38.26295213080956
112.13256912361729 26.55720882446947
110.28028352833466 15.025382302354114
144.10176816585133 85.96950351062225
113.36723808758155 -24.920291121222814
119.06519573833967 23.99361782611803
128.69029952782537 165.68514095041428
112.42189159431229 27.678990248335857
134.64793060098043 90.42514951019432
104.05782310288319 18.690450796702706
134.1323973252821 25.969937901628786
106.76043755044074 35.20352266350246
117.84107212542396 27.953623019370113
94.43640763815469 119.3077798870926
111.48997774978305 26.64118650059712
142.55575091854985 38.168253214821355
117.78509702365157 37.25780148419441
133.0805375340937 15.112897336757612
106.10863656672133 30.584864975897382
112.17007004952451 22.54051157480408
112.26952317118732 14.623570168507566
71.63809335034418 -15.214024301678775
123.79500610130276 26.729869400409928
26.604059005188173 39.4666942231241
115.71881606207454 59.0856939521799
126.7683368898792 28.015829621510235
151.81756446294258 91.96790698646758
109.52276152234828 30.150425343941727
112.55872566575272 18.82548977613801
105.86170163376632 93.92022045178818
119.2695018071973 126.67251314163575
109.64779028421316 26.160027524493756
115.83616229312821 120.74896006845889
109.64186503724285 27.682556802956054
110.05881866193506 22.036036281533992
107.38156298339635 26.974401465561638
119.06375345180133 16.78815509405644
107.6186002381512 120.44156338680523
104.94212502491843 120.48319225328642
116.9706811236901 45.40229546329799
49.86796742195711 -5.580057659723153
99.51160070029509 122.00391045034831
121.40449418748845 2.5053633819848233
82.89092549626697 109.01239446900323
114.0424978050941 19.3790677463389
124.84912573317176 19.426178365316876
104.45620016263233 25.158250406568285
85.17777175734186 50.769391917043734
114.20655480191583 15.149441520468713
107.95300253349264 77.6543550929425
112.70192481187723 10.47235742860839
134.15518383110506 70.158851180142
98.08684852022417 26.158985452845613
90.36597297562763 87.14305629243597
121.38965132429777 48.22806464506028
110.43643285175324 44.1376582932455
133.34339511977126 31.913811845595973
114.02982770676643 47.01515305002375
114.90040290565364 25.42022501374383
111.74433921917172 15.682507191753993
112.73659361444636 73.98346040248038
115.23380450910389 12.674520549786806
138.9580809846185 126.07412306943897
96.58297613808202 19.309404857619363
113.79815646793493 24.038670497046063
123.423208411537 51.79988465310163
138.0933339812337 20.424463633111092
113.17263277605048 22.369504248129992
113.16867689109264 26.02371525157931
112.43110234291753 66.37950715349288
131.31752384790224 233.15676036728755
153.30424205849062 29.020246976662477
97.89786517456393 68.84530186575147
101.30225844191864 26.496110751718597
112.03672580151287 80.48728683032718
106.24803748438576 155.43123009618583
72.35796675186494 103.73024956931101
108.37322234423438 21.90445407536067
109.59988649939633 39.680104540173616
118.35489445784837 20.07416158311307
142.64628854482373 24.657800347777194
111.47844563369972 57.75443265620508
130.66920867939285 158.3080915465005
123.18513666345314 64.63863046307581
95.69334314084846 22.651855628897852
105.11243167156307 7.541752930955944
90.44067167270082 23.953937659000417
111.45847902515689 23.342869067877686
104.95943115336796 13.841889190208335
136.1449812056862 32.94304035183265
188.6255957244699 39.50984209176133
140.71166980260767 110.54913422958683
103.43972088872007 79.01140659643178
108.4258550087276 80.71942853574438
120.13457593731421 -2.9824101866174466
108.6297373454902 19.915857050059657
89.8051921372431 17.946020359601587
108.47284046213761 32.33645364286899
102.99123028523069 22.57747378797314
72.43357258506944 13.0095379864347
122.54194489908349 25.751472589170106
115.34984847749631 15.020938484733193
107.04047861960879 0.038955490792893954
100.64442641797834 -0.14214802603873444
109.84570985288526 22.889577322312075
112.51667584210158 31.25344911592066
130.63284415831757 9.594598473713809
129.86626617371996 56.14992109855175
141.41182612357628 100.07472650037629
101.86569673553926 20.512806727167494
126.72997603310668 15.589996106882877
112.71395303568866 6.242683923667733
96.94022570743617 69.06200399822377
128.76246243845966 -11.952672523985546
135.7832392875968 26.385971723984614
99.77741830832801 24.766066211882727
117.43523379635059 -14.285229563188343
99.64456852170375 25.48494238749472
75.5109912632771 20.5822218231558
98.62023747907608 26.679268166776854
112.54733378699365 3.973911785108976
109.78384569598549 24.82075540373966
109.58363001613407 15.67395669497036
35.69522344602971 42.17873417162505
98.77828130228134 99.81029918280889
109.33516003388473 9.591333522615795
143.79195215853733 18.441864806140153
90.48464615813218 32.44959035828211
108.39933377599492 24.74266549755519
