111.51646124013192 18.504058179843447
89.24944494507828 148.74884522586248
125.92863762376136 17.02832695707596
115.69859228365956 -30.137654829650103
124.75784604242811 98.77170005864677
103.30868772619574 189.15708151075572
109.99756157529644 51.57175064532454
104.93222793229624 12.896059181967772
169.02031877132308 34.35680544406958
123.28026738971006 20.125884024643987
114.15259576916952 28.427183462770937
127.32968789715652 19.323203978996947
108.25305461434436 15.401964622986327
135.60657555500296 195.70714129876555
135.12517059413162 12.008944259861783
100.51026862260731 -3.867901850258215
102.87429705688666 42.203517282361865
111.47989764560857 20.998173125645707
117.44952567427889 44.026000596508325
124.91058710340347 77.54240749218013
120.6671309534826 16.939203810817215
115.1300251442957 32.33918077775603
116.64615512393635 32.51540768063395
105.51998330207527 169.81635263913878
100.04622351889104 134.77053119243607
109.43265519494446 41.14196724309295
107.33120816829573 21.72389994684787
109.99877021941701 57.24237724679768
120.85685742616795 -0.1502073409147342
111.15331318762848 -1.1313464628228975
105.52404684983524 80.920790979239
110.71271943778724 26.157316172017946
75.79452552186493 107.33075476000688
91.2303299767042 55.40428720076499
141.14977996593493 205.67774222872177
106.33791697232355 -13.949910907671008
105.45512866321187 37.67404087193201
100.08016325516036 29.6718205802504
106.3476760113339 204.05146891897115
140.97159586589842 25.988379382353422
85.02749124367298 77.03477940685326
89.31250224452906 78.15622028845011
80.95752015632665 -43.85858923673971
104.62826024323557 18.906406716376136
97.23213550303916 26.56082872840892
91.35136341888509 13.419372690089958
102.56175036936577 48.304990697614784
107.44082177610765 -1.1420103211085593
108.78068539974154 38.62350840184692
81.02972615232053 138.5136834759165
137.75383590961403 26.81583320941125
96.93825350592104 -46.658354204202425
164.56757245139374 160.83330528485956
109.25685955729625 40.3744447786702
115.69989479503134 -39.41029371473087
111.93302898406726 14.536236589177697
122.02264109591428 -39.7134733959114
99.36296668526094 21.445392407522334
123.33142285305034 18.692208806865114
95.97275848941189 65.80727723542037
108.18853203360149 74.97473071684048
87.32642503728484 53.13748330826528
107.71100546878205 6.04981718148786
105.7673360979604 103.65754067442809
109.93328180571743 30.1902273354148
139.82420182710922 36.886274422425195
57.82047636391605 53.14337805993208
116.28252094002896 27.705523584835422
107.4322727571978 24.560801350553977
126.40465688125806 38.22064531685409
121.92786046360841 117.89458506700525
99.8019593449127 22.65039921620096
115.8681891158997 26.370163135846102
95.90106408529674 45.51871203993471
109.3260450019037 65.91868690549957
113.97764860155121 57.57382388039039
91.51564668463001 22.590649130524458
98.31412036383516 186.83398887495807
122.87510157765367 74.30448006137175
112.08109672711083 26.501162236099358
112.46849377379526 81.2635061229951
110.7953348339055 40.870554747980144
120.70610192166517 19.535904704896218
132.2616736952898 97.30125849064655
128.85780348943936 51.02739324106255
110.91491238360723 30.395617629018364
118.71961979218874 108.74530332349066
114.17036047158892 14.903456752993788
102.96768535895485 19.054644420576533
103.973676907973 0.968337177572228
122.72230304130709 30.144036883737368
100.11270260802912 106.7123031232563
133.4950895525944 -45.83905784485235
118.4943515863538 133.7953321685783
94.41746727859234 69.25334130824803
95.4930569063072 92.56389999183669
113.69781598258541 156.5042967111115
130.77663619853928 106.65875208323517
117.66917777340586 19.412982096666724
96.11398857135664 63.286521944685
105.20793786517437 30.810251708279395
8.4016246045619 -20.49076917003346
47.28850534845695 19.86528437064818
99.77468961346601 -1.4184527216275469
103.74136693897218 -5.581143014065697
113.5604660003989 32.4137783732304
155.258909209489 20.122044037002066
149.81387200764664 -27.653757095822602
67.31282662285292 -10.98746728876302
124.3283135168553 18.846116367143768
112.39258856950728 39.31348971740611
118.41768682727968 22.212034539600516
99.7304176435801 27.72256893499828
117.66158471406867 22.599193676572018
76.90651157497169 130.88960425061947
146.4092444046691 96.17137064279041
114.07146347688428 19.413209802626653
81.28224698606833 61.280195939921214
111.51291660308021 35.75776434875898
121.59592552405545 34.578454463193914
117.86861459227427 136.7689868113249
105.38107720885667 122.01252577803062
112.7624203176239 21.021393148982224
145.50137314555434 70.05758468697748
146.05965579120144 23.19319880291629
131.65760357184953 20.544727161120758
131.93330869792416 17.98431004879281
68.26146489368507 91.60491848678849
129.73817172483982 29.38738364218123
121.96916075147938 13.943593236545954
105.95251766491853 81.3960246793036
120.88233990729074 22.767527706246625
118.05168940169585 28.468605300896456
125.53627220298007 73.95490512538385
131.76284311288245 85.46351539279506
112.91579607665705 16.312978219868533
127.11469519475416 29.579353407470744
112.40808845266844 12.587464007639067
103.46455723050215 21.259002308094015
108.68387157152604 -24.584566247960293
119.02251487366505 130.02800808525652
118.12773155456037 191.37708341462502
107.66074258296334 19.294286685186663
109.85041488809256 8.751117887496571
116.29325971692265 110.53579692706303
84.18842559523858 98.88944719345109
118.85077717774753 23.230451274182872
119.2445208683377 29.92770397203378
124.49756827846767 70.40268315216419
113.60118409619274 160.77771726454193
32.614019592239025 34.63669653764653
90.75472388932917 78.50839372520728
82.6952405861113 212.28943602888404
89.05784088341456 113.74207132731269
71.64399374294618 23.728952078570018
105.56086030817343 3.761077968215994
111.22742653324997 62.40941505718079
102.45647488542596 19.934475443434597
119.95958280545678 35.04272046769254
119.7510548592774 18.891044538814977
150.95597156514526 182.79263335778822
54.52336935924999 135.51711820485278
133.1255668250498 46.97793399210948
126.04661026975081 261.25101495262123
140.91067292993154 77.73738097509101
115.63089636350654 -25.085126559593174
101.97648552960673 31.314507491388458
111.62274421539948 -4.546999982446188
138.1550660775868 68.67473022614374
117.01779219437148 -1.2091711376309893
137.95683024319385 87.3498604819813
108.0315898814754 137.04666030436968
110.91532922593014 152.51257187911648
111.50314494240287 28.31710264029474
109.71731963591799 43.390933157763634
106.2023772675008 131.3872196570346
129.6737153327636 22.612610626887342
113.67847756405119 20.546465925854
99.96304309894117 11.367067819412927
103.50774692894299 18.290293780989863
103.73900394803762 23.70239021053769
115.17089178084005 25.026709460307863
118.17910093471383 33.8623926544527
112.32359880909132 -60.947864581722264
114.72409952309094 19.626951559908147
103.08120634046008 32.69265509004488
131.5300013658491 35.832799857561426
118.99655009845773 100.47203828693567
108.17250192662205 26.28640192101949
97.83382111578642 134.18069433996763
84.40421842981357 17.793430686588124
111.59128102398934 39.993566006854884
111.99673884991016 25.831889665486944
110.22722527000094 16.919503000009193
140.51866759368562 85.59896267527837
113.57594884361178 -23.750111077343604
123.0749090503294 21.990642882927848
127.21982870548165 167.12336705295047
109.77925746499527 25.43297532051546
136.5415379020115 95.70448950169626
106.03764914188442 17.265776991759715
134.3070893075273 24.155188556526756
104.92278016584224 33.646722677983135
118.82473083165489 28.380904108123445
90.78475483457524 125.79347133057342
111.46796730220537 26.455994446715103
141.54898480278314 28.39854162703984
118.64639527128749 33.76228967484211
136.60634168869626 7.9232595113107935
106.30220889760513 26.017480590340615
111.62851191407981 23.228297747978626
110.36049498452228 15.170103432584183
71.70240633425233 -13.917673956188624
123.1246701386038 25.205989442146375
25.432899518812583 41.98268693514786
113.72280214310595 63.349616796510375
128.3379352528949 28.54768254623205
151.0816443936651 80.67682766738322
109.4789701245986 31.382911549674056
112.64252979189915 16.03062370714834
103.08050237139658 92.82160613832525
118.10595518896616 128.9113342104541
109.62748623892378 27.27309488305824
108.76844933792005 115.31544377971991
107.76222194222606 24.12688656284916
110.75849333446975 23.884803777806457
107.36621193821848 27.66381547072102
117.28098688648362 16.826648578321716
111.43788144337749 125.60626852908652
106.35018896419595 111.25495848109159
115.51282729621319 43.797697980253375
54.89180501990647 -1.1451365995162952
98.00632680668052 120.09077857172147
119.139415215533 -6.792125790909283
81.23035558191464 108.66481260405473
112.63224108436773 17.227347133149646
126.9608526648706 19.611065413225884
101.76602142962878 24.741624448375667
83.01027973126561 39.613734135662085
113.47087471749104 9.927518063419075
107.82485544592909 70.79301626321923
113.53078690881486 9.466713824924138
133.06392543722956 70.49152060023138
98.34926109618473 24.81540688160192
92.32393761212944 86.96418776106596
120.6617821629775 56.127607681632604
110.79273129574808 48.715082199942636
135.25392573966818 32.88700474727056
115.55074337561332 47.05232018890523
120.28073846749147 25.74747313064478
114.21380807371285 13.307992273629612
112.63540000229322 66.24536577904799
118.2447562962636 9.784038759026448
136.73426993398678 121.9300695418283
95.44199796952141 19.307820260159183
113.5466826979701 23.719736661283594
127.34667806195507 52.90734411888837
138.5414419601282 20.456341110572165
112.90637108515875 22.24105144535393
115.25779415810987 26.632242278033715
112.34618231894424 68.006111114723
132.58337428836057 230.84127697099166
154.53774931210103 31.142287805880162
98.38766092940476 67.25769333865536
100.08680068249191 32.817917556167295
110.82507176711502 87.03784287506544
103.59358535871307 151.95058738982794
74.55156309568083 103.69191309042078
109.14608901023037 22.23745946650281
109.62522259141599 38.391465393487536
116.99790258527386 21.10042953290108
143.04615193488644 25.806841238118746
112.20353523861624 54.83014299281019
134.03322934487542 153.80415224523603
120.70883474500381 69.01584701040576
89.43851622450185 25.131924619186755
105.4369690115763 6.567907602706935
91.07590638669222 21.8402073235853
111.27319960913526 22.286564509435145
104.47837677036046 10.334790530794393
133.94232676954906 32.72873968309248
196.9801488485329 39.9881099557341
138.66842572627726 106.55844323590254
101.08118572550117 75.777422656287
109.10439087150469 76.95851048967364
120.76085678660748 -1.1182547176923234
108.02585329009108 19.784814136416703
89.98112177972864 17.977239232706243
107.03514176056326 25.819864738655163
101.47101831486093 21.625699510803912
73.2594001544453 12.807152863085108
125.42100546112522 25.105231333672847
115.7640580384369 9.191569943923584
104.39931115788161 -14.182002031388077
100.28191532560604 -3.8590388087706518
109.84512261271945 23.94498309502532
113.9295173195954 32.478930262284905
129.41339131585713 9.977085647884307
128.0543506792167 52.42172447905174
141.10636146151114 94.58961830195716
102.07508052952666 20.51419726243208
124.96896419343747 15.751797132920181
112.15972094076193 9.482051602226765
98.37430402389086 67.28130483548709
131.86291998172976 -17.207973692926107
135.7660911704601 26.3762320915944
98.8607323030883 24.58961559055197
117.67616607054936 -15.88172630605127
96.93310998550434 24.975000357460274
71.70556842164216 20.7037832521827
99.23125170970715 25.55507255478405
112.71217304168941 1.1369677357438603
109.75822579375121 27.4025806948028
110.35196642220896 5.118997037942597
29.25448674086129 33.04576600506157
102.85310901310662 99.86539431893144
109.2506164955578 7.587318457276115
146.21756273954887 20.081342306009468
90.06154961155825 33.09847844378848
107.55107681444615 28.081418778665686
