112.10869368097488 18.19489337329737
89.9695689075915 148.47944118257874
127.32804045736219 1.6443245266894024
115.07617720448569 -22.00635685821039
123.10204726502982 96.07966243902982
101.4812387028437 181.82045212874448
110.8427440996547 49.496618214997035
105.78034439447366 14.20221685402733
169.26533173068324 34.46245380275714
122.62832618046188 19.436053663654835
114.3389413335901 27.637556641729514
129.156874464978 19.869624274889876
108.09905743446926 18.258074616466466
132.85049706212044 192.30438468440533
132.10412989856792 17.29308665206362
95.97184133083037 -3.2102947514626945
101.37755946953588 39.076652692525776
110.90530347061355 18.78508689462124
116.8378336699343 37.56750900448337
126.03714218814739 82.1811218875338
117.62382404655294 18.52345116987222
112.68263800920742 27.400731160414125
114.79447469117316 28.901047652392734
105.96975142867026 175.6254009481693
100.86883377948394 127.25050601468205
109.18709549608168 44.62468107407395
107.15893585281034 21.168775687412044
110.02149082403464 57.936275087527676
122.23615987906938 -2.6486575497900966
110.9589924301063 -2.895082767053985
104.05807808259141 74.9769057562918
110.99494744683699 26.122542123328685
77.39958923520568 98.35981189561541
93.61189843493584 57.17525123340398
141.58774221870985 208.9927333561367
105.84628820203487 -11.367408368159253
102.61548389205198 35.07808679973556
102.2649902635126 29.39018228525617
109.61702992742595 200.6459930747083
143.28125959172348 26.035273908601837
82.48244264124872 66.7519293729572
92.5581891869402 68.85032665152393
80.34352997899289 -40.90582926995349
101.89189949202168 18.979439940077054
99.58034076152576 25.867510675563675
90.81333826758764 6.690754911248047
102.51213915858303 48.45014862117072
108.0390020523897 -2.5260855395367923
109.79129988116838 38.80743306319819
79.92802371530455 128.1950875119347
136.9146041838862 27.37034709978408
93.57362173851098 -49.53619668381709
155.42908188484392 164.5654113372447
107.69116596902435 46.06947731764402
116.46482776069507 -47.14858651333197
111.71056315195273 13.230982849254467
123.38185963669177 -39.55248737667393
102.07463092874737 19.73399227523722
123.46530388726235 17.821815680803315
95.38484319072936 47.09860534699082
105.4374476979399 72.31715143678063
89.5996697870086 52.054924592809826
108.5929623921612 4.3137760261577025
109.41384673548453 100.8919409018647
111.213962748825 29.938688100586326
136.72290657707646 32.135831855524394
61.83508086141057 50.97569961348121
116.1571587586423 28.162097781260382
106.7782734555282 23.03109828239283
126.19313387175133 36.08576624719803
121.55173085672247 121.00885290256596
102.12292029780834 22.023112772495942
113.25231177830948 25.03238478477579
95.2565144829327 45.76924879485256
109.32032561406447 66.73179123934295
110.87471694430398 56.150920762560425
94.08244659898962 20.16416773678941
97.97847416381357 186.47097234227908
126.31886241822379 73.86355835242097
115.33713841951644 30.517773851487515
112.3508894862526 77.72894475951092
111.19563793454635 39.861411749122716
121.57930682917528 11.86163029543557
131.9949011252292 88.36114487747147
124.11349774477257 48.828982450918474
110.24328738642667 29.529557401554698
122.86083932265367 107.7068704798401
113.74506105264273 13.117909664819711
104.10490903835812 19.103144295739504
104.24593433436173 -1.6640519260873958
120.66989690124616 29.862344028586005
98.39427070567352 118.81302138418289
134.71852674780985 -47.812673084138225
117.04546339629582 113.63480038036015
94.29979285617641 67.42326899950007
96.40077951952618 95.22040537711447
112.94958671893768 155.25883443306435
132.7036068221033 106.1193849922903
118.25454544802052 17.571398423000037
95.654507309191 62.03435049803185
107.51919661576332 28.694266360591534
10.158239734701246 -24.73106885450253
51.58673252041548 19.96033373236762
97.9333841466962 -2.4001756090851822
103.10806214561929 -6.559451799953834
115.50952281635865 33.44140752435535
160.4860688698468 20.517757302609752
153.7799594439783 -32.47101079534518
67.14691522387545 -15.177341128399847
125.22164097142755 18.821386391870433
112.3318197201505 38.851422649636014
120.25491306653197 22.741612332207836
101.62170921100851 26.3616901428445
116.4425034894509 22.933900219169335
77.1931924012576 134.09017796608626
150.50472083489092 94.77943510175653
114.69683161925568 19.34472087439212
80.26478660258297 62.44901349187166
110.87956413066908 35.835797245693534
121.15351207734905 32.875944259187975
119.63101928275373 142.7120229628417
105.32406712849493 118.67951678148457
114.21583898600201 20.389853069698283
147.48644865033776 72.01101307180272
146.0443593546656 24.6491825776114
131.70399133264198 20.55222181413046
130.1459115211014 18.142645983549315
71.00600244110434 87.89906691306331
128.1799177498069 29.638840089033856
122.39034196783852 13.997505791872815
107.31143770362368 82.18739617461263
121.4651428786014 23.593556992405507
117.24731275173316 26.980953160391433
125.80150960200454 66.33799810811509
136.77722674568338 77.44090674232712
115.28829070266404 16.014461841388837
126.1884854631924 28.216662011320363
111.15788942488851 18.40985091127378
104.10077799292097 20.671482825716495
108.03187321867276 -31.17755685839537
120.53711277552857 122.45317223772994
117.25915397306146 189.83241452759347
108.93292401171867 19.20439528690766
109.8186105608487 5.282650784611949
115.35758056607696 107.06908215201875
84.17523026428542 93.17404022492657
113.85556059690879 18.72049339780653
119.55794865783172 30.118455656856327
121.49138476663411 62.46108808838099
113.73830058835263 156.00127422588778
31.84460007855525 33.88402873735833
92.6562214990636 79.86077299542606
87.78914810851452 212.51841087335671
92.48871857625065 114.51997869013883
72.77775454563147 23.641675186266422
105.26476724089241 -1.5383098322875615
113.72949958283064 60.77851876438732
101.40706807025545 19.051347019369853
114.25897948009337 34.59494362091945
121.61858051711326 18.263624976679846
140.765595931811 188.32037524548082
55.05372829169565 120.6422774309185
135.0684074064299 42.27442953517899
121.74117530764185 272.0714966873345
141.74867149362066 69.36433984165794
115.17681902288366 -39.328903228324165
103.75635095769462 29.334548128059904
112.12764278789611 -6.637260382867516
134.74489781697324 64.31630463957329
120.80529723771775 0.9158037196987201
135.75536415993335 93.3732407007759
109.76794896931986 137.6022514741399
109.8914055105784 145.92149933897915
112.02735141333322 30.415676382990185
109.71505621061786 42.785996584821525
102.78518699960777 133.14021217177302
129.7801596676315 22.729768389234586
112.69838503088003 19.21910195829141
94.94909856796377 8.121595963143163
106.72060775264912 18.3103129889708
103.59451536397768 21.29869590239924
114.3237469908626 24.448133471878112
116.80711025645977 31.36822701149682
112.8301249296875 -82.63736217557533
112.8569150140473 17.961437732328257
102.48926489669611 32.605338944438806
131.41122382849753 37.139805594392946
123.21048737162654 97.02912232267617
106.78146443681891 23.808516954831696
100.40048009808872 134.9587801031873
87.00817592653172 19.12037735441045
117.14904762981924 41.419558432693336
111.83438463651794 24.98746773985984
110.17296057129789 18.849039994386974
136.7008467047489 85.53137947389607
113.74748064654761 -22.538538902118702
126.96134105416107 19.97108674067162
125.53385148954101 167.72583541643502
107.13092844680168 23.130737591641118
137.98015154374045 100.71761574195612
108.06471014005973 15.871373746604462
134.45077173307047 22.28082549646943
103.16489884283365 31.99021547067666
119.69314484109744 28.69280488758551
87.1985964742899 131.7371187671535
111.42251671422369 26.2198409151414
140.1848521993388 18.945172404287224
119.42552420330395 30.07962210682456
139.92260049928592 1.2136672672453166
106.5328786000453 21.341556376551488
111.08062571533684 23.88967756593953
108.44648269426784 15.761143150730113
72.0932162906556 -12.082835064609132
122.41251842904788 23.642455749416573
24.343413575469555 44.34723803624439
111.6805742902549 67.87788159673866
129.77076027554412 28.93492624232639
150.14224658679254 69.06867399596892
109.43826920629269 32.503886597777786
112.69596212199627 13.275873830931701
100.37492475728811 91.63092821987985
116.8342233307093 130.7630522975073
109.60955065239297 28.295342979826483
101.70347182973742 109.85089525964051
105.91135141549807 20.51777601702761
111.44982869760952 25.713555426666783
107.3768253605156 28.275725372305963
115.4090278962579 16.898674472913395
115.24034436885813 130.37019492570965
107.79490816719304 101.43082289546031
113.98526349400757 41.80220246665336
60.39330970296383 3.3787187429362957
96.65670146991769 117.43423854903953
116.75052031108449 -15.682053356957049
79.87508066346227 108.2308037761341
111.21461773336702 15.100271313101
128.9731167295308 19.79613325557352
99.16634125072784 24.27299577877443
80.9450872846729 29.10954024592657
112.69484892424921 4.805607906785944
107.70996815630168 62.99793138317535
114.32116688971934 8.558869969932505
131.76976977903848 70.09098445648557
98.70041566700056 23.425260612739418
94.54051356255904 86.65520213728166
119.80609936805199 63.52199879120049
111.13732560672203 53.17515898585125
136.84558561856602 33.66581609828777
116.9816120507572 46.79869715860976
125.53130235240675 25.957780016527877
116.63413465459654 10.950318296568579
112.50665921666108 58.278949065234286
121.23232906621791 7.031166155843342
134.2123854637112 117.30842168871966
94.48345432564874 19.306344262847816
113.27024424008904 23.336458792871777
131.04843382085508 54.0783145358377
138.8421587912649 20.471820561195738
112.60229664479112 22.082208261798975
117.27682774444268 27.161607317605053
112.22776415127761 69.32111278256615
133.71971175427893 226.6711917235093
155.20294677608095 33.16743895252469
98.89471674113938 65.76359556944753
98.91881722090245 38.948978754204056
109.59030505573989 93.47650715013907
101.00335429954445 147.14638804041886
76.5403637523822 103.60558652668558
109.92514647018469 22.5341172260606
109.6517383461467 37.052934150005996
115.58210103062312 22.111934458591357
143.19387747456202 26.907822128393075
112.89606676155914 51.56032451455981
137.1325744640559 147.76315829060684
118.16911218455637 73.3149681811355
83.55876585795318 28.340368603681178
105.8143723352282 5.739440296974703
91.96869448932034 19.70156414990577
111.07066632988234 21.213247288656106
104.02716737179165 6.890150660879827
131.31093892871684 32.34687998413409
203.81460048715252 40.16368203015423
136.422771669041 101.98874557865409
98.83718001405991 72.63948993030755
109.78389631175506 72.94102050044881
121.29710009896401 0.9296074105900212
107.43973837094062 19.650932229887385
90.36229351483165 18.016573295327614
105.62343701428232 19.778322565711733
100.07697103168124 20.655445025281672
74.56555217275027 12.648438582392274
128.17659155542154 24.41208829643434
116.11814444776148 3.51384158640139
101.82428185792955 -27.91211646390574
100.00172348410806 -7.279772614417501
109.8445614917364 24.947871932978856
115.33277668753229 33.593059459214004
127.88124074267067 10.427841472852794
126.04144735522098 48.18761355381319
140.60034229039877 88.86843607989319
102.38015242687707 20.502622858562148
123.01026300117596 15.95629796778252
111.58189052790149 12.772225020164807
99.95511868443405 65.0719910398121
134.75740446538455 -22.179964840416545
135.66634615804273 26.281428397149107
97.97355572421434 24.356780958293612
117.87437445385693 -17.224228417664932
94.39961882517471 24.43793616075569
68.47036569789022 20.817179264369347
99.88022313387357 24.37444513575094
112.84717532063853 -1.4438424206291782
109.73345785978738 29.91234725361731
111.10962701447588 -5.215066670952426
22.832354304978978 24.568961336503072
106.98038633853317 99.97174822126378
109.17300664483885 5.638898936981031
148.32386510552007 21.71221197362385
89.76427813045576 33.61341670012517
106.71803981006927 31.277327876445952
