113.22762759059425 17.601456786127574
92.03044894087088 144.76676349610824
129.63958558656552 -26.93017811076507
113.69941544640172 -5.172402862509156
119.38332340589427 88.78741273600468
98.10826658359926 162.5032371185401
112.49296584012582 44.65692470170011
107.61160602768588 16.87720647793486
167.9418336335132 34.14971602928749
120.86523020204754 18.064773213556826
114.56352607932189 25.75172927366852
132.23183935660762 20.944897687075965
107.85372048575852 23.97313441440354
126.72732216438737 182.37628826376067
125.26810850746226 27.91188303356285
87.30532632765329 -1.5064091303610292
98.57321741037484 31.839586298731064
109.72295532042517 14.40640878842034
115.39558382054908 25.179128796016407
127.55622122262247 91.89007472182438
111.36126689336729 21.68664642418195
107.71893543712395 17.407643802146847
110.93604266758703 21.44117795501058
106.94757231819209 179.527032232556
102.82251440055147 110.78219244000046
108.71144822469556 50.861948104317975
106.86652743454366 20.035319006688603
110.06110318246829 57.481753226825305
124.38594915882857 -7.012892943595412
110.51833549880159 -5.7074239069482395
101.40416988224965 63.083074663257506
111.50000233511173 25.836949749119594
81.66189081761243 80.3550621435919
98.80903609974834 59.90570367231011
140.87131591258228 213.61120144852367
105.02570341322976 -5.741668103935469
97.15687159281556 31.755984226585888
106.82240001641536 28.55285976241077
116.12480663394095 189.9133673180431
146.87194811850483 25.88858732905986
78.17614745744017 46.01359877564349
99.61662843199532 50.25161719157486
80.18830213743415 -33.42311618809063
96.82408783176128 19.130000918046463
104.5686952384449 24.24752829003113
89.96563765336629 -4.9300719758062765
102.5713990187343 47.74826675910652
109.26222073965893 -4.791873975965057
111.79913585852275 38.37527674720683
78.86944873341487 104.92065001250828
134.5177817725608 28.31058207288474
87.21702924794162 -53.57588653586776
135.80396632949484 171.21306199872896
104.64240173723685 58.08255853365082
117.81989104192786 -61.10289820032617
111.1890427369674 10.752337511046857
125.48552628148724 -36.20814986093771
107.72347851612587 16.319152202450184
123.32286243082248 16.125353528382202
94.68587129529655 9.8371948728702
100.14147995806138 66.73886889152368
95.1646774675025 50.849012372463434
110.3861074154002 1.4767262348276537
116.67171170689825 93.69875291446209
113.73045156524904 29.02289261109271
130.10622076022196 22.301313125598778
71.6646036091529 45.622769562490376
115.7684075207025 28.87898048181385
105.53167281739081 19.879001516300715
125.24929264620567 31.367710640184892
120.36519666854097 124.59194382512155
106.9931791919263 20.670903392161307
107.97678173288593 22.26517353053266
94.52883651919387 46.025606270293004
109.32195777995729 66.51966229666195
104.66933892705913 54.15443355615341
99.68266869811966 15.315636469049295
97.68724278065734 183.77330909415747
132.434677520838 73.07563964300695
121.63424947231732 37.95518706580053
112.04441813275977 68.60596910786026
111.96894921678678 37.3529542192083
123.20331727108957 -0.2421204593712245
130.8531432314931 70.85152712134416
113.97950230657734 43.42970789863689
108.88685731996017 27.353327684406537
130.55412230781585 104.49918622908294
112.79792579179376 9.654456794015726
106.50173961521287 19.207639762406604
104.86318011028163 -6.456234109268491
116.2132980155603 29.063446223390073
95.30774921175947 140.89244431298036
136.4619905556866 -49.29645033924398
113.98572433911777 72.2550353840837
94.37813217391121 64.30739212983667
98.51499112064063 99.6783074220813
111.34175919153576 149.7719481382739
136.12876745003612 103.08968148298023
119.2448176610673 14.026612207729942
95.11007586309147 58.67308010498257
112.18931843962349 24.28402358721946
13.869403662733403 -32.17935199872047
61.19860812333783 20.135839467363898
94.81303333550406 -3.768106143222418
102.08318438897214 -7.64508101260911
119.26655894847595 35.288557508781736
170.12866578749941 21.24461135629196
161.06933941811795 -40.677650833729146
68.93741588273349 -22.54239053838756
126.37914008355826 18.788610738161886
112.15584670370585 37.39638729915898
123.71649064472086 23.68045733328547
105.58944220704761 23.373297279872368
113.80850264532039 23.50251835182795
78.46755996087566 138.8696215549499
157.4272897624163 91.3008639196406
115.7871462115954 19.21411850687423
79.13651512374398 64.75156742748271
109.56953703470295 35.67165934136759
119.87583263172621 29.04630430132928
122.67895551722795 151.89732790371758
105.44249249805056 110.28504017212634
117.01824707471718 19.108847051545755
149.9478971181485 76.22073106329385
144.52216009674225 27.308233987825908
130.91529670664096 20.53895273922189
125.86030215708159 18.504042161629627
78.14808563150206 80.85701119053537
124.59142039764184 29.844681046579513
122.77772365983901 14.276621408226864
110.08382370352689 83.90848468191254
122.35709254394833 25.130157790006223
115.56106045432682 23.743626374425396
125.70721805260517 51.05706337817722
145.85506850796367 60.76313850122453
119.84151597681915 15.473889257637133
123.87344499485637 27.051180128938626
108.59487361210891 30.032716573127686
105.6025884180441 19.48404108395725
106.79160642113595 -42.698374669715555
123.17170672511936 105.43100380821244
115.32714238883935 183.00801313266066
111.49263593798004 19.02422264281474
109.7564757341191 -1.2609837361043645
113.38250903744566 97.99259693596143
83.37442956978701 80.53293899977218
103.77014494963483 10.483815995800041
119.96030713559041 30.0291974211334
115.05770075387055 45.80616535685027
113.84263813318661 143.81309831405392
31.572529811752577 33.01453462691228
97.06412277114057 81.5142749502885
98.73133977770662 210.78024933822147
99.70655083041935 115.14126958271417
75.60154736471763 23.331864168316145
104.73057271615924 -11.228354829946875
118.57534785169686 57.89959702471083
99.5952679815356 17.305342663135114
102.77538730323043 33.14175835605281
124.9270738615054 17.06981736836437
119.5474725074717 195.4275775577371
57.39904382294654 90.49084127791392
138.69776072396655 32.67252882562045
112.93923686627558 287.9004724206151
142.25462923428825 52.003791098599116
114.11900421305104 -64.96856065046771
107.43869887448406 24.927474355294258
113.0372788031366 -10.113562025676165
127.2084552108085 54.51464115743903
128.03653274001528 5.740122908994956
130.41940010235024 104.83783516499442
113.21327771016148 135.57308553073963
107.85251249894536 130.17005684400087
113.0063860024086 33.9966865493318
109.71355029328623 41.177414293260384
96.23770761884906 134.99715414780584
129.43056237139922 22.838792709371504
110.627724498462 16.579962062856985
85.4408623002117 2.128089408422427
113.17959521855236 18.387310035362262
103.49923148979853 16.432766361556094
112.49665217078426 23.115029322668672
113.80695227565589 25.98228725037585
113.77090333079072 -122.44515234977177
109.02448323733543 14.703734474693366
101.44389088370811 32.03421160114532
130.79507491214113 38.9720400312492
131.1706561935131 89.30920277120089
104.07043631366716 18.700720852699952
105.82975698459548 135.47614018183725
92.67717607441499 21.77310977161551
128.04708995191567 43.907538958833655
111.46394996867225 23.119561603602577
110.0523832832725 22.699275864579825
128.00317669786932 85.4250324848938
113.97575742819973 -19.454268248340846
134.37124369396275 15.937458501280943
122.01060757994162 167.34996656103422
101.94886631224145 18.42529464968251
140.11596189323936 110.28537027688247
112.1559256011131 13.17888016351272
134.2387773848894 18.491273787399635
99.95132276761223 28.16622655986896
121.17533882480267 28.91450513569744
80.6988378194173 141.82534421054282
111.2567987628624 25.522672059661833
136.78135438317628 1.4232205515821441
120.5170362651924 22.376865964094783
145.10767579427147 -8.861346662815514
107.04259769212004 11.9676860464787
109.92264730540903 24.973998434342978
104.69774116294776 17.033041754950226
74.14353102938209 -7.589511105424626
120.76137130012327 20.378420302430722
23.801257583229326 48.15064810017758
107.55932724217713 77.0820774193013
131.79545155271722 29.349923189975506
146.22718100750433 46.404138549760304
109.37435159997861 34.48612860644221
112.73061906386846 8.024468839013453
95.31802510995388 88.57534262982509
114.03205316031912 132.92714218947543
109.58292607216173 30.010901561009923
87.98592786874946 97.12764873951066
102.4174576544452 13.308031979584003
112.7680107945087 29.14333315903533
107.46637491372633 29.207033524211177
111.4875559866892 17.118815211973057
122.68923334044231 137.10731933321782
110.73106453154291 81.14259200198182
110.80482078824669 37.17110936999998
72.45349328009459 12.703949373216744
94.24473546549196 110.8607333301959
111.83072195822575 -30.086041736642322
77.87549858033921 106.7352159491927
108.36332878983528 11.02871931590709
132.40349210347145 20.158964267886486
94.37744469438945 23.25544768086307
77.34793613266007 10.310448314910925
111.03088022318761 -5.309801021979733
107.53072911781028 46.405747520061674
115.69345940547613 7.05100029164403
128.77651296287706 68.40320516876713
99.73225101727944 20.5590883961496
99.53716475235088 86.36507771238887
117.7824841650958 77.39035929222386
111.7762226188384 60.86080047043816
139.07244446657623 34.80225568421616
119.61560212981507 45.466383820989016
135.48342594828856 26.130136660848198
121.1980937608297 6.4817236089266395
112.19030334938694 41.286404338113684
126.79472973421207 2.0053345432684226
128.48296337025295 107.45246733097323
93.14153421808258 19.30367327400454
112.56556182671596 22.4350863925365
137.72961604329214 56.745938280422486
138.43572657956335 20.461785559484753
111.93050015246413 21.680548354631156
121.1409459551618 27.908973647489933
111.94799495534403 70.73665351800436
135.6894604601218 214.29366343304218
155.72746258325998 36.550253747901756
100.30115880915787 63.240373616289666
96.97830210350538 50.45194517205677
107.11964024252536 105.94456628453705
96.16130046790944 136.41572958126258
79.7277220750511 102.16432924595392
111.47547209849937 23.090114414022022
109.70723339968936 33.99325879307728
112.53004128290033 24.01203003324633
142.2749879626781 28.8669063515147
114.12180609725128 43.72853055237057
142.19473699757702 132.1400479172358
112.75112725488665 82.01608750943957
72.71475941205698 35.85973892205802
106.7636605947247 4.634347956589023
94.38596816316537 15.43463091605973
110.61579225695877 18.990437267692542
103.28249659671395 0.28355002179928546
125.4388342173698 31.313026937575792
215.22985233574033 39.73491819694747
131.00681707429894 91.68501428813651
94.55264160156791 65.48098351172119
111.11257789095664 64.88643489976437
121.78647154930117 5.573984575218681
106.33179616594816 19.377982883121565
91.53272450589532 18.108831904614835
102.88180024166734 8.343102157462766
97.62316352693787 18.69789558328155
78.59537758929538 12.543577474246113
133.2807497329122 22.7986494443684
116.66214778594276 -5.783663886241682
96.76602876402941 -53.88220983780409
99.80758878318831 -12.993579901046067
109.84355002901559 26.674821971197666
118.03116610173183 35.46849201007653
124.0564875689972 11.592189775320026
121.53044329228388 39.335257599934195
138.73508545299825 77.63253041660965
103.28383549645444 20.455988614406763
118.56783396548634 16.457597451184068
110.34748094922358 19.533902937975256
103.32846548670493 59.39239203866591
140.03413920620983 -30.68494772192228
134.6655993375885 25.90798401116164
96.55871807271814 23.785447242483315
118.08223577506372 -18.690460246645923
89.98894637114331 23.168233646866494
63.18299564650385 20.999544509839854
101.56700819631077 21.893203336559406
112.97619357648017 -6.185535211800962
109.6856373778143 34.62342074758235
112.57745758286855 -23.110323189920408
11.112285737940635 10.10383203176628
115.2649577582726 100.35674914483212
109.03894414804626 2.1779600701719453
151.44438380087888 24.877049334897578
89.6261137712589 34.340077039598626
105.18394293968788 37.19385686306754
