115.23255776453443 16.568106942994334
99.67571937999955 121.64678729877241
131.88784625311243 -70.55963811958863
109.84101196165932 38.740281061995105
109.3717989419106 61.49229161103029
93.15209241540677 98.05760409300771
116.0786686521931 28.21831862887021
112.41258790333345 23.77271573002886
156.03863334191757 30.29461541078602
114.2399902614564 15.081701944742845
114.09368306560738 20.03879108652262
134.90745210246757 23.12048677186593
107.71072989666672 36.91689305301586
109.08791553594793 132.45655128687122
105.96987651985118 51.89962432271834
69.93170912323092 6.9277626165140305
94.1054320086442 11.932717319654222
106.87984030044207 4.704136443248935
111.16122388610394 2.6982227709160043
129.0623859113493 113.80820563678697
95.94809978248094 29.120771888279652
96.28118379888065 -5.927495874876076
101.38066931589971 3.3341274806766523
109.64395228883262 164.22429394566163
108.70916842077463 52.2172630767957
107.75474953692213 60.69722744573861
106.72525458939637 17.225962198094077
110.11927373594413 52.41485670870868
127.02913017438007 -13.078226899190174
109.23973201709221 -9.193631151678282
96.63165583810843 33.483808248468236
112.33993465980807 23.97309144531535
97.29108266546729 32.22321991826192
113.3160310558674 60.20969206971807
133.0891552153951 203.60293316649725
104.14930298015105 11.550736467902286
85.88362198723642 29.827742626219766
118.21273044127504 24.779848143081484
130.90657499629197 143.37063683938476
149.28790432394572 24.757133591069564
72.3634023549198 -2.070681545734745
118.27385911102756 8.749882492083685
84.3989463924852 -8.022344005665623
87.39281780346512 19.51433066292604
117.5510776743304 19.5873646475224
91.19531946677054 -17.74854599187792
103.68773957338429 41.592507179477344
112.32157055364043 -7.517103193120739
116.35107618124744 34.46178760804799
80.96730025112547 39.72403179382647
123.63078114723147 29.070979196359257
75.38181165026391 -54.17870323151639
84.3092274303496 168.07413756161586
97.99634531355849 89.89422505761068
119.73928062568176 -79.29733676799711
109.72942783060041 6.005286355252667
127.38975553973341 -6.7126642456032695
121.74661946970637 8.539555626840702
120.37232437942428 12.559417846108822
95.31635792286589 -67.8218754631124
88.44404140936591 53.86482779529227
110.68753944335627 51.339352149050306
114.57509320236935 -2.3440926585334663
133.20933122944425 70.88586610376464
118.92512713846212 25.201456690623438
111.5671158130936 -1.857387207801402
101.33609616975002 28.79629661401606
113.84927523086661 28.691493299204392
103.16514524760328 12.208586585286408
120.07414510874688 17.703633839249143
115.23515846706704 122.16406869472483
119.24369320317955 17.200652116051558
95.34567446317334 15.041620191642767
95.35857467575316 42.253647336945704
109.42414246679668 59.199709675070515
90.37891183195224 52.09743541930176
115.1526937153228 4.35735503366718
99.09867675716598 151.4676425429334
142.31645840828034 69.49780168253346
134.99044506784506 52.53823092237697
110.8871785883304 38.108545592125175
113.54245638904919 28.60696401040192
124.12102165086489 -19.08746861496974
124.88071877233337 28.67956035905847
88.5562498815816 25.671240381531586
105.74639764946228 20.723387842569004
146.48673256583206 87.66177687934061
110.06604838528372 3.01907454023242
112.7358459585499 19.47229158452372
107.30397808922898 -13.185430040850655
104.48451967896615 25.524038163736805
90.92914925845749 182.8658847697923
135.52846630812135 -41.702438037361645
105.94059701335813 -29.964641887828346
97.25487681924817 59.388241588114965
105.5673954281061 106.11292951418758
107.0311678443726 123.67609559609988
140.09948795547675 88.26555220438904
119.96494719667015 6.2554213485525185
95.7039839738156 51.27272145883136
122.80417838063146 13.092012036906969
23.805627290214357 -40.370282944477296
89.15835381390792 20.40942564069489
89.6953114186113 -3.8538185674561563
101.16528639641179 -5.042155576217676
126.46224433310928 37.69799993120921
181.527372805755 22.671007484156792
168.2492109170376 -48.717714045601596
79.58122331300184 -35.054818407240234
126.13499221968537 18.786844719364282
111.34476213836429 31.097174506033095
128.94528488991594 25.3363638957462
115.81720938186164 15.45991586041136
106.88474271209682 24.22065795267981
86.99981131347452 135.45225699754658
165.1654650520542 79.25602312456675
117.39711220798303 18.976662819297804
80.66471778499793 69.7759670002475
106.35065722037722 32.011664295654725
114.99769773889177 18.089473694637128
127.87658633798344 158.45325761817446
106.5927662601959 71.99743769042655
122.57619181334387 16.123731980589827
147.05822316289007 85.84652786224586
134.6374607537832 32.56284399142647
125.35326578835917 20.253547868828605
111.85566475448586 19.51595617973681
101.78708973970232 61.25278071194522
113.07338348262262 28.201712723795236
121.64946727109027 15.753460307418495
116.70155617435766 85.2249507874009
122.72101084831539 27.91616773892107
110.9171310726536 15.073028748984825
121.9154234375717 14.837798260476767
162.54232669218624 23.752241134705777
128.65667788979283 14.757438169240304
116.01078061050595 32.558975443730496
102.58917274980648 56.03193717084626
109.93266007997896 16.632521987804303
104.12233378809636 -59.796877187467175
126.73777321527643 57.05650495023863
109.49048742079104 147.55427853921697
117.3175809991819 18.62181043511913
109.62522086559976 -13.582665303321217
107.86023302399735 68.49382217416205
81.02470905596131 48.90262534452977
80.29865699020206 0.7413889968354919
119.05281821595949 27.774136661393953
98.50492781667805 10.191362076497388
113.31131724320961 101.48809353799146
34.62974106100047 35.509031179973825
110.15081349136891 84.90098735138534
127.47109823359176 183.3932372944058
119.07369763770886 112.22445635800426
88.29852997656634 21.761188397589695
104.41513446273261 -28.356736291583655
128.97395246568973 52.97930761199747
97.58185366928441 13.450371753577947
76.35762359403067 26.672088688359487
130.59469871472194 14.636114042073656
66.59210046027164 192.5718154747925
71.32050198169804 16.07057784728164
142.98138332368254 16.612335472986594
90.99724320081842 297.5771676157365
136.86507953906445 17.206555564776906
110.94559137209122 -94.89443483601548
116.80049705840719 13.192947340779513
114.51109785452202 -13.139489327692127
106.51479091708376 24.447548296038693
141.98785188530243 19.32022570430058
114.5011193727784 126.3640522790167
121.15549660776941 115.81923686500915
103.3303677924413 86.83784233646111
114.70214648690516 39.36760356814031
109.7261616131373 33.12069792931678
82.69484518888899 127.70966556961639
125.77109252592932 22.52461769883533
105.38236234024035 10.710652377367683
67.2974023635913 -9.07503172843774
128.29544158113148 18.697351283955538
104.51174822152947 5.246167853090078
107.46635088563661 19.258773398146765
105.92834677409753 11.712540364875942
115.46920063029508 -196.23185403238867
99.7949677944025 7.806255520430581
100.65464382919352 28.054232222956173
125.60940355386398 40.51529685429226
146.61156783875427 65.67285380466406
98.75358597891784 6.5923963252237385
119.56128823783877 127.28766539328697
109.69833042592376 27.82966739355652
150.9184275519111 46.532697631802506
110.22191708624395 17.94085664569907
109.69561620239465 31.32835375113676
104.26639943754678 83.34386263361222
113.74450467690589 -6.548211966592078
148.67488839425954 6.732970104361832
111.0694798260961 151.242935463084
90.9829927261487 7.448333046911413
140.73887939330174 128.92472493195842
121.70081638662346 7.661386921263138
128.8284389869232 9.692617400277287
94.12891871353571 17.732518935216692
123.0119497261512 27.598070346268717
71.5347175536007 154.3005891342995
110.49254410662269 22.671106882019238
124.47376086589053 -30.285250631434803
121.5266831864631 3.429721315372052
150.5335496817024 -16.32739378248806
108.70081811476244 -9.298089083053476
107.07684647724415 26.648361242339153
96.44038969116048 20.425334637936736
85.61209982235285 7.409767008061053
115.28294166931184 12.2760058078501
27.668625865354798 52.018710698223046
97.96598290616105 99.60017809210164
132.03871998683402 28.81802477139345
130.51919594478898 -3.0862378000991235
109.32108363085355 37.01164429050588
112.24644955626809 -2.292295086809954
85.88486550472801 79.20281237255828
106.42483198947379 124.55573104932982
109.56614528194272 32.30416574196657
59.50974792984846 61.029483626074494
95.13813878302267 -3.6508783640045785
115.3199554747623 36.17084378387976
108.0614234313676 29.577391875506798
101.73835401962516 18.084764175014993
139.29253266162755 141.35960027446725
117.58324049566488 31.727696339468125
102.92418271851902 22.362533169488657
105.84027475673483 35.77467066127292
90.56788347419261 86.68978971346442
99.5827083015248 -49.40309105768671
77.48607960090766 100.08165761823967
101.66442533838257 2.716724637934403
136.2573800315816 20.896616751689482
85.92723649064136 20.25648187645376
76.12673938801574 -19.904459447556683
106.77946647861764 -26.506770528169817
107.4500224743215 1.5718591301151505
118.11719164575696 5.872248929840489
118.6211044199563 59.53799434740173
104.23919909785488 13.384607117994632
113.04975574992027 81.25703311189586
111.53638167489751 101.89281110219785
112.89036053053167 71.41981758238938
139.0959985222814 34.416693616628514
124.64000326273607 37.49732176159706
154.45523675114566 24.946449383113446
130.01789984945935 -1.8475511671520717
110.9529364373442 -3.7877640620820916
137.30921635081194 -7.136185388909636
112.12770981254984 74.44743316920326
92.55827157522738 19.301498393590997
110.30039705292427 19.696600506898925
150.01782821096307 62.60733495120918
131.67730513461422 20.257063155855352
110.02468612623366 20.225857884594515
128.0188840143573 27.96032776740838
110.85509159261872 67.51392978188935
137.231622581787 156.20448816060707
151.00548529203633 41.81345730915266
105.16667551062118 57.65189112063127
94.26298198664878 71.01014899448167
101.33802163661993 128.7196203813522
86.53265517631925 98.18921272606295
86.38672824641284 95.65618773990896
114.91897914694997 23.80132231753209
109.84900409274762 24.339983206633804
104.56400448218393 27.716976960085667
133.82306609518182 32.190838927857044
116.41656218543211 19.67523386240558
147.67337822979326 82.48446902967045
99.10156986521454 102.5983625055894
49.7287928149442 59.592814390574254
109.69699436953822 5.289058011460264
103.01586691204459 5.591722482743539
109.36861108708786 13.653312279683512
102.86396802727938 -12.282440571100247
108.40350154276227 26.622197109393337
224.4116302612179 34.621289664422385
114.81966738432827 65.5961969943775
86.57627349787644 51.20822255409801
113.96592884248643 44.601545966647414
120.85055616267341 20.046299238647038
104.10598341402394 18.732025261058368
97.49684272411464 18.51231690647121
97.06494710391011 -11.035216851880067
94.9527033553205 14.230421334173588
94.16053108323943 13.508052512950483
141.6100800328312 18.32020886420854
117.10071624838437 -16.544121078632276
87.2003963663098 -103.70470820553328
101.28921033404335 -21.305573069770247
109.84193397171708 29.527185161656526
122.9264047750619 36.699847390381144
112.52084811349506 15.641086534050029
108.37150416749557 14.497468413788802
129.33400481216393 48.285397151707
106.51243533427606 20.202947069637247
106.1669282262222 18.232286103349225
107.2272926744243 35.73613945055388
112.45478822714803 40.88080742210317
147.47468951060435 -42.32383725072421
128.56123991245525 23.79862429588062
96.36746253344894 21.615164716834553
117.49072058853073 -15.500236884208691
83.00692889446674 19.288859010594837
59.4620929485917 21.139082242321685
107.2351436999704 15.53116703531567
112.83373795357882 -13.198975881374865
109.59507954989537 43.475698136496916
115.65729625307144 -46.97568606470488
-9.617886715014224 -12.547965666289802
134.12269439412123 98.16838960742476
108.83291594108832 -3.763956752299876
153.27392075350124 31.686054611194255
92.92220402423743 33.175305712184766
102.43606221837038 48.957889807614244
