115.49553080508355 16.45859780976129
101.55393116305706 115.08743690124014
131.4526971647152 -75.43879053984772
109.03934543604241 47.42035094177251
107.32611508455211 54.6928562983123
92.74703571319857 84.02862384064393
116.62405684453284 24.470919682051086
113.32910681915756 25.090802360453427
151.3073317822606 29.14005233899885
112.68151926263697 14.598918294529241
113.87647746542252 18.819835381027573
134.67537600187086 23.433151467314808
107.75537670902943 39.00852617005574
105.4387280361216 119.01155520285698
102.05741919708127 56.09448258028457
67.30832647057997 9.017174365537375
93.63471317312789 7.988007640963376
106.37915789304472 3.243698758476719
110.25767725094042 0.3631850231702569
128.82860997185662 116.61383593470777
93.06792308191245 30.49921013656523
94.36247014284972 -9.915765086762596
99.60903489914713 0.14403377151669217
110.188679405473 157.30600208673985
109.96809135287094 38.469259480604705
107.62269371542662 61.36161757500031
106.7670483728534 16.696417310563433
110.12823715132731 50.576881565203266
126.95972707156544 -13.525662153378892
108.98602447862446 -9.274655992280014
96.15783057486605 28.230022514664558
112.44051179578811 23.451299793749698
101.24901956330628 22.32628465817063
116.20558982803026 58.402212160847235
130.8894598039826 199.03250499097544
104.202983805447 15.332135248852811
84.25025566027585 30.565205965081415
120.32239405319247 23.855951624114514
133.53093848236298 131.93493633800244
148.5984908444545 24.347806864068545
72.15458548762902 -10.242646665877292
121.84260113983217 1.5121501918892983
85.78970572561155 -1.9490209245085008
86.06154643778771 19.588018174500846
119.96439551042742 18.626605301484013
91.86925049894228 -17.79539086336494
104.0529523833781 39.456142837281234
112.87642914922276 -7.294444412181223
117.08710390020929 33.23290026759232
82.35989468611335 27.068032473880958
120.79534808003876 28.905800016620123
74.35402021924139 -52.10407547922046
74.40004303944636 163.97832686985868
96.95752059832178 95.87316887174727
119.91503922022252 -80.10630868781377
109.42753503687246 5.504880781114851
127.24410524112247 1.7481977682904493
124.31324121499782 7.181633418634677
119.38683371336226 12.025614785161343
95.68235517588886 -79.56266480534872
86.52305455225613 51.85564463720186
113.95306708744329 51.420115955799304
115.27673181713286 -2.4175856514739897
135.92573343939105 66.47763702395513
119.70588697312817 24.23014938587491
107.6134408314165 -6.165097642604201
107.78979027302226 25.102007136598523
113.32222128682481 28.289301694769385
102.84904195726709 10.848960690384196
118.55159488516598 14.856269499878657
113.92696027757528 119.58834018989833
121.49480291081893 16.546245955364835
93.14121012600643 13.712748193932441
96.02253526217545 40.43818983281732
109.45994715330764 56.528736646111646
88.00702211458473 52.076803049871764
118.20846046855901 2.5822163210158218
99.61838817002173 141.20447525304883
143.49066395741298 68.61702622139359
136.8666262009799 54.58254652215578
110.60738200100268 31.44207556080599
113.77131041624794 26.493849824362286
123.73974020853368 -21.235269077263418
123.15527891800345 21.249354995270444
83.99710059823428 21.78743661255567
105.1727165849074 19.29376378488279
149.0470932921029 82.92440160551592
109.4990834110195 2.241598885483988
113.93632657207539 19.522819997160727
107.88128820367773 -13.520838534071657
102.19610969121608 24.60484167453594
90.63373842356958 188.00951986638495
134.39748648867226 -38.42710762785704
104.3699516025557 -48.53092621407235
98.32239906862267 58.597546555922506
107.14601322213957 106.54459629334491
106.21428905126426 116.11379170577779
139.6737338748878 84.35857595453915
119.87548870026907 5.076834951161909
96.26866195998619 50.29711583014294
124.45379138364379 10.925397734299018
25.72720766716966 -40.66609424457296
95.6744281574591 20.42505953105486
89.21788541045424 -3.247685623150832
101.23396279918511 -3.860439411195091
127.53024804627303 37.7480428792001
181.59964982165693 22.86821449904151
167.76797873746133 -48.25888740879874
82.44227873558572 -35.902204941962246
125.42411659144578 18.8007654749218
111.12175590554885 29.279517061419845
129.37139736939383 25.479652868736476
117.7541858204782 13.945590444786646
105.52918897521849 24.280403070309507
89.40900419811607 133.0523353266783
165.38551078891004 76.46666639047697
117.55750799397862 18.944640840504093
81.73756958160352 70.08042757208389
105.73260996537324 30.895910659609847
113.85082124117888 15.84435825870292
128.56466026982787 156.83081796837743
106.9230445773719 62.566561072639864
123.35445066404718 15.61418872598616
144.8339820672631 87.61149993764158
131.91748334025968 33.29161596306596
123.78850937645463 20.16403530223401
108.80312536603786 19.720579668720234
106.85094919034542 57.37653653053011
110.52253203787697 27.61475531103017
121.1280628441484 16.179672520306866
117.89722340749374 84.54827512897434
122.38027600809389 28.20996709282272
109.9370674657852 13.405603122895226
120.5356970350638 8.66261934196194
164.16877001408366 17.452440110615953
129.81682113142838 14.766836102772185
114.1556460091568 35.015785834715686
101.5564043225357 60.37677611028307
110.83172092286088 16.107103501506874
103.64103097649377 -60.77730988494959
126.9641708173384 47.20664038523374
108.27035528477744 136.84763617309824
118.2342234971602 18.55993310251069
109.60722993018551 -14.783940662183241
106.75478733157684 61.23921773635374
80.88283853357197 43.09961209309035
76.34593674138996 1.2052116198814329
118.54600169623122 26.97398271140857
95.40923636370464 4.822264006971574
113.07197027130293 92.10605480823354
35.706755352364915 36.48755753175075
112.87404516512778 85.41817438013057
132.9779830675626 175.06642671139292
122.77091608050816 110.29827002981801
91.45272650502264 21.356328433607313
104.53585327953667 -30.32217982156598
130.6312422717322 52.54632996323419
97.49597244146626 12.825367947661523
71.96810560904886 25.002789575611036
131.00549687688357 14.2831657397625
56.77376464806976 188.31675975984135
75.48319724457741 1.8497943761881892
142.94415604512784 15.86171080906761
87.09743891133775 294.2603022599744
134.929517182653 11.6366627440845
110.25196414089885 -96.3310203209581
118.56244628422944 10.925044266889849
114.68395877668503 -12.785167566157119
102.31258469534889 17.90267695092976
143.84061340789836 22.148202601517866
111.07488064797542 128.96071628636759
122.58807404958037 109.79643346448819
102.5558385175 77.90602406801159
114.94265319970951 39.58626306660056
109.73060181910405 30.873815776388586
81.01981943375111 124.79656402143189
124.58341709014546 22.319881735945508
104.40638304239985 9.782853014484438
64.88011395158406 -10.637282721815676
130.96983783059602 18.778799267195605
104.83803199217934 3.3136678315894974
106.49600107861602 18.461466554352867
104.42994422769358 8.937450244839695
115.67966046706938 -206.06572825659904
98.0959057667596 6.747475906241415
100.80157706772472 26.83303367566187
123.94887962072318 40.12139326127183
148.86741247196085 61.3029131532172
98.05702048400248 4.414500435197595
122.14711293994297 123.7945564751798
113.26641554912632 28.850305004025103
154.20082289308738 46.42775837540351
109.95236457890366 16.90615698077745
109.62019089407443 32.835109732054725
99.43175424885492 82.93037506733924
113.60901966352765 -3.107428039096783
150.45686186073652 5.149327705230839
108.71349093705474 145.58690436686194
89.43860068015441 5.486906614963075
140.09835276732062 131.30112074666943
123.20024604017335 6.945407321366888
127.03356740889085 8.109331131105712
93.46034486951578 15.6058386147535
123.12785869881212 26.982045302471004
71.30140718948823 154.5415701917891
110.30006201020632 21.96584799466651
121.34656315505718 -33.34042882005387
121.42601302944739 0.1755777434524486
150.51060625926132 -15.217818127735566
109.07854823621453 -12.726334920601296
106.56263461087136 26.778626893695872
95.20411861808222 21.07465384940762
88.52703313044265 11.09783853781635
113.96937406238835 10.851866996230303
29.131624430439977 51.84705908590441
96.39692189263408 103.02341220552748
131.2363262356337 28.475636044833664
126.60675478819435 -12.020116336942317
109.33225242515061 36.747376585817726
112.05511290507528 -3.568849051800502
84.61534684966254 77.14694696683618
104.95136624305664 121.44512054282384
109.57114176573485 32.41442923999721
54.95658979610501 53.55234659675541
94.0742715842018 -6.575464445312241
115.62957509263875 37.27390730940813
108.25601848161905 29.340311272415807
99.99752825357041 18.339216932837314
141.68201527213176 140.3989451863026
118.74210115113456 22.459574311181747
101.47528533074042 19.161133457280716
112.8594136498235 39.9464087840492
90.48401023946619 81.34745084290745
97.33249333083454 -50.191668019309816
78.41735125497648 98.27535097538774
100.45413066720327 1.4479428715673957
136.05097503343993 21.00768878840504
84.92751026093116 19.599290287196208
76.93274088060889 -23.70738145930925
105.99574376691342 -29.865762921470694
107.51169420417966 -7.1033809232089755
118.39610125302342 6.174960093766221
116.20453882246423 56.71157466299986
105.35521363904016 12.073142447224566
115.78622389126284 79.89745997499415
110.2368536771436 104.34813382668042
113.02674778045787 72.1773218930278
137.9633204840668 33.92349504705407
125.19884651109876 35.05180445701938
157.22112932090135 24.4568983009592
131.34959241417758 -2.9971754078093933
110.66087439727403 -12.508330762876502
138.65797042560024 -8.286976322197733
108.67367265399665 66.8605325610381
92.98855796451434 19.30172204835312
109.80961427736146 19.1065119397149
151.40200055112237 64.03173815334725
129.53565598377088 20.178371981419346
109.62845624453024 19.855545637506147
128.75754832231883 27.694037447643737
110.58135851611736 65.32466499726455
136.6922656410626 141.339936354589
148.90218420176336 42.416677919043615
106.25137158364004 56.44719388010973
94.0975609618927 72.79609695273635
100.36926014266464 131.9060035781128
85.08381040133428 89.17341032272643
87.52506666135922 93.76435764106066
115.4917073363179 23.786193880916038
109.87586730922598 22.245363341436747
103.069894905777 28.233104564552548
131.429676514038 32.54054094131848
116.6860901300139 14.64998067389968
147.80491258317505 71.65199044259849
96.58248788866531 105.99337563693193
46.29510316552568 65.00243381300135
110.3076452225924 5.876027960791913
104.92729780374741 4.020457266534256
109.12631212189874 12.67443964121519
102.99504572092559 -13.859000279819899
104.85522004304082 25.386548028238124
222.33627635739367 33.04998763275567
111.319921781625 60.63952038983417
85.58281894439624 48.63272962635166
114.47962833060174 41.41846296443877
120.3022662717795 23.04739286291579
103.8112604657796 18.62177656453081
99.01432141414031 18.609301440137628
96.29989138799773 -13.707383700732269
95.01162122895555 13.492609343140076
97.73680539453002 13.917668412671897
142.4011395797832 17.42383913612082
117.03837742218364 -16.09507658751153
86.04934443914478 -111.19639648752639
101.90668529496129 -21.890197589159584
109.84182966414801 29.76930116677534
123.58587773256065 36.371316423558305
110.10534071818533 16.6086671508568
105.65166205935944 9.458676159945064
126.82856326811506 43.54634558959343
107.23359088728431 20.119594670159625
103.71814859486516 18.650825870724525
106.66020922178328 38.620571551089824
114.24890506441628 36.44066320178854
147.501768784393 -43.26143771417539
126.61492295589515 23.2129834180353
96.68165960125323 21.104203726564908
117.12575064869907 -13.91712341683388
82.59584412504012 18.468418549163665
59.83310176562146 21.101832772465738
108.48033235174401 14.328043239780015
112.70217086986287 -13.506298701176672
109.58069987581179 44.565318217720986
116.10885904227604 -46.96063116910945
-12.512616245836574 -14.13144442473754
136.98354743224266 96.55344121203787
108.82302087815287 -4.118826891433351
152.2794209449013 32.88297593050427
94.14926093900804 32.33354186301924
102.09588588812566 50.50484867368954
