115.83775651748431 16.35405889283241
107.62702968816957 92.71270835331978
129.55779206105595 -75.3490226950686
106.782934960005 71.5947879820051
101.30069372300065 33.06838219749855
92.59902957924264 39.615403204505014
117.89687740428153 12.896186482818514
115.84760927278592 28.78088774805164
135.20856245858073 25.164794246462197
107.89125561088404 13.618048537682395
113.09805747796638 15.259981402004682
132.19753492339996 24.125318715024196
107.95084203490761 43.85354638073884
94.81511210579473 76.07412422581352
90.98616329529588 65.48145406172426
63.278501469271056 15.818820852233511
93.24566231914203 -3.3324683409096814
105.16214315803205 -0.5500340184668104
107.6119100732523 -2.932433525821953
126.7557461949946 120.85829649655679
85.86414728486051 33.89372647259684
89.84495065355829 -19.898373500804418
94.78360544329666 -8.045338665303637
111.71736021244061 127.0236003953319
113.68403330243724 -3.284659885593449
107.33086796749613 61.19661772457351
107.0708002386827 15.267137557650235
110.14339924377083 42.995079426139945
125.46697148618277 -12.27683737604726
108.24665884152478 -7.861748874258044
95.49284960065616 14.650887888074859
112.55025141198222 21.73481239188799
113.45989974210869 -4.4718110628801515
124.26602069674429 51.03187458389482
123.209266922309 181.45571699371712
104.72409228842473 26.696436912500335
80.5753422585663 35.48212738432475
126.09280571885297 20.84071490277915
139.7264064147149 94.39440883577807
144.903391840764 22.820420372198246
73.91139635890093 -27.674293470953156
131.51974288466397 -15.779174613921846
90.99855436299069 16.78701537717353
83.84064656177816 19.79506986701429
126.40979732623234 15.796800745963566
95.09217557891292 -11.42494569137996
105.40080259971757 31.472386491100885
114.3428956563522 -5.125189699588987
118.70468658284594 28.650972167107398
87.80936278369403 -7.0704595440830715
112.04447089975366 27.86963379275156
73.88889543142994 -41.66084193439431
47.242137370256536 145.09068489054695
94.50637497235554 110.21802228386993
119.57568726768615 -78.91265292098636
108.56790156206266 4.731015367740138
126.03920624056984 31.26597695759944
131.15812306573002 4.020112997535916
115.97136277218688 10.739541902848623
97.51589142826393 -105.62612931989403
82.76387375524885 45.773119618247044
123.53807539658119 53.348517755310056
116.98913958167063 -1.0837314223011183
142.37470917980596 54.98223632787284
121.41893445213353 20.98046391495999
96.04541199470297 -16.76553804514981
126.99617423765194 13.780590126530091
111.50881195015884 26.729626461725807
102.19308325824089 7.463244677668976
113.4971506068745 6.597514203265178
109.91701448885978 108.59748234928486
127.22018661295549 14.77989068094337
87.90452807073977 10.206778599572418
99.08235537214945 33.6815123428249
109.58977080963284 46.6183538935356
82.44594307790823 52.498375182292705
126.7711722475316 -1.897434792221627
101.5871122082712 107.1736474229856
144.08026786804453 65.0757864815507
140.8028811354173 58.153221310565456
109.74331334526701 10.98249070713556
114.21883521272956 19.663706372330637
121.91458026031128 -23.267796046010137
117.00717304214311 1.731500809823836
71.78166540672032 10.147690990876484
103.77600929464266 15.048876743476624
154.79135405068413 67.93251779831213
107.83601961484806 0.9329744014266136
117.26654224718588 19.66201172923874
109.67517684467549 -12.578046696891775
95.65999858808972 21.530086935316447
91.3060442938317 197.5285094941506
128.98613122871137 -25.07141776600284
100.16409379283378 -97.27768666667632
102.33238059994646 57.34194565320551
112.0017191175267 104.32940565776852
104.11247681521307 89.92528801963017
136.96835245488785 73.12139527428073
118.90131329103181 2.2872009715098884
98.79679635346537 49.48570778191631
128.44617003404804 4.945153515086677
31.855383617007217 -38.242246902120186
116.00738868258482 20.378888596725073
88.71430624834757 0.10227172097347514
101.92640400721451 1.4853197892600352
129.35292677121362 36.46998785915507
178.26035784576976 23.275104436250103
162.65196884975842 -42.09190415150424
92.45388982836187 -34.97746643820238
122.16677650040538 18.86875697328121
110.40002294752188 23.112916452052872
129.8979448635353 25.491666352482202
123.07702699315428 9.743403834514838
101.64396050914493 24.23104472909247
98.20645014711234 122.85723404164133
162.8330850848906 68.04826915305041
117.52322946334547 18.8759921946123
86.6199105715214 71.25189233666651
104.20077632494171 26.668979890911338
110.26580453113256 9.249716356691003
129.63656038699526 146.61410449297765
108.18293754195527 32.095406655668825
125.36573290601036 14.410871670287296
136.8943457195441 91.00376919041041
122.85469372222988 34.557294270948134
118.40496346331712 19.84786187785062
99.80552990410519 20.30945844550425
122.06933506031783 47.43171992743752
102.95895020201601 25.190719833256978
118.48655808724212 17.691176999280174
120.90738135473808 80.19329007555511
120.79124168544433 28.468223771517888
107.04145285668523 8.701412957844738
115.89266119252873 -9.091293327920207
163.88615589713925 1.3164048638566568
131.99150685820166 14.927138333045843
108.40954252314286 43.23703889765725
99.04164865156703 70.21820888465533
113.42911557058825 14.742102011293897
102.59748167958318 -57.799778924550516
126.78660121595914 18.919016563935436
104.6931271751614 99.90484111871122
120.27143896175198 18.40101895940904
109.57316607561722 -17.126827756412215
103.61019399285651 38.038247664259046
78.97563437305774 26.683318050469644
66.96272722957669 4.888575866863482
116.52747228959794 24.200851480444786
87.07868587071097 -7.909166390717669
112.16640068622077 63.78863347614774
41.243792325085536 41.41360261044423
120.8370959240142 85.20908216264674
148.46086174634905 141.6869361780517
132.95919331945984 101.50935134747094
102.32697857296012 20.050403311148813
105.36470390385892 -33.3004873085032
134.05264869372485 51.81890725181673
98.16727929031279 11.398208341088766
61.00646026085663 19.90861485268523
131.13517613658615 13.584853730820445
29.530593097268827 172.96668725341394
89.55909418256417 -38.670667164867496
140.54590592143703 14.274700878294635
77.08592412945241 274.59666358882794
127.26008117511378 -3.4524782593875756
108.14995130430218 -92.43070129767564
123.35623553867933 4.802137850295779
114.86301868452458 -10.823718603886455
90.25540783764042 -1.5574469997444895
146.7639595691223 30.211163621051707
100.82574055777431 132.1670659541722
126.33979407286625 91.00792744152498
100.7277606850848 51.69181176517971
115.37379676138913 39.35693490781692
109.74995607850964 23.484768648670308
77.52137676405975 112.96212950347481
120.24728715004838 21.503148968692788
101.75914355711765 7.5561814780172725
60.009051407291956 -13.409554408912125
137.4337421861198 19.05090623380375
106.13370252970056 -1.6227569678038392
103.88847927684871 16.163829408693037
100.26160962852704 1.5035272963823205
116.07271762019593 -224.48167895889807
93.69033924785006 3.9791687284456767
101.73620030485235 22.81550148173926
118.24592672054557 37.64718135813682
152.30631869828983 49.217331968744034
96.40797122176447 -1.0461046910390672
128.93549189717922 109.5148820804874
123.58497430979793 31.222171932094497
160.13624978283698 44.45748345661957
109.15275868593926 14.076876832237371
109.39675324106385 36.63177787750901
85.87200939509137 81.68291322377159
112.95915418614112 8.53620317098291
152.77203557310324 1.479587341788485
101.74906723188809 125.70048855309153
86.48177572929099 0.18742724409868972
136.15335310484608 135.58035521371454
126.95712419476281 5.5359875980483055
121.25110244543433 4.208200947163887
92.5094101511125 9.422311011242446
122.89336762260947 24.748738328962506
72.89567544180531 150.19882971499675
109.66514123218987 19.699301013284643
111.50349053284408 -35.81732527033389
120.48875993588938 -8.02847150925733
148.55600382433107 -6.952794843783655
110.21995137086854 -20.90811353568748
105.25643732748694 26.59540232566195
92.24753161196101 22.887696957797612
98.62379730250875 22.459190016121084
109.84550422122868 7.191093366205665
37.084906099483156 50.26645130949931
92.66482393811152 109.71176478744995
127.84613402564364 26.876864119798643
113.9423860824052 -34.97933965262479
109.39751204887803 34.669586364585314
111.36001343452743 -5.454574112177633
81.70680503530002 70.49376329501855
100.80094859925005 109.52901268434323
109.59702300802853 31.987030351004332
44.043367559804054 31.64671971328226
91.51745222571776 -13.972237719045122
116.1323840454457 39.53499082337448
108.93780199682035 28.219256206678253
95.45945097930156 19.19335645980509
146.3932498933732 132.27316365963597
121.708628570961 -3.8291187016591763
97.78259741653703 9.691220384771807
133.30589552264576 51.04777779725714
91.1697289893377 65.92308649812658
91.26413235876005 -44.80871902426611
82.56567701515779 90.11131850433478
97.57629329505164 -1.1942068948395224
133.558780101093 21.24981184694289
83.94496340965156 17.649230418313724
81.42818048224625 -30.664707578380252
103.90414913285096 -36.771723157985555
107.74799910626618 -30.580206946824987
118.74805698183029 7.817282121256118
108.60612160067541 45.571825184809526
108.82311094065994 8.81889327749634
123.5665532251364 75.00234901536356
106.36251253703088 106.05834279815409
113.175633239702 70.56719316836511
133.42528529016312 31.457792491315058
126.37419470840209 26.6905436062896
162.37112842969006 22.613187282709784
134.30105278988046 -5.243868000971255
109.75732544807124 -35.762378025997116
140.81923828488425 -10.537619294036023
98.59377120474639 43.24858684314264
95.3901717603753 19.30443734088081
108.35399300720452 17.362119957831048
151.97032700148 66.562572554529
121.54087547981874 19.90846382894825
108.45308375764289 18.733771713994916
129.43447105159734 26.504293313719895
109.69914140345128 57.030143696298396
133.42745140738649 91.5339341566131
140.52453055526902 43.12887968938444
109.66338197832532 53.40668741347425
94.71685203509054 73.0458135185095
98.15044139210191 136.85517710351021
82.83794291827681 61.84076881713837
89.96044626039733 87.97243489687196
116.76207801503104 23.497673996842853
109.94541732732809 15.88050778362124
98.99813321784615 29.300076669698637
122.80349456582314 33.04442647954651
116.93423394794354 0.006985320750406032
146.2862372015869 40.72421678529362
89.53422077654385 112.88527987511631
39.0407278287485 82.55736848259268
112.06436451621995 8.686125025719353
110.86046195502377 0.08846173543477431
108.43781167653688 10.284308226590268
103.62782915187856 -16.50457611730027
94.51304521414552 21.458037244812438
208.10234493853466 27.492870872499143
100.8912299882656 46.37750996648301
84.03556422201527 43.035729022923405
115.56896289620636 35.80617286036729
117.94159395782451 31.71901406861995
103.27196188132736 18.345238312606302
103.99820735213733 18.937607087149612
94.85588562943344 -14.840443327183591
96.20099677396692 11.80571555362607
109.03934462434759 15.373200831379505
143.02563795108307 14.82114519086968
116.52706268753782 -7.722210869901699
83.71102633986183 -127.62517269523222
104.16173858018388 -21.536227266575388
109.84176412050738 29.887006001292384
125.28659500759167 34.009021970612594
102.94483949960596 19.683748529913732
97.87199606058266 -5.158618756815552
118.48621834678696 30.401596815571967
109.5352267177661 19.822443619417847
96.8298503968387 19.94796669971603
105.1226781242498 46.3806096060716
119.27160695805674 22.451513257599604
145.1384781140421 -41.667512535526456
119.72344197028723 21.186185174017602
98.5561573718671 19.50800767236672
115.71204447113813 -7.724864507056212
82.41320616359305 16.06855245383273
63.53660206767144 20.889369453410836
112.23616882124074 11.08902443205642
112.15678481311325 -11.602997325374194
109.5620613965603 45.55659159215696
117.02989844693687 -38.76243798748004
-19.2204928789889 -12.396521074049014
143.51262780087922 89.49062598230174
108.84554770172882 -4.032680324490719
146.28089092828478 35.275576937335295
98.7169274334739 28.981660033207636
101.65718941210862 52.85818226265958
