129.66393636162007 134.46072936235208
71.22047869724258 52.704810143554916
122.86341047351051 133.59177478909584
43.505333131396256 138.25699172723114
19.433535656855472 17.69245978905217
98.8478370664101 119.00228774526433
112.24097582807083 5.892761135640729
115.50558557853185 44.39150923108283
130.37305164256713 29.78185792256121
95.75639665617673 131.0917041305749
77.26471273442107 28.324991190087353
130.61938841949922 27.575586358044514
107.86046860922887 134.93553037854744
83.39235496448002 119.87964974170175
88.69744546519216 99.52148336712443
91.63804602724286 30.174472228717008
20.27259893459472 -11.08973748199321
115.10584824387189 128.08371895965843
60.73374503053621 154.35965484861356
122.53958707484108 114.63537430742095
108.78503158103234 119.55667010551475
97.49753355003703 -0.5300943778067606
88.93353052001457 -13.516936050051353
117.55305932174984 46.61577853996276
119.49313815562701 120.74766710716395
85.0918533720016 106.38507550857277
73.30611342123122 70.1719111444726
110.00801825707751 130.4222925994891
39.43039455825411 115.2130403980823
108.60966023328206 12.902032813914206
87.60533154432937 45.864386163237235
110.7747266973002 28.944413101832833
100.51510231579022 117.90978443849063
20.64542585770683 0.7925817891981439
129.45357327796273 126.56157274079588
83.25013305030467 110.63096315483287
81.58620115875586 40.83221795351582
117.22428118587112 26.393369118763278
138.62833725080245 120.53974661465027
129.29850154714026 24.68062491738919
80.41008640635863 34.8898134703336
133.95150020254667 134.17532968701434
59.09503476990964 18.324256957309732
97.5523014080292 19.371497256582067
101.37034913892836 12.772496664573449
98.56178152774157 108.41731315875569
114.78210687878652 18.622519348109385
93.67004676136338 74.78859771859472
120.58318507841547 51.6348843172269
89.47787315755934 117.23716570195545
64.16884220726988 25.184540900951852
11.106026138141942 81.67237324307008
96.5057425051602 112.12685270404482
98.07360069083278 108.7504540710455
131.1475692007868 123.9776527245008
113.36516936350796 106.50801806188639
124.1790116515368 71.87399917117288
114.67940207622827 7.5318273770942055
122.39943771585295 9.170361656107401
103.27497422324485 131.60142272717044
92.53756391776876 132.26254985427715
124.09548955213756 42.0542880720095
119.63964571515615 -3.6785489417230974
122.0016301559501 59.93341918849429
122.30084161762598 12.554195800940825
95.09741372503504 -0.3077856887738748
16.90858387886725 5.764691024864245
114.71609630794165 23.540026069596482
105.08986781624328 12.380140841171187
115.28573085919191 121.41327568047916
118.1753696380181 143.13739670629738
101.54264102915697 16.60524481755491
106.45589267751235 15.006760156994078
97.20955157021876 113.42175979401674
106.7937941084082 40.693895976960675
108.53318728358464 113.87506469972261
144.24872427829797 140.95773964056164
125.1627219622405 54.24416658251352
130.9198087063399 133.84582454882192
121.93071077757473 57.79895574374414
114.22957120456779 54.914152136391
25.116111833566233 136.91473681989416
118.42481130122253 66.44107694652024
105.88943766247408 118.19842112929963
71.19298875257434 38.235627838197644
102.9894707516089 7.07839015253932
146.6844977822545 139.99294831933258
104.9075623305699 132.79180381739428
63.93941197274324 19.199371293793742
110.26685476908679 7.0346242483355095
19.61944041045214 19.408136789969575
105.62655866048448 116.35280556067053
86.38318144164616 14.856772637655794
102.98522493995864 114.75142217710358
91.9419078856895 36.53432824873571
114.09082301277904 51.55836702882644
108.62095480924894 121.90200093664676
129.51618114019547 58.540241209558545
123.67564510499567 11.03254729914073
91.89531681770602 40.282781096980855
120.27362227967173 0.7913721579348219
109.01602114799081 2.5140085094938662
92.55725110682786 19.951890470146488
95.2137786119 8.583635085208702
101.07269135603603 61.43508502973039
123.01656767148091 27.959205681779434
19.904308180034896 15.341765179911569
77.87818921509813 66.01036145075896
89.21623205198107 137.7335031373788
124.54121187852373 18.978897163950915
107.1043380584183 15.641806338191452
126.78355001304314 25.24951591370768
59.14491397843507 10.514150367005946
92.12162423538702 21.154867917129422
125.61895279592697 55.43131357927482
147.74215484054892 132.1612632576474
115.24013425234575 18.740991094663226
45.059901990096904 103.60833708035933
108.71443688101012 16.212007168281403
74.99148896714169 14.670274936179611
120.27703906996003 139.60668125167234
107.78172782750553 145.58903128529883
117.83769873366424 121.82061555654452
138.97061394690618 120.42528774733752
129.6368239573582 29.097087459224106
129.3183765631964 117.7822769836564
134.38922721464428 20.257434597777664
105.79021086969044 107.24147928616694
100.57475043446587 116.86989295998305
105.9757512303744 17.95220382829999
130.85735529701702 140.93932599384078
116.89642140063229 24.673558655562037
105.67772218253774 119.77332246008623
117.66562472580377 134.06968330380363
133.24055109447056 135.36479824515217
137.41359382206952 11.31770519806985
122.2281656084563 130.02058431820618
100.46962891010534 152.20715402433856
118.94097499581346 16.186969727495182
65.1631109814113 132.86568518898451
96.74219393862069 113.14545305908331
115.70302885999487 123.13648632916505
17.422550289609035 17.275611614284784
27.229373287888798 -14.027390798982967
102.89151909148251 1.0871879182577158
49.997196115967554 125.22217847325595
79.32989773878148 110.70146359472065
119.88545718332706 25.839361317467585
95.32059172184388 136.59556071860987
112.35463619950252 121.43702589921077
24.699878705822847 146.12337339448987
117.85623364391016 28.408079638740787
133.66881566564 119.56206080153541
132.20740167606266 127.45595462284834
93.26895200658494 17.196715617902047
102.48145247748872 -16.772030864490553
129.10810750103343 119.00102316411186
23.43628752546633 11.53058840409694
93.42061863134161 13.742631293352197
123.12088861467696 10.909819257582896
93.48210919762253 113.53187656178376
146.6413525432969 132.49823210934176
137.18603597217756 123.33246254947741
88.93709475649928 120.26480217161232
115.02513573950853 116.95180198790709
117.31924649169991 132.58401063390716
121.59900690642499 2.8983101523786896
113.23445863809117 2.331977733437519
97.58564476735717 5.767503973823603
135.736387927521 131.806774791477
38.59673367560733 133.77776406447384
115.38785119188094 113.072891367507
103.74798247542712 102.4363231153924
118.61462328038473 115.8745741477103
58.3997866519224 19.403941540142693
93.35249550175418 53.082617708664316
112.25523994114586 22.68692126332044
104.26343963864683 13.561831644316964
83.24099572373078 69.80861517341219
124.8634666710647 19.053959568290665
95.35796659219142 6.595655743221416
106.40064935250996 23.115954040616202
86.30771400938671 61.83185194377697
113.13309052919199 126.22168438571161
106.38305615479187 9.510778259201984
106.58128738874909 17.84208488396828
130.64860539574764 132.75095264066627
132.5819841376325 109.71169224925991
102.19793938610836 37.554377136711445
136.76609296676912 123.20733582686987
141.22347144328668 131.00557657227696
131.26898741356638 35.27667220496076
97.5166382824408 14.278017888754222
111.205117581228 32.44688545642049
77.70655322136533 50.52858852170741
65.39917525555697 138.5441327600487
121.69150760943569 1.1554449565749283
100.99840728475776 111.02570449089822
98.28361189105736 5.545770944086197
135.47928508541472 125.71188180237058
96.2295681183175 10.51807618717206
45.43663034988799 140.0744023003845
118.87804985158476 14.097141768121919
116.88094039054289 26.927514215264516
82.26083334449189 127.1480537561781
109.65094971376911 16.733802067546865
140.55963214960758 126.50942022715223
89.5822216754074 3.6852863635844657
142.67311914159558 133.53111641174291
20.17247599115212 8.547696821620457
19.968316116112575 16.742877042144563
65.43214240250126 140.0947360319938
-0.9482603051530125 57.88530357115387
19.361385198995393 17.085260613945707
22.950048999282505 29.072771462047573
101.36169518098951 105.92072434937896
129.83712960062144 28.611052987309755
106.50880550395918 115.13018919436904
108.62524942428323 32.81908954597925
107.99546652828667 -6.309623338339282
80.23301766219154 121.2756028956551
94.37412516874616 61.68419660201489
109.36661062007559 21.82280381547264
83.3309563136266 125.60953315234408
101.9432903365596 9.817527831539335
114.08473013777991 60.15072003544465
107.59803228643973 32.595256564005
65.64713967548452 17.88402685982097
96.37037647821812 117.7072507214752
118.31308868684067 52.8263626043078
104.85715472688308 12.695168970111235
13.412113830856633 12.665077702968958
100.57153825350741 36.33724441926024
102.5322470180706 114.12964097875856
111.02706629192791 118.41372833794804
29.787228978970074 -0.3920031375517009
108.86620269120054 19.195491416819262
94.03349606260743 130.39980593095052
97.02267048886166 124.33528986041377
103.64550716966346 0.8546646386273453
12.282128894038971 -22.097273447275928
122.15840182383093 6.479407007986543
96.0248083092716 117.39105367391501
106.96683702703825 14.532121479333375
127.51951295813765 127.14845374832781
87.5710539468804 27.116802858202934
74.01665858222542 140.47302922318892
147.59682263725284 33.0703967171003
116.8839060926529 6.896595379564917
47.003272375631646 23.06966850673256
137.0655933712185 119.76044368128021
108.81300016794616 3.305221301545441
138.58508673600343 121.96378764698865
79.38219588517713 119.63582783227271
67.80245524121236 18.808138219875833
108.85869658470959 13.473196648398524
139.52674387354594 120.1852924976998
131.6240675254932 121.00587438358473
110.74682855086881 121.41869739516123
128.86577772003764 23.868816852142317
110.7375988185412 139.68016813336826
98.66890098879092 124.25376160711288
65.40253964447068 25.718700336714377
107.32334526394712 143.36538733076247
98.98288497332075 144.71129024520488
110.90651454886122 117.13081500679684
101.6719339424856 111.18287194107148
99.55423509941521 155.75003024164397
122.49663746821868 25.07329629978622
109.40625028136098 18.166026148760388
89.00580640976098 29.102646504226634
119.63020074473603 24.714973284489343
112.86623678393039 7.6901850227659585
102.5464358209016 140.09966096169362
90.73164983054507 43.19213053885747
98.42016040016027 105.33645349191289
111.36145643209778 14.546495729993218
117.09522282403995 15.217294555995302
104.62151240864827 21.00064623868395
75.0342115471805 142.8595104770797
124.80177290739668 26.622758480301915
102.3352780024582 17.52104922361452
83.94425988940978 108.03175658953333
92.40738366503683 25.03367254488967
119.73745299602346 52.46652074949381
128.63070604196156 30.877974844242715
97.92034696024197 18.49794251564449
97.17033209020228 19.068832639935543
109.52597724850293 39.5946242505334
68.41009361319787 107.29711487800107
135.55466509367673 16.949747722529594
142.98475336520437 14.94131901365415
120.44411101740394 126.63374792656901
96.89564793538072 129.7893648448791
21.968586498336123 -1.4179988422596959
106.09404926772686 55.567307781393055
126.90378636596368 30.96193562197401
99.5858536007631 56.27828952503146
100.71110389835756 122.11616478917931
103.77174966708827 120.22793072041222
105.98985169579962 18.656568570775427
103.09400988497659 22.356277756512846
104.12304643898794 96.38530109476666
113.78714542492618 124.85698500171863
26.002031992819845 -12.178283211483805
96.83109822458724 11.129034512478912
105.24075564703993 17.828730593580335
117.78158850033718 120.4430784373627
95.62709432340749 19.892155671290933
87.89804204754732 20.04713381638744
114.01552134878736 14.578799562210065
113.2128773775905 -2.1366268866003235
110.05243766990404 132.40848169528743
116.79410318379678 119.14448032935162
45.70752347963679 146.31122031843327
128.8690076257906 129.0799726657742
23.341970778798174 1.0355882540202488
136.98489732791188 27.517424664716447
98.82055819851762 34.07558628891228
61.73163568601961 107.91265443550675
