115.79773946793709 16.394053018607355
109.71022067647995 84.52603303464618
128.58882396383243 -71.81526727662192
106.08064670547819 78.44423299877445
99.43507742324591 25.546068412811017
92.91628045872531 25.212009979103986
118.19478560533763 9.13599198267428
116.6279754294183 29.848736064915286
129.4285148254737 23.65097711357619
106.31457696991225 13.447489156262243
112.78454022691069 14.123551065593023
130.80790150638714 24.244646557410974
108.04356189741549 45.07718543795161
91.50747048290005 61.51286246544784
87.79077903133592 67.4202159319546
63.15001829989758 18.209343328569567
93.31034163370687 -6.645214806865546
104.84014891463079 -1.4777402468785918
106.77228733874863 -1.8918422306191198
125.75326879706024 121.15746282906304
83.96837209845269 34.58216337307883
88.75607647816985 -22.667872322832995
93.41644700687834 -10.161064586712497
112.1732413143827 114.14966295468491
114.89583241726734 -17.06332547324135
107.28167799561257 60.68340904139719
107.2245387269968 14.866642770589749
110.14262280703149 39.845370950388734
124.58897254836114 -11.465572775563597
108.01009552147102 -6.747650225067541
95.51618682347768 11.941637891356528
112.53663007013839 21.124882888987504
117.49625639453858 -12.827400472172409
126.67600991294653 47.78207802706665
120.41708875980127 173.77151498692237
105.00186617002399 30.3730046609249
79.74180139711324 38.13138910862027
127.84922778212274 19.794645866678543
141.26131047581526 81.46293057030665
143.21599594002825 22.221068840028153
74.97671283520175 -30.75303262193092
134.44327287475397 -20.11860539627338
93.01695954233371 23.16440101034065
83.61620010224654 19.85758338142955
128.16600957902185 14.913524331499993
96.65079276826427 -7.3477741268565095
105.8760720426447 28.56794482753736
114.73502708091505 -4.058605145723288
119.00629428941143 26.91852549097603
90.30215123035151 -16.598024403312863
109.05423096811899 27.302514614821305
74.567584746586 -37.232634775097715
39.77585759004951 137.6066876255078
93.93031359795602 113.92529884854719
119.22516257496846 -76.58268413167025
108.29976611740672 4.807383238897441
125.23122465055293 41.8908019296893
133.04469204992265 3.130513926111619
114.6871023063107 10.426605875284665
98.34475733761822 -111.08646511949209
82.05819590626854 44.490315733193036
126.55863855708526 54.43880845560225
117.41184489008891 -0.13071841100978576
143.9482542595374 51.57322462627806
121.79540299520723 19.8430922375449
92.4815835343242 -19.40941501702462
133.16697016054533 10.054403248549836
110.85290476975281 26.020981473995786
102.11086777155847 6.476840985055735
111.70405040505347 4.115832606937139
108.56579954186913 104.13722939929788
128.97811406420686 14.30606730246697
86.45625716096323 9.29290561511927
100.30356752918144 31.075254085316473
109.63768659634759 42.830063680000904
81.081342359628 53.21837395312168
129.2874726890882 -3.206655494344315
102.43742443967912 94.64264556401675
143.66965008057375 64.3327711855586
141.32709117659653 58.27458907277662
109.45392420391053 4.200210219931325
114.30213272117298 17.34363293275174
121.05011150805187 -21.75610028368756
114.81259490414021 -3.2918882719217173
68.57624830517018 6.379032928597259
103.45117444525953 13.69941329020464
155.79791364836842 62.6849651301188
107.31734606711493 0.7191220490866059
118.16594568374938 19.70254474251207
110.28169550865213 -11.752786722857389
93.74157445565375 20.414967652231322
92.02762572738968 198.07881906798113
126.6140296736014 -19.942815067058277
98.98472603841212 -110.77620280170429
103.92072353611286 56.899911535330524
113.60325553330446 102.65447009660492
103.52937630894527 80.60545324623799
135.69496322263387 69.5405385115295
118.42114253601493 1.8010925246946887
99.94067929523997 49.52107228803535
129.28274081339828 3.0855583754916545
34.65483960444598 -36.42704798348037
122.7648685354727 20.34260220695158
89.02093069208476 1.630927708318101
102.33506644026568 3.529245419545966
129.49670950266236 35.74684128810562
176.3857724647042 23.335215336804264
159.5285783671175 -38.024179977024254
96.2056011728689 -33.23556588811247
120.69194840407023 18.89910503985651
110.14483071041904 20.932044905121515
129.61597723484698 25.35225446957173
124.63703470223822 8.561449929974344
100.5194761537348 24.118644027237014
101.42804269590566 117.96720706696749
161.11925502232293 65.10517781625921
117.39123913218687 18.86662024436853
88.83106893052847 71.46511256032194
103.82603485718286 25.145389907983777
109.0600870922794 7.257283141139448
129.60747985763518 141.36647813241623
108.674439447371 21.378209458142628
125.77159158310724 14.090371401775053
133.8593957629666 91.36063227391814
119.46698556298688 34.84454532276527
116.47063698428025 19.734915010030484
96.94615110982647 20.492491567949205
126.92875183105573 44.830031976689135
100.56827608512953 24.243330476652652
117.32584996940663 18.23054176592778
121.69598651882427 78.24333482557608
119.94081984692528 28.32204263231017
106.1283841413138 7.301915763142329
114.13947531735515 -13.93942033342126
162.8616485203187 -2.8152008149790717
132.18641298659978 15.105736323264795
106.501668614925 46.47844090740397
98.51182527739631 72.12301277352594
114.24738538065142 14.353629691472268
102.34505423761986 -55.55923029778112
126.60605047635802 10.563199030877591
103.58922143178972 87.06595809804853
120.63424799789401 18.362257326641082
109.56751895141274 -17.102544278967198
102.67500075581766 29.820658228517335
78.06839416238546 22.083043093801713
64.60966413361662 7.77153394073132
115.7184339121911 23.11381106970956
84.69589810976017 -10.766227313331388
111.81898770743415 54.08720835586298
43.59744350868459 43.622379323801205
123.28260286478756 85.12055500461848
152.9361560985683 129.2807822035726
135.92327574654132 97.33110612969126
106.19118723467075 19.5951926343274
105.75995988379483 -33.16555282660162
134.62971903378357 51.98257951670972
98.66446312617154 11.102745915269274
58.08469239194032 18.18969586358992
130.88890812380825 13.443824128473526
21.761086400528715 166.96291623890076
94.7610401373753 -51.167205668413125
139.04826272421062 14.169487293368217
74.5988552675627 265.3713686149291
124.27402402949879 -7.279644746877224
107.46882309900636 -88.92390119973368
124.67648565038435 3.090951899049742
114.83556938216218 -10.075218268655632
86.36734313067127 -7.794874372509263
146.93751180450704 32.653346035531285
97.47407218938925 131.36238386804854
127.2916871979141 84.04084607902024
100.25158877215442 43.403830413452326
115.42466492517708 38.744413071022386
109.75805665547114 20.93540038583718
77.04224619218121 107.59976252472318
118.51457728972258 21.177671124748073
101.05922733579845 7.051561534633601
59.751306728607936 -13.663174371103946
139.0126944653686 19.146767662282137
106.64249316201976 -2.874096009830799
103.12942844636788 15.479711317595303
99.03505145673124 -0.6755862168118565
116.1470866129203 -226.59615729153654
92.69555775747874 3.2584147259077754
102.15486130779487 21.39471694201745
116.09905825713231 36.36936086471674
152.4985247575491 45.27902301786176
95.99664411086847 -2.366394571342012
130.64788956177762 104.09319718112259
126.7102153293445 31.739133467106715
161.08726687316258 43.0457792405351
108.89900052688951 13.266498739805893
109.3244057293882 37.687350340718346
81.79416375393146 80.80077900366243
112.70016155565155 12.816319618244606
152.61797640904666 0.49634716940578427
99.57247065269982 117.97298478044415
85.87043263447124 -1.2030502260599187
134.32411353665108 135.7354650188953
127.8536181189259 5.2267204054792025
119.10960677785502 3.1784685287729992
92.50938359549276 7.496780530325333
122.55186652507605 23.884316141578402
73.93306161127718 146.28927781760794
109.44756392384447 18.926655133910234
108.15410132058146 -33.94715890146292
119.96502275701653 -10.24769036020712
147.22575659722307 -2.1545025771647053
110.59695653302342 -22.845057117851542
104.91585910844435 26.369264833953718
91.58403327536134 23.423783548739813
102.18294870223198 26.220518382926453
108.44904916897539 6.229585791831168
40.38315954814331 49.25173219800487
91.74152399690577 111.27997478426134
126.47772735454139 26.23319117833373
109.55416949379743 -41.13569554864124
109.42929537132004 33.6406295737455
111.09774892675495 -5.4960260424551235
81.1622341746206 68.91468647707393
99.52819126485174 104.60786309717338
109.60839319597868 31.681011955356364
41.85342980573426 24.829553045125223
91.03832198263692 -15.877286212099332
116.18853375461148 40.022594778072445
109.18138852826304 27.69393484269025
94.16744439715919 19.492059072827352
147.28536199974135 128.9675832930238
122.44757208006111 -11.92966001892701
96.82325599665076 6.630701699131817
139.55449655935143 54.12896053727379
91.70605189735443 60.32438215143591
89.48954697798692 -40.86584498495017
84.4818703815302 86.94426173973002
96.7960100942836 -1.7319986341929
132.0586124021317 21.29875925402764
84.05074806969255 17.017825798168253
83.64882903884046 -30.842219219475115
103.30626137248277 -37.844585153618695
107.84412829198251 -37.14123726650985
118.64543670932164 8.620875720898502
106.07696088097028 41.09268453997558
110.01132403491488 7.858992890771597
125.95754887194715 73.17947454967563
105.14488603125942 104.08812155695529
113.17648606851814 68.6726729262193
131.43320653853684 30.277321043851373
126.41594341742926 23.674348572814147
163.15234010709727 21.91923789683903
134.83703064237685 -5.472489462283706
109.45250302401328 -42.673191078064775
140.87699769930794 -10.622808251536075
95.5317777779991 35.265583544952044
96.43424550889435 19.305982144287725
107.88703599700325 16.8042396403483
151.59684130679005 66.91971451750283
118.63046966609558 19.80770219175126
108.0713545286279 18.367025109144144
129.23928696826903 25.982160530480026
109.40158565612583 53.29629485314073
131.9093418715132 74.00920110161087
136.94977918747023 42.845394550243924
110.82134411518196 52.22001704091486
95.21486878686358 71.91230948903402
97.5862531802387 136.34740653661103
82.64874272969045 52.76643901162886
90.18172412070942 85.52574920624546
117.02236373111188 23.311465279874593
109.96553648888145 13.835507735310875
97.79125118367347 29.449479554894705
119.56393235663448 32.94771074068692
116.80445989853342 -4.65278790711094
144.86053683087277 31.00693669825883
87.61174319737528 114.47336799790898
38.13315451005931 89.21772491289009
112.61391789678612 9.895079594774181
112.83641215148283 -0.9089299799703865
108.23531764734135 9.625883918603932
103.9275485618479 -16.687243475851858
91.2690572177699 20.115380647002684
201.4200749108477 25.34554909853854
97.62941031816698 42.359976772663046
84.11992144126519 41.65947642865863
115.78101759264337 35.053226206127135
116.96919448889757 34.41581414306165
103.22218357084985 18.26816877648188
105.78201446995526 19.055137796769515
94.65003221552846 -13.59632719708294
96.97493987515072 11.452073913272182
112.86847673019673 15.931953243345953
142.33942109607676 14.057487668711255
116.20416196999777 -2.8551553527930746
83.5135045721808 -131.4661574107301
105.03090220009705 -20.683000269047472
109.8418734606144 29.722895976389406
125.69645678022819 32.78555392313623
100.69885311430713 20.73230205912265
95.51021496113884 -9.52202063782798
115.48589547512839 26.422219388552698
110.3208008884134 19.71378605896528
94.84405812307877 20.38050158540027
104.68301250868139 48.58584632537105
120.80607392738413 17.684989169105673
143.83467871823768 -39.88075908055454
117.19365532579945 20.49554931753549
99.36091841355152 18.970336615348387
115.09432866744079 -5.178514750261493
82.55760746175675 15.320389932907494
65.52751322214434 20.7845107725038
113.45216658838282 10.146670129893115
111.92499430093453 -10.285228404321135
109.56353241381508 45.09980131481994
117.19665463834289 -33.675210062299364
-20.547632617521295 -8.316080033831557
145.30445540442173 86.30412645716997
108.86471215067456 -3.5030816205442976
143.2159754753121 35.65642883713249
100.57965476226285 27.64124563734928
101.74812713052523 53.15317529568418
