115.53757516645983 16.497639643597182
113.86215429745407 66.83146977538023
126.03294079194767 -59.021660425108024
104.76222420285644 90.57871391065936
96.06272771620475 10.30943147586899
94.05093217362943 -2.35757156638957
118.48045258069546 2.1599761015854986
118.00621364009386 31.867506992099408
117.3434471188732 20.559515103364188
103.2999427276455 13.367801912710839
112.09260339737394 12.047558865808556
127.47248082469685 24.411755354997677
108.28373399821487 46.53987548562858
85.60614553539865 33.14393024368417
81.99552175836462 69.80685359441536
64.87483841456185 22.987988256321014
94.12693784853093 -12.915648513070401
104.38640826749541 -2.5228088822844716
105.20996725855161 2.385731585653329
123.37653710809549 119.55327004729311
80.94319664026399 35.412643165963814
87.15523945726524 -26.357018335637125
91.31653172506978 -13.191664407524115
112.99581659761677 85.6545329916717
117.1409784675047 -43.54180953561412
107.27775552887132 58.79049441362898
107.62009638766543 14.18432156123984
110.13385061076424 32.89229166383395
122.40028697136546 -8.665308567501295
107.57702818067274 -4.330027034639179
96.04567174151008 9.448965684264902
112.41844333413776 19.853589595643435
125.3764204487759 -27.403514334567593
131.1383850622097 40.186825577123486
114.49362682659984 156.82207439713838
105.75005880804177 37.23546311820555
79.09674628523402 44.58201324062998
130.92657281968016 17.69341002313739
143.14120233832938 55.062611076279346
138.5759937438613 20.97145784223129
78.04423891066774 -34.83446189567682
139.50278405373442 -27.097246707851248
97.50997195477252 35.756235452368145
84.07892112209863 19.968254248968456
131.35805276270088 13.261268018281314
100.32971269657006 4.519207125362601
106.95184190747965 22.672650608399472
115.40440715478266 -1.369434928304901
119.33804277453626 23.29508598962777
95.76188637287522 -33.79510934490251
103.11903332749037 25.895585397266938
77.32806549090006 -26.287944499551095
27.116734824548303 122.51822757584925
93.37358272525071 120.02005467450383
118.32821554432505 -70.46324138621553
107.79018986630098 5.4974942096824115
123.13039871029855 64.27025082834518
136.36938258433418 1.8548509895108345
112.02938519995404 9.951729277618933
100.42287881766164 -119.18576212508665
81.60035010746891 42.718287450173676
132.09087567500086 57.60270440364394
118.03691882017266 2.191116455344191
146.06727912118532 45.18009313383846
122.29029979676811 17.568352111723435
85.86713358748561 -22.994722803447118
144.96510082977255 3.0042684458725977
109.5271975516472 24.45054981364035
102.14878486212673 4.9268771719971625
108.0696190962037 -0.43071840249924476
105.92803221465559 94.73471113737173
132.1058828627459 13.601590794500149
84.60595295591926 7.725606380806525
103.12356772432176 25.500099552745432
109.73952741846888 34.80568144892317
79.07096206534364 54.58185413055353
133.72413501422457 -5.28792574811888
104.48077894932152 68.01855726978775
142.1772244587389 63.41780802718434
141.2093507516433 56.89980562150065
108.89523352685487 -8.976843229569322
114.38405479641604 12.763604571506228
118.95302078839484 -17.363167911654408
110.29120895786605 -11.674370913730698
63.42650505308421 -0.835021512449936
102.92454762056167 11.192507154210219
156.1545642429832 52.5720762704516
106.34039845485006 0.738509641435765
119.65652531684316 19.772947145210225
111.47041744821041 -9.480866283173832
90.38151375659133 18.160083125698673
93.94007589995026 197.60338499482597
121.40842158804274 -8.167414996466224
96.87245363765484 -130.28371818482776
107.20912840879096 56.964487019030436
116.67047799658167 98.38527972479329
102.45196806153022 61.13377595013493
132.43763316723144 62.844598013389266
117.34746743968628 1.1656494732024105
102.41701468597809 50.215020523836934
130.3644855966822 -0.24128163355717525
41.0431869819828 -31.209306475472854
135.88126074404317 20.24629742457475
90.35770474397815 5.2883693605142295
103.36332547201698 7.9635187781924515
129.3184856157051 33.79419667510421
170.80460655529902 23.29923396025711
151.2083679733123 -27.83036977265286
103.98063815164286 -28.768826859409348
117.34374684953283 18.96898577465702
109.62682369017169 16.5212571817295
128.4011820888254 24.929193096774277
127.39397232367618 6.776656339580762
98.52205657925084 23.812522183464996
108.10235471800688 106.70371512202544
155.33137728627395 59.28798343205383
116.92717096020827 18.86877365815001
93.64717716212077 72.66548296835586
103.31952288743929 21.91765900161412
106.69859896915641 3.530999517882913
128.84897952276515 128.91541674496037
109.70259244408662 0.021327129581466764
126.24196325894623 13.67246446510831
126.77876701901421 90.60882200320032
112.32445609352337 34.9766003414001
112.5105791231452 19.49790237041957
91.501938955113 20.814722901205627
136.18961634436474 39.96579694432402
96.01717522618819 22.172888059315277
114.81121948615652 19.34446823770394
122.8605707163789 74.17543252540463
118.0624845658914 27.595039351858922
104.45164964594649 4.846765922557861
110.50219549116017 -22.509237006387135
158.90144032247682 -8.603266560524476
131.8946108300861 15.544678471812679
102.87954816373107 53.50379924664354
97.93282527836004 74.80123478436315
115.76123844404087 13.841567368767489
102.00897893298541 -49.056775521372565
125.3701122100658 -4.700964676225634
101.56897275849104 60.06680439259006
121.11253599527747 18.312783815716987
109.56356849348019 -15.182184512808856
101.05074840773051 13.111417218083636
76.58506931715624 13.587692044910366
60.88948429360906 15.055803797849705
113.93788664308613 20.847841490655785
80.29311140217997 -13.901849749993431
111.0695980433113 36.02003731331604
49.544604691771255 48.17051064046243
127.68774322087697 85.01850934883768
159.73314690039885 102.32127713113037
141.18448697585484 88.48295897737698
113.9291153286809 18.685252348017002
106.6855329048052 -31.285078904778363
135.11868271916978 53.30175827817963
100.09197880330562 10.657202424429522
53.77358579738948 14.794721502321128
129.55273854841835 13.252169965190953
7.482602546438508 153.0454128783235
105.50691851570215 -73.0074747696307
135.3952688336603 16.297572871089155
70.95005901945062 242.00175390374434
118.04959921619187 -12.115072772984615
106.19578949361485 -75.24042506394032
126.83969947090186 0.14652946629684194
114.68706195569378 -7.934948571395553
79.03405059140312 -19.5390696273016
146.31772239829235 37.23987323140945
91.10307987351335 126.98655134559267
128.72296401973506 69.95933368675631
99.5503373057488 27.18875141935554
115.35105557161422 37.25620432483976
109.7746273244049 15.822134376598616
77.15328056280015 96.39027845083874
114.73671238521698 20.448911304516965
99.92140870699632 6.575359972901569
60.99425863907383 -13.335020779387587
141.10013999918422 19.33851990909416
107.74574133778935 -4.4833927974559
101.83692255640905 14.212293427275942
96.98786150564878 -4.276280679246899
116.09257471964877 -222.82391017605892
91.22823714277285 2.2106735399847586
103.17364955483673 18.509271001943333
111.54324107383194 33.27277452578913
150.94374798771634 38.7586977999141
95.61980987891194 -4.159919043889438
133.54613946871675 92.72226350598817
132.107838609196 32.46510309000498
161.2703340663341 39.725780562024354
108.42448217255863 11.848127792248906
109.18640091025775 39.26593780405242
74.65190758836174 78.53709989836635
112.13568415394671 21.492236991481874
150.65989600556867 -1.0248538262791544
95.68426630108563 101.11447582687109
85.18805407264259 -3.455110952150146
129.77328249926174 134.11413718355047
128.8039861263731 5.178544655920937
114.49137105091394 1.8211044633582665
92.931392234047 3.9795587926049425
121.507262818839 22.06404679726968
76.91661070297715 137.18140898772504
109.0213012013132 17.4053749653755
101.5064049272196 -26.294894954486793
118.61707760010275 -14.195604156119257
143.65712862188678 9.71236664013253
111.30271970629047 -25.616079213854867
104.39465450531637 25.77633914219821
90.9299419471801 24.35278938380614
109.45709691760108 33.582375241649196
105.73229219460922 4.619300931885646
48.24792315329362 46.85279673805477
90.18168982040979 113.99350010246712
123.21373000088583 24.787789769297834
100.86781913366747 -51.693373734087956
109.50397478999237 31.263038785527637
110.5335682450271 -4.670119082152663
80.84360439590017 66.16424121947563
97.28343266453668 94.3904355487705
109.64029640534642 30.481825919349898
39.00907282549479 11.682112845767985
90.67527059219307 -18.754383732035436
116.08836521727808 40.3684257280516
109.68143070897045 26.41484791405635
92.06246325173538 20.08830585674386
148.0776073051561 120.27601894185776
123.52933482745378 -26.7241640807948
95.4529485914 1.1723884732008587
151.204452090379 58.55226180185069
93.14516004703175 50.06273431936337
86.44146438519843 -30.368044374016602
88.83701607669695 80.30665869972992
95.4896611571086 -2.295476953967531
128.63986713477075 21.30872464223252
85.21368763814576 15.79774353795378
88.60640904402403 -30.083018869754902
102.31089225960052 -38.79084798658782
108.09639395641123 -48.17898281167579
118.31833899042573 10.411035206133379
101.1358119888307 31.193159147106805
112.35637186854225 6.220564286399246
130.35359540514662 68.97613028726052
102.89952769875151 97.035001442156
113.07420506434272 63.69026481741324
126.49713403573321 27.599979352123427
126.12336677818315 17.52439980589214
163.52620549377937 20.404282516966347
135.31441393028354 -4.89281455734961
108.85637111340712 -54.78960680465668
140.13668422035914 -9.548521663840148
89.72650457678353 20.03430029668195
98.8406012567297 19.309489248837323
107.01718586436263 15.770838595141182
150.06376010650098 67.71415627407846
112.51716387981088 19.592654928086258
107.35143667787834 17.666128253413884
128.36893015178902 24.681098207499566
108.81916806532928 44.718647953893075
128.04378370868 39.347218399406785
129.18059284401522 41.68070059722886
113.0874290068355 50.54736574486278
96.6534225915248 68.25709370429789
96.84138311798701 132.70337997986854
82.82683470851619 34.86025751611526
90.62178443813814 81.0275435882435
117.27764089599161 22.860040833235768
109.99960104124514 9.943361439750742
95.8893870503033 29.479402812615575
112.97604925856348 32.30130002201684
116.34007767870595 -13.221196034968631
141.24255769724968 12.531063783509284
84.63537359243468 117.01503107533073
38.43986143444156 103.73344243499504
113.65128711856464 12.694773939484769
116.62304697973681 -2.2935803783499007
107.87566019065594 8.435357657393023
104.7345831157541 -15.5925530218592
85.22596338865142 17.420143158285423
186.08660004729842 20.81955227958776
91.54404139708616 34.39419851445119
84.92724738508171 39.285478254727636
116.07192133762872 35.50035923769897
114.80488738441089 39.377443901396134
103.21140229338774 18.166763956678423
109.46049803740246 19.291473004671193
94.92706390353878 -10.63774847499823
98.7533752819319 11.017029978233298
120.42098629365756 17.14638447552122
140.24079452783167 12.695908135909898
115.36582836101259 10.034978819713045
83.57956177555002 -134.34536495859203
106.8831761558031 -17.11781725973921
109.84229578315123 29.18671336446798
126.01317158358216 29.93051820590719
96.57595155682108 22.788413169789678
91.26913308988863 -17.45584828815639
109.3101260066706 19.575350170716394
111.8655442762092 19.49178174465259
91.49591080936592 21.21416716242694
104.02129264204198 51.653962502547785
123.5153808796169 8.303438366980696
140.26104728771338 -34.74035318561534
111.90566186113242 19.096816797062246
101.27657554522897 17.92914630990542
113.73158591215622 0.7760872948263864
83.5532925903986 13.893988766016449
71.43037417884673 20.53807027652941
115.73391165299546 8.611255708626539
111.4145568960911 -6.708689384345597
109.57673965635315 43.29526470730385
117.29095866284143 -20.430726879253356
-22.31883207438645 4.079438437830028
147.86481773686722 80.28143443166805
108.92822139233947 -2.1401399711133604
136.35445134065225 36.005477752482584
104.54775386888893 24.762922329504324
102.2416967802909 53.28153691450319
