114.66823746652003 16.84138366770798
119.82983139828772 39.25254574011867
120.9826465634263 -25.003469215008643
103.29241639508426 103.55665186224644
92.39534204208437 -11.635895110879712
96.95600571210805 -37.71142734079773
118.31944023919588 -6.699104965560348
119.3785572191784 34.00649021002097
98.7794798080905 15.863415945935756
99.44951905752974 13.6831059122414
110.95374589409269 9.60391041368614
121.5332193145112 24.27541127891398
108.75990645816375 46.3237548022146
79.04984268347118 -6.968538170332698
75.71072982748777 69.76940164790251
71.04300020327055 29.698026214439874
96.7873801127098 -20.037599782714814
104.13985295297486 -1.8078083842098034
103.4069903641238 14.480175113146084
118.9822018552454 113.64899668599755
79.31944651468616 35.270668232845935
86.01076465838091 -28.86992494172116
89.22104549243211 -14.984433943952807
113.93458847087383 38.97608908902568
119.78534269263277 -77.50876254869762
107.46451388730549 53.15478146901259
108.34928453591937 13.505907509502386
110.10599275246791 21.561894653486156
118.0559098549463 -1.4566330212433996
107.06671637658009 1.0491396118000673
98.11367718754845 9.075065062732955
112.07234027556096 17.909347887912677
135.81006267557987 -45.968816105202315
135.52389080868429 26.994587714315127
105.25163773171496 128.11668892821444
107.16859618949397 46.250229748703255
80.41961630485123 55.40521348259412
134.6470549704878 14.660229512701438
144.2233811210013 16.382191698980414
128.9849208646925 19.008016047840716
84.51710960177095 -32.35874004950567
144.628253087423 -31.002820121673924
105.43956170616087 53.28419142867068
87.0745273626259 20.072158531656562
134.63672824940116 11.250991196647185
106.54885082397205 28.812650786311664
108.71569808315505 13.636506800072684
115.88111537778454 3.8863953504273807
118.91230936224864 17.591336238808747
104.89771331890286 -51.15244762845815
94.8178832146983 23.294454490283552
84.21876957593496 -6.1134223774278125
13.30490071500536 99.8327952791652
93.58561966991822 127.58787278316056
116.43295452637722 -56.321065879213705
107.18895300001684 7.53259752362223
118.83502459511836 97.45025557502731
139.06067740024764 1.064542386596986
107.98849284435524 9.954563275123526
103.91174917317625 -115.19653508110017
82.31673726388114 41.458047809792866
138.53831103795636 64.00822885768055
118.36222580591232 6.491198060988849
145.84234394433741 36.521114089572286
121.47948586595196 14.375133010116443
77.75246928729122 -23.834772627269803
160.24195808512542 -6.422147369532084
107.57792518142597 21.769962793190835
102.60467899096977 3.7926357169480016
102.79608846112208 -5.550542125912687
102.19903525227727 78.5767445672155
135.0341351907438 12.814092536319214
84.24301054949115 6.398934509670303
107.93824757384395 16.77402410801516
109.90019132802183 21.93289715510852
78.42050547246522 57.431811149449196
138.6431125397315 -6.400197256585534
107.99813368967762 27.391671604240152
137.45685244886542 63.74929579944754
139.33387067618028 51.98971938609865
108.1590357432238 -26.478983456978696
114.32415894112087 6.240725874916738
115.26088386925137 -6.018797437150135
103.47106961461427 -20.259707027265012
59.28361773016558 -9.793698585325622
102.47563219608966 8.041202507932816
153.38372687805182 37.35450851265432
105.10936343750447 1.3788743061606237
121.06944334743169 19.851201023233205
113.10345619716871 -4.121151056776384
87.05085182597445 14.835938019432328
97.86808230408822 191.14188413882306
112.81859369843343 11.053913155680473
94.52185934217732 -147.2156660212489
112.23130526926985 60.16791490743387
120.82439841275038 90.77328242897276
101.32586273214002 34.46826489851901
125.8518527557338 51.48617986149629
115.26790104390393 1.4477470377504271
106.58288580191406 51.92459605189954
130.25511838124456 -3.8125106630279952
50.78653448179178 -21.44339138375727
153.48543728455545 20.031439139340307
93.57573844946812 11.418922073166911
105.40500742032495 15.27639850032297
128.1643757632482 29.880818647210855
157.96007654974528 22.875806089029123
135.3089959088586 -8.233288867299176
115.94128917376896 -19.386806898949185
111.86422485661657 19.095924409358563
108.87301909538937 10.084705812789739
125.25940675787128 23.86328881343656
130.07386973071272 5.442705144684578
96.415473344054 23.033606328863634
118.16022784653428 87.23331211540817
142.67886958360413 51.675635284679025
115.5811412169144 18.92624346004773
102.12964102101121 75.72508923852824
103.12577361861538 16.898935923886455
103.56769202445258 -1.2375324895698725
126.00821247761674 104.01055232333053
111.30248308617075 -31.051551572422774
125.59567968245588 13.497914171152152
114.39250115534702 86.54617484858612
101.5042224448475 33.86195221933804
106.45472589976393 19.133131330206535
85.02533414413391 21.23862945310622
148.2323338966421 34.50713704778128
90.251993372125 18.910198204325013
110.69191331865906 21.028857086450017
123.19057756349889 67.65831315066741
114.43633271073617 25.828547719480355
102.48816561807492 1.8969663788085944
104.97575511072097 -26.82660563406243
150.09986822185024 -11.853423654656744
129.82738078244736 16.367396124510428
98.04227805193955 63.45358184383929
98.18611529043508 74.21289628025157
117.54169022252799 13.507991223689297
101.79856074091636 -36.459704922205376
122.0783955909647 -23.213854757001215
99.09869945919918 19.74963684989193
121.09947545223447 18.318818323339574
109.58428940162683 -9.608256064835345
99.21439302330013 -11.215350279623696
74.22337638881288 4.279575962307492
60.08727918359577 29.9016254338905
110.94628745091342 17.35073264904689
76.06154263241008 -12.337905536312531
109.88769000931835 10.25251540206001
60.481863339461086 56.94279655047845
133.13069114129573 83.91854965578283
165.10388805480707 60.120425942835176
146.78688643022255 71.92491016367595
125.08120631819274 17.37050980679241
108.30907623632197 -24.903362465438747
134.92560759453863 56.217661024750434
102.88999846573785 10.456386136053824
51.579572333593696 10.150460635759092
125.79915392083582 13.438610950032935
-3.920215833217878 130.19392120594185
121.76346418201967 -93.67406086238579
128.13476056898 23.923587033230138
68.05215043975998 199.95443920648484
108.35096016271702 -15.426497276421827
104.52996891613988 -43.051930284993816
128.76775742286836 -2.767551180681254
114.20959530473951 -2.0520296208971613
69.73684402083224 -34.02052266954891
143.7217795251556 43.083675607205805
83.21217337055177 113.91161036627065
129.27084413917157 48.093338704678935
99.3870695739743 5.581648315432609
114.84515904900992 33.685953562131836
109.80084733742257 8.50942218588812
79.94393122720504 78.10660527721882
108.81231361173714 19.29209820470561
98.91793875537032 7.051768773925428
65.06780507541922 -10.46651655476074
142.74545526408673 19.617552483130094
109.46154022140945 -4.830789402396089
100.34319483205766 12.764955883583083
94.65336384946858 -7.055644911331287
115.61645028927157 -192.2127061218693
90.77011484394488 1.176339846640327
105.099856721341 14.249629791621821
104.66406344669046 27.351459653976704
145.51958489261952 31.00907773217027
96.16014741197736 -4.805774929755755
136.54031623351477 73.09509279356644
138.62638544426326 32.242270535788684
156.77746491938143 33.317101884455596
107.80170833100324 10.441213340258923
108.99573328779891 40.0563458120524
65.88363191902769 73.80214209258102
111.15088365853562 34.21918360214993
144.10505778588893 -1.2837381476812433
90.782157624428 73.54791824839883
86.56242966964096 -4.900422089787918
121.71888790823041 126.66058649612647
128.2426923992741 6.350692578965882
107.20328590605403 1.3851075832270026
94.70198682135673 0.16648425651334953
119.15738854678503 19.26173747946315
84.17095317451799 116.77059668241208
108.42929391414566 15.290051804732304
92.15171879632423 -8.858360702368376
115.9488062222096 -17.527065155318343
135.0334278735073 30.62979970027527
112.2437704077987 -25.725535581740278
104.10474391196546 24.5241858032888
91.63005912588405 25.374549739951558
120.38878081358638 43.50083155995229
102.02813781486564 3.3727504186518185
61.47465438224523 41.47817413316433
89.47843488640082 115.7415415151934
117.64090566788778 22.21998710672348
88.60023056682024 -60.16075138232976
109.64903112049176 26.47502154749648
109.65392885252956 -1.3146859911878868
82.31434222144293 61.904802885368845
94.99722995771222 76.50301775581501
109.70433669888611 27.84334012913235
37.31848031803274 -2.733636635672223
91.495688923676 -21.040313607092703
115.3585339113752 39.58541687055063
110.42847729756556 23.922209692069607
89.93278018677958 20.925269618038644
147.74152626124157 104.49005309073168
124.35993701193716 -42.272191792425694
94.46444771062103 -5.62498831655337
166.49749310144816 61.75376040713177
96.74262738672118 36.31936057535157
83.92652246096382 -5.6600685844594185
96.91197403014209 69.16362224696589
94.38935700856676 -1.3277021228101078
122.22063864704606 21.179368714834254
88.39078704577513 14.286263360821806
97.51091647669395 -21.48481189056166
101.20730553689796 -35.72851548149888
108.54620874934142 -58.26175733148377
117.09643006968703 13.61100469903737
94.42832738129027 15.721356667897815
115.55695114198167 4.826600497346021
135.27484937641313 61.23464915828942
99.97390201355441 81.07849903601547
112.70562234781299 52.9564284868171
117.44064571823965 23.144631904543854
124.8736534487596 8.519423909002928
160.0169766862428 18.07638788007661
134.04159083031064 -2.2348563198759948
108.04773819421162 -65.69723970325451
137.05092992690052 -6.4747255007383036
82.78584394045446 -0.4831260042112957
103.61684005131046 19.315919684064443
105.90895010185889 14.431869024689526
144.97594858833267 68.47106432263735
103.24398334413839 19.25786530966169
106.46530850209916 16.743195517744535
125.689100261838 22.23317720198647
108.01710999186808 29.775688604952514
120.72050431318667 -10.750214666802457
116.12155287840596 38.03380432122523
116.18315074488403 49.113234583977565
99.74978454949948 59.02933369590357
96.6240906509439 122.60413495192502
84.93678994248415 10.965041779903988
90.73967539662958 73.17521547691585
117.46023676808146 21.856747350808174
110.0326311179636 4.961999369225649
93.86023252849651 28.56656983318049
102.90817247234745 30.28906624462232
115.10151917950542 -23.665042592595743
133.31857432714844 -9.42076551050059
81.91236617254299 115.84443940237851
44.72324351363241 126.60191085542044
114.93715782666081 17.51651492997353
121.83844310845177 -2.0845273879277033
107.45079079359041 7.411505795164257
106.35406408659543 -11.212886219563877
77.97660624849982 13.48816636722358
158.49133542988528 13.852053347344926
84.05227672818468 24.41755561089617
88.12667469133322 36.86000067081113
115.94380449585876 38.930333088280015
111.20384661867402 45.40782147265684
103.60273779087596 18.108113273345896
114.95932679643758 19.64335598738366
96.77265641910338 0.23381150737758372
101.97788293866496 11.12634795461536
130.97944478188006 19.067169357350522
135.0194370908525 11.373765735796361
113.78831419418877 31.592008481401365
85.22813811155427 -126.95741058579186
109.82345748658258 -10.069598191023783
109.84331640068993 27.901703821671997
125.55580473484785 25.124502775235296
91.34184565728312 25.61641005814922
86.13432673804338 -26.381170478958623
100.1252126745044 9.700335291913207
113.96942215547111 19.162886606293483
87.76185831356445 22.35924222880551
103.57030184785293 53.33030562274471
126.53535633930422 -4.745111164623845
132.6625398901967 -21.212010167336
103.81220159045911 17.0200145194222
104.77524571702298 16.455896754468736
111.29586058708469 11.072354517176743
86.8124152963049 12.107092217004238
82.75055498135471 20.106885359140055
118.70381653392998 6.975080696676789
110.48205668014997 0.2373689663083245
109.61494497820324 39.23478235007577
116.8897206121337 2.0923045777869973
-21.199227553341665 31.785856561242312
148.28491877102047 71.34560227217595
109.06432176113798 1.6309620819838593
124.56869161822866 35.07201958675424
111.0201845933142 20.137213789226024
103.53263229900008 50.63962273012232
