111.80079924105026 18.23420044957078
129.05497962679482 -5.190819777624362
108.63769778349591 70.61463291910545
102.32960823716495 107.08769902726252
88.90044328370612 -48.997570185829396
105.08554792321344 -70.3420584821128
116.04443412999761 -17.689655959613695
119.77104816102029 35.62530115119198
65.62186703817287 7.779660198714074
94.65944475314774 15.66959381560325
108.61211049546809 7.808712246334179
106.08396512593643 22.381262924340927
109.97643971958517 37.20476803127583
75.40335781621378 -67.21385047134139
73.05838839143446 57.267905185426216
92.57550903581013 39.924912870413955
105.12164504615306 -24.313937550431948
105.04088406636335 4.719877147882925
101.78691240305984 49.68490228489463
108.50625286595184 93.29404850441414
85.96631982677059 30.905164092956404
90.9779267850562 -21.305726740564403
90.10543930681692 -8.764915941872461
114.48756319758414 -55.012695479220326
122.89085853992673 -122.03098339419243
108.48733584213738 34.68162363686545
110.09031075244074 14.058355907400761
110.00125200514258 -0.8646112568555813
107.10185913748485 18.58215870076614
106.83816014886122 16.5954778565298
105.36489164402711 24.601029131781523
111.00566346653332 14.447064125949435
147.99613019463374 -67.4711469630522
136.59234444550552 -0.28633410422993233
88.89056003969858 58.84558432497672
110.55503437762765 57.11985377309627
88.51348432852225 83.99598029597121
136.22367019192387 10.139386410205544
137.94409146451667 -44.45971463947951
105.7758360888534 15.284223371489178
102.74555509191974 5.2537332509437125
145.67847982118118 -13.1984838085406
121.93482698533941 77.51252938984204
99.32501097242128 20.092591537534588
135.3468171234095 9.272841972880872
119.1933017236531 87.5299204652008
112.28154231810606 -1.8911973719297528
115.1175975522822 17.974427847911414
115.89819966034781 6.962582927321297
123.96606814378642 -59.36839089722944
82.43954696222283 17.10539619561548
105.82108518665237 38.943316001759925
7.660772936264051 60.631914273735056
96.67279967767921 129.63525972582676
111.08611860080887 -12.519157189486785
106.62554672744655 14.908645422190821
107.24310718211699 151.35461646732625
136.14899553691203 4.99333449794723
100.53254762409863 12.700708448677153
111.97478286928607 -50.361689329716214
90.32350528583146 49.300915095811995
144.10553558700497 79.61111229191505
116.57863810695466 17.987046033168617
134.61561760864964 26.27532697688367
116.34286580851946 9.71342587919004
71.1998938128326 -17.0032692268167
176.85896038589183 -16.433457012900075
104.6533989248111 15.930220054100134
104.94429574690476 5.751798288632696
94.34092662075012 -9.31632690891019
97.29992072048663 43.89380507876141
133.17952861879468 13.167808258066458
92.07820976683729 7.78102641988718
117.86771894466551 0.7854093372405235
110.20062798598224 -3.201251259425189
86.31541987039625 67.43088860602091
141.2749279805962 -1.5091872595822495
115.19138606271426 -45.323061497427204
120.29052861954942 68.45961220770818
129.63191433528954 36.633605971618465
107.23979006370149 -47.53184285796857
113.51577919310614 -3.2297687350722484
106.53782366042512 37.9750336058014
92.34804070635283 -9.873936058553102
63.510005630389564 -19.110415299242483
103.85211403201419 4.741211812156416
136.84092111643255 16.387055964864636
103.73221163347951 5.662272685866853
120.86994832982131 19.861917412900468
115.28559806819496 12.433843121559857
85.23844618657066 9.939459549058654
109.34098361856928 159.63711530985208
95.58726100780652 49.88780229084999
93.20555021889145 -128.25299948633275
120.94946439525427 67.61952378436845
125.68180936420745 70.0234328074419
101.0512038341046 -8.915115668618537
108.82851764659087 36.398237751903864
110.105995492296 5.865682196753248
115.09267774790352 58.16029018404174
124.57047828446481 -3.4672143159084983
70.67396592749752 6.366356151464694
177.77042179758172 19.442737053958112
103.82986090207785 24.81602533029023
110.43029694939196 30.173295939649883
122.13051749403817 19.930993241203726
123.9070234947344 20.959060970039985
99.08160488642336 36.06007842874669
137.46297261119952 9.303778710600785
100.86087193034098 19.385282079520067
107.68830426957538 0.5028842711315371
115.82862931450013 20.36761444257245
131.4945797083566 6.899839065000828
95.61386576648997 20.632893544383208
135.7302345580038 43.401293384562884
110.72742960606462 38.03033664715221
111.87017232842499 19.19292946681832
120.05085810718892 80.7187169281451
104.1484067137319 7.949024574348238
99.35900244639936 -5.619551923936722
116.34806776741775 45.86707160052285
114.14220469936589 -77.95139058558624
119.41568733860232 14.68602004118969
89.39737748154505 70.506323100582
82.78159912332558 27.422947811438856
96.07131751140281 18.46650239323559
76.91496942247598 21.508750876214247
162.7245763305157 34.25088345117051
83.79240356201316 12.704207658075756
102.55721280482715 24.005196617310663
120.24037884683914 53.2051249618128
106.35280336495856 20.870185183724033
100.99431215491424 -0.4188547688474384
95.32173986912952 -9.947656598596064
122.4187264010639 11.134381060564113
120.19072463721494 18.328474531028625
91.51116510383099 83.52913749181751
101.42190841641217 57.18544442707287
118.25053008105674 14.419443798486526
103.77160959513324 2.0279725563538493
112.96004983352788 -30.60308949455764
96.56238811804707 -38.4477678154479
117.86067736516176 18.521134410758187
109.70634738630125 8.895118550050517
98.25550225418968 -50.734486567579005
68.7250209658069 5.137855598410079
71.18765076837502 65.7590585360918
104.88186340708602 11.311813170121503
76.76305087100643 8.240981112859082
107.66439652951675 -34.93969799171626
86.40775462100156 73.61472653160732
137.73619846470058 76.60067734730717
159.0128014806025 -12.56851420800404
146.61350755215554 40.12386168896791
142.6588729928321 15.465928297210123
111.79927377849803 2.4078356147765065
129.77056293169372 66.64345895938598
109.41536204245631 12.106132283893725
67.66851283388823 4.177902708151994
113.87360477139589 15.3353918941092
-0.3134296982705358 83.86098966713008
150.18964613348248 -90.75831564396874
110.72156370990426 52.99972540327398
73.96499794395618 96.42136622857612
90.15333231552134 1.0583617720016476
102.84202883933843 51.95226996790009
128.921562571816 -1.6555138051454144
112.41044654009619 16.46052113702894
63.30131204061788 -49.3929400506127
131.55597560384896 49.71286516131568
75.18647489735895 75.89876688290026
127.46360816603338 11.443236972646446
101.24623125558077 -22.673836629378677
112.36548855578631 23.44377212670686
109.85540704403327 -3.114627052187294
92.45433134379498 44.67570529138195
97.84173873432239 17.075854411161238
100.86338286470986 10.749795329875234
85.23412186014835 2.6348363497891008
135.33368700985744 20.062231868468494
112.84500088376456 -1.0093001191016038
99.51705180458104 11.549468979143384
93.39391444727454 -6.569699362760281
113.60174202744474 -66.48058033924364
96.16372712403233 4.185086117741029
110.36111986468067 8.084203745904516
92.55948786215966 14.022980293156749
125.70680560573332 29.088667362889566
100.91944450448415 0.27201281111570563
137.50301387338394 33.52713355360239
143.3712957364691 29.680906422699227
135.34517973140572 17.46939399517132
107.2045943600729 10.462897383659653
108.80590876860315 37.343806293351356
63.104312840972476 64.31397217032563
108.89098793986363 54.253565308217816
123.29848690046056 4.945437125541394
86.23598343175368 21.032689511134596
95.28447065438648 -0.8472550055546675
103.49499365734081 95.62696455935813
122.46944651394256 11.547018749441024
94.36688822297116 5.041546840313989
102.25415706801242 -2.9101768389363145
112.78140508825174 13.955688912603598
104.42924374180453 58.95510967574198
107.66484826829472 12.384047187784173
78.8227627952573 45.83336379901074
109.14334135951029 -14.582373023760288
111.6511948779266 80.23755096880039
113.43938377854597 -13.845825173060792
105.00258747465925 20.625993905614163
98.4083376691023 25.771900588123312
139.34540487224174 57.66433981052861
97.16382292973873 6.004925960690095
88.652926003361 25.38466651451263
92.62497904802996 111.76440164380922
105.20006017501372 16.639119707842248
70.72347175268034 -39.08034373180779
109.99181276979323 15.880323525899326
107.9615973318565 11.996515974425831
91.5526055883711 57.99962511685264
95.10235958321074 41.5858802382651
109.85959514628345 21.185962249764316
46.795749815317656 -10.923848601025933
97.49757190277487 -12.271245112818224
112.38104024713479 32.83871487816294
111.66884153985421 17.895503304881657
92.27165125679554 22.091581846607966
137.28816854026843 61.9782730626887
121.66062548814116 -32.03614546002237
96.61631525994056 -11.089758231995887
182.7204271098013 54.79119888354541
106.5887719901987 18.077717628185027
86.66845655400128 65.53788419755307
116.08358448041156 47.13803691094146
96.48360761939023 6.6370027916812875
106.66151313224839 20.411833230608817
99.560077037566 12.453515360790712
117.42290845238234 11.110871222633254
101.35721505300384 -16.258666125206492
109.53147744176653 -55.08609836971812
112.3201278546564 21.22536228389695
86.35325793825002 -12.771821972408489
119.99505108352946 5.130278519250975
139.21438928848013 48.23514876213153
96.47945490436517 32.82927677637684
111.00873054156447 22.95587734191315
97.36238723110685 13.754618367048273
118.91917507511599 -5.24933111816652
143.31211082108976 13.922267993174096
126.97555992877356 8.50210841453532
107.01886354401988 -58.092153292755704
125.24982518901018 5.75243630557741
77.01130260086258 -19.158632797689968
114.50146921218085 19.330742288939447
104.78924012091925 12.976518177562724
127.20999972051067 70.25259301924304
87.50521474265828 18.648121288924898
105.57722215201444 15.762967394387298
116.5807782598967 16.565077366194686
107.00972426582372 -1.4926743309170547
103.91756042367051 -91.8288253804795
89.77949201616359 26.198504197713824
120.64478575260942 48.88097960043448
108.48041081455219 33.10929459111223
100.52054852051393 88.69803959789999
94.83566013283611 -16.870537445240892
83.37526347942091 58.1798871023651
115.90252551381276 19.30018792910946
110.03757374823407 -1.0822203795888963
92.98284272840465 24.237870963654572
84.92565233076338 24.40199707065189
111.46579930328672 -31.30172094045777
112.76347300783392 -29.815352377480636
83.57448161188199 101.28770297409393
75.70534230612031 168.7558201872967
116.21560219296653 27.23159703290994
128.60032499568916 4.133673603794924
107.05444698835021 9.186331727442699
110.31775583129024 6.027633887879858
71.75485156384781 7.404503264075762
91.2253862883345 1.5264591630351136
78.4258818938243 18.295495453406005
99.77895849299183 42.04863122260912
114.10682231001441 54.4719191499286
103.8270532513437 50.7365978820494
106.10061958769187 18.331451904692315
124.07801488137522 20.22262954343637
103.48372992856612 43.40675788540949
109.99444862773716 13.763552594772685
145.90619559779557 22.754577375578585
118.53790145570609 10.95713780395686
109.50941150464098 80.43429291996446
94.89050756525944 -70.39180346280283
115.53753153672439 11.660640810717169
109.84653314557428 23.294534137038163
121.03004732119986 14.724743583465747
86.03606374528154 29.729607145510187
81.61652660075325 -30.631487700470835
84.68758721655449 -6.827341688673522
116.58691592617015 18.653634332537724
84.48027358180771 23.80338208154442
104.15553083844863 49.13889191691149
127.55280747060063 -22.14181464603993
111.21840174351075 16.018723264372472
89.07062366991418 13.794467778178662
112.68513788483718 14.240710372389062
106.247834074077 33.20488377579565
100.02644696387856 10.38671202345289
111.25704801285464 19.09678501197641
121.60163464385636 6.851756294300717
108.46605968495373 17.463452820655675
109.74490194322584 26.013674177467717
113.86810989484137 61.04998334118727
-3.2756321045011383 108.7506053175062
140.46238599540027 56.37448852707121
109.54863328850479 13.841080534033658
98.3382634734064 28.688662600473343
123.12923286210972 10.914409708407298
107.74644061291305 37.9834982846352
