109.39234472090726 19.447869368836383
131.18996750189268 -21.249046335764294
100.28829091789447 139.59091983504322
102.96390325526816 95.06317816596466
91.00163901405645 -61.433841486987234
111.72688589311494 -60.86814429488792
112.9630611406892 -19.437503065394445
118.17258974218372 34.612893268858386
51.572570137714465 4.744274288256502
94.28171926828267 17.892619272899537
107.39696803004956 8.947548059414263
95.85069042739211 20.366065270193808
110.76896903521505 26.972974256198903
81.33372293607397 -82.15160882754826
77.58718502342462 41.23932382285869
110.37095986515251 42.644154338942755
111.83976922170584 -19.0963052269812
106.87970490155368 12.176197892750748
102.70976823899416 77.52244055515199
101.32206060969624 76.0663363866647
96.26736470193373 25.14523084940123
99.02179417263429 -8.463458189124662
94.68977389145866 2.674030710444097
113.7778195216404 -103.44637585158475
122.27932232420014 -125.38254868259001
109.44005869795426 19.622693571741834
111.20642198737355 15.71491369718147
109.90908804952502 -12.932171081616175
100.17929943389237 32.5788425252923
107.35270579208921 27.985653338990204
111.6414684374421 45.51356101423812
110.08208526405734 12.893600394980593
148.6876508485235 -63.08787372384575
132.55313877552652 -14.595808629407774
81.72681122589745 13.916467438447658
112.7286476764047 56.035072929825446
96.82982451067907 99.27422135678374
132.58885849326902 8.850227544245511
128.51728868483897 -66.74082439450834
90.7458333137531 13.466063405265034
116.12557024401413 46.210904587476946
137.32727529061683 15.748645127987157
131.01872556134458 85.41924460069075
110.20600770630416 19.939216302418583
131.38786533624233 9.813848814648889
126.09811195038873 124.16221665223866
113.98805744505171 -8.848934300750736
113.33001299585706 28.13135240450532
112.70096702573241 2.161737160513066
134.69869377031458 -41.788880802709905
79.50676046256895 13.361865363353656
121.8826005263373 66.50674945823806
22.39738775593701 44.06228654341945
100.72046962056923 122.36607433766434
107.20994266271882 23.56883611704469
106.92057927530975 20.918927229987588
99.62673762325555 175.89691256322672
129.44630766724964 11.063835789939366
97.35203210163967 15.69508972944992
117.0952157901782 17.784450236763472
99.48940238413863 60.40502582389859
141.1848326345192 89.15127746318609
114.16639613566042 26.39267107870367
121.10558184452219 28.559139448020918
111.32128152557367 8.279280831885647
77.03341897920654 -6.70659500575076
173.880293407384 -15.924463716716723
103.8112698669043 12.615185708615947
107.2453885884996 10.125037325852862
91.3051851045364 -6.196099261409537
96.39564580178515 24.10977262063235
126.60995272232616 14.732659051337347
102.20892657532586 10.613825300217105
123.33091234269082 -7.085184742653263
110.35220766278869 -15.57469574341638
95.81165523844945 76.44517542805157
136.53134290849803 5.35490328667033
118.90703973896238 -70.5815265332734
106.07773042327199 71.156878815656
119.73005003190978 23.017044504209696
107.08200830672007 -50.68344405175371
112.3528636645888 -4.8750640698288965
100.98003545378185 71.27391093509831
87.51256530047284 12.594065450427925
76.28434321666677 -16.724988077358596
105.95980454991563 5.14562837904191
120.24360836661506 12.08870472346771
104.08436937214549 11.278338540366503
118.56902333722921 19.754871559105503
115.55806123691487 25.278002470349335
87.96290490938883 8.309624512809863
117.26299652511533 126.5217486954685
86.85251994118083 70.34184836783871
95.86782666563413 -71.86010471544137
124.3943610529074 71.3959254226168
125.8930176937721 56.11184630455308
102.7778813518788 -22.808403327873677
97.12457816439624 33.256659198070906
106.43438109458607 11.666546346233893
119.96873533063638 64.27471124195068
117.03924892321565 1.3011978972409624
80.5864497925841 28.060584160822415
181.24633900166185 18.985350534191298
111.9667651826849 33.180236451631764
113.69628070845948 38.33074614075638
115.66195188895092 12.930269937982729
98.5213993888934 19.285403927240825
76.09200244693821 63.2145008967827
148.158223815129 31.535863352630557
94.50791637906576 19.55354884216783
107.33414580474951 -1.8307456528157313
108.06974469995554 17.774803437951103
128.4135933634873 10.689045410356295
97.55368830497295 18.7296693259571
143.73191558795128 19.371000660495515
88.59779187422957 32.650067801905124
108.89385216638004 19.459125190312406
129.94046424458415 82.73920732509832
105.68315741469938 4.162806569160542
98.27713137715868 -4.667246296150187
108.44452318115397 11.048791438762194
115.35358872783286 -89.04991761279183
113.07229590259715 16.538745330823808
76.39662090468128 59.12727404461299
74.65421603784625 21.244607531942332
92.30860828335592 18.147051827315813
76.99672191362323 21.282967640302502
163.28112077900744 39.47916170863149
85.29972734529713 9.595303701347747
98.23018145921029 25.16942886665033
116.3682865865601 46.11546227615347
101.34936621953277 17.215251531380417
101.98817670112145 1.104431804379172
91.16684242124965 18.054139445055675
101.22121637101108 39.969945366604584
111.0885512510325 19.829632341075563
90.47949293493095 96.68279567869754
105.14747758274126 36.70136319584883
117.34409874538784 15.895534590873238
106.32330739450653 32.89731915598488
105.90124550366617 -18.086872013339537
97.4194879710395 -58.91090354642212
114.18351331026717 18.77374020359564
109.8284487314005 24.181047311076448
99.67442908193118 -63.494576947767214
66.0034662954528 16.00272881180602
86.81806237378144 89.20647827938674
101.53111239620277 8.693446820575314
83.50729418528633 33.79822126392641
106.58365891233007 -52.850172889913615
102.82963633276879 83.23973270512349
136.1565319127673 69.78451979323442
145.23994194970143 -42.77612404752819
139.26609108830104 23.15001279090564
147.92304255966633 15.014413080898787
113.79959320793103 25.23854487898792
122.66254375129344 71.19396380304082
113.86179657579048 14.489395521114329
87.95155126313838 3.2896910352650885
105.04041660806502 17.633719960474465
23.105641309587874 56.81204943335059
160.76422026012972 -57.35619714453584
98.64800671316135 74.43958676319251
85.7681887874731 23.315855680199103
80.92322771976545 28.192730487689843
103.05104804084107 119.14239199251372
127.08445468685262 4.059247270985967
110.6408971121757 30.008140863023012
68.33454897581998 -46.506619017871486
119.0457408365768 47.709886962707806
76.09302594106995 50.07379900028243
122.81029749900223 -4.528208469034144
104.60851454379767 -26.06031287557212
110.06045324984808 15.512801617376248
109.8838444571251 -5.795902576407864
104.64987029065283 28.253378283857387
92.3668286588558 15.99489135380888
104.3964294540837 14.523871170548736
104.38106234784954 15.308295313796044
125.09001000397483 20.219904468030222
114.53380855394408 4.801859776508837
100.72516390836297 12.57640648606317
95.78200513139842 -2.1071548744986073
111.72846361222228 38.278987356658064
103.83787003253049 9.507483135756225
113.90459396987777 6.122941265589358
87.99093294113653 6.024916954216653
108.89502625514925 37.37970747853646
105.90653748093892 7.782162144758386
132.3111649621316 18.56600162059407
141.21551769538033 26.444360852478805
114.88817550512066 7.001493132153627
107.37949795499252 12.087583791801633
108.84047481064114 30.972847073860404
72.70825134383888 56.787620860988895
107.47670857392957 60.24266405631345
106.49149427268767 12.500110928609818
89.02223945359422 -3.273030306748674
103.97708927541488 5.338336481949158
91.8780825804913 67.61716162711143
116.16523358292375 16.700669341853352
89.48724595975165 10.915864648862513
108.76273996585444 -0.12960471555696218
107.96635536408384 11.70189436853707
118.79395149455277 20.502448202365212
107.57813429086677 12.038302614658082
76.16957878271194 89.38114657973139
104.49444272491061 -5.501737054600243
95.11215258857885 111.88214694005089
113.45397449074551 1.735192957924637
106.50594598541088 17.65138585858508
105.220643059489 24.460320303235314
147.24949780452386 59.55163797980607
96.16441763912776 10.867008362783183
100.73296611424729 13.16655067125507
97.42493859440863 100.93942012936772
97.53878550593934 13.283080955831847
67.43873160791688 -2.1641007575210747
110.19803164386904 9.163039145714334
107.06128306612754 23.164117326352763
101.22202905290607 56.367408299198914
98.18440888391454 23.61971934242052
109.95850402394886 16.22166538820175
65.2154387328352 1.1413346801052935
104.51695751169261 1.5098208270370836
109.71974861218874 25.510124300450894
112.15988547139052 14.047796324026569
97.6823255109869 22.502511441332064
124.28523206725806 34.95379801353752
116.88420807772943 2.644922741627404
100.78816808427712 -9.750528513887932
182.78005259616523 41.48143709518143
114.0916133132181 15.434700809768408
93.99025262194853 116.6316513995947
128.0612658389491 34.46109799238806
100.70370441932292 14.74353335153428
96.23120537480662 19.717867592814688
109.34791807126338 12.387933461181552
129.57100814819776 46.080590517949474
102.79154721141599 4.667559789182654
110.1469232307986 -38.789643542957975
108.23918221463349 26.187093869131647
85.00744128459662 -24.40598694993661
120.9483574210692 8.433448437607412
137.15483590184886 41.500550745437984
97.10585126581064 -2.414321112247306
109.46081702372057 1.0682704281909494
85.65512512451379 8.555150123471623
112.92394256258518 -8.626776453027317
124.9540693257392 12.269307428596834
119.79575221732597 18.033350076145144
106.9797918159526 -38.14346897573088
113.60895686158145 16.08969313447867
78.60298538284512 -14.494287481306934
121.08157559193513 19.33976670177191
105.2989377012623 13.321251192119709
110.84461645158609 69.2881381085952
81.89683859667238 18.387190279895826
105.54961435998733 15.649009721846356
109.14456364277666 13.047481906614461
106.75709869822087 -19.901296631686957
93.57016249394543 -120.42247113095348
76.29870335777669 16.871991407288842
121.63206202251264 50.66036800715584
114.79454568240718 13.139093288521657
105.02759976729726 58.397201060102816
105.28713245534561 -22.647663249640935
74.20076807841734 48.922611816518234
113.54746629077556 17.61704748821749
109.99818264058668 -2.09588505213755
95.79226897133992 20.220305974624228
78.63867761028185 19.755150851930647
108.64013621611521 -26.842427025062065
98.12976368518444 -28.252534504513093
90.41467367496325 87.99021257843687
104.70290749640067 188.86904411193643
115.59942100789199 32.40431987457274
129.7189494930023 10.994309365308602
107.38352105178392 13.041278038670555
112.95252421209746 20.471844405043512
74.62974411854871 5.497697666576199
47.72955192830543 -3.7993748380021266
80.44920298361345 22.29247841962105
110.55126296971372 51.645727341437095
111.96447339795357 68.86306121950783
99.73413451410462 48.11236306842559
108.58817898542341 18.733269033283168
127.30406852260711 20.433373510421962
109.23828213542043 79.94369558676408
115.48539386533712 16.68351839947893
148.98774863901144 24.583769500789842
105.7037450587591 12.338858693417203
106.57846491892656 112.60926668126906
103.61501761868494 -9.682559116040434
118.42520481553458 28.16234229252098
109.84902724597598 19.249490811223826
115.99377744127814 8.504466247206851
87.09237426782792 31.17782488540457
83.10642634811997 -23.646448817090516
79.2346148951269 -12.670278777254861
116.78382818931098 18.454548448373878
87.21739915355874 23.811045635053095
105.45392449746278 40.603277105406704
125.52995569286777 -24.914233428102285
96.17214981224616 43.101909060339196
82.91877878406909 12.841569023002615
117.44718226616187 13.696964259056378
103.40128367274593 45.91767905169842
111.04537590031545 10.924252719504407
130.25680421521054 18.46894248423372
121.50696319282675 9.002015672851508
107.29810183464275 29.602111689873475
109.84910033743365 15.743565354364142
111.0503055771999 102.35264596908476
28.91326167505091 163.7945764375482
128.6237204248039 50.68368441676537
109.93208315391004 23.436017380268396
82.57938424632704 22.820560368960177
128.48248354676932 5.874356245763617
111.13848732886049 25.373993949339393
